1013,100000
1011,53251
76,53143
115,51685
271,51112
264334,50185
148721,50159
247747,50133
80154,50125
17,50083
250400,50034
113549,49980
123154,49912
182282,49888
29270,49811
271125,49803
286800,49801
245316,49780
112324,49719
255222,49714
264590,49684
254853,49654
229659,49640
288920,49614
181297,49574
112823,49452
51810,49419
136787,49413
232547,49386
216272,49377
147411,49365
199069,49332
266128,49295
182242,49290
271516,49287
61656,49269
3628,49265
288758,49261
287076,49259
242777,49227
250164,49220
230171,49212
243512,49211
296458,49130
296290,49127
234668,49124
267,49110
8559,49108
146425,49107
209392,49102
277643,49085
115029,49077
257296,49058
33,49055
276791,49053
279344,49039
1305,49032
292381,49022
243102,49020
143808,49016
240731,49001
230447,48997
185709,48988
273326,48981
157369,48981
2238,48971
264056,48945
222601,48936
228512,48932
256157,48928
8092,48925
264353,48895
294994,48892
160103,48890
235646,48876
270470,48871
13553,48865
188581,48852
282937,48851
251222,48851
256745,48843
235978,48837
2318,48837
278465,48828
115946,48826
259384,48814
212952,48813
155899,48808
169533,48805
236121,48794
260742,48790
93751,48752
152727,48747
177160,48747
287220,48727
257743,48727
13238,48725
284258,48723
74973,48712
231845,48697
217134,48692
283794,48691
237303,48690
977,48689
51856,48688
248254,48688
11312,48676
6058,48676
259065,48668
118001,48666
82919,48663
673,48653
111167,48651
232067,48651
185712,48644
123435,48643
14569,48631
292009,48630
112526,48629
291086,48627
160949,48626
239289,48625
85039,48622
239855,48619
259493,48617
229306,48601
251744,48600
137891,48594
33743,48587
268692,48563
84842,48554
87105,48549
138422,48548
235088,48544
239083,48542
179311,48541
276511,48540
243520,48529
273119,48525
191266,48521
262401,48520
238014,48516
14383,48514
89797,48510
37323,48501
89333,48501
185965,48500
253466,48499
194747,48493
252726,48493
239306,48491
127307,48486
226306,48483
258931,48471
243448,48468
274022,48465
187870,48462
128755,48461
168150,48460
184555,48444
220603,48442
211498,48439
154219,48436
295576,48435
142479,48433
4928,48428
293771,48427
15462,48423
202580,48419
244696,48412
244525,48411
235213,48408
240078,48408
210690,48408
734,48406
135084,48403
99866,48403
281726,48398
174,48397
125727,48395
260525,48393
191595,48385
185563,48382
271799,48382
283374,48380
291603,48378
389,48374
222343,48373
219782,48370
282875,48369
262591,48367
274726,48365
268195,48363
204429,48361
174906,48361
247815,48361
131011,48359
227360,48358
146919,48356
272728,48354
169087,48352
213022,48350
20135,48346
236443,48344
276925,48343
254541,48340
207069,48329
187595,48325
186879,48323
225400,48322
224916,48315
44392,48315
6380,48315
7691,48312
244359,48311
254862,48310
139295,48301
280633,48296
257443,48294
186322,48292
2284,48292
176234,48291
227104,48286
294804,48286
186111,48280
97425,48279
269755,48276
16899,48272
267175,48272
135312,48270
274940,48267
218424,48267
269896,48267
245157,48264
113847,48264
216018,48261
132222,48259
243798,48257
193717,48255
296565,48254
187171,48253
231617,48248
218811,48247
270015,48245
194328,48243
155511,48242
258074,48238
291152,48238
242322,48232
248764,48231
18313,48230
268703,48226
242867,48223
182235,48220
183922,48219
213116,48218
8,48217
245861,48214
277556,48209
295246,48209
211444,48208
101239,48205
288477,48203
230998,48202
68175,48200
162031,48193
282239,48192
240372,48192
134043,48191
222539,48190
242827,48188
206568,48187
264024,48186
287573,48185
98347,48184
248952,48182
50601,48181
284247,48179
175096,48178
35107,48176
215698,48175
261360,48171
291329,48168
169078,48166
252016,48165
295175,48158
266922,48155
257343,48151
168887,48148
97886,48147
182899,48146
218419,48140
277460,48134
294141,48134
153777,48133
196932,48131
274027,48129
291736,48128
240938,48124
283694,48123
209961,48119
226237,48119
269434,48118
251581,48118
280450,48118
178785,48116
232828,48116
9825,48115
292527,48115
228816,48114
206499,48114
274560,48112
215708,48112
157421,48109
234303,48109
188804,48108
24302,48104
189665,48104
245013,48102
286414,48101
253694,48100
234415,48099
189231,48095
205351,48095
105094,48093
94930,48092
296580,48091
255275,48088
73674,48086
78394,48084
248682,48081
141631,48080
130887,48078
188624,48078
223112,48078
175251,48078
209517,48074
267618,48073
257431,48072
281005,48072
126794,48072
236100,48070
279939,48070
259628,48070
261201,48069
171710,48066
248857,48064
81562,48064
269068,48056
149996,48054
243607,48050
280761,48049
206632,48049
225600,48047
230252,48047
188897,48046
128828,48045
235837,48042
171894,48042
277279,48040
158887,48040
277682,48039
184098,48038
225011,48037
294376,48035
295939,48035
23083,48033
190491,48032
235483,48031
295927,48030
63570,48030
238794,48030
123907,48029
266998,48029
255610,48028
217480,48028
210152,48025
211100,48015
241831,48015
207441,48014
213537,48014
263898,48013
193030,48009
4819,48007
288715,48005
217553,48005
261614,48004
107529,48002
271087,48000
134234,48000
256633,47995
203309,47995
115880,47994
259683,47991
55999,47989
190184,47989
256452,47987
272604,47987
270862,47987
163177,47986
199044,47985
253326,47984
112547,47982
270285,47981
223035,47981
188202,47980
275639,47979
188710,47978
210470,47978
208519,47978
269297,47977
249595,47976
104029,47975
286326,47975
279339,47975
191403,47971
256617,47970
130506,47970
172842,47969
147371,47969
193209,47966
276198,47966
280200,47965
123807,47964
229031,47963
186984,47961
273987,47961
200291,47960
180676,47959
275355,47958
283937,47958
244992,47957
156806,47956
272306,47955
282884,47955
224350,47955
220047,47954
267786,47954
191923,47953
246866,47950
280438,47947
243151,47946
35,47946
266281,47945
338,47944
261130,47944
262757,47943
275002,47943
284475,47942
285614,47941
259916,47941
205617,47940
257059,47939
290664,47939
238125,47938
281480,47937
196276,47937
274225,47935
79429,47934
168548,47934
258013,47934
191537,47933
272651,47932
9091,47932
296223,47931
294907,47930
269629,47928
259351,47926
61095,47926
148926,47926
207882,47926
133723,47923
269413,47922
133251,47920
179037,47919
261246,47915
96010,47915
221367,47914
182720,47911
232154,47904
190154,47901
278258,47900
291667,47899
225844,47899
150349,47899
252685,47898
192471,47897
276096,47896
253730,47894
268725,47894
277457,47892
202267,47892
199363,47885
2578,47885
207862,47883
280708,47880
203756,47878
212201,47877
284009,47877
260010,47875
205539,47875
176526,47875
289868,47871
294782,47868
220887,47865
261483,47864
137032,47863
206760,47861
129231,47860
249126,47858
271069,47858
24844,47856
230041,47856
231249,47856
7632,47855
280836,47854
233317,47853
237394,47851
235752,47850
242316,47849
278964,47846
252568,47846
91384,47846
87303,47845
193823,47843
225056,47842
270857,47842
235528,47842
237544,47841
289496,47840
123086,47839
242252,47838
295645,47836
129717,47836
226916,47836
118886,47835
289380,47833
286617,47831
268146,47830
288010,47829
285744,47828
180067,47828
275585,47826
202992,47825
272197,47824
287936,47823
231042,47823
156090,47822
175025,47821
253881,47820
246734,47819
147058,47816
57923,47815
119693,47813
255700,47811
228812,47811
269571,47809
248113,47807
268783,47807
1918,47806
275698,47805
2058,47803
215860,47802
176206,47801
205193,47801
134929,47801
108384,47800
284124,47800
231623,47800
201897,47798
223498,47795
275903,47794
999,47793
216903,47791
158483,47791
147940,47790
27705,47789
68716,47788
163,47786
289194,47783
295007,47783
62444,47781
288402,47780
95723,47780
261692,47778
226272,47776
127910,47776
198219,47776
122656,47776
130998,47776
275941,47775
80395,47775
249702,47775
280748,47775
277327,47775
14730,47774
222030,47774
234458,47774
257656,47772
155836,47771
291897,47770
285029,47770
252225,47769
259566,47768
296350,47767
105939,47767
253384,47763
291771,47762
203605,47761
183903,47759
96281,47759
129654,47759
279146,47758
221469,47758
268698,47757
217833,47757
271757,47756
251479,47756
211461,47755
106589,47754
245026,47754
268516,47754
236928,47753
61985,47752
241534,47751
193735,47751
183275,47749
245424,47749
247749,47748
163708,47747
1698,47743
137344,47743
189148,47742
137991,47741
274621,47741
165199,47740
236107,47740
272992,47740
290579,47739
120148,47738
57626,47738
296060,47738
260861,47738
177506,47737
284469,47736
230572,47734
236004,47734
88564,47734
173653,47734
100725,47733
166728,47732
77204,47731
251923,47729
211322,47729
11843,47728
69869,47728
216373,47726
21413,47725
289048,47725
280742,47724
213190,47723
241274,47721
14449,47721
224028,47721
235357,47720
19110,47720
292763,47719
202825,47719
232282,47717
290627,47716
91873,47716
279815,47712
282821,47711
254067,47711
288390,47710
106117,47710
126866,47708
42841,47707
201549,47707
17890,47706
243325,47705
292470,47704
19525,47704
164590,47704
280241,47703
137552,47703
9892,47703
230754,47703
227347,47703
21041,47702
276167,47702
221856,47701
256473,47701
210333,47701
212628,47700
184360,47700
124722,47699
250459,47699
261918,47698
188589,47698
280335,47697
276988,47697
6976,47694
177274,47693
204329,47691
273780,47691
254764,47690
257279,47690
249551,47688
271411,47686
232226,47686
151842,47686
239335,47685
10445,47685
177335,47684
201814,47684
259261,47682
164499,47681
284730,47681
219349,47680
178942,47680
256005,47680
288953,47680
257338,47680
268793,47679
233755,47678
251914,47678
167811,47677
205767,47677
241897,47676
176853,47676
281802,47675
289362,47674
261736,47673
261382,47673
240789,47672
103242,47671
209690,47671
265782,47671
270793,47670
199077,47669
172923,47669
274643,47667
188290,47667
229800,47666
237253,47666
600,47665
217655,47665
208276,47664
6388,47664
253893,47663
228494,47662
196506,47660
258038,47660
176958,47659
259642,47657
239765,47657
245413,47656
280732,47656
234400,47655
164462,47655
293197,47654
163431,47653
237827,47652
250991,47651
286334,47651
220794,47651
157795,47649
143821,47647
266176,47647
16319,47647
228643,47646
239571,47645
242537,47645
218581,47644
141431,47644
237070,47642
267327,47641
247184,47641
10623,47640
245508,47640
217071,47639
233813,47637
263257,47637
180325,47637
272191,47637
21663,47636
177439,47636
222053,47635
284351,47634
205376,47631
284604,47631
229415,47631
285739,47630
264368,47629
251145,47628
156128,47627
255305,47627
282217,47627
269607,47625
11094,47623
187105,47621
218102,47620
4511,47620
219640,47620
140290,47618
136167,47615
224181,47614
261914,47614
194981,47614
278227,47613
275342,47612
138784,47611
238996,47610
184784,47609
210475,47608
164655,47608
251164,47607
244166,47607
288843,47607
146815,47607
236986,47606
174765,47605
189937,47605
282489,47604
109400,47604
238790,47604
285491,47603
247715,47602
243687,47601
156074,47601
163333,47601
259557,47601
13369,47600
172709,47600
195622,47599
294226,47599
207244,47599
183132,47599
101229,47598
161556,47596
279927,47596
266790,47595
187530,47595
117557,47594
125561,47593
225999,47593
217277,47592
96579,47592
193760,47591
204938,47591
259005,47591
70602,47591
143212,47591
4927,47590
234332,47589
281025,47589
279382,47588
204970,47588
251595,47588
269756,47588
208509,47586
163446,47586
284940,47585
151367,47584
263769,47582
282488,47582
256023,47582
268971,47582
219246,47581
235999,47580
177210,47579
254122,47578
125222,47577
152687,47575
141125,47574
268411,47572
227870,47572
161023,47571
196919,47571
228515,47570
258546,47570
225014,47570
239456,47569
253001,47569
162518,47567
140077,47567
199737,47565
261796,47564
151313,47564
250966,47563
169565,47562
205057,47562
259850,47561
161001,47561
108033,47560
153699,47559
198654,47559
286224,47558
93729,47558
260938,47557
247789,47556
148523,47556
55104,47556
245751,47555
249493,47555
245836,47555
260255,47555
170393,47555
276986,47554
199358,47553
146417,47553
166442,47551
274175,47551
259120,47551
261292,47551
232598,47549
272913,47548
200011,47547
280225,47547
259448,47547
169394,47547
285178,47546
175001,47544
243090,47544
291620,47544
169412,47544
242152,47544
258737,47543
202659,47543
246016,47541
121260,47541
151295,47541
182491,47541
255895,47540
253063,47540
270734,47540
291015,47540
283379,47540
66222,47540
3479,47539
244848,47538
259014,47538
272489,47537
270893,47537
264539,47536
167519,47536
155517,47536
48585,47536
98035,47536
186934,47535
239132,47533
218691,47533
285544,47532
254778,47532
220443,47530
232618,47528
248066,47527
247487,47527
116932,47526
2728,47526
222785,47525
285013,47525
233373,47525
229549,47524
203763,47522
285355,47521
210635,47521
80053,47521
254137,47520
117285,47519
105360,47518
189844,47516
276885,47516
243384,47516
96132,47514
123003,47514
645,47514
199011,47513
150508,47513
180432,47513
141729,47512
267602,47512
261623,47512
141244,47512
187394,47512
181967,47510
284860,47510
227687,47508
191166,47508
218318,47508
182345,47508
162408,47508
105036,47507
200497,47507
180870,47507
174863,47506
252201,47506
261227,47506
275012,47504
271089,47503
144628,47503
194795,47503
296487,47502
233970,47502
190276,47502
274585,47501
120152,47499
118400,47498
274298,47498
111162,47497
246729,47496
160293,47494
221726,47493
216628,47493
285922,47492
237118,47492
207957,47492
168535,47491
166536,47490
293466,47489
207082,47488
276088,47488
59118,47486
261126,47485
252768,47485
156846,47485
239302,47484
104865,47484
95886,47484
162600,47484
275424,47483
284192,47483
8965,47482
15671,47482
241890,47481
220040,47481
37544,47481
291955,47480
243796,47480
157648,47480
132235,47479
249510,47478
167074,47478
166208,47478
294513,47478
290415,47477
187223,47477
241810,47476
264211,47475
220467,47475
40,47474
224340,47474
238248,47474
139230,47473
207813,47473
229225,47473
204502,47471
275900,47471
213791,47469
247481,47469
150892,47469
274300,47467
193058,47467
126878,47466
271390,47466
243355,47464
292823,47464
238315,47464
288029,47464
128824,47464
137857,47462
190834,47461
253990,47460
274804,47460
200322,47459
73527,47459
122562,47459
65066,47457
236788,47456
230865,47456
199513,47455
284650,47455
211664,47454
71784,47454
162115,47454
192511,47453
214301,47453
71209,47453
167692,47452
226801,47450
258766,47450
290998,47449
281386,47449
266879,47448
150774,47448
254926,47448
230214,47447
244556,47447
236482,47446
223689,47446
294490,47445
211051,47445
281160,47445
187713,47444
236267,47443
248931,47442
236379,47442
173744,47442
259466,47442
199483,47441
232184,47441
171330,47441
148628,47441
163091,47441
278601,47441
278236,47439
167251,47439
197762,47438
173467,47438
289638,47437
120168,47437
247846,47437
258509,47437
275332,47437
223181,47436
239467,47436
185312,47436
268332,47435
94737,47435
264327,47435
239063,47434
250618,47433
169780,47431
158736,47431
255415,47430
252659,47430
154415,47429
281889,47429
228758,47428
175040,47428
206266,47427
20359,47427
287385,47426
220553,47426
220956,47425
268214,47424
235939,47424
232452,47423
11286,47423
260623,47422
164233,47421
274697,47421
248902,47420
280428,47420
281602,47419
188312,47419
200161,47419
279440,47419
240366,47419
125110,47418
249341,47418
184580,47417
246361,47417
267288,47416
197084,47416
272390,47415
103824,47415
30714,47414
146195,47414
175071,47414
97261,47414
174260,47414
116544,47413
232308,47413
291654,47413
150860,47412
142422,47411
273469,47411
15237,47411
229427,47411
232066,47410
281089,47409
239876,47408
290266,47408
257883,47407
187295,47407
215849,47406
237794,47405
260696,47405
171597,47404
237845,47404
185260,47403
214082,47402
93701,47401
172693,47401
269163,47399
253253,47399
202406,47399
293245,47399
291410,47397
236649,47397
206860,47397
283107,47396
272337,47395
245844,47395
93888,47393
291633,47393
162998,47393
284937,47393
287995,47393
236281,47393
128933,47392
12197,47392
277722,47392
287463,47392
168054,47392
146482,47391
258641,47391
152251,47391
240620,47390
146317,47390
291427,47389
264013,47388
240274,47386
276966,47386
263685,47386
236472,47385
289181,47384
203337,47384
171285,47384
260777,47384
186798,47383
223307,47383
205384,47383
236429,47383
245744,47382
92906,47382
208073,47382
223385,47381
111544,47381
227609,47381
212809,47381
233632,47381
265632,47380
255188,47380
257531,47379
191803,47379
189543,47378
293667,47377
164150,47377
182121,47377
222793,47377
279917,47377
82328,47375
260292,47375
284873,47375
244395,47375
177772,47375
104474,47375
218142,47373
152338,47373
261200,47373
236714,47373
213653,47372
231753,47372
196090,47371
243841,47369
265524,47369
205010,47369
57353,47369
215910,47368
115325,47368
101090,47368
119619,47368
143878,47367
232813,47367
288233,47366
282665,47365
258663,47365
257817,47364
2604,47363
294805,47363
194180,47363
148486,47363
206531,47362
160552,47362
260858,47362
131348,47362
236372,47361
261408,47361
249505,47360
390,47360
60796,47360
213997,47358
287699,47358
271455,47358
260094,47358
246989,47358
276196,47357
253594,47357
244203,47355
72663,47354
102165,47354
237886,47353
240351,47352
80673,47352
261023,47352
241293,47352
261236,47352
249019,47352
185303,47352
97602,47350
278684,47350
223766,47350
190744,47349
273100,47349
285777,47348
261489,47348
242001,47347
223897,47347
280083,47347
215199,47346
238292,47346
224588,47346
143991,47346
156152,47345
132719,47345
86119,47345
256075,47344
296318,47343
262325,47343
119492,47343
237745,47342
87151,47342
258966,47342
141068,47339
175651,47339
216513,47339
194784,47338
247974,47338
272862,47338
233643,47337
133568,47337
143199,47337
248084,47337
273175,47337
193883,47337
270482,47336
287546,47334
47172,47334
19809,47333
256956,47332
191220,47332
160298,47332
154522,47331
275301,47330
183013,47330
276857,47330
134662,47330
253581,47330
236840,47329
249186,47328
4840,47328
168006,47326
384,47326
265429,47326
157798,47325
236914,47324
167105,47324
212551,47323
234885,47323
237921,47323
294993,47322
235034,47322
271785,47322
146126,47321
96373,47321
282187,47321
10419,47320
284734,47320
133968,47319
17963,47319
169051,47318
250689,47318
147890,47318
287906,47317
226892,47317
289624,47316
54448,47316
289861,47316
286252,47315
135037,47315
290289,47314
143734,47314
34828,47313
279228,47313
212859,47312
162762,47312
246525,47312
286822,47311
261601,47311
135908,47311
277921,47310
206316,47310
172574,47310
98375,47309
157751,47309
261791,47308
150084,47308
205099,47308
190369,47307
286601,47307
286802,47306
229168,47306
214645,47306
15495,47306
276551,47305
215234,47305
153626,47305
212045,47305
96365,47305
271583,47304
256857,47304
51117,47304
258791,47304
95243,47304
135001,47302
245737,47302
286931,47302
99382,47302
290324,47301
272479,47301
253377,47301
237596,47300
265415,47300
295484,47300
274739,47300
213575,47300
195025,47299
232917,47299
177560,47299
275362,47299
118361,47298
215832,47298
133524,47298
211289,47297
241313,47297
245495,47296
124138,47296
294652,47296
170891,47295
170343,47295
229663,47295
182625,47295
248136,47294
284633,47294
220043,47294
186292,47293
242055,47293
117146,47293
242404,47292
231947,47292
264311,47292
210678,47292
286200,47292
162827,47292
263946,47292
18765,47291
27726,47290
132986,47290
116923,47289
32919,47288
180513,47288
178435,47288
278605,47288
104527,47287
152865,47287
293940,47286
273845,47286
242859,47286
205647,47286
248722,47285
9478,47285
121088,47283
190288,47282
176669,47282
13858,47282
7983,47281
205102,47281
122866,47280
15695,47279
283851,47279
177187,47278
13931,47277
288298,47276
208023,47276
270508,47276
234438,47276
277783,47276
200490,47275
19354,47275
237571,47275
201941,47273
264315,47273
291435,47272
109177,47270
284691,47268
278530,47268
108536,47268
96217,47268
295844,47267
202019,47267
131676,47267
187674,47266
258487,47265
172904,47265
238252,47264
195067,47264
85576,47264
292615,47263
274532,47263
251659,47262
266020,47262
148247,47262
153399,47260
283246,47260
38550,47260
236140,47259
283472,47259
208523,47259
14973,47259
274327,47259
238599,47258
290012,47258
255746,47258
274833,47257
288088,47256
293888,47254
267457,47254
263941,47254
93024,47253
176994,47252
177824,47252
12645,47251
269057,47251
247357,47250
159252,47250
256703,47249
188603,47249
251048,47249
170737,47249
107770,47247
161218,47247
296456,47247
179245,47246
252264,47246
281154,47245
86829,47244
173929,47244
245318,47243
244545,47243
22482,47242
202056,47242
173855,47241
264369,47241
265853,47241
271309,47240
258198,47239
177872,47239
130236,47238
111685,47238
228719,47237
250217,47237
251928,47236
215994,47236
269272,47236
125139,47236
225927,47235
169466,47235
16040,47235
215609,47234
122288,47233
176214,47233
209429,47233
101078,47232
144825,47231
165554,47231
221094,47230
292918,47230
122320,47229
199471,47229
22573,47229
262057,47228
191730,47228
256294,47228
235210,47228
171351,47227
97371,47227
69403,47227
155626,47227
269383,47227
86322,47227
205378,47227
159261,47226
290061,47226
129653,47225
171313,47225
291965,47225
225355,47224
209498,47224
231747,47224
156321,47223
101484,47223
72273,47223
204411,47222
138565,47222
283926,47222
211789,47222
280028,47221
229716,47221
225141,47220
257621,47219
248205,47219
132833,47219
225100,47218
163842,47217
251968,47217
103702,47217
74468,47216
198723,47216
233312,47216
106884,47215
204121,47215
231360,47215
74768,47214
2,47213
164849,47213
152947,47213
281349,47213
177620,47213
269321,47212
225586,47212
36453,47212
247467,47212
152695,47212
173524,47211
242220,47211
289115,47211
263624,47211
215274,47210
208897,47210
289106,47210
170674,47209
275054,47209
238177,47209
132455,47208
252942,47208
278305,47208
174495,47207
73555,47206
285214,47206
136378,47206
259173,47206
277795,47204
42763,47203
181695,47203
144116,47203
279925,47203
152470,47202
34489,47202
235310,47202
241971,47202
234314,47200
244177,47200
197048,47198
209712,47198
198743,47198
265619,47198
274615,47195
174170,47195
285927,47195
186666,47195
226740,47195
269908,47194
140339,47194
160378,47194
198492,47194
209611,47193
212759,47193
144878,47193
84403,47193
206412,47192
238094,47192
247874,47192
247876,47191
291383,47191
232182,47189
207519,47189
266237,47189
260139,47189
94651,47189
293814,47189
287780,47188
178428,47188
16187,47188
134456,47187
257089,47187
252500,47187
218949,47187
253412,47186
269853,47186
78015,47186
264581,47186
210296,47185
232590,47185
199085,47184
283315,47184
256741,47183
80744,47183
211154,47183
288757,47182
131055,47182
178588,47182
220133,47182
236917,47181
93621,47181
197958,47180
98359,47180
275296,47180
233650,47179
260253,47179
103086,47179
294422,47178
237161,47178
274180,47178
178518,47178
78090,47178
220798,47178
7993,47177
282257,47177
162436,47177
181804,47176
18437,47175
218136,47175
81844,47174
270107,47172
21042,47172
133474,47171
202928,47171
116938,47170
237091,47170
185523,47170
238489,47169
202024,47169
123371,47168
234695,47168
280016,47167
156629,47166
531,47166
130905,47166
36785,47166
252233,47166
140048,47165
135267,47165
221252,47164
149216,47164
225391,47163
278262,47163
106300,47163
287700,47163
245720,47162
237015,47162
222443,47162
23077,47161
280901,47161
288496,47161
238868,47161
285271,47161
280711,47161
135525,47160
213596,47160
226315,47160
193602,47160
250925,47160
5137,47160
257924,47159
203494,47159
180341,47159
281669,47158
100036,47157
250184,47157
197085,47157
245823,47156
289490,47155
52077,47155
185234,47155
289625,47154
285989,47154
170972,47153
112720,47153
315,47153
242406,47152
255827,47152
76057,47152
231281,47152
251211,47152
190898,47152
260267,47151
244885,47150
116926,47150
10232,47149
153511,47149
184688,47149
171997,47149
253487,47148
270427,47148
275591,47147
280012,47147
199882,47146
168434,47146
211464,47145
131301,47145
247976,47145
263827,47145
243076,47145
264769,47144
256678,47144
238484,47144
110035,47144
221677,47144
294602,47143
286553,47143
272270,47142
144163,47141
281697,47140
73845,47140
278795,47139
167756,47139
244193,47139
286322,47138
202937,47137
201796,47137
290313,47136
238507,47136
34740,47136
30530,47136
154521,47135
29952,47134
229240,47134
5068,47134
199344,47134
245946,47134
19731,47134
230728,47134
240395,47133
157788,47133
52664,47132
71437,47132
220335,47132
289644,47131
288488,47131
209382,47130
136847,47130
164272,47130
294933,47130
286111,47128
146188,47128
217911,47128
265779,47128
11211,47126
257897,47125
159037,47125
277050,47124
119657,47124
170096,47124
191946,47123
38548,47123
275960,47123
252313,47122
248117,47122
220125,47122
190145,47121
198804,47121
102134,47121
256849,47120
293085,47120
41131,47119
252552,47119
155920,47119
260639,47118
266705,47118
22973,47118
250390,47117
181793,47116
249179,47115
238516,47115
281257,47115
142365,47115
226973,47115
122327,47115
208043,47114
140336,47114
71514,47114
279269,47113
191624,47113
252713,47113
243763,47113
268616,47112
206019,47112
192254,47112
16387,47112
215863,47111
160524,47110
241208,47110
272368,47110
95140,47108
257748,47108
276313,47107
210932,47107
245227,47107
111166,47107
193684,47107
193737,47107
75931,47106
8598,47105
237249,47105
221667,47105
199037,47105
110910,47105
237843,47105
246883,47104
53329,47104
244118,47103
145450,47102
233771,47102
167693,47102
260036,47102
234169,47101
290191,47101
202494,47101
139394,47100
152458,47100
22634,47099
27045,47099
183243,47099
284020,47099
180210,47098
157741,47098
30052,47098
105137,47098
121112,47097
291139,47097
134826,47097
255793,47097
219342,47096
274241,47096
182522,47096
259565,47096
153802,47096
19614,47095
248286,47095
226106,47095
238690,47095
135797,47095
134255,47095
289255,47095
187268,47094
251416,47094
217934,47093
160055,47093
66411,47093
271473,47093
289478,47092
111919,47091
277996,47091
271318,47091
117269,47091
269669,47091
42613,47091
38584,47091
285068,47090
238328,47090
124744,47089
238495,47089
15739,47089
277201,47089
259506,47088
287341,47087
189124,47087
253202,47087
218258,47087
167329,47086
231709,47086
185515,47086
282591,47086
210893,47086
223890,47085
22567,47085
291287,47084
170591,47084
288314,47084
193123,47083
278625,47083
233399,47082
270928,47082
283018,47082
249491,47082
203476,47081
5176,47081
153496,47080
186990,47080
292299,47080
268788,47080
174711,47080
201537,47079
181547,47079
54460,47079
223625,47079
243426,47078
175361,47078
222358,47078
252459,47078
157570,47076
131172,47076
172959,47075
251021,47075
276960,47075
132290,47075
183983,47075
291412,47074
256438,47074
124846,47074
285113,47074
79216,47073
250863,47073
232683,47073
243717,47072
112713,47072
278248,47072
15103,47072
165196,47072
204447,47071
76440,47071
213363,47071
95123,47071
195780,47071
243766,47070
125537,47070
110260,47069
244007,47068
35021,47068
203728,47068
173617,47068
262861,47067
125416,47067
134061,47067
224410,47066
107532,47066
8780,47065
188638,47064
275264,47064
241347,47064
157323,47064
278821,47064
216153,47064
109498,47063
119914,47063
195342,47062
211731,47061
294831,47061
291029,47061
220840,47061
211042,47061
115409,47061
218127,47061
207475,47060
164506,47060
216538,47060
161987,47060
212569,47060
281452,47059
106100,47059
231030,47059
205906,47059
271664,47058
286401,47058
257138,47058
175994,47057
281525,47057
177984,47057
198416,47057
114320,47057
237821,47056
72035,47056
162320,47056
265631,47055
146928,47055
260223,47055
54482,47053
293318,47053
12607,47052
207090,47052
215821,47052
294040,47052
27639,47052
205983,47051
256276,47050
184798,47050
181231,47050
106639,47050
140778,47049
239762,47049
292285,47048
115516,47048
232141,47048
2406,47048
225012,47048
249195,47048
153936,47047
59974,47047
126236,47047
112470,47046
217499,47046
279544,47046
178186,47046
244724,47045
158874,47045
222995,47045
131128,47044
260028,47044
70838,47044
267635,47043
215959,47043
162650,47043
238639,47043
191381,47042
110173,47042
12871,47042
25977,47041
244005,47041
169348,47040
287549,47040
151352,47040
160094,47039
108510,47039
267650,47039
190114,47038
251240,47038
36255,47038
263401,47037
241573,47037
203856,47037
232832,47036
252253,47036
11958,47035
208021,47035
294091,47035
26880,47034
3181,47033
238801,47033
290045,47033
208435,47033
155741,47033
217285,47033
168561,47033
197235,47033
274067,47032
165230,47032
145691,47032
212825,47032
124810,47032
123505,47032
217795,47031
144304,47031
154924,47031
155984,47031
229323,47031
228759,47030
269688,47030
213681,47030
245491,47030
259590,47029
185055,47029
277654,47029
230266,47029
282990,47029
165380,47029
256154,47029
213516,47028
288349,47028
126643,47028
197790,47027
282224,47027
256680,47027
278445,47027
112381,47027
252760,47027
253014,47027
292886,47027
189160,47026
79949,47026
194736,47025
170240,47025
3563,47025
36250,47025
200955,47025
261456,47025
269230,47024
269202,47024
91352,47024
152993,47023
259702,47023
6800,47023
271373,47022
195850,47022
167576,47022
281073,47022
269987,47021
233502,47021
281850,47021
47410,47020
143854,47020
240931,47019
199507,47019
214880,47019
196908,47019
155860,47018
266179,47018
115843,47018
268039,47018
294440,47018
247460,47018
227269,47017
252914,47017
230591,47017
199203,47017
124178,47017
197898,47016
204476,47016
237756,47016
112210,47016
255443,47015
41900,47015
286694,47015
167479,47014
272679,47014
186443,47014
283330,47014
211045,47014
230272,47013
273853,47013
158054,47013
186618,47013
251272,47012
279472,47012
263295,47012
241451,47012
87299,47012
227154,47011
277293,47011
98891,47011
3153,47010
149479,47010
267096,47010
281276,47010
240921,47009
129265,47008
197450,47008
224245,47007
205535,47006
81795,47006
287645,47006
264494,47005
166386,47003
117733,47003
272709,47003
187402,47003
258619,47003
152252,47002
160000,47002
270647,47002
21813,47002
179118,47002
226209,47002
154998,47002
279716,47001
142218,47001
275331,47000
236125,47000
292725,47000
203017,47000
240927,47000
257345,47000
130815,47000
291439,47000
247518,46999
204220,46999
262864,46998
239910,46998
286633,46998
216995,46998
25294,46997
295862,46997
22320,46997
139226,46996
255768,46996
160332,46996
288287,46996
179127,46996
242310,46996
19286,46996
233848,46995
209171,46995
289395,46995
256342,46995
111362,46995
138936,46995
98275,46994
170249,46994
39502,46994
207578,46993
248701,46993
290767,46993
216291,46993
82347,46993
269379,46993
234975,46992
274109,46992
218788,46991
3319,46991
230142,46991
248557,46990
149549,46990
150977,46990
174667,46990
101610,46989
195962,46989
254285,46989
263672,46988
148681,46988
113418,46988
266577,46988
213751,46988
279619,46988
179034,46987
227774,46987
256844,46987
141600,46987
152817,46987
195701,46987
196994,46986
196200,46986
191749,46985
116909,46985
247084,46985
162767,46985
260482,46985
172470,46984
84681,46984
238609,46984
269324,46984
293591,46984
152532,46984
275638,46983
166826,46983
110028,46982
256086,46982
173391,46982
288165,46982
199453,46982
174451,46981
232463,46981
161225,46980
224308,46980
149988,46980
126812,46980
253332,46980
164877,46980
248094,46980
239605,46979
187639,46979
210346,46979
268240,46978
156637,46978
295096,46978
232332,46978
203292,46977
226162,46977
25566,46976
291290,46976
262374,46976
130644,46975
183550,46974
98420,46974
159587,46974
201909,46974
139169,46973
215129,46973
217089,46973
178481,46973
172704,46972
135120,46971
293198,46971
260984,46971
204817,46971
251903,46971
250321,46970
293925,46970
289392,46970
233684,46970
199691,46969
133750,46968
107020,46968
275943,46968
286786,46968
286532,46967
164020,46967
128806,46967
201343,46967
143696,46967
149873,46967
145057,46967
254015,46966
170477,46966
136134,46965
188008,46965
97958,46964
284432,46964
221885,46964
217699,46964
118215,46963
224213,46963
280305,46962
191131,46962
257112,46962
159803,46962
270742,46962
226935,46962
266955,46962
123995,46961
169547,46961
97144,46961
265289,46961
187875,46960
157498,46960
246723,46959
250847,46959
242937,46958
272419,46958
139877,46957
120972,46957
192356,46957
269085,46957
93655,46957
178365,46956
226414,46956
204498,46956
233305,46956
292141,46956
57739,46956
117577,46955
232991,46955
216230,46954
249765,46954
111584,46954
23797,46954
249719,46954
171102,46954
280774,46954
171521,46954
236206,46954
214169,46954
245620,46953
131326,46953
232879,46953
274132,46952
252652,46952
287775,46952
202448,46952
103569,46951
28269,46950
250154,46950
294589,46950
231448,46950
259409,46950
243337,46949
212956,46949
271598,46949
180345,46948
276317,46948
271937,46948
169133,46948
143608,46948
141727,46947
74178,46947
205239,46946
272324,46945
23998,46945
147085,46945
263460,46945
260500,46945
207548,46944
225401,46943
142775,46943
207694,46943
147649,46942
244229,46942
174173,46942
293586,46942
203479,46941
257099,46941
107214,46941
137064,46941
245911,46941
244420,46940
184263,46939
3381,46939
32011,46939
131651,46939
204776,46939
231390,46939
163075,46939
134825,46938
272132,46938
61550,46937
2188,46937
246337,46937
89064,46937
228772,46937
125732,46937
246499,46936
264014,46936
215444,46936
160473,46936
228175,46936
233244,46935
238512,46935
262895,46935
166570,46935
211222,46935
78343,46934
271457,46934
286122,46934
210342,46933
258898,46933
215114,46933
232305,46933
166411,46933
249297,46932
173839,46932
125672,46932
186648,46932
218743,46931
203347,46931
82078,46931
172546,46931
19081,46931
237908,46930
174187,46930
223379,46930
147984,46930
159230,46930
205488,46929
194276,46929
114354,46928
91051,46928
200113,46928
147868,46928
278987,46928
294058,46927
233862,46927
229542,46927
258,46927
152810,46926
37093,46926
220569,46926
274031,46926
262463,46926
38509,46925
101113,46925
28635,46925
234401,46925
16839,46924
187806,46924
216554,46923
131644,46923
279442,46922
173680,46922
230707,46921
265471,46921
1546,46921
267591,46921
152426,46920
20840,46920
239534,46920
260100,46919
246127,46919
111840,46919
285729,46919
245311,46918
279643,46918
201595,46918
264846,46918
288893,46918
121840,46918
251141,46918
148234,46918
114387,46917
124439,46917
2981,46917
81496,46916
171583,46916
294066,46916
223620,46915
242363,46915
281088,46915
225846,46915
281818,46915
146474,46915
46501,46914
198638,46914
237553,46914
278024,46914
276514,46914
174343,46913
216419,46913
285541,46913
102364,46913
41490,46912
290339,46912
135915,46912
229346,46911
61621,46911
281927,46910
180120,46910
195640,46909
205882,46909
269290,46909
236609,46909
261585,46909
191938,46908
267599,46908
222364,46908
286702,46908
186398,46908
54144,46907
203806,46907
253558,46907
225146,46907
165100,46907
271001,46907
149877,46907
260852,46907
217335,46907
273437,46906
204501,46906
105986,46906
205697,46906
286943,46905
171389,46905
281424,46905
152832,46905
145470,46905
218273,46905
161851,46905
240008,46905
168441,46904
95263,46904
160634,46904
251102,46904
179417,46904
252655,46903
254621,46903
279251,46903
219524,46903
257727,46903
186340,46903
282822,46903
243598,46903
114451,46903
199673,46903
289685,46902
176229,46902
142461,46902
241384,46902
276299,46902
280035,46902
216978,46901
283281,46901
161781,46901
83329,46900
264004,46900
214711,46899
210195,46899
214510,46899
219866,46899
6180,46899
179022,46898
293094,46898
193720,46898
274700,46898
129128,46898
225464,46898
291830,46898
253137,46897
127670,46896
130465,46896
173460,46895
285493,46895
20984,46895
296352,46895
146086,46894
189261,46894
16670,46894
242257,46894
107915,46894
142672,46894
7611,46893
154763,46893
176079,46893
172368,46892
182813,46891
293052,46891
154016,46891
245448,46891
182157,46891
142683,46891
266551,46891
223127,46891
155994,46890
265387,46889
171604,46889
231137,46889
296392,46888
221989,46888
239450,46888
32,46887
225133,46887
264951,46887
21492,46886
164100,46886
70929,46886
112722,46886
175067,46885
224341,46885
17802,46885
196806,46885
203122,46885
268319,46884
49772,46883
148593,46883
167369,46883
229535,46883
4161,46882
224945,46882
240242,46882
221670,46882
213646,46882
217667,46881
54978,46881
180772,46880
261281,46880
238902,46879
254922,46879
91650,46879
206751,46878
147619,46878
206218,46878
246541,46878
294144,46878
148088,46878
247975,46878
210832,46878
225063,46877
59500,46877
11954,46877
262142,46877
243474,46876
277751,46876
248578,46876
244236,46875
211046,46875
278658,46875
5328,46875
192595,46874
276562,46874
241549,46874
193585,46874
118262,46873
290109,46872
104383,46872
195124,46872
246602,46872
291165,46872
13885,46871
133097,46870
19452,46870
36866,46870
177301,46869
185615,46869
250061,46868
179042,46868
21,46867
254734,46867
150794,46867
178092,46867
184859,46866
160984,46866
291303,46866
148778,46866
107838,46866
280412,46866
198308,46866
204163,46866
140444,46865
207129,46864
235720,46864
56106,46864
236608,46864
233736,46863
95304,46863
281422,46863
209019,46863
212277,46862
147391,46862
290885,46862
25439,46862
131542,46861
276550,46861
143135,46861
162658,46861
149113,46860
202359,46860
160581,46860
192027,46859
283269,46859
295208,46859
177116,46859
262457,46859
177115,46859
228169,46858
39762,46858
296415,46858
276434,46858
137402,46857
172422,46857
196025,46857
160185,46856
204933,46856
5127,46855
205027,46854
224640,46854
265160,46854
292426,46854
259582,46854
171140,46854
243316,46853
261260,46853
15723,46853
208353,46852
228410,46852
295200,46852
168016,46852
293476,46852
201141,46851
248674,46851
15225,46851
235582,46851
204381,46851
201435,46851
132417,46851
203596,46851
229524,46850
274414,46850
233074,46850
205870,46849
140827,46849
178170,46848
250328,46848
289791,46847
173556,46847
248591,46847
98992,46847
198873,46847
64407,46847
117779,46847
196096,46846
261902,46846
177087,46846
257100,46846
206050,46846
167450,46845
291063,46845
211268,46845
273040,46845
228246,46845
209721,46844
246209,46844
17393,46843
226532,46843
237627,46843
240374,46843
118369,46843
270781,46842
276066,46842
140636,46842
232592,46842
244814,46841
222589,46841
284593,46841
119336,46841
202236,46841
246579,46841
130098,46840
183029,46839
18056,46839
184841,46839
223330,46839
278716,46839
97924,46839
261058,46838
278536,46837
281406,46837
288870,46837
272079,46837
258281,46837
204948,46837
215970,46837
5213,46836
183693,46836
238870,46836
181583,46836
247520,46836
12573,46835
200562,46835
231942,46835
272971,46835
279763,46835
264434,46834
148919,46834
269781,46834
235950,46834
253483,46834
136323,46833
26429,46833
235071,46833
290973,46832
144852,46832
228134,46831
13664,46831
206664,46831
115705,46831
180332,46831
255823,46830
260841,46830
75548,46830
273214,46830
253777,46830
88076,46829
195901,46829
211768,46829
251315,46828
166284,46828
158758,46828
172,46828
288766,46827
151176,46827
226664,46827
198776,46827
294729,46826
235732,46826
187123,46826
236698,46826
212699,46826
192822,46825
184792,46824
184712,46824
36580,46824
148043,46824
245640,46823
100680,46823
177911,46823
283728,46823
255330,46823
201855,46823
179427,46822
236414,46822
180969,46822
39387,46822
269258,46822
281676,46822
168531,46822
146862,46821
245324,46820
201965,46820
184901,46820
159406,46820
223555,46820
224349,46819
268522,46819
210053,46819
242255,46819
44522,46819
287887,46819
220524,46819
1704,46819
296321,46819
147782,46818
31504,46818
78802,46818
84335,46817
244019,46817
132478,46817
216956,46817
290602,46817
180239,46817
129437,46817
278679,46817
206870,46817
229050,46817
287212,46817
270998,46816
32766,46816
250820,46815
223711,46815
164774,46815
36557,46814
149588,46814
295714,46814
254473,46814
165551,46814
44202,46814
62688,46813
273265,46813
116415,46813
285169,46813
156210,46812
296342,46812
267562,46812
180726,46812
230362,46811
208723,46811
253992,46811
2640,46811
195348,46811
87648,46811
272061,46809
117902,46809
244917,46809
173573,46809
204980,46807
91947,46807
78741,46806
207863,46805
266731,46805
274499,46805
184882,46805
274337,46805
206219,46805
287227,46805
220342,46805
206024,46805
83586,46804
89111,46803
224986,46803
261356,46803
246379,46803
114982,46803
233007,46803
197809,46802
293422,46802
234198,46801
192070,46801
207410,46801
97351,46801
281984,46800
115446,46800
200926,46800
64236,46800
20269,46799
252554,46798
144379,46798
262889,46798
182114,46798
180364,46798
221160,46797
264345,46797
92281,46796
209591,46796
268742,46796
194244,46795
168734,46795
286936,46794
243227,46794
283045,46793
8190,46793
202945,46793
226324,46793
207060,46793
245541,46792
147468,46792
268847,46792
28823,46792
91333,46792
181412,46792
262892,46792
179949,46792
280001,46791
153130,46791
118514,46791
221397,46791
134917,46790
176264,46790
17689,46790
237533,46790
209122,46790
140932,46790
146058,46789
108338,46789
206128,46788
252803,46788
237319,46788
202106,46788
141202,46788
128674,46788
266346,46788
292680,46788
112073,46787
215388,46787
103665,46787
245561,46787
210534,46787
201997,46787
287098,46786
267777,46786
126190,46786
163562,46786
3897,46785
210354,46785
241978,46785
156187,46785
179972,46785
261574,46784
91907,46784
289122,46784
152361,46784
225123,46783
290754,46783
142705,46783
91334,46783
58847,46783
227591,46783
291310,46783
119579,46782
180020,46782
273923,46781
207754,46781
254872,46781
156735,46781
194693,46780
210614,46780
154276,46779
49529,46779
34634,46779
225263,46779
65585,46779
190533,46779
204929,46779
208429,46779
142719,46779
292742,46778
193728,46778
168081,46778
256372,46778
30432,46778
224676,46777
159015,46777
203134,46777
156834,46777
261775,46776
255733,46776
288186,46776
168964,46775
224735,46775
254105,46775
259861,46775
260486,46775
246396,46775
104903,46775
126130,46774
222496,46774
193138,46774
169271,46773
191259,46773
50001,46772
176007,46772
239304,46772
188701,46771
189903,46771
274683,46771
196021,46771
210165,46770
223192,46769
270883,46769
148289,46769
130391,46769
251681,46769
268370,46769
194555,46768
114482,46768
253514,46768
21406,46768
80932,46767
249724,46767
291179,46767
292799,46767
157569,46767
193727,46767
229284,46767
19184,46766
184299,46766
206208,46765
233814,46765
238603,46765
122857,46765
233017,46764
248802,46764
265039,46764
158448,46763
276665,46763
144030,46763
105639,46763
167611,46763
230326,46762
120940,46762
281571,46762
215318,46762
139646,46762
101639,46762
274462,46761
22358,46761
228004,46761
253867,46761
127930,46761
111000,46760
7081,46760
168577,46760
97988,46760
242736,46760
284256,46760
152046,46760
260571,46759
213994,46759
118525,46759
193785,46759
288199,46758
115923,46758
288944,46758
201887,46758
266531,46758
223606,46758
184675,46757
179032,46757
146884,46757
268450,46757
262148,46757
205186,46757
206989,46757
169058,46756
199436,46756
139699,46756
264210,46756
191657,46756
142867,46756
196427,46756
26248,46756
209697,46756
207948,46755
26,46755
13501,46755
250989,46755
256312,46755
282743,46755
240700,46755
148269,46754
285588,46754
279062,46754
223947,46754
45148,46753
245134,46753
270813,46753
8600,46753
151002,46752
73960,46752
185425,46751
252027,46751
274286,46751
74864,46751
236929,46751
177493,46751
25661,46751
155832,46751
193808,46750
84587,46750
289427,46750
125301,46750
221468,46750
209729,46749
262090,46749
101654,46749
65028,46749
120753,46749
243356,46748
183090,46748
76192,46748
39079,46748
267612,46748
146802,46747
10424,46747
144848,46746
248809,46746
226513,46746
163279,46746
279806,46746
158062,46746
244745,46745
215343,46745
266727,46745
161461,46745
176025,46744
7437,46744
140454,46744
247723,46744
49125,46744
265569,46744
254777,46744
198038,46744
122563,46744
294606,46743
193422,46743
158113,46743
235783,46743
279310,46742
216458,46742
130694,46742
276219,46742
279463,46742
96338,46742
151890,46741
36883,46741
246933,46741
541,46741
108230,46741
99091,46741
276165,46741
292590,46741
52547,46740
137483,46739
241790,46739
134515,46739
37174,46739
281603,46739
283355,46739
291,46739
262713,46738
215574,46738
77687,46738
103470,46738
276475,46738
239512,46738
209888,46738
291202,46737
219587,46737
209205,46737
89033,46737
295095,46737
16,46736
148131,46736
215162,46736
194788,46735
186515,46735
246034,46735
232148,46734
270854,46734
272652,46734
250325,46733
274931,46733
13975,46733
246805,46733
237002,46733
229498,46732
181377,46732
217875,46732
220202,46732
161110,46731
295044,46731
151773,46731
121048,46731
272305,46730
228857,46730
217159,46730
212342,46730
258897,46730
172666,46729
76053,46729
138097,46729
231618,46728
260992,46728
269695,46728
177028,46728
131727,46727
66406,46727
192852,46726
264113,46726
25484,46726
53738,46726
179520,46725
284214,46725
232316,46724
290678,46724
196042,46724
296488,46723
195696,46723
158184,46723
266603,46723
160861,46723
295837,46723
174945,46723
73156,46722
92299,46722
278004,46722
139150,46721
288798,46721
49065,46721
227398,46721
239509,46721
282578,46721
228964,46721
153351,46720
18901,46720
139799,46720
263007,46720
145791,46720
76503,46719
149884,46719
231754,46719
130071,46719
194798,46719
205096,46719
219192,46719
199184,46718
228787,46718
265498,46717
59669,46717
219548,46717
192309,46717
124335,46717
271364,46717
69900,46716
225340,46716
7490,46716
130034,46716
239735,46716
202213,46716
167452,46716
219770,46716
131268,46715
246991,46715
188602,46715
148274,46715
220929,46715
90808,46715
140640,46715
248519,46715
231047,46714
274622,46714
29861,46714
250291,46714
176564,46713
264247,46713
2129,46713
184615,46712
161690,46712
251095,46712
68366,46711
296625,46711
199021,46711
59932,46710
262327,46710
200650,46709
174264,46709
292231,46709
247262,46709
20725,46709
256459,46708
265230,46708
250843,46708
140484,46708
197543,46708
158601,46708
269699,46708
125271,46708
7129,46707
225273,46707
169998,46707
148505,46707
224275,46707
178212,46706
278644,46706
287247,46706
113727,46706
237315,46706
279827,46706
292233,46706
284782,46705
264427,46705
146123,46705
164668,46705
169154,46705
185344,46705
277742,46704
296368,46704
142667,46704
165761,46704
287241,46704
260208,46704
86676,46703
145944,46703
204808,46703
14085,46703
189102,46703
210641,46703
78780,46703
15,46702
216449,46702
283215,46702
272259,46702
236342,46702
201166,46701
273483,46701
244058,46701
280823,46700
151498,46700
291148,46700
283795,46700
125953,46700
108014,46700
192770,46700
257012,46699
128012,46699
169343,46699
280236,46699
187352,46699
206041,46699
251158,46699
233690,46699
197173,46699
230249,46699
283196,46698
200827,46698
230071,46697
253029,46697
246839,46697
244171,46697
264080,46696
207542,46696
215926,46696
113346,46695
158177,46695
177025,46695
192824,46695
212209,46695
169211,46694
191143,46694
235700,46694
272138,46694
276493,46694
184077,46694
154947,46693
144737,46693
19387,46693
154170,46693
185861,46693
202201,46693
265742,46692
115577,46692
203935,46691
285509,46691
175803,46691
167983,46691
66781,46690
238309,46690
255732,46689
153237,46688
194104,46688
254032,46688
217938,46688
276344,46688
153027,46688
200911,46687
162315,46687
155231,46687
265239,46687
197579,46687
260905,46687
133168,46686
293484,46686
226748,46686
260072,46686
58171,46685
160136,46685
254309,46684
257686,46684
229870,46683
262849,46683
285094,46683
272361,46683
112013,46683
280439,46683
105559,46683
191551,46683
241844,46682
134748,46682
100561,46682
243758,46682
266222,46682
220265,46682
235427,46681
227739,46681
207286,46681
250638,46681
118869,46681
181741,46681
216938,46680
84777,46680
258494,46680
234473,46680
214826,46680
191415,46679
222715,46679
257254,46679
163753,46679
161926,46678
67827,46678
118541,46678
276480,46678
215835,46678
153038,46678
239582,46677
227211,46677
68408,46677
130538,46677
133809,46677
270574,46676
281522,46676
72261,46676
173642,46676
241224,46676
169443,46676
188566,46676
271253,46676
190196,46675
160508,46675
124293,46675
244579,46675
140018,46674
273301,46674
108797,46674
292459,46674
264444,46673
85830,46673
48555,46673
286767,46673
296583,46673
204098,46672
208437,46672
145076,46671
140616,46671
167778,46671
252705,46671
170113,46671
151873,46671
248976,46671
168036,46671
249642,46670
206875,46670
132916,46670
253692,46670
230897,46670
164635,46670
81621,46670
263678,46670
243230,46669
286610,46669
88389,46669
123283,46669
185512,46669
10470,46668
216721,46668
193606,46668
106216,46668
82715,46668
182286,46668
151039,46668
294414,46667
61223,46667
263223,46667
9159,46667
129183,46667
121501,46666
212951,46666
52573,46666
240390,46666
197315,46666
262123,46666
237577,46666
228114,46666
9649,46666
132822,46666
116469,46666
253914,46666
279701,46666
258432,46666
158016,46665
249831,46665
227483,46665
25311,46665
107776,46665
156494,46665
266451,46665
27250,46665
147524,46665
182306,46665
284755,46664
114938,46664
233790,46663
157172,46663
195241,46663
211775,46663
145009,46663
45652,46663
293440,46662
288550,46662
291557,46662
2282,46662
40866,46662
232561,46662
245995,46662
199510,46662
133046,46662
163115,46662
186222,46662
171335,46661
60584,46661
190860,46661
114599,46661
178180,46660
224466,46660
248324,46660
126101,46660
142294,46660
193944,46659
52160,46659
255140,46659
254351,46659
82061,46659
165381,46659
230679,46659
183892,46659
119815,46659
224646,46658
160491,46658
266198,46658
29166,46657
290577,46657
200786,46656
150991,46656
274829,46656
150201,46656
113058,46656
108723,46656
280261,46655
236187,46655
225891,46655
14847,46655
117986,46655
228349,46654
178399,46653
165192,46653
132425,46653
91159,46653
107720,46653
236904,46652
3221,46652
278020,46652
241096,46652
205017,46651
263851,46651
102080,46651
158218,46650
150114,46650
247733,46650
251573,46650
213546,46650
59855,46649
259064,46649
281813,46649
246320,46649
200381,46648
161271,46648
10806,46648
249319,46647
200530,46647
173623,46647
206270,46647
272974,46646
191452,46646
276961,46646
295456,46646
20387,46646
195177,46646
247180,46646
269972,46646
127174,46646
288950,46645
157720,46645
182179,46645
230042,46645
149811,46645
226835,46645
296216,46645
268740,46645
273943,46645
110497,46644
284752,46644
266807,46644
295184,46644
242356,46644
107031,46644
292310,46643
49722,46643
7757,46643
89739,46642
244175,46642
180767,46642
280036,46642
74710,46642
253174,46642
27676,46641
244827,46641
282895,46641
123454,46641
231083,46641
199717,46641
3256,46641
166878,46640
296075,46640
239457,46640
157946,46640
212011,46640
197655,46640
258375,46639
283605,46639
286994,46639
746,46639
219668,46638
151482,46638
224961,46638
185177,46638
198908,46638
291129,46637
80957,46637
54016,46637
180148,46637
247590,46637
124270,46636
193196,46636
271113,46636
172847,46636
192295,46635
202661,46635
222878,46635
53568,46634
145793,46634
250499,46634
178897,46634
265550,46634
178413,46634
295905,46634
255604,46633
189295,46633
118589,46633
165143,46633
292153,46633
237016,46633
175886,46632
114744,46632
179348,46632
4722,46631
207263,46631
175789,46631
66626,46631
96754,46631
70175,46631
197660,46630
146420,46630
167238,46630
116757,46630
266204,46630
96975,46630
129665,46630
277488,46629
141263,46629
235356,46629
269393,46629
129205,46629
276782,46629
90581,46629
230601,46629
275670,46629
214864,46629
198986,46629
92320,46629
217724,46628
29781,46628
251948,46628
214332,46628
188996,46627
232026,46627
224335,46627
97663,46627
213863,46626
281814,46626
133206,46626
279654,46626
215492,46626
240669,46626
103504,46625
266192,46625
238366,46625
101405,46625
266543,46625
278184,46625
198513,46625
281910,46625
207986,46624
20749,46624
282695,46624
3222,46624
15640,46623
197456,46623
185998,46623
187319,46623
180250,46622
132557,46622
279218,46622
247812,46622
260638,46622
171623,46622
202163,46621
234165,46621
288190,46621
14779,46620
177605,46620
278567,46619
73973,46619
260874,46619
227708,46619
259080,46619
282673,46619
228686,46618
25091,46618
171657,46618
272150,46618
211080,46618
186808,46618
8442,46617
112371,46617
236088,46617
97850,46617
245239,46617
193852,46617
237351,46616
81044,46616
140432,46616
117948,46616
220432,46616
73003,46616
287090,46615
127580,46615
267822,46615
10467,46614
221830,46614
292751,46614
286332,46614
242274,46613
226631,46613
232690,46613
45666,46613
294249,46613
155583,46613
188977,46612
218883,46612
143927,46612
240148,46612
240316,46612
287858,46611
105851,46611
152089,46611
184730,46611
270987,46611
143025,46611
85881,46611
121948,46611
251897,46611
106066,46611
275746,46610
170696,46610
20861,46610
290504,46610
270383,46609
127622,46609
280127,46609
103747,46609
36984,46609
12792,46608
169354,46608
193584,46608
244657,46608
269739,46608
295263,46607
95241,46607
44945,46607
131808,46606
180031,46606
168754,46606
157861,46606
86634,46605
31548,46605
207277,46605
2827,46605
212897,46605
205379,46604
263675,46603
286572,46603
260276,46603
207836,46603
157091,46603
214588,46602
210140,46602
237589,46601
291711,46601
194762,46601
268498,46601
18393,46600
126569,46600
168914,46600
41099,46599
189351,46599
14364,46599
137739,46599
106614,46598
112875,46598
187873,46598
109831,46597
236484,46597
250044,46597
228851,46597
263723,46597
16846,46597
126862,46597
234082,46597
186836,46596
200473,46596
80537,46596
259917,46595
173054,46595
156009,46595
6273,46595
182362,46595
16953,46595
110348,46595
21549,46595
160597,46595
119296,46594
129284,46594
6104,46594
200226,46593
4463,46593
283229,46593
23971,46593
150038,46593
132375,46593
153963,46593
149076,46592
286318,46592
294798,46592
48575,46592
180667,46592
265267,46592
213465,46592
90858,46592
178576,46592
167852,46591
182414,46591
93946,46591
87376,46590
182396,46590
250346,46589
143393,46589
269428,46589
276515,46589
101135,46589
237975,46588
257,46588
165620,46588
291663,46588
230294,46588
210379,46588
123669,46587
153006,46587
100633,46587
215965,46587
240480,46587
111499,46586
197508,46586
144389,46586
201498,46586
256763,46585
182404,46585
228136,46585
243202,46585
238306,46584
293971,46584
250142,46584
225455,46583
209979,46583
290964,46583
181308,46583
173515,46582
34252,46582
13393,46582
28064,46582
113145,46582
170432,46582
259570,46581
156149,46581
209660,46581
279493,46581
255438,46580
77694,46580
290991,46580
189870,46580
142606,46579
7943,46579
151782,46579
242739,46579
149335,46579
170770,46579
283622,46579
204454,46578
245712,46578
118812,46578
249305,46578
245293,46578
70077,46578
242613,46578
256181,46578
219270,46577
238169,46577
255364,46577
274069,46577
217364,46576
196733,46576
246186,46576
195081,46576
154151,46576
11375,46575
2138,46575
286787,46575
175745,46575
112311,46575
54379,46574
290025,46574
107579,46574
160488,46574
154831,46574
172686,46574
37368,46573
206892,46573
187880,46573
219028,46573
223959,46573
45922,46572
125077,46572
212249,46572
27324,46572
185955,46571
11631,46571
293066,46571
220781,46571
117887,46571
5141,46571
30961,46570
179279,46570
132651,46570
159050,46569
294650,46569
235,46569
287879,46568
174721,46567
67086,46567
9314,46567
185754,46567
201310,46567
4864,46566
263310,46566
143964,46566
141266,46566
200498,46566
185633,46565
207559,46565
171952,46565
182811,46565
108839,46565
200352,46564
280003,46564
263412,46564
204457,46564
158479,46563
56874,46563
249689,46563
192876,46563
295107,46563
195888,46563
168073,46563
127038,46562
128232,46562
246123,46562
279594,46562
174956,46562
247043,46561
63815,46561
234240,46561
236243,46561
223242,46561
248315,46561
186867,46560
134289,46560
102717,46560
273808,46560
284811,46560
150983,46560
239428,46559
199052,46559
3091,46559
269645,46559
284524,46559
245441,46558
164964,46558
234915,46558
294537,46558
226775,46558
38134,46557
156883,46557
136221,46557
196383,46557
284165,46557
140522,46556
20274,46556
231572,46556
163813,46556
76471,46555
257237,46555
138203,46554
101267,46554
200354,46553
123639,46553
260206,46553
226296,46553
127162,46553
143583,46553
242067,46553
12534,46552
36559,46552
255017,46552
175476,46552
101528,46552
269847,46552
142700,46552
128715,46551
169928,46551
138026,46551
14350,46551
269841,46551
178490,46550
199544,46550
28194,46550
244788,46550
238474,46550
260530,46550
260712,46550
163107,46549
214990,46549
203735,46549
192636,46549
152149,46549
68286,46549
247678,46549
291649,46549
155937,46548
104268,46548
234171,46548
154566,46548
189094,46548
279070,46547
226120,46547
216604,46547
131850,46547
82751,46547
228166,46546
277101,46546
41640,46546
136981,46546
257607,46546
34469,46545
259815,46545
145499,46545
143955,46545
278035,46545
252664,46544
286253,46543
259035,46543
196180,46543
206440,46543
3808,46543
27053,46543
131261,46543
217643,46543
215651,46543
134372,46542
194895,46542
172465,46542
285563,46542
122524,46542
207656,46541
248984,46541
274135,46541
292579,46540
267039,46540
281215,46540
163996,46540
23682,46539
247557,46539
181230,46539
276295,46539
171290,46538
283247,46538
221485,46537
165729,46537
87511,46537
48987,46537
229422,46537
281741,46537
6465,46537
146586,46536
129422,46536
189680,46536
283614,46536
253763,46536
135,46535
258773,46535
262086,46535
19375,46535
176952,46534
148760,46534
262710,46534
79313,46534
245443,46533
201341,46533
223157,46533
2781,46533
182556,46533
293265,46532
140574,46532
274631,46532
252793,46532
274977,46532
213397,46531
149142,46531
143095,46531
162067,46531
292068,46531
97102,46531
144095,46530
150041,46530
83759,46530
196493,46529
213643,46529
246046,46529
271209,46529
23147,46529
201494,46528
166754,46528
161006,46528
135197,46527
66110,46527
200229,46527
159772,46526
274030,46526
104485,46526
227702,46526
266900,46526
175544,46526
214277,46526
295262,46525
48792,46525
84446,46525
112634,46525
167625,46525
134786,46524
80178,46524
254156,46524
45117,46524
130063,46524
171474,46524
2430,46524
217721,46524
263781,46524
270632,46523
263075,46523
159341,46523
279247,46523
288980,46523
185785,46523
292368,46522
132966,46522
262008,46522
296454,46522
218464,46522
288563,46522
133518,46521
151208,46521
164818,46521
110647,46521
104679,46520
287584,46520
90062,46520
259106,46520
289541,46520
175640,46519
282037,46518
34291,46518
281043,46517
233355,46517
204171,46517
255890,46517
259266,46517
295413,46516
166685,46516
121274,46516
229517,46516
221597,46516
130883,46516
117473,46516
79672,46516
236024,46515
72980,46515
168183,46515
124489,46514
290169,46514
265811,46514
167776,46514
136325,46514
280951,46513
254266,46513
281977,46513
273083,46513
226787,46513
159392,46512
268745,46512
98074,46512
287682,46512
96790,46512
142665,46512
257597,46512
217924,46512
10007,46511
184143,46511
257290,46511
292989,46511
149621,46511
80961,46511
162988,46511
62094,46511
274001,46511
250758,46511
86272,46510
3147,46510
238608,46510
244336,46509
152767,46509
239138,46509
258405,46509
191012,46509
259334,46509
219340,46509
237056,46509
193307,46509
183469,46508
159835,46508
175131,46508
102758,46508
100709,46507
13387,46507
248419,46507
101717,46507
271731,46507
204045,46507
170528,46507
11297,46507
281639,46507
236780,46507
231490,46507
72718,46506
177167,46506
118999,46506
81745,46506
19733,46506
170346,46505
234349,46505
172377,46505
135433,46504
28703,46504
176824,46504
171475,46504
153764,46504
89998,46504
187634,46503
225760,46503
264657,46503
142526,46503
161475,46503
209751,46502
75624,46502
228845,46502
188316,46502
242071,46502
277608,46502
275493,46502
127946,46501
99629,46501
122346,46501
273230,46501
179719,46501
66472,46501
229171,46500
131143,46500
194043,46500
130632,46500
271994,46500
111011,46499
172677,46499
40156,46499
17678,46498
204005,46498
12123,46498
28541,46498
279330,46498
228705,46497
111411,46497
73514,46497
204577,46497
189804,46497
215898,46496
293290,46496
165789,46496
216741,46496
100760,46496
235572,46496
87637,46496
262883,46496
181234,46496
227622,46495
247373,46495
191111,46495
101585,46495
285451,46495
185218,46495
285011,46494
123839,46494
219061,46494
229425,46494
258809,46494
230709,46494
243297,46494
197331,46493
272480,46493
170290,46493
123110,46493
240170,46493
253522,46493
93590,46493
257684,46493
282573,46493
296574,46493
242851,46493
175338,46493
231242,46493
206999,46493
127817,46492
225,46492
280798,46492
58064,46492
78058,46492
60963,46492
129902,46491
294057,46491
282472,46491
214852,46491
254808,46491
88164,46490
236864,46490
283651,46490
238804,46490
135356,46490
14846,46490
98505,46490
41373,46489
227223,46489
194658,46489
235988,46489
220622,46488
92164,46488
193262,46488
282859,46488
147303,46488
22304,46487
242367,46487
295329,46487
250584,46487
242145,46487
26884,46487
159953,46487
144712,46487
188859,46486
226893,46486
133261,46486
253362,46486
272955,46486
273470,46485
235771,46485
179920,46485
188630,46485
228789,46485
53014,46485
220290,46484
16216,46484
247946,46484
214352,46484
149769,46483
151602,46483
196872,46483
251600,46483
142754,46483
68731,46482
13288,46482
189086,46482
129167,46482
215166,46482
40768,46482
275694,46482
149590,46482
233967,46482
288139,46481
165783,46481
10536,46481
180009,46481
282844,46481
237866,46481
290429,46481
125510,46480
20116,46480
133230,46480
201944,46480
163315,46480
92086,46479
293923,46479
215288,46479
169111,46479
159890,46478
261900,46478
178074,46478
296498,46478
237423,46478
223284,46478
50175,46477
100133,46477
274525,46477
201923,46477
259956,46477
140765,46477
124890,46477
149625,46477
251055,46477
237356,46476
182262,46476
258454,46476
260713,46476
245967,46475
280665,46475
244141,46475
254292,46475
265271,46475
151996,46475
177736,46475
275713,46474
60550,46474
83273,46474
85866,46474
181320,46474
286773,46474
252483,46473
276505,46473
51577,46473
216395,46473
281097,46472
275565,46472
131659,46472
134300,46472
71035,46472
185451,46471
49580,46470
165744,46470
142637,46470
257813,46469
6105,46469
92308,46469
117533,46469
27109,46469
236328,46469
80928,46469
227513,46468
134554,46468
120658,46468
185356,46468
173586,46468
74078,46468
223978,46467
115644,46467
199133,46467
161168,46467
135558,46467
98499,46466
116263,46466
20253,46466
173954,46466
202453,46466
283055,46466
143925,46465
270689,46465
130585,46465
273646,46465
284821,46464
57227,46464
211602,46464
90876,46464
280203,46464
213729,46464
115435,46464
202277,46463
296065,46463
111438,46463
240634,46463
146252,46463
1899,46462
292372,46462
104048,46462
10948,46462
192528,46462
97849,46461
172145,46461
233081,46461
111707,46461
172644,46461
154769,46461
12227,46460
232086,46460
284277,46460
262815,46460
124937,46460
226593,46459
283792,46459
212967,46459
56548,46459
213027,46459
224740,46459
226477,46459
169094,46459
230149,46459
227405,46458
150518,46458
83826,46458
112475,46458
269216,46457
126996,46457
127658,46457
169011,46457
205976,46457
289757,46457
231972,46457
213412,46457
39704,46457
137656,46456
230846,46456
240313,46456
154038,46456
146514,46456
105612,46456
154868,46455
259878,46455
292861,46455
234005,46455
94860,46455
123477,46455
84859,46455
247828,46455
14526,46455
19214,46455
104509,46455
24174,46455
96437,46455
177910,46454
52264,46454
252048,46454
181581,46454
230877,46454
276297,46454
246913,46454
253917,46454
141477,46453
205971,46453
234280,46452
219850,46452
123056,46452
103188,46452
138504,46452
235364,46452
223705,46452
206576,46452
176435,46451
203426,46451
207514,46451
67868,46451
256404,46451
202288,46451
230049,46451
211279,46451
223811,46451
138600,46450
61111,46450
227025,46450
21783,46450
268837,46449
295148,46449
131520,46449
206330,46449
120308,46449
16997,46449
174674,46449
268386,46449
123188,46449
137117,46448
175836,46448
182699,46448
212955,46448
190762,46447
205442,46447
167549,46447
130252,46447
251202,46446
106952,46446
255004,46445
290606,46445
211844,46445
152765,46445
236756,46445
3903,46445
194512,46444
92496,46444
2954,46444
212670,46444
249695,46444
11119,46444
183118,46444
128325,46444
191051,46444
73652,46443
238613,46443
169932,46443
238212,46443
166776,46443
37774,46443
143907,46443
234278,46443
68989,46443
243404,46442
71429,46442
218458,46442
226144,46442
96228,46441
242732,46441
258427,46441
292971,46441
281050,46441
182894,46441
200064,46441
78789,46441
193925,46441
248772,46440
119470,46440
228161,46440
283764,46440
122507,46440
242295,46439
237371,46439
290555,46439
228642,46439
157521,46439
97939,46439
154223,46439
146585,46438
253826,46438
162675,46438
245924,46438
177970,46437
51344,46437
260041,46437
281882,46437
270223,46437
198202,46436
180590,46436
196465,46436
188421,46436
205972,46436
294297,46436
118904,46435
260601,46435
214823,46435
182039,46435
213015,46435
209210,46435
264698,46435
142417,46435
252458,46435
295089,46435
130936,46434
31981,46434
155718,46434
274791,46434
280682,46433
147232,46433
227872,46433
163603,46433
146285,46433
220593,46433
96070,46432
85313,46432
230554,46432
56957,46432
273948,46432
204008,46432
152085,46431
131915,46431
214978,46431
169139,46431
160344,46431
108652,46430
188796,46430
117196,46430
267573,46430
181711,46429
157285,46429
294358,46429
222829,46429
187420,46429
129066,46429
286308,46429
195393,46428
144722,46428
134990,46428
279610,46428
169859,46428
148430,46427
34781,46427
196643,46427
213991,46427
234699,46427
116357,46426
