1044,100000
473,77986
487,72491
403,69117
2573,67939
854,66745
2504,66743
2196,66565
2897,66442
1332,63790
8744,60237
4443,59308
6707,59126
17464,58930
5747,58919
26870,58863
15407,58747
14342,58703
12310,58642
10946,58360
59290,58263
17835,58261
19158,58127
49296,58109
12213,57989
19644,57961
13635,57866
8983,57617
8506,57551
19531,57491
7340,57303
6061,57258
17775,57098
12277,56987
65030,56963
8049,56963
20499,56951
649,56878
5233,56410
571,56082
60585,55959
84644,55934
39053,55918
223391,55730
8978,55483
900,55465
115341,55462
275665,55382
88605,55224
23402,55119
24228,55101
4510,55017
1769,55005
141625,54959
3194,54919
4931,54912
52608,54874
7851,54853
10431,54788
68729,54774
34404,54771
210389,54757
4856,54747
259500,54738
11073,54736
43712,54736
96113,54697
57168,54691
2941,54660
210,54585
19181,54580
4773,54532
9070,54509
140005,54498
94378,54418
289711,54416
64648,54383
165498,54369
172989,54356
4476,54334
202754,54287
65299,54260
80515,54211
196406,54189
59531,54176
146155,54036
88713,53991
54823,53969
24650,53897
12639,53894
8707,53856
99874,53852
216972,53851
186263,53829
55374,53801
57602,53741
46274,53728
40203,53618
131523,53609
102266,53589
1214,53582
45463,53563
94250,53534
28946,53521
285709,53463
45188,53414
36604,53404
105771,53363
111009,53355
204979,53326
5344,53317
84241,53301
285272,53301
6949,53247
28828,53185
102164,53149
71136,53144
19132,53103
149788,53083
270097,53074
34901,53069
2036,52987
245872,52975
61118,52973
250812,52955
18176,52907
53368,52872
4962,52869
12631,52865
6756,52861
267443,52770
37486,52729
4530,52724
224876,52716
1168,52693
11481,52678
233357,52669
66034,52659
234085,52650
275152,52643
288776,52637
1647,52634
226079,52628
73564,52627
36329,52604
7414,52595
103830,52573
156238,52566
157767,52560
24,52548
53675,52528
186424,52500
899,52432
145633,52411
75858,52353
289521,52347
290671,52336
427,52294
3747,52291
13073,52281
13830,52272
77949,52269
116593,52257
121809,52225
5255,52222
149962,52215
133519,52166
43520,52159
50491,52152
98725,52091
181866,52063
7182,52060
7374,52045
22976,52044
45686,52024
89418,52019
207874,52017
87754,52009
64972,52007
50457,52000
268474,51963
1102,51962
87456,51953
2564,51937
152369,51878
267428,51855
14097,51847
199177,51844
110,51822
296479,51818
48928,51754
30315,51713
6859,51677
835,51667
14359,51662
417,51594
18485,51589
269091,51579
17459,51579
4263,51546
23642,51543
236726,51489
3901,51487
9360,51476
251645,51471
76854,51469
254744,51464
4772,51424
13309,51415
11844,51401
23776,51341
175334,51326
1206,51315
25226,51304
81402,51303
3230,51298
282288,51298
249201,51243
267316,51220
3391,51215
281264,51199
13924,51198
248568,51191
11408,51160
1419,51150
19789,51146
199291,51120
14936,51099
221905,51092
34667,51092
124832,51062
270384,51040
203004,51032
172022,51024
175050,51024
288004,51023
279891,50980
286167,50963
170216,50935
261921,50924
4273,50906
296528,50869
6908,50868
32405,50862
11978,50861
567,50854
23587,50851
9405,50851
7628,50830
285682,50822
286513,50814
13469,50784
11836,50772
111154,50745
221944,50745
81546,50744
10137,50744
217020,50741
2622,50728
39545,50715
272615,50702
224720,50701
7348,50697
129200,50686
212770,50657
280889,50657
80320,50651
342,50640
256889,50628
8647,50623
262345,50614
241022,50608
22864,50604
3129,50603
242760,50584
92,50579
11222,50572
49308,50565
151129,50564
279640,50561
8512,50560
41307,50546
21498,50545
243840,50537
247403,50529
10161,50526
203850,50513
254754,50508
148788,50500
279200,50485
283268,50472
214770,50461
287561,50459
42008,50458
2496,50457
291065,50456
254111,50452
13709,50452
3461,50450
117251,50449
287734,50448
246505,50445
248306,50440
175653,50439
167661,50430
249296,50429
199612,50426
230410,50422
233379,50422
280769,50419
5989,50418
60785,50402
218529,50401
3718,50397
9106,50369
256539,50364
848,50363
286683,50361
5686,50361
243946,50358
272093,50357
186927,50355
293064,50354
877,50354
7836,50351
22464,50348
278581,50347
18055,50338
242276,50333
164092,50332
140679,50328
210351,50327
223840,50320
8695,50314
67765,50302
257734,50300
292499,50296
233349,50294
230922,50292
17013,50285
266745,50284
289593,50280
23819,50274
263175,50268
215746,50262
92681,50260
231759,50255
194889,50250
94059,50230
255952,50230
4973,50230
281026,50228
271637,50228
173057,50224
436,50219
291000,50213
277918,50208
237900,50208
284156,50201
209355,50200
13832,50198
267487,50194
284761,50189
248134,50188
268927,50184
253767,50177
254112,50176
186888,50175
189754,50172
10802,50168
72283,50166
153645,50165
232039,50164
266788,50157
277337,50155
165276,50153
76338,50150
254393,50150
285928,50149
223297,50148
249094,50146
278234,50145
249898,50144
14840,50142
55595,50141
134652,50140
4692,50131
243759,50128
240235,50127
265288,50121
180463,50115
138236,50103
41671,50098
260551,50093
229874,50093
49319,50092
89059,50092
5028,50089
259364,50084
203504,50075
220994,50073
226955,50065
253916,50059
219822,50057
17017,50053
44706,50052
170774,50052
28503,50048
66647,50046
9550,50038
272452,50034
235969,50032
295594,50024
216080,50023
260084,50023
233786,50021
292282,50012
207400,50011
293579,50011
186493,50009
287868,50009
70041,50007
49451,50003
152869,49991
287180,49989
255945,49982
10133,49980
3066,49979
212851,49977
240717,49975
289477,49973
283275,49972
242216,49970
132604,49968
3895,49967
145203,49963
175726,49963
33118,49962
131856,49961
5444,49960
10711,49954
12905,49948
295385,49938
276956,49926
266557,49921
283993,49916
110278,49915
93346,49904
255906,49902
291501,49900
237354,49895
281320,49894
19466,49892
236651,49884
198196,49882
26252,49881
2094,49880
63082,49877
167669,49875
218002,49874
249657,49874
40435,49873
43195,49873
246636,49872
204042,49870
288767,49869
251664,49867
216228,49867
205171,49863
17343,49862
217994,49860
213437,49859
144043,49858
249783,49856
286642,49856
224758,49855
201259,49849
259099,49849
248076,49846
220585,49844
279526,49844
139146,49837
292585,49836
684,49834
269422,49828
245699,49828
273975,49827
187675,49823
34551,49821
59715,49819
280584,49817
228967,49815
252647,49813
262916,49811
15029,49811
293881,49802
14958,49801
233090,49799
139178,49799
210148,49793
286558,49786
187741,49784
284496,49783
232573,49777
83266,49772
291247,49768
296451,49767
276260,49767
221769,49766
162108,49758
283602,49753
240808,49752
193379,49749
229155,49746
237763,49745
179841,49743
206764,49741
214254,49741
271815,49740
230733,49739
274430,49736
237972,49734
199385,49733
259273,49727
13462,49725
231814,49720
293778,49719
127374,49709
144245,49708
60873,49705
7830,49704
243375,49703
288464,49703
289387,49702
69817,49701
238175,49701
292897,49697
238797,49696
257837,49696
270650,49695
12161,49693
236656,49689
1059,49688
48588,49687
288498,49685
255783,49683
268347,49683
288751,49681
292553,49680
240002,49680
246413,49678
122709,49668
252959,49665
104352,49664
235031,49663
99480,49661
44054,49660
194919,49657
70930,49657
214587,49657
261996,49656
219311,49656
162986,49655
281315,49653
284800,49651
172885,49650
170898,49649
228075,49647
163692,49647
229088,49645
274812,49645
193973,49645
220480,49642
289394,49640
286538,49635
283270,49629
204555,49628
284996,49627
291970,49627
201867,49625
279869,49624
283576,49622
267017,49617
282095,49615
6865,49614
199820,49613
228347,49611
261491,49609
243999,49604
60760,49604
269527,49603
209871,49596
41188,49596
230006,49596
238977,49595
217604,49592
288925,49588
265327,49587
39415,49585
5024,49581
13998,49581
287837,49581
282760,49580
51624,49580
278186,49580
170978,49580
29426,49574
65158,49573
217856,49572
237337,49572
148262,49568
262180,49568
135639,49567
292435,49566
158806,49565
38144,49564
185870,49564
185550,49564
41683,49564
269873,49561
208814,49561
38694,49558
236602,49558
221600,49557
256612,49552
231095,49552
218980,49552
201423,49552
78523,49551
26249,49550
88221,49550
248013,49549
277811,49548
289142,49548
1801,49548
202803,49544
269267,49544
195509,49541
247337,49541
21764,49540
269889,49537
115448,49537
152378,49536
191937,49536
253059,49535
13253,49535
221058,49529
217747,49526
239585,49524
193263,49524
25526,49524
9306,49523
232894,49521
295380,49519
137861,49518
264818,49518
279433,49512
231217,49511
255766,49508
144231,49508
235403,49505
232808,49505
264025,49501
284520,49499
218587,49498
263163,49496
276190,49490
98535,49490
281691,49490
226277,49490
251082,49489
276400,49488
186601,49487
244303,49486
78427,49486
197664,49485
249674,49485
253615,49485
492,49485
208107,49485
173885,49484
293728,49483
186236,49480
274932,49478
265911,49471
242116,49471
11916,49470
189361,49470
291875,49466
188619,49466
9863,49463
233283,49459
293764,49459
267296,49458
242064,49457
93468,49457
166046,49456
239199,49455
241693,49450
284949,49448
157368,49445
239270,49441
3957,49441
171615,49440
232029,49440
291517,49438
255156,49438
219516,49437
204705,49437
59496,49437
143201,49430
274652,49430
191338,49429
220033,49427
284545,49427
256021,49427
9237,49425
173911,49425
238562,49424
186725,49424
227812,49422
1849,49421
13092,49417
186042,49417
139736,49416
4547,49415
142904,49415
210398,49415
279814,49413
152578,49412
2266,49412
255069,49411
5189,49408
22884,49408
72479,49407
196211,49406
228018,49406
266178,49405
296431,49404
249384,49404
278313,49404
241879,49403
10480,49401
189450,49401
247476,49400
266545,49399
236258,49397
230929,49397
68337,49396
162738,49395
294983,49393
234323,49392
296426,49391
136526,49391
294604,49390
9028,49390
213147,49389
210111,49388
279467,49387
38892,49387
271970,49385
99330,49384
163161,49383
291038,49380
217615,49380
229461,49379
239230,49378
95169,49378
289347,49377
60710,49376
178100,49376
227376,49375
134813,49374
178690,49374
279320,49374
192593,49374
262904,49373
80466,49372
92217,49367
278382,49364
16412,49364
157497,49361
246615,49359
147651,49358
271335,49358
219115,49358
16998,49357
284079,49354
244070,49352
274968,49351
288575,49350
203271,49348
241662,49347
114163,49347
274930,49347
214128,49346
290683,49346
256937,49344
248828,49343
233440,49343
47581,49341
286472,49340
142106,49340
124767,49338
176016,49338
296449,49336
194116,49335
266989,49335
241332,49335
109,49334
237377,49334
272846,49333
178740,49333
250578,49332
41550,49330
259130,49328
244208,49326
271740,49325
232281,49325
170386,49322
268461,49321
267610,49320
268704,49317
145026,49317
175632,49316
283478,49316
201546,49313
187281,49313
228404,49311
101656,49311
73753,49311
281343,49311
33827,49308
163502,49305
208357,49304
258109,49304
4310,49303
257480,49303
26319,49302
72071,49302
271833,49301
45,49300
279041,49298
182032,49297
293937,49295
289866,49294
141519,49293
280522,49292
182000,49290
279615,49288
211133,49285
178233,49284
264952,49282
192178,49282
252764,49280
170049,49278
170982,49277
255452,49276
278871,49272
235059,49272
60961,49270
224207,49269
60083,49269
193386,49269
7494,49268
251456,49268
261935,49268
295019,49266
251153,49265
269083,49260
255902,49260
180807,49259
285168,49259
250570,49259
137605,49258
77773,49257
257366,49257
174579,49257
267086,49256
271410,49255
182389,49255
275496,49255
179239,49252
186663,49248
291316,49246
38103,49245
260785,49245
197289,49244
4159,49241
195770,49232
110787,49231
91647,49231
38149,49231
127638,49230
264622,49229
233348,49228
121071,49226
11026,49226
200621,49224
223852,49223
202358,49223
262675,49223
42148,49222
284934,49222
278921,49221
272161,49219
237505,49216
280640,49215
261204,49215
115952,49212
262081,49212
196153,49211
229780,49210
186590,49210
250002,49210
14305,49209
248633,49209
230853,49207
230033,49206
91288,49204
285371,49204
12030,49202
149169,49202
272985,49198
95951,49198
175806,49198
273886,49196
123025,49196
23680,49196
279745,49196
154217,49195
13430,49192
201719,49191
202697,49191
289350,49191
71923,49190
21359,49190
264654,49190
237754,49185
236232,49184
138157,49182
218378,49181
127469,49180
162909,49179
2606,49179
11808,49178
73081,49177
108084,49176
237314,49174
230516,49172
170212,49172
222185,49171
96137,49170
286475,49170
259662,49170
8536,49169
274838,49168
251129,49168
176195,49167
42591,49167
289905,49166
24522,49165
270690,49164
181436,49163
292614,49163
160471,49162
123195,49162
238234,49160
12751,49158
204671,49157
158827,49156
134919,49156
17350,49155
247299,49154
143490,49154
103448,49154
283678,49154
144343,49152
285612,49152
35238,49150
10153,49150
74267,49149
293698,49149
262877,49147
247230,49145
269655,49145
266786,49144
19720,49144
271625,49143
228392,49139
173466,49136
292640,49136
263792,49135
262111,49135
200542,49135
261519,49135
239716,49134
265265,49133
52972,49133
13933,49131
87755,49131
192347,49130
286748,49130
256602,49129
283863,49129
283742,49128
193397,49127
294551,49127
214453,49126
258326,49125
17314,49125
14357,49124
72356,49123
170606,49122
293861,49122
251052,49121
291889,49119
183881,49118
281060,49118
2121,49117
296221,49114
199561,49113
259016,49111
11095,49110
195740,49109
136174,49108
58103,49108
291842,49105
251814,49103
201467,49103
255421,49102
70907,49099
288081,49098
280844,49098
272312,49097
259653,49096
223022,49095
1193,49095
274760,49094
212651,49093
255480,49091
281665,49089
238731,49088
191751,49086
294094,49083
280552,49082
276850,49077
12783,49077
170300,49077
133415,49076
215968,49072
262255,49072
264418,49070
236056,49069
149480,49069
138296,49068
287281,49068
243810,49067
163792,49066
201847,49066
36101,49060
1567,49057
289943,49056
251322,49054
275421,49053
99819,49052
245789,49052
8011,49051
254013,49049
1058,49049
208640,49048
234412,49047
76125,49046
271830,49046
197723,49046
276139,49044
223296,49036
237037,49036
166339,49035
205065,49033
58790,49033
200256,49032
130185,49031
107971,49031
73980,49029
202698,49029
249051,49028
239661,49028
210202,49027
260065,49027
203157,49026
147843,49023
82730,49023
242463,49023
191535,49023
262271,49022
261787,49019
183363,49018
143617,49016
65365,49015
225730,49014
134568,49013
240137,49011
263659,49011
216198,49011
183446,49010
234557,49010
258062,49010
263041,49008
199988,49006
250019,49005
198615,49003
17734,49003
255734,49003
283811,49002
213836,49000
208694,49000
246274,48999
256663,48998
247281,48997
215,48994
249502,48994
296485,48993
273688,48991
227136,48991
128430,48990
281019,48988
40462,48987
63299,48986
200159,48985
246382,48984
147856,48984
210252,48983
162293,48982
36614,48981
257594,48981
263715,48981
239581,48981
278041,48980
274484,48980
266573,48980
184999,48980
284851,48979
276004,48978
232422,48977
233547,48977
254882,48977
13431,48976
254335,48974
125825,48974
223915,48974
275718,48973
37987,48973
207744,48972
182381,48972
166119,48972
267673,48970
94419,48970
241974,48969
224173,48969
184430,48969
237685,48969
184964,48969
259692,48968
221364,48967
189287,48966
275619,48966
130826,48966
171230,48965
116497,48965
274928,48965
51173,48961
5657,48961
154976,48960
269683,48959
180501,48957
240593,48955
219135,48954
218985,48953
292494,48953
66484,48951
128127,48950
235387,48949
128714,48949
253157,48948
70170,48948
189032,48947
108532,48947
238408,48946
176984,48946
91081,48945
121571,48944
98670,48942
171297,48942
69721,48941
231645,48941
225979,48941
53983,48941
6148,48938
209754,48938
164897,48937
250539,48934
210583,48933
195101,48933
1179,48931
158922,48930
129139,48928
197907,48927
196782,48927
260587,48927
277999,48926
192778,48925
113861,48923
256821,48922
238000,48922
282734,48921
50854,48920
208150,48919
273773,48918
275600,48918
248715,48917
286211,48916
273128,48916
187507,48915
136335,48915
240117,48914
142830,48914
197176,48914
264070,48913
138075,48911
218385,48910
266197,48909
152093,48907
272445,48907
191467,48905
199227,48905
176850,48905
241864,48904
2185,48904
272590,48903
237667,48903
211251,48899
269746,48899
8626,48899
262052,48897
191697,48896
208618,48895
228793,48894
159555,48894
192503,48893
285995,48893
126491,48893
7825,48891
211633,48890
120725,48889
209310,48888
67134,48888
108116,48884
72990,48884
250280,48883
164256,48882
296481,48880
189906,48879
65424,48879
167868,48878
212807,48877
29059,48877
280649,48876
240976,48875
264845,48875
159963,48874
275856,48873
166609,48873
166578,48872
160404,48871
250757,48870
262813,48870
179065,48869
247300,48868
5941,48867
279205,48866
79050,48866
288093,48865
102697,48864
139079,48863
292993,48863
64697,48863
159265,48862
187651,48860
57825,48859
269715,48858
18010,48856
277431,48854
267921,48854
260120,48851
270408,48851
196243,48850
108965,48849
211533,48849
209542,48848
276881,48848
27223,48847
260487,48847
208568,48846
257853,48846
125979,48844
26069,48844
8148,48844
252011,48843
20419,48843
280287,48842
20668,48842
284307,48842
256907,48842
253643,48841
172778,48840
209967,48840
202220,48838
97149,48838
205898,48837
179894,48836
173005,48836
254115,48834
295240,48833
262909,48833
239002,48831
13623,48830
222219,48829
291253,48829
240496,48828
198345,48827
253954,48827
292757,48826
165900,48824
282923,48824
268979,48823
269325,48823
239057,48823
278624,48823
201759,48822
181818,48822
265918,48819
253701,48819
186922,48817
284506,48816
69462,48814
287739,48813
270173,48812
180539,48811
281007,48811
219974,48811
163846,48810
156969,48810
250896,48810
227331,48809
280744,48807
138229,48805
75317,48805
243110,48805
181289,48804
254998,48803
219346,48803
17566,48802
155159,48802
253276,48798
296378,48798
107316,48798
213400,48798
215560,48797
296016,48797
166982,48797
287482,48796
104707,48795
285324,48794
232934,48793
278503,48791
259272,48791
220617,48790
184715,48790
274194,48790
116101,48789
235380,48788
264085,48788
183596,48787
290310,48786
167110,48786
291256,48786
187459,48785
146727,48785
180806,48784
173804,48784
263057,48783
234466,48781
245488,48781
185606,48780
155321,48779
233296,48779
179703,48779
157173,48776
134944,48772
248947,48771
272448,48770
241565,48770
246298,48769
199462,48769
251111,48769
248329,48768
225417,48767
258963,48767
183533,48767
233448,48766
227759,48765
234552,48765
258148,48764
157189,48764
240013,48763
293759,48762
287442,48761
231135,48759
201653,48758
169413,48758
282852,48758
296509,48757
170402,48756
78390,48756
231402,48755
207996,48755
111877,48755
253995,48754
267339,48753
284746,48752
189353,48752
255742,48750
9819,48750
261960,48749
136824,48749
163079,48748
26584,48747
35268,48747
261970,48745
1501,48745
254219,48745
237657,48745
118956,48744
150577,48744
275116,48744
290753,48742
179087,48740
92174,48739
145875,48739
286120,48739
145652,48738
2158,48738
125829,48737
198633,48737
85196,48737
279987,48736
283570,48736
117087,48734
124929,48734
136747,48734
287174,48733
88478,48733
239406,48732
240972,48731
241753,48731
78498,48730
155885,48730
223701,48728
288892,48727
194575,48727
278806,48727
33360,48726
60167,48726
209059,48724
114555,48724
268123,48722
183643,48722
250577,48722
250775,48722
256674,48720
259368,48720
209306,48719
166539,48719
168135,48719
29629,48719
213221,48718
119535,48717
4632,48716
270894,48716
13345,48715
262077,48714
256427,48714
183119,48713
270552,48713
159435,48712
288771,48712
186845,48712
162775,48711
281625,48710
245642,48709
260014,48709
110038,48708
261596,48708
272942,48707
207085,48706
116693,48706
32655,48706
256038,48706
231536,48705
285952,48705
204183,48705
219396,48705
149285,48704
213096,48704
118013,48704
93030,48703
229354,48703
221117,48703
295276,48702
179782,48702
262013,48701
169675,48700
238995,48699
254116,48698
293119,48696
78945,48696
245449,48694
70566,48694
141707,48693
186978,48692
6341,48691
265406,48690
223495,48690
218722,48690
247292,48690
75048,48690
251776,48689
247547,48688
194012,48688
229182,48687
234603,48686
183593,48685
288712,48685
103240,48684
214731,48684
202364,48683
283727,48683
208226,48682
241060,48682
279899,48681
152946,48679
293177,48677
157035,48676
225958,48676
166617,48676
129865,48676
29453,48675
218241,48675
262488,48674
221853,48673
63252,48673
288535,48672
139279,48671
220304,48670
291281,48670
214416,48669
156589,48667
200326,48667
6926,48665
268590,48663
96128,48663
5468,48662
138974,48662
143413,48661
145636,48661
282736,48660
279565,48660
25643,48658
161600,48658
293527,48658
138094,48657
285401,48656
49029,48656
144875,48655
293375,48655
294117,48655
1146,48654
211262,48654
78659,48654
274803,48653
277226,48653
268810,48652
124210,48652
93110,48652
192442,48651
295956,48651
235425,48651
1658,48651
234502,48651
211166,48650
280466,48650
248939,48649
282229,48649
110001,48649
433,48649
287622,48649
288881,48647
225590,48646
208628,48645
161577,48645
204978,48644
292920,48644
294609,48643
139051,48643
163866,48643
193894,48643
223344,48642
180988,48641
284323,48641
257609,48640
53242,48640
89688,48637
203115,48636
294532,48635
273527,48635
249246,48634
253975,48630
132429,48630
215028,48630
194710,48630
118712,48629
239853,48628
200289,48628
259406,48628
251134,48628
90254,48626
179883,48626
108424,48625
226280,48625
248812,48624
12265,48624
274246,48624
222566,48623
215649,48623
126111,48622
207105,48622
159214,48622
110707,48619
122554,48619
222159,48618
261011,48618
180262,48617
199529,48617
192343,48616
177878,48616
144201,48615
284971,48614
202772,48613
240037,48613
281174,48611
277532,48611
281990,48609
286482,48609
83269,48609
145039,48609
44364,48608
288675,48608
260871,48606
295032,48606
234654,48606
231145,48606
257501,48605
122512,48604
211805,48604
154669,48604
243761,48599
229025,48599
287646,48597
282194,48597
156859,48597
222414,48596
289101,48596
7226,48596
295855,48595
281145,48593
149027,48593
11506,48592
119000,48592
136783,48591
274303,48591
145912,48591
59102,48590
294401,48590
162416,48590
116332,48590
212633,48589
215777,48588
235271,48588
290437,48587
202717,48587
244768,48586
214243,48584
182052,48583
145238,48583
169919,48583
148726,48581
176189,48580
53137,48578
257133,48578
228790,48577
184687,48577
154248,48576
227263,48575
214303,48574
87184,48574
185888,48574
277510,48573
232874,48572
168339,48572
237329,48572
184925,48571
54868,48569
235813,48569
215981,48569
5373,48569
260380,48568
234853,48568
239951,48568
192199,48567
236772,48564
219619,48562
134238,48562
181236,48562
245639,48560
87805,48560
263467,48559
233271,48559
191660,48558
142239,48557
33197,48557
217903,48557
20857,48554
201449,48554
281351,48554
20242,48554
219627,48554
270024,48554
238480,48553
173560,48553
138439,48553
28604,48553
288578,48552
293548,48551
140113,48551
291615,48551
255090,48551
267145,48550
233087,48548
245964,48547
216750,48547
149432,48547
205283,48546
400,48545
215929,48544
170719,48543
265475,48543
273639,48542
9780,48541
130989,48540
246712,48540
273631,48539
227699,48538
175763,48538
278226,48536
275831,48535
246462,48535
213338,48535
250719,48535
272256,48535
235926,48534
146638,48534
35507,48533
42244,48533
200803,48532
82669,48532
273643,48531
271139,48531
247224,48529
149094,48528
236501,48528
277636,48528
66365,48528
290886,48528
159370,48527
288811,48527
149040,48526
256752,48525
202452,48524
219362,48524
293856,48524
204493,48523
168616,48522
211423,48522
224935,48522
183191,48522
103241,48520
240376,48520
223228,48518
212579,48517
148539,48517
245255,48515
52632,48515
191581,48515
199029,48514
170963,48514
170064,48513
109777,48513
178954,48512
145834,48512
234719,48511
273588,48511
252013,48511
16218,48511
295664,48510
170334,48509
5589,48509
239623,48507
226958,48507
215009,48506
79044,48506
238300,48505
182267,48504
278361,48503
190648,48503
54367,48502
151836,48502
251511,48501
100085,48500
174528,48499
294073,48499
193276,48499
206529,48498
61419,48498
255454,48497
160737,48497
244986,48497
231790,48495
222856,48494
270584,48492
276006,48492
9563,48491
242765,48491
84889,48491
67907,48491
242437,48489
172878,48488
276933,48487
249269,48487
196447,48487
256326,48487
259366,48486
180823,48485
61577,48485
252471,48485
202706,48485
255951,48484
127021,48484
129109,48483
266431,48483
152976,48483
208924,48482
262588,48482
209838,48482
228202,48481
241437,48481
231415,48481
116030,48481
202663,48480
256771,48478
218602,48478
293900,48478
218993,48478
232481,48476
217862,48476
276624,48476
289937,48474
5084,48474
199271,48474
224180,48472
70855,48472
232373,48472
282546,48472
289500,48471
109963,48471
189006,48471
294173,48470
53095,48470
207158,48470
119323,48469
218357,48469
11170,48469
158476,48469
121001,48468
261240,48468
140805,48468
171181,48467
153315,48467
248466,48467
151060,48466
204622,48466
39118,48465
133332,48465
161670,48463
211833,48463
259944,48463
290196,48462
205975,48461
254722,48461
188170,48461
267208,48461
256609,48460
294370,48458
271655,48458
78545,48458
194945,48457
152454,48457
127610,48456
281021,48456
194185,48456
233525,48456
486,48455
160793,48455
251802,48454
271178,48454
79904,48453
151722,48452
230925,48452
193359,48452
33084,48451
134019,48450
221771,48450
169480,48449
122248,48449
270836,48447
187098,48447
169683,48446
250010,48445
195897,48444
198471,48444
270121,48442
292671,48442
8154,48442
188452,48441
212562,48441
244084,48440
28861,48439
137963,48439
220094,48439
164014,48439
199964,48439
152660,48439
190514,48438
200619,48438
210892,48438
224894,48438
169544,48437
126674,48437
204697,48436
185984,48436
135820,48435
207056,48435
225813,48435
276157,48435
54985,48434
100183,48434
53581,48434
142035,48434
292928,48434
189191,48433
253501,48433
57277,48432
176937,48432
138926,48430
173486,48430
172365,48429
289963,48429
231312,48428
213468,48428
226595,48428
269900,48428
253966,48427
227837,48427
295021,48426
86949,48426
209828,48426
70274,48426
254148,48425
63288,48424
270182,48424
264650,48424
181796,48424
262577,48424
158578,48424
275432,48423
236481,48422
203475,48422
134528,48422
167191,48421
190371,48421
125473,48420
89325,48419
176862,48419
205612,48419
18877,48419
197007,48417
11428,48415
198549,48414
98857,48414
291358,48414
156190,48414
121340,48413
78958,48413
16660,48412
234285,48410
55889,48410
244293,48409
262578,48408
296113,48407
170951,48407
260328,48407
266404,48407
274458,48406
261990,48406
142554,48406
153308,48405
278979,48405
235661,48404
285016,48404
246925,48403
246519,48402
193447,48402
199092,48401
224077,48401
254702,48401
145316,48399
257869,48398
282832,48397
117150,48397
116882,48396
269666,48395
173107,48395
220405,48395
239519,48395
217807,48394
135369,48394
235226,48394
249009,48394
260132,48394
14300,48393
239659,48393
130327,48392
255027,48392
104564,48392
281273,48392
268250,48391
153698,48391
237101,48390
34748,48389
209702,48388
142156,48388
4644,48388
225354,48387
14127,48387
115159,48386
189518,48386
240057,48385
116879,48385
233927,48384
262099,48383
128827,48383
296410,48382
146082,48381
5985,48381
5537,48381
142965,48380
206185,48380
250718,48380
180079,48379
167982,48379
215785,48379
275901,48378
38700,48377
102647,48377
70676,48377
229228,48376
202456,48376
253176,48376
284120,48376
23460,48375
252101,48374
141868,48373
212106,48372
128864,48372
194643,48372
207585,48371
71527,48371
170509,48370
220037,48369
252312,48368
248003,48367
254981,48366
251180,48365
253798,48365
93263,48363
142380,48363
277284,48363
263010,48362
242187,48362
181782,48362
256009,48362
249035,48361
77876,48361
118673,48361
284224,48361
21833,48361
54457,48360
263970,48360
82252,48360
244308,48360
232912,48360
101544,48360
52245,48359
283202,48359
276253,48359
162879,48358
250224,48358
244778,48358
156278,48358
270822,48358
129731,48357
250540,48356
263264,48356
281730,48353
167080,48352
205511,48352
37680,48351
293556,48351
272856,48350
144945,48350
252479,48350
6608,48349
68821,48348
173480,48347
124823,48347
247644,48347
57688,48346
263841,48346
220328,48346
174983,48346
240545,48345
162588,48345
206646,48344
203582,48344
212016,48344
224983,48344
203926,48344
256443,48343
189685,48342
83415,48342
192699,48341
165440,48341
193990,48340
98549,48340
117491,48339
136564,48338
168332,48338
51138,48337
102107,48336
192029,48336
142099,48335
229755,48335
210133,48335
188466,48334
205200,48333
267837,48333
52890,48331
68156,48331
169305,48331
239662,48330
1371,48330
73245,48330
121132,48329
13454,48329
226086,48329
105587,48329
214484,48329
109163,48329
292210,48328
221296,48328
281851,48327
84527,48327
275093,48327
100134,48326
137122,48326
274192,48325
189633,48325
105694,48325
11090,48323
283299,48323
178239,48323
108479,48323
28904,48323
224432,48322
196012,48322
224002,48322
240679,48322
237489,48322
203319,48322
165927,48321
185142,48321
100837,48321
158889,48320
199555,48320
247527,48319
164513,48318
213297,48318
229983,48317
108283,48317
295618,48317
207494,48317
93210,48317
230575,48316
292289,48315
191061,48315
286997,48314
233584,48314
172218,48313
218931,48313
232220,48313
202525,48313
178915,48312
258206,48311
191851,48310
170128,48310
106089,48310
267010,48309
92132,48309
226985,48309
226394,48308
290866,48308
230799,48308
119717,48307
224491,48307
228240,48306
38187,48306
271019,48306
120161,48305
221,48305
264869,48305
176996,48305
153585,48305
156522,48304
116857,48304
295649,48304
174699,48303
136173,48303
199372,48303
262946,48302
222760,48302
143471,48302
103709,48300
181118,48300
128789,48299
243022,48298
285276,48298
267007,48297
280157,48297
193575,48296
121421,48295
8653,48295
200436,48294
215903,48294
206560,48293
146288,48293
564,48293
163007,48293
14199,48292
284283,48292
229460,48292
215745,48292
163015,48291
226799,48290
179316,48290
6255,48290
92438,48289
166027,48289
208675,48288
270621,48287
278091,48287
169635,48287
26776,48287
206233,48286
57866,48286
94865,48286
215245,48285
256816,48284
293116,48283
241571,48283
213844,48283
222286,48283
134173,48282
270477,48282
166512,48282
122402,48281
167545,48281
14786,48281
221352,48281
30378,48280
181634,48280
85052,48279
169260,48278
163252,48278
156422,48278
242178,48278
283079,48277
217479,48277
145795,48277
9516,48277
125627,48276
279471,48275
165330,48275
136818,48274
78812,48273
28411,48272
165684,48271
95549,48271
288653,48271
94811,48271
216612,48271
277797,48271
181761,48270
251991,48270
3184,48269
22580,48269
101991,48268
245333,48268
243756,48268
292361,48267
265470,48267
284863,48267
201101,48266
147388,48266
231222,48266
284200,48266
264632,48266
180968,48266
210881,48265
180240,48265
295054,48265
106196,48265
195084,48264
203761,48264
106250,48264
291951,48264
270191,48263
220018,48262
131526,48262
202346,48262
287087,48261
136817,48260
236303,48260
198494,48260
111468,48260
247347,48259
180159,48259
294398,48258
264631,48258
234090,48258
166126,48258
102389,48258
156243,48257
133122,48257
134741,48257
205003,48257
107536,48256
157024,48256
273381,48256
25701,48255
111815,48255
163939,48255
232437,48254
218665,48254
237769,48252
252410,48252
282909,48252
168015,48252
151855,48252
250688,48252
120157,48252
206509,48252
54216,48250
241322,48249
185393,48248
92578,48247
256291,48247
253824,48247
291269,48246
244643,48246
270582,48246
162578,48245
281554,48245
248508,48245
278334,48245
285783,48244
223854,48244
293812,48244
81558,48244
222531,48243
75037,48242
163693,48242
270146,48242
295726,48242
251331,48241
216141,48240
156214,48239
266761,48239
152843,48239
36366,48239
190465,48239
244142,48238
186217,48238
175941,48237
278564,48237
707,48236
58282,48236
201501,48235
72545,48234
259079,48234
141132,48234
89068,48233
192817,48233
158238,48233
78410,48233
66174,48232
49198,48232
277640,48231
271821,48231
179644,48231
293936,48230
181651,48230
97870,48228
162188,48227
254693,48227
246544,48227
119698,48226
212351,48226
148854,48226
39946,48226
170530,48226
78940,48225
121918,48225
58919,48225
277280,48224
226735,48224
184216,48223
253621,48223
129789,48222
15815,48222
160106,48222
222599,48220
213232,48220
251746,48220
230361,48220
260341,48220
230999,48220
239679,48219
115149,48219
81531,48218
143068,48217
244150,48217
233155,48217
280285,48215
230136,48214
132158,48214
147640,48213
45972,48212
257588,48212
252972,48212
287282,48212
13935,48211
6632,48210
90759,48210
235739,48210
249498,48210
285899,48209
285698,48209
245875,48209
214190,48208
158573,48208
18947,48208
225032,48208
212606,48208
121896,48207
279033,48207
254129,48207
35229,48207
224849,48207
143996,48207
253224,48207
128480,48207
275117,48206
271541,48206
272617,48206
194646,48206
208958,48205
138727,48205
296307,48205
173742,48205
147118,48204
287774,48203
16269,48203
60875,48202
184307,48202
116783,48202
199174,48202
44578,48201
276837,48201
208337,48201
164344,48201
189835,48200
30060,48199
52195,48199
149682,48198
267865,48198
180480,48198
220026,48197
253815,48197
116112,48197
191214,48197
253905,48197
264270,48196
53633,48196
168031,48196
155957,48195
295399,48194
215946,48194
137095,48193
78712,48191
195224,48191
109075,48190
112729,48190
246365,48190
230946,48189
115296,48188
32029,48187
109850,48187
288439,48187
281498,48187
211854,48186
288481,48185
189272,48185
155027,48185
148632,48185
142729,48184
119242,48184
244411,48184
157996,48184
259980,48184
283484,48184
246441,48183
187275,48183
188235,48182
135580,48182
256754,48182
250674,48182
27176,48181
14546,48180
15890,48180
199139,48178
147683,48177
290001,48177
101530,48177
74703,48176
163167,48176
273430,48175
214461,48174
213443,48174
211225,48173
128352,48172
285606,48172
256621,48172
285526,48172
123503,48171
226972,48171
120849,48171
48886,48171
123651,48171
244478,48170
14515,48170
60970,48169
147502,48168
255107,48167
265434,48167
242674,48167
135731,48167
280669,48167
127541,48166
73252,48166
118602,48164
193522,48164
144912,48163
208457,48163
133631,48162
288348,48162
240039,48162
222927,48162
31977,48162
292122,48161
280336,48160
201381,48160
288619,48160
92080,48159
131462,48159
151233,48159
102013,48159
211408,48158
207350,48158
74108,48157
154078,48157
51135,48156
170715,48156
189898,48156
98460,48155
118392,48155
267904,48155
9946,48154
268606,48154
3072,48153
236597,48153
100465,48151
88140,48150
196113,48150
180078,48150
223136,48150
224534,48149
55807,48149
114523,48148
282908,48148
176638,48148
265480,48148
254572,48146
213433,48146
146357,48146
184525,48146
156910,48146
248788,48145
124075,48145
54314,48145
39766,48143
209060,48143
275174,48143
219089,48143
241743,48143
129095,48143
4162,48142
84999,48142
158947,48142
184528,48141
264100,48140
243487,48140
161703,48140
266353,48139
224811,48139
256098,48138
181553,48138
129104,48138
212513,48137
39989,48136
237196,48136
200186,48136
266083,48136
71433,48136
288212,48135
68312,48135
236499,48135
116167,48134
205930,48134
85511,48134
204650,48134
1550,48133
31050,48133
155263,48132
201083,48131
161998,48131
290680,48131
92127,48131
277980,48131
7740,48130
59857,48130
194885,48129
223438,48129
259380,48129
58164,48128
216657,48128
151575,48128
8308,48127
147551,48127
195854,48127
200202,48126
161212,48126
109300,48126
224178,48126
231698,48126
100613,48126
260097,48125
228178,48124
256647,48124
168699,48124
261727,48123
90491,48123
142128,48122
119046,48122
17820,48121
156142,48121
276128,48121
261891,48120
270289,48120
219666,48119
196455,48119
245098,48119
148599,48119
233782,48119
276481,48118
68169,48118
194725,48118
141564,48117
51973,48117
102949,48117
225969,48117
207421,48116
42678,48116
261877,48116
75842,48115
286185,48114
245659,48114
235334,48114
218567,48114
294951,48114
292450,48113
126373,48112
3715,48111
269442,48111
111863,48111
213111,48110
170148,48110
235763,48110
152963,48109
208561,48109
243913,48109
287058,48108
114493,48108
175660,48106
182814,48105
256969,48105
231581,48105
270600,48103
269406,48103
98686,48103
140183,48103
265626,48103
3947,48102
245980,48102
179610,48101
284032,48100
110803,48100
248649,48100
217336,48100
227434,48100
230710,48099
273538,48099
105823,48099
219260,48098
252126,48098
267111,48098
171886,48096
207153,48095
139898,48095
108462,48095
218381,48094
266956,48094
274840,48094
201758,48094
138785,48094
242524,48094
126904,48094
2174,48094
108562,48094
236552,48093
253648,48093
295642,48093
107089,48092
194387,48092
34165,48092
228544,48091
233038,48090
187188,48090
167482,48090
82375,48090
252688,48089
252946,48089
284712,48088
253941,48088
272453,48088
168597,48087
263351,48087
240166,48087
113733,48086
61446,48086
239394,48086
295896,48086
168438,48086
263574,48086
113929,48085
6346,48085
2427,48084
71213,48084
208522,48083
21080,48083
97927,48082
95590,48081
246223,48081
255512,48080
268416,48080
239805,48080
206471,48080
287369,48079
261437,48079
105517,48079
286679,48079
253275,48079
74275,48079
130559,48078
99540,48078
232188,48078
117378,48077
288157,48077
263456,48077
290309,48076
292901,48075
194639,48075
96775,48075
165976,48075
210229,48074
147422,48074
288388,48072
163403,48072
140559,48072
1141,48072
280849,48071
288104,48071
158776,48071
28569,48071
41378,48071
125586,48071
137763,48071
8741,48070
205827,48070
175712,48070
72017,48069
263638,48069
156273,48069
156704,48069
251274,48069
185732,48069
206888,48069
172506,48068
170277,48068
132119,48067
215125,48067
10313,48066
164039,48064
173863,48064
267431,48064
132638,48064
184194,48064
137422,48062
194662,48062
46133,48062
117915,48061
276799,48061
256626,48060
247102,48060
150513,48059
284587,48059
276519,48059
46824,48059
107598,48059
152122,48058
137827,48058
238866,48058
7613,48058
29464,48058
266250,48058
200972,48058
201898,48057
278354,48057
252854,48057
208333,48057
169673,48057
94333,48056
275727,48056
276133,48056
177131,48055
179506,48055
218341,48055
76376,48054
223253,48054
262523,48054
155627,48054
141963,48053
285933,48053
254972,48053
69670,48052
244474,48052
255012,48052
71194,48051
289842,48051
115232,48051
7989,48050
156232,48050
124667,48050
246351,48049
84464,48049
188222,48049
234758,48048
246837,48048
219967,48048
176434,48048
85016,48047
226518,48047
284190,48046
241476,48046
169618,48045
256014,48045
97129,48045
219519,48044
233571,48044
276937,48044
259172,48043
156110,48043
19161,48043
64903,48043
281102,48043
97560,48043
172974,48042
194295,48041
49365,48041
152827,48041
231516,48041
33938,48041
265195,48041
85143,48040
253393,48040
286511,48040
267531,48039
115510,48039
229537,48039
171027,48039
258953,48039
181844,48038
244803,48038
212401,48037
249443,48037
190160,48037
276674,48036
194059,48035
205081,48035
127830,48035
123868,48035
293993,48035
288066,48033
288938,48033
138347,48033
179570,48032
268653,48032
245280,48032
101651,48032
68549,48031
275080,48031
79764,48031
289716,48031
281723,48031
251545,48031
141699,48031
203405,48031
255437,48031
288460,48030
214929,48030
233195,48030
280007,48030
281808,48030
98666,48029
76648,48029
94444,48028
876,48028
174958,48027
126272,48027
285131,48027
223104,48027
260972,48027
230815,48026
267625,48026
216931,48025
252604,48025
276504,48025
172738,48025
58053,48024
287600,48024
162221,48023
238702,48023
291095,48022
176136,48022
92409,48022
19114,48021
219300,48021
99095,48021
152077,48021
38733,48021
281878,48020
14944,48020
238833,48020
7274,48020
99042,48019
239950,48018
271540,48018
230688,48018
258036,48018
108366,48017
205445,48017
136862,48016
142482,48016
295834,48016
53905,48016
272167,48015
137461,48015
12635,48015
21379,48015
234197,48014
229594,48014
125716,48014
125548,48013
5462,48013
79314,48012
181980,48012
554,48012
287701,48012
295379,48011
293976,48011
245209,48010
246656,48010
213369,48008
249271,48008
238029,48008
218798,48008
129931,48008
179886,48007
229405,48007
253885,48007
34208,48007
252229,48006
166249,48006
272521,48006
155129,48005
244168,48005
172232,48005
279154,48005
72491,48004
63567,48004
168615,48004
247709,48004
263430,48004
187582,48004
30199,48003
50980,48003
115023,48003
105304,48002
234296,48002
249435,48002
154977,48002
1814,48001
114394,48000
212697,48000
195734,47999
230080,47999
102084,47998
14691,47998
123949,47998
190706,47998
165461,47998
7524,47997
186335,47997
95618,47997
162930,47995
10309,47995
131090,47995
15257,47995
281105,47995
291528,47995
199669,47994
278926,47994
294484,47994
190809,47992
273365,47992
264705,47991
20224,47991
127306,47991
209437,47990
258912,47990
137641,47989
137175,47989
151298,47988
126536,47987
215120,47987
116638,47987
48347,47987
184027,47986
142932,47986
182679,47986
276197,47986
140774,47986
187597,47985
274629,47985
259826,47985
286570,47984
229438,47982
173872,47982
229556,47982
222558,47982
217292,47981
270170,47981
252341,47981
209102,47980
206966,47980
269651,47979
228866,47979
20639,47979
257225,47979
278752,47979
97278,47978
279396,47978
230505,47977
211782,47976
120855,47976
219172,47975
36778,47974
30514,47973
288356,47973
188167,47973
29636,47972
119338,47972
293490,47972
213816,47971
80655,47971
238126,47969
137536,47969
247392,47968
280912,47967
263036,47966
149978,47966
30100,47966
238758,47966
287465,47966
158789,47965
209748,47965
121584,47965
232900,47965
271703,47965
203341,47965
31477,47964
80656,47964
229385,47964
272509,47964
100065,47963
294790,47963
212954,47962
182763,47961
160701,47960
116731,47960
191442,47960
243465,47960
265139,47959
189027,47959
217331,47959
105976,47959
258838,47958
190895,47958
10899,47957
79683,47957
4949,47956
129969,47956
277270,47956
110534,47955
233381,47955
178578,47953
190448,47953
259465,47953
275543,47953
44478,47953
230409,47953
294803,47953
188905,47952
219855,47952
28418,47951
273467,47950
94818,47950
135727,47950
230954,47949
196410,47949
163037,47949
50505,47949
45420,47949
267123,47949
166735,47949
152878,47949
14753,47949
272725,47948
24471,47948
98934,47948
275328,47948
59317,47947
67195,47947
100353,47946
121039,47946
127711,47946
170018,47945
97690,47945
65257,47944
279813,47944
227913,47944
168992,47943
87607,47943
261477,47942
147465,47942
155011,47942
284558,47942
248149,47941
273289,47941
191572,47941
140542,47940
257298,47940
200324,47939
242659,47939
239764,47939
216199,47938
276819,47938
268365,47937
292083,47937
56502,47936
280929,47936
63680,47935
53066,47935
155581,47934
1664,47934
192980,47934
289366,47933
75101,47933
155634,47933
110615,47933
269690,47932
163613,47932
272119,47932
145840,47932
126220,47930
171195,47930
291417,47930
240585,47930
210533,47930
204485,47930
153634,47929
105060,47929
170533,47929
236577,47929
135616,47929
255067,47928
289895,47928
284698,47927
209424,47927
118905,47926
108828,47926
98823,47926
213425,47925
95996,47925
253939,47925
288489,47923
229408,47923
40713,47922
671,47922
247358,47922
267434,47921
291957,47920
30327,47920
157812,47920
293553,47919
295421,47918
46189,47918
41593,47918
242277,47918
290625,47917
165616,47916
273103,47916
138886,47916
235753,47916
102805,47915
144038,47915
292570,47915
58996,47915
201669,47914
241197,47914
239814,47914
237898,47913
106678,47913
272047,47912
139254,47911
197116,47911
160207,47911
120645,47911
74662,47911
194787,47910
202312,47910
186596,47910
188097,47910
143872,47909
265245,47909
194162,47909
275293,47908
130,47906
12389,47906
250404,47906
189161,47906
1137,47906
124089,47905
104872,47905
198168,47905
226703,47905
99947,47905
98615,47904
236148,47903
89544,47903
25266,47902
214396,47902
11626,47902
22433,47902
1625,47901
155186,47900
193896,47900
130140,47900
122523,47900
285266,47899
137708,47899
223540,47898
236029,47898
120766,47897
267893,47897
8286,47897
195001,47896
83250,47896
285914,47896
90472,47895
83173,47895
225726,47894
69222,47894
270201,47893
100820,47893
246678,47893
240018,47893
263085,47893
187997,47893
248321,47890
197597,47890
287954,47889
185413,47889
156932,47889
276868,47888
204248,47888
293295,47887
206124,47886
190503,47886
245093,47886
266389,47885
291052,47885
15639,47885
269196,47885
200821,47885
214365,47884
286864,47884
288725,47883
119038,47883
279051,47883
273735,47883
126002,47883
296374,47882
276554,47882
281893,47882
227190,47882
274208,47882
292370,47880
290902,47880
251858,47880
211358,47879
192583,47879
281969,47878
152341,47878
273727,47878
206009,47878
5404,47877
895,47876
141294,47876
37041,47876
292852,47876
107877,47875
290372,47875
4033,47874
270048,47874
292634,47874
101475,47874
235667,47873
241552,47873
244561,47873
7207,47873
293235,47873
122621,47872
122875,47872
135285,47872
199106,47872
192658,47871
167879,47871
217389,47870
262951,47869
225854,47869
112301,47869
155062,47869
60596,47869
229879,47869
222038,47867
160682,47867
63834,47867
275155,47867
110435,47867
76095,47865
92016,47865
193723,47865
138037,47865
9573,47865
249447,47864
187150,47863
294501,47863
239700,47863
232459,47862
4594,47862
296519,47862
109254,47862
280445,47862
219806,47861
17899,47861
154112,47860
256727,47860
296339,47860
225594,47859
246104,47859
295221,47858
274436,47858
191571,47857
167235,47856
163687,47856
245728,47856
199175,47855
270743,47855
206327,47854
282764,47854
218755,47854
296011,47853
275520,47853
25145,47853
186151,47853
238605,47853
288958,47852
127604,47852
21645,47852
239372,47851
227078,47851
196023,47851
7525,47851
228792,47851
133916,47850
274756,47850
29092,47850
283528,47849
102395,47849
220793,47849
137526,47849
226678,47848
279000,47848
195538,47847
282091,47847
30152,47847
267478,47847
59307,47846
123087,47846
158576,47846
160005,47845
243735,47845
167212,47845
215030,47844
274418,47844
133931,47844
204644,47844
272030,47844
277019,47843
207289,47843
180540,47843
202088,47843
171564,47842
193496,47842
34356,47842
273404,47842
212836,47842
171008,47841
65114,47841
275482,47841
117499,47841
293930,47840
277582,47840
230013,47840
244121,47840
49721,47839
287520,47839
222853,47839
89322,47839
110583,47839
284489,47838
267135,47838
58818,47838
140503,47838
67298,47837
286738,47836
192616,47836
281378,47836
17685,47835
8711,47835
189154,47835
251452,47835
270802,47834
230482,47834
215232,47834
4752,47833
102649,47832
224703,47832
179613,47831
168629,47831
101005,47831
239618,47831
231720,47830
275507,47830
255114,47829
82876,47829
137528,47829
203365,47829
160267,47829
235275,47828
270091,47828
204499,47828
144655,47827
78445,47827
39886,47827
252533,47827
193658,47827
261094,47826
285232,47825
271765,47825
202812,47824
79756,47823
294215,47823
208041,47823
146423,47823
238821,47822
287358,47822
214872,47821
167948,47820
184087,47820
144723,47819
161762,47819
196195,47819
272962,47818
31304,47818
157317,47817
242431,47817
277356,47816
141259,47816
295822,47816
133100,47815
152419,47815
26519,47814
105045,47814
248684,47814
117646,47814
51959,47813
138366,47813
253350,47813
224177,47813
98273,47812
267429,47812
3324,47812
250624,47812
122071,47811
83066,47811
285256,47811
223820,47810
66950,47810
29698,47810
113261,47809
126800,47809
5138,47809
275730,47809
62947,47808
156072,47808
122203,47807
283575,47807
122176,47807
183868,47807
168017,47807
148044,47807
235204,47807
129208,47806
207091,47806
257104,47806
3284,47805
162941,47805
278422,47805
68778,47804
108421,47804
106808,47803
127966,47803
81236,47802
243239,47802
222825,47802
236815,47802
128424,47801
230174,47800
268702,47800
276398,47799
271702,47799
194449,47799
268339,47799
270287,47799
158752,47799
69251,47798
280167,47798
204718,47798
256870,47797
59830,47797
224860,47797
124523,47797
76973,47797
272528,47797
288793,47796
153166,47795
224901,47795
119386,47794
256544,47794
96274,47794
212021,47794
277448,47793
45191,47793
123776,47793
120596,47793
266804,47792
132755,47792
232639,47792
23808,47792
236976,47791
83364,47791
100402,47791
81051,47790
167799,47789
90085,47789
284302,47789
272358,47789
192162,47788
256419,47788
255782,47788
162742,47788
260693,47788
256045,47787
219753,47787
220845,47787
152310,47786
120366,47785
165385,47785
271386,47785
216341,47785
272811,47784
222242,47784
204784,47784
249154,47784
227449,47782
248046,47782
237854,47782
220354,47782
229866,47781
283765,47781
5520,47781
165098,47781
139836,47780
64382,47780
241634,47780
113819,47780
263117,47780
269474,47780
198261,47779
9892,47779
263090,47779
247201,47778
92200,47778
217872,47778
160384,47778
285799,47777
224872,47777
231808,47777
157282,47777
93789,47776
23444,47776
74082,47776
226314,47776
293007,47775
222983,47775
268016,47774
255750,47774
276315,47773
233549,47773
131851,47773
224431,47773
204219,47772
51637,47772
260415,47771
264860,47771
142097,47771
287893,47771
293095,47771
166206,47771
126038,47770
144094,47770
184613,47770
128675,47770
226407,47770
77292,47769
240913,47769
265070,47769
280234,47769
274789,47769
293035,47768
249118,47768
248979,47767
150569,47766
155524,47766
203920,47766
271630,47766
48468,47766
183676,47766
271902,47765
196686,47765
269498,47764
233497,47764
284745,47763
245252,47763
213676,47763
169767,47763
217591,47762
211169,47762
154562,47761
52283,47761
68747,47761
245422,47761
253051,47761
185120,47760
246657,47760
218434,47760
267871,47759
240760,47758
661,47758
160,47758
266373,47758
285622,47758
249299,47758
120675,47757
150158,47757
162541,47757
133396,47757
167710,47757
289753,47756
68816,47756
249764,47756
286468,47756
122868,47755
81164,47755
48829,47755
282284,47754
249326,47754
77540,47754
244692,47754
210927,47753
230610,47753
116676,47753
12738,47753
212031,47752
214388,47752
209169,47752
82108,47752
254793,47752
158616,47751
209350,47751
171019,47750
108328,47750
204423,47750
209617,47749
251999,47749
240385,47749
236634,47748
107708,47748
100834,47748
161322,47748
208128,47748
190214,47748
138519,47747
252271,47747
224265,47747
201863,47747
79242,47746
69889,47745
205075,47745
105466,47744
81112,47744
269680,47744
246909,47743
251523,47743
253277,47743
194663,47742
168852,47742
251194,47742
15996,47742
206943,47742
130385,47742
281647,47742
279474,47742
184706,47741
169995,47741
174763,47740
113538,47740
54354,47739
16604,47739
265340,47737
273858,47737
231318,47737
151711,47737
214308,47737
252454,47737
147463,47736
256142,47735
281206,47735
195633,47735
210094,47735
263026,47734
218384,47734
199583,47734
257259,47734
117310,47734
148570,47733
103478,47733
246291,47733
131847,47733
114260,47733
113657,47732
201788,47732
272353,47732
120799,47731
136136,47731
202532,47731
122782,47731
120841,47730
10389,47730
141492,47730
276494,47729
8118,47729
81612,47728
209694,47728
135498,47728
284632,47728
180621,47728
280192,47727
134704,47727
147062,47726
220770,47725
282681,47725
274302,47725
184243,47725
98448,47725
99703,47724
96894,47724
274811,47724
253783,47723
10148,47723
248230,47723
223097,47723
25178,47723
245304,47723
293537,47722
233506,47722
211658,47721
74754,47721
168709,47721
6623,47721
264992,47720
225508,47720
89716,47718
109922,47718
258711,47718
59541,47717
49911,47717
182054,47717
228299,47716
225055,47716
266001,47716
242492,47714
3373,47714
94071,47714
279298,47714
196283,47714
285579,47712
37090,47712
289355,47712
117786,47712
182150,47711
152972,47711
233198,47711
100801,47711
237408,47711
185030,47711
239990,47711
254604,47711
268556,47710
19547,47710
224223,47710
170042,47709
237093,47709
170685,47709
294239,47708
286534,47708
59535,47708
271784,47708
272972,47707
221635,47707
265671,47707
1762,47705
235882,47705
87729,47705
173007,47704
130144,47704
288831,47703
249374,47703
115814,47703
253045,47703
99114,47703
19219,47702
288890,47702
221854,47702
174433,47702
260185,47702
120508,47702
272554,47701
240154,47701
289585,47700
70011,47700
273086,47700
128877,47700
109131,47699
164165,47699
196879,47698
260432,47698
199589,47696
141325,47696
205732,47696
250963,47696
23799,47696
113871,47696
218487,47696
151755,47696
52238,47695
232097,47695
285958,47695
107317,47695
243704,47695
291630,47694
109376,47694
146950,47694
281922,47693
59062,47693
178308,47692
177683,47692
129939,47691
229627,47691
190264,47691
205315,47690
269026,47690
246695,47689
69945,47688
178350,47688
258163,47688
2534,47687
208068,47687
286967,47686
98206,47686
277378,47685
286052,47685
171293,47684
230779,47684
294330,47684
123547,47684
85946,47684
115694,47684
89958,47683
203623,47683
239499,47682
244211,47682
157754,47681
57136,47681
88819,47681
246917,47681
111488,47679
252423,47679
263190,47679
295901,47679
69582,47679
175244,47678
161294,47678
268681,47678
201316,47677
259933,47677
256851,47676
183494,47675
245537,47675
273140,47674
276609,47674
199594,47674
289004,47674
108229,47673
265987,47673
191610,47673
296577,47673
28718,47673
116526,47672
293258,47672
105112,47672
250978,47672
40888,47672
222439,47671
122449,47671
4289,47671
126112,47671
280436,47671
105149,47670
293200,47669
216814,47669
282955,47668
223532,47668
177199,47667
177934,47666
128172,47666
229857,47666
118448,47666
223215,47665
279436,47664
211127,47664
32226,47664
46570,47664
267754,47664
32918,47663
267422,47663
181999,47663
5062,47662
181777,47662
141830,47662
127163,47662
75196,47662
293745,47662
144981,47661
144781,47661
65037,47661
286106,47661
215021,47660
271747,47660
186880,47660
94817,47660
287235,47660
223467,47660
143804,47659
293669,47659
196656,47659
218678,47659
243640,47658
178729,47657
261770,47657
171470,47657
259000,47657
199781,47656
279342,47656
187505,47655
759,47655
180291,47655
148022,47655
144372,47655
123561,47654
283085,47654
271897,47654
256938,47654
208543,47654
36586,47654
273396,47653
284732,47653
87942,47653
260715,47652
199775,47651
209552,47651
270654,47649
252911,47649
214964,47649
239175,47649
264784,47649
185952,47649
118259,47648
153969,47648
237945,47647
53342,47647
13596,47647
141622,47646
165241,47646
267636,47646
235526,47645
178059,47645
246174,47645
115593,47645
244743,47645
36703,47645
71971,47645
164170,47645
239488,47644
46887,47644
265200,47643
277839,47643
178120,47643
202032,47643
275647,47643
162336,47642
293894,47640
259404,47640
208164,47640
213395,47640
94289,47640
157201,47640
219185,47639
153792,47639
29295,47638
223102,47638
275559,47638
233067,47637
88418,47637
281305,47637
117962,47637
263651,47636
136389,47635
127482,47635
262296,47635
285950,47634
164094,47634
109394,47634
224216,47634
158931,47633
61448,47633
63627,47633
143402,47633
270905,47632
39565,47632
121319,47631
182094,47631
175565,47631
104240,47630
152370,47630
185232,47630
104225,47630
235871,47630
253410,47629
168041,47629
30984,47629
277394,47628
260426,47628
51406,47628
248564,47628
277523,47627
288595,47627
197850,47627
249250,47627
105900,47627
187865,47626
197713,47626
196460,47626
183558,47626
37550,47626
160368,47625
132152,47625
65911,47625
270513,47625
63424,47625
158680,47625
245766,47624
6574,47624
248223,47623
264947,47623
200513,47623
49623,47623
135785,47622
149231,47622
198182,47622
138802,47622
290603,47622
81588,47621
40919,47621
250434,47621
95270,47621
228678,47621
279016,47620
1689,47620
287627,47620
241369,47620
128308,47619
130253,47619
227582,47619
48834,47618
8165,47618
275219,47618
186872,47618
217017,47618
266912,47618
72199,47617
169017,47617
130165,47617
124253,47617
294368,47617
280426,47617
249120,47616
106057,47616
178396,47616
206035,47615
121578,47613
259962,47613
295892,47612
289118,47612
236770,47612
199758,47612
36717,47612
235026,47611
139678,47611
279309,47611
246692,47611
16123,47611
207851,47611
64438,47611
242392,47610
188366,47610
194625,47610
244791,47610
282086,47610
6382,47610
99872,47609
292683,47609
253685,47609
134458,47608
186718,47608
208436,47608
280792,47607
147656,47607
176676,47607
213050,47607
231835,47607
111467,47607
201368,47607
97412,47606
268617,47606
223782,47606
232278,47606
159133,47605
238504,47605
68292,47605
127492,47605
173236,47605
49791,47605
106143,47604
126082,47604
286306,47603
203693,47603
169836,47603
90775,47603
268476,47603
13178,47603
105372,47603
8120,47603
247253,47603
201870,47603
261925,47602
152086,47602
15694,47602
232574,47602
58756,47601
216877,47601
155291,47601
77393,47601
80425,47601
242181,47600
127047,47600
279846,47598
296573,47598
230236,47598
215325,47598
246710,47597
160399,47597
191822,47597
267778,47596
196865,47596
255563,47596
294295,47595
5706,47595
96767,47595
216331,47595
9009,47595
109833,47594
29574,47594
168777,47594
78758,47594
197689,47593
164902,47592
227776,47592
280202,47592
190018,47590
130878,47590
211660,47589
165334,47589
79630,47589
225850,47589
182828,47588
146012,47588
221995,47588
282034,47588
231757,47588
214011,47587
227786,47586
99171,47586
170366,47586
74170,47584
254548,47584
163634,47584
221732,47584
116129,47583
268519,47583
265687,47583
257641,47583
269507,47582
166636,47582
180090,47582
250132,47582
124906,47581
273023,47581
284507,47580
91082,47580
275063,47580
266713,47580
268282,47579
223735,47579
127640,47579
252749,47579
157014,47578
138108,47578
250430,47578
264258,47577
283174,47577
207157,47577
162539,47577
257200,47577
273838,47577
113508,47576
153263,47576
228846,47575
230008,47575
6699,47575
245144,47575
257311,47574
185435,47574
239244,47574
262878,47574
182084,47574
294512,47573
60187,47573
10896,47573
134279,47572
226527,47572
242845,47572
8673,47572
119089,47572
171503,47572
4555,47572
166258,47572
200207,47571
289672,47571
282562,47571
277456,47571
161424,47571
190418,47571
229331,47570
123307,47570
240606,47570
213071,47570
142711,47570
164118,47569
209070,47569
225962,47569
63731,47569
193731,47569
246349,47569
211589,47568
165577,47568
26481,47567
225627,47567
294816,47567
220588,47567
189096,47566
279976,47566
125992,47566
104550,47566
284530,47566
188323,47566
2787,47565
189886,47565
208239,47565
199432,47565
232497,47565
54770,47565
287877,47565
45556,47565
281087,47565
274198,47565
180318,47565
284987,47564
216677,47564
249860,47564
177153,47564
221563,47564
241803,47564
157776,47563
160772,47563
266622,47563
180062,47562
226946,47562
268314,47561
237112,47561
88797,47561
234112,47560
124021,47560
262739,47559
268033,47559
218673,47559
231354,47559
276576,47559
292771,47558
288814,47558
154774,47557
175666,47557
192638,47557
204998,47557
213736,47557
216155,47556
235790,47556
45771,47556
111959,47556
79003,47555
168100,47555
288982,47554
69821,47554
162241,47553
287505,47553
117654,47553
191101,47553
131831,47553
268230,47552
139460,47552
261444,47551
209599,47551
30746,47551
280533,47551
3773,47551
134039,47551
261364,47551
211523,47550
141975,47550
280782,47550
173841,47550
234287,47550
214738,47549
270172,47549
276638,47549
233014,47548
183487,47548
206123,47548
97946,47548
41012,47548
16580,47548
135453,47548
133928,47547
246466,47547
288089,47546
179980,47546
292495,47546
268747,47545
139331,47545
189540,47545
235898,47545
286462,47545
283987,47544
89622,47544
238274,47544
273581,47544
279488,47544
274972,47544
153507,47544
237699,47543
220486,47543
290275,47543
226243,47543
106231,47542
201894,47542
225199,47542
243118,47542
251637,47542
53761,47541
67451,47541
136176,47541
182930,47541
145832,47540
102316,47540
11666,47540
249456,47540
214785,47540
31235,47540
69730,47540
277232,47539
289793,47539
248427,47539
231978,47539
279776,47539
130038,47538
264431,47538
199917,47538
244762,47537
231828,47537
197375,47537
269817,47537
291284,47537
282216,47536
182801,47536
13415,47536
268199,47535
48862,47534
262431,47534
108817,47534
33573,47534
245070,47534
14138,47534
122250,47534
290127,47533
18500,47533
188237,47533
269931,47533
259658,47533
133482,47533
152068,47532
209762,47532
4916,47532
149348,47532
86821,47532
74512,47531
170585,47530
190146,47530
135181,47530
277952,47529
26264,47529
289488,47529
216666,47529
116398,47528
87551,47528
84407,47528
234934,47528
185399,47528
121004,47527
291046,47526
270350,47526
290167,47526
52964,47526
180123,47526
122304,47526
113430,47525
277046,47525
201257,47525
80851,47524
51356,47524
189362,47524
129639,47524
18838,47523
202316,47523
293909,47523
22453,47523
238229,47523
140769,47523
191185,47523
180299,47522
194383,47522
94903,47521
136722,47521
103595,47521
219317,47521
18959,47520
1091,47520
31285,47520
165855,47519
272561,47519
215331,47519
119475,47519
254196,47519
241655,47518
281628,47518
246448,47518
295741,47518
279531,47518
194755,47518
241339,47517
199920,47517
208397,47517
92742,47517
168735,47517
262628,47516
214825,47516
251534,47516
197944,47516
286202,47515
157118,47515
182198,47514
176415,47513
91798,47513
263004,47513
248209,47512
136339,47511
134340,47511
277423,47511
187984,47510
119155,47510
287266,47510
164593,47510
285840,47509
64029,47509
219168,47509
28729,47509
11914,47509
131941,47508
268695,47508
248597,47508
47331,47508
216611,47507
217266,47507
246388,47507
230346,47507
242833,47507
122933,47507
215402,47506
235407,47506
60661,47505
138702,47505
121926,47505
181397,47504
119622,47504
267844,47504
195516,47504
230620,47504
215364,47504
253043,47503
137833,47503
239720,47503
262709,47502
252871,47502
136608,47502
271534,47502
138035,47502
192124,47502
88896,47501
250534,47501
27325,47501
255927,47501
204472,47500
147455,47500
273125,47500
272149,47500
275196,47500
163385,47500
70184,47500
276636,47499
272762,47499
260678,47499
246879,47499
96552,47498
129765,47498
106245,47498
161042,47497
56183,47497
220252,47497
276145,47497
252182,47497
259445,47497
169915,47496
247286,47496
165065,47496
232899,47495
46456,47495
258520,47495
196647,47495
219951,47494
272431,47494
198260,47494
8478,47493
86417,47492
118593,47492
244531,47492
221508,47491
105173,47491
224638,47491
237851,47490
2868,47490
64772,47490
260102,47489
192753,47489
269957,47489
293157,47489
203094,47488
26775,47488
174899,47488
231259,47488
292465,47487
287137,47487
262731,47487
294056,47487
167843,47486
222573,47486
200756,47486
171904,47486
256377,47485
75433,47485
293014,47485
234823,47484
23163,47484
230535,47484
223056,47483
293863,47483
221901,47483
6543,47483
212644,47483
136088,47482
226367,47482
19502,47481
260195,47481
242828,47481
96082,47481
135667,47480
185288,47480
242993,47480
206866,47479
51155,47479
278646,47479
275351,47478
90146,47478
294470,47478
271020,47478
288135,47477
11812,47477
245322,47477
191313,47476
291693,47476
296068,47476
112089,47475
286442,47475
91672,47475
21076,47474
6780,47474
203333,47474
3332,47474
129538,47474
196222,47474
277642,47473
50360,47472
168148,47472
217713,47472
192397,47471
179039,47471
149490,47471
162688,47471
31283,47471
99932,47470
135853,47470
296414,47469
235913,47469
87057,47469
95690,47469
280575,47469
176381,47469
265759,47469
264931,47469
157860,47469
252692,47468
175280,47468
234354,47468
236900,47467
275185,47467
242775,47467
277747,47467
232286,47467
56808,47467
157555,47466
180426,47465
112611,47465
265026,47465
7077,47465
228883,47465
268863,47464
129687,47464
264852,47464
4297,47464
2950,47464
82881,47463
248941,47463
29958,47463
130029,47463
281482,47463
29642,47463
175898,47463
277966,47462
260333,47462
218373,47462
254230,47462
280956,47462
286576,47461
235701,47461
249484,47461
250648,47460
196271,47460
27200,47460
254608,47460
254870,47460
287603,47460
295269,47459
152846,47459
274136,47459
153081,47459
218611,47458
91126,47458
249419,47458
287464,47458
164731,47457
198653,47457
138963,47457
291822,47457
190219,47457
140026,47456
122750,47456
286526,47456
180548,47455
260765,47454
265902,47454
162715,47454
203954,47454
170840,47454
249361,47453
239768,47453
212916,47453
287711,47453
196201,47453
263289,47453
250802,47452
127837,47452
254178,47452
231041,47452
61046,47452
102804,47452
230990,47452
254483,47451
279345,47451
28786,47451
215215,47451
124563,47450
157124,47450
253268,47449
249701,47449
158963,47449
276419,47449
184115,47449
40988,47448
82126,47448
256136,47448
261341,47448
275282,47448
275251,47448
260889,47447
80013,47447
2263,47446
226249,47446
279245,47446
74062,47446
259513,47446
23086,47446
66801,47445
285723,47445
103127,47445
216839,47445
53452,47444
66214,47444
223372,47443
290571,47443
162977,47443
261633,47443
228380,47442
4539,47442
204017,47441
262712,47441
275372,47441
296203,47441
271210,47440
262655,47440
171774,47440
271112,47439
270465,47439
232642,47439
74700,47439
201362,47438
210974,47438
11426,47438
108902,47438
169933,47438
234358,47438
105536,47438
179047,47437
91931,47437
230966,47437
168678,47437
219966,47437
72347,47437
49582,47437
104112,47437
250126,47437
229376,47437
261400,47437
216698,47437
281737,47436
204273,47436
275692,47435
103739,47435
294228,47434
249003,47434
175508,47433
109785,47433
222023,47433
112190,47433
97008,47433
248986,47433
271886,47432
258420,47432
169819,47432
272620,47432
296042,47432
269001,47431
183866,47431
288015,47431
251472,47431
265840,47430
199001,47430
146605,47429
216724,47429
91974,47429
247930,47429
138701,47428
