105941,100000
80013,76842
127604,76809
98273,76231
98448,76217
81236,76176
105517,75916
100801,75806
117310,75735
123868,75730
79242,75500
148599,75461
77393,75175
119717,75145
134173,74974
99095,74795
134741,74781
168339,74613
169413,74549
183119,74223
180501,73663
276937,70460
127047,69297
82126,69148
125716,68828
82375,68808
136783,68514
109163,68464
74703,68439
82876,68400
106089,68311
116693,68303
80655,68296
138785,68266
155627,68234
107536,68191
147640,68162
130327,68159
104564,68137
119000,68106
230575,68059
129109,68021
138974,68005
127610,67993
112729,67990
238731,67952
281723,67951
107598,67931
100134,67919
75433,67919
95549,67904
140183,67884
108421,67857
89325,67851
118673,67795
85511,67789
102013,67750
194945,67708
127021,67685
132429,67683
162578,67664
248788,67646
178915,67645
108479,67640
135731,67629
181236,67620
171181,67611
218385,67590
90085,67573
131526,67540
100183,67525
67451,67513
128424,67501
115149,67497
122621,67484
167110,67463
147502,67430
119386,67370
244768,67368
73800,67361
125473,67352
180823,67350
123651,67331
225590,67327
116857,67306
170402,67286
240976,67234
202717,67198
176189,67172
182679,67104
129931,67093
107889,67070
181651,67069
215560,67028
126220,67002
262111,66967
126536,66961
188235,66883
184613,66818
133482,66789
92016,66788
233448,66699
165684,66674
138886,66662
130038,66613
168699,66561
99332,66558
121918,66516
201101,66483
287739,66466
187150,66425
146357,66365
127541,66333
151233,66326
129104,66279
82149,66271
199092,66252
239853,66233
170963,66226
208041,66188
118905,66131
91126,66062
122304,66051
147118,66023
100424,66022
125548,66017
212016,66002
108462,65975
110435,65960
181634,65894
126800,65862
293116,65828
220026,65790
166126,65759
213468,65740
149682,65717
119242,65711
183643,65697
115694,65682
127640,65677
105149,65668
157024,65607
160737,65604
194885,65583
204650,65556
103478,65554
231536,65545
157996,65523
115232,65482
190160,65422
126038,65421
173872,65417
288881,65410
229460,65389
153634,65387
153315,65365
163167,65351
211833,65347
158578,65336
60601,65333
179644,65293
156278,65225
244293,65206
244643,65200
142097,65193
171027,65182
84407,65177
111467,65168
156110,65147
136564,65141
205283,65127
106678,65115
81112,65092
189518,65048
140774,65022
131847,65007
203475,65004
275856,65003
203926,64974
155263,64964
266912,64957
81051,64955
113261,64944
170530,64925
147388,64900
192980,64896
114493,64874
142035,64769
187098,64768
168438,64737
291957,64706
181761,64706
149978,64693
113657,64683
252410,64682
182763,64675
294790,64660
93789,64652
109376,64652
78835,64625
256938,64595
123087,64581
218665,64580
211633,64572
214303,64569
124667,64567
140805,64555
250434,64542
257133,64535
215649,64518
203157,64471
114260,64441
97983,64392
253954,64381
88896,64377
168100,64369
205003,64368
122782,64365
102818,64321
136722,64302
295240,64295
202663,64279
239581,64278
99249,64262
90564,64226
240013,64208
241634,64198
118448,64195
136019,64140
245639,64128
158573,64112
95909,64069
125555,64048
86821,64017
173480,64011
174528,64010
89219,63967
79362,63966
230925,63961
167619,63952
204493,63947
283202,63936
118259,63919
206646,63910
141564,63908
73183,63893
285933,63890
256098,63874
273631,63864
104240,63839
174958,63836
245980,63828
105060,63822
269666,63813
14059,63813
118593,63796
60925,63795
109419,63790
128308,63778
262951,63760
199271,63744
194643,63738
185120,63728
246925,63716
101871,63678
197176,63664
200542,63641
193276,63635
138037,63612
274458,63609
137536,63589
155011,63576
240057,63560
126082,63533
168015,63503
137827,63471
168041,63441
222414,63428
218931,63424
145316,63391
293900,63352
187275,63325
87524,63293
189191,63192
229983,63171
126904,63160
285579,63071
261960,63054
135580,63028
81572,63024
208333,62957
231516,62898
152068,62819
99912,62739
139493,62737
284698,62705
272590,62671
283576,62600
232029,62451
265245,62390
289347,62359
107317,62321
289937,62318
147422,62314
105173,62219
156932,62160
181980,62109
288498,62108
294073,62050
227376,61974
78060,61963
69073,61960
286642,61943
79584,61908
223915,61786
256602,61771
266197,61739
247292,61718
280552,61671
244561,61580
270182,61578
211805,61521
235226,61441
21423,61411
289477,61343
170334,61284
294295,61240
292897,61240
70649,61236
138702,61222
202220,61210
244208,61182
224002,61168
179703,61067
92042,61059
251052,60991
271830,60851
244537,60797
198471,60727
206888,60720
157438,60685
234853,60659
259662,60530
231259,60529
180079,60481
226243,60225
203523,60198
235701,60191
234654,60190
208924,60166
268590,60141
266956,60053
116922,60021
272161,59949
190146,59887
287711,59801
228402,59787
219740,59735
204472,59666
239270,59648
108783,59638
224849,59565
288811,59527
124587,59478
269715,59446
225594,59239
292928,59103
279899,59077
272988,59054
258406,59032
228178,58999
268339,58976
92666,58952
246223,58911
117087,58767
91681,58752
188943,58730
229025,58716
17432,58687
222185,58563
269651,58501
248427,58469
223467,58411
30724,58390
288751,58382
170978,58315
275351,58296
293537,58172
212807,58171
249498,58060
179506,58055
104390,58049
111291,58011
242845,57978
219914,57927
130165,57921
9901,57866
202088,57862
296307,57819
253643,57818
142380,57762
214825,57717
175660,57688
161703,57495
265197,57480
202119,57422
291822,57386
183446,57349
199561,57327
255750,57265
232497,57229
230346,57200
151575,57166
149094,57141
201759,57133
292494,57030
170386,57008
290662,56990
209437,56987
151513,56982
246351,56960
291970,56927
165334,56901
125743,56899
168639,56856
284417,56825
288097,56804
30434,56778
119166,56718
272509,56704
266404,56672
256821,56650
290310,56645
189006,56610
179039,56591
186494,56571
15343,56554
141830,56554
204219,56545
271833,56538
146605,56515
255283,56474
264223,56436
275222,56333
295896,56305
215245,56291
120855,56286
222847,56284
241322,56268
202762,56219
225257,56203
81362,56169
161322,56142
113959,56130
240018,56121
152466,56120
188170,56118
230505,56086
171886,56067
199529,56060
191998,56041
156071,56024
189052,56001
239720,55986
236634,55962
142482,55933
123837,55915
222841,55894
199372,55893
215724,55853
185606,55796
139304,55778
219666,55751
188323,55728
223735,55699
188016,55697
260871,55683
185870,55665
246176,55640
152581,55625
162835,55618
158238,55609
99815,55587
174001,55541
255951,55533
148022,55520
146287,55516
113352,55510
195440,55476
117494,55460
133813,55456
182206,55447
230606,55442
186663,55419
234651,55407
222371,55381
233006,55355
175021,55351
27506,55338
230228,55335
139736,55314
194823,55309
179570,55284
155186,55279
18383,55255
277640,55217
252071,55199
198260,55199
112357,55197
167537,55196
154076,55184
215902,55162
143001,55120
139832,55118
156455,55078
179237,55075
235449,55056
163007,55042
143996,55030
240037,55020
162688,55009
295649,55001
267434,54977
132152,54960
190799,54889
249361,54881
190613,54875
146950,54867
277304,54859
266713,54838
215948,54817
282549,54793
44006,54782
144624,54781
225726,54773
143420,54717
169121,54688
272100,54675
173756,54673
292495,54671
259116,54667
293601,54659
287174,54629
135304,54629
103236,54628
126288,54621
121190,54604
143413,54556
139460,54534
255370,54523
239990,54519
272059,54507
272507,54500
218394,54456
239764,54438
284263,54432
253939,54430
177630,54423
207520,54422
142932,54406
164992,54400
167114,54395
110154,54391
128675,54381
254661,54379
165412,54376
138902,54348
16724,54329
133508,54323
15974,54295
142647,54266
190415,54259
106664,54252
144094,54247
96775,54188
138358,54146
194245,54135
143617,54134
251331,54134
128769,54050
161594,54041
155183,54040
276819,54032
143316,54019
133396,53971
238744,53957
275510,53951
195765,53944
160248,53925
164170,53914
245036,53895
128332,53880
119909,53852
204026,53850
133951,53845
165855,53840
270314,53833
59680,53794
229408,53789
294596,53783
147160,53783
10216,53762
98240,53745
183834,53739
217669,53737
104450,53728
114069,53711
84677,53668
228461,53666
234112,53646
116031,53642
115002,53617
219124,53595
233578,53537
180655,53517
126120,53512
181337,53507
1017,53474
105500,53474
253553,53470
207968,53469
141473,53440
135650,53421
116256,53406
155524,53405
131804,53387
276442,53374
176441,53339
138156,53338
289037,53333
154949,53330
132583,53321
122176,53314
91977,53293
186732,53241
251274,53221
105829,53219
150439,53213
196885,53201
250430,53201
259328,53200
238086,53196
143645,53173
103269,53133
203623,53131
256553,53124
270594,53103
159068,53097
285546,53081
199373,53037
261905,53028
117539,53004
152655,52994
110466,52961
105249,52956
225957,52941
186224,52934
96280,52932
105166,52926
179047,52924
253424,52900
134891,52893
207879,52880
277980,52864
140907,52860
274603,52847
129253,52829
96914,52800
278730,52800
98120,52799
100013,52786
65888,52783
88181,52783
266008,52752
155545,52746
176608,52716
284523,52681
68570,52679
155911,52675
229646,52661
111846,52660
236775,52651
198122,52641
96941,52639
80619,52634
131441,52630
58245,52624
109229,52620
288102,52612
255341,52610
102313,52604
123213,52592
137939,52586
165249,52507
117304,52505
90411,52490
260723,52490
126237,52484
121742,52461
141505,52444
234224,52440
85545,52416
87776,52413
150471,52409
126579,52378
9946,52374
243827,52368
64898,52364
182570,52328
257501,52327
173224,52318
220811,52311
226020,52308
177298,52298
79700,52288
98796,52282
22967,52224
287169,52223
240181,52217
151254,52179
176794,52151
91037,52150
98728,52147
274362,52146
206445,52138
175529,52122
239493,52117
80256,52111
252615,52107
142623,52097
116841,52097
240891,52095
98879,52074
295477,52070
102948,52059
15684,52052
178594,52050
255274,52038
199212,52020
289707,52010
260914,52009
208472,51994
174378,51960
295203,51956
65436,51951
162812,51948
102554,51942
221096,51926
216767,51922
122073,51914
243420,51884
247099,51871
230890,51863
59253,51854
176383,51837
186556,51820
245135,51818
161757,51812
208195,51805
209701,51803
224649,51790
268808,51783
145104,51769
293442,51761
127536,51743
115098,51725
66561,51724
79474,51724
240461,51710
109562,51704
218657,51692
201968,51676
234166,51671
285324,51662
180953,51653
166918,51649
235518,51646
237698,51633
155676,51631
279462,51624
124753,51612
265188,51611
232588,51594
93087,51591
235044,51588
167785,51568
276536,51557
160543,51547
233936,51543
177538,51522
236501,51516
243307,51510
148491,51509
274152,51509
233721,51507
288653,51506
106469,51495
105761,51487
173846,51484
150927,51476
292129,51453
226862,51449
75511,51440
113339,51435
214493,51433
144348,51424
223344,51401
262307,51390
95981,51380
254345,51378
243308,51374
237801,51366
254801,51351
242391,51345
210090,51341
123561,51321
212907,51321
132867,51321
161128,51292
196455,51292
256014,51273
202843,51268
153637,51257
70332,51255
17871,51254
99245,51240
96197,51232
163409,51232
209748,51226
190003,51225
226678,51221
163465,51210
258232,51209
1025,51203
226918,51189
88019,51189
165794,51188
288212,51188
155400,51184
59142,51175
111848,51173
135514,51171
160700,51141
163214,51141
177101,51131
186415,51129
12030,51127
108514,51120
15632,51111
231720,51103
162557,51090
118130,51086
200327,51084
136426,51078
89395,51072
258763,51070
276135,51068
147951,51065
222023,51062
270600,51062
281083,51036
118206,51034
167877,51025
156565,51022
118968,51018
91635,51015
212944,51013
256314,51009
273327,51008
195760,51003
120491,50994
94176,50990
226263,50989
133202,50988
52312,50982
285276,50975
225767,50970
125286,50963
210763,50955
139524,50955
82165,50953
248859,50950
272885,50936
164788,50934
222320,50926
117151,50916
256924,50916
234276,50912
267492,50909
255832,50887
261705,50886
292201,50885
101996,50874
46524,50869
251637,50867
127878,50866
132126,50859
208568,50858
13309,50847
244573,50841
173024,50840
113178,50839
218716,50838
274550,50833
255917,50820
78299,50815
213802,50810
254637,50803
102893,50802
75082,50799
238245,50796
86813,50794
138802,50793
170493,50792
265918,50781
123320,50776
203273,50770
220590,50768
283189,50766
91437,50759
72189,50757
261070,50750
177686,50748
233343,50739
187070,50737
133673,50734
62528,50732
191075,50730
217536,50725
11065,50725
189935,50724
213462,50722
157217,50721
244731,50711
233584,50708
190501,50696
291951,50679
280792,50674
136173,50666
262608,50662
134921,50656
225819,50650
296374,50649
229977,50645
98363,50644
148515,50641
265470,50633
45811,50632
271747,50629
249246,50624
134827,50622
197586,50621
198261,50616
170474,50612
169527,50610
108035,50607
149707,50604
181550,50602
260030,50596
257969,50591
279080,50583
279320,50576
134744,50571
213727,50569
201114,50557
140070,50556
259406,50554
215758,50552
157317,50544
12513,50541
105827,50532
291249,50531
125886,50515
261110,50513
154062,50505
202567,50500
254178,50497
111748,50496
262724,50494
233497,50492
169595,50479
267339,50475
189739,50442
276527,50439
252628,50438
280234,50435
273618,50430
277168,50420
80482,50419
180043,50416
143051,50413
203239,50401
173043,50398
252604,50397
197609,50391
276956,50381
261549,50379
105956,50379
112612,50378
256585,50375
246291,50374
246656,50374
225284,50363
176423,50357
160091,50345
245299,50343
255783,50341
209657,50338
250978,50337
287421,50336
233060,50336
248993,50335
239404,50335
180857,50334
158585,50329
11408,50329
138268,50322
219242,50321
161394,50311
97012,50307
283594,50296
209926,50293
81574,50289
216048,50281
281270,50279
58583,50278
100293,50270
90318,50265
222806,50253
95311,50250
90427,50250
283678,50248
52036,50243
276334,50243
243239,50241
286436,50237
215039,50233
139065,50228
154774,50228
262345,50227
126173,50223
232936,50221
102482,50214
176909,50213
122593,50212
181145,50207
128908,50197
144982,50195
243595,50194
249898,50193
141089,50189
199206,50188
147284,50185
214642,50185
224730,50177
279055,50173
254115,50157
82856,50154
83259,50152
271637,50151
259127,50145
211193,50140
251179,50140
172958,50138
114347,50133
172840,50129
196206,50129
184013,50127
195383,50106
158205,50103
160458,50101
270237,50094
273716,50092
146693,50089
260532,50084
183774,50077
81185,50075
239797,50073
100106,50071
261327,50070
219198,50065
246964,50065
134760,50064
90550,50063
286827,50058
116398,50057
232143,50045
174082,50044
228361,50024
106508,50019
236469,50013
161115,50009
248191,49998
256019,49997
70400,49997
295741,49990
210718,49989
265327,49986
207085,49977
83986,49977
252271,49974
199775,49973
193893,49970
278825,49961
230409,49954
269119,49954
291899,49950
160,49943
116287,49938
263178,49934
175017,49924
119419,49921
289718,49920
134869,49920
176903,49915
80742,49913
133493,49911
684,49910
247281,49909
157547,49906
262497,49905
127814,49901
185188,49898
128367,49884
233963,49884
285757,49883
200256,49882
188404,49879
150116,49878
230798,49877
249989,49875
74033,49874
218176,49874
144939,49873
126919,49871
175162,49867
281893,49860
230431,49857
177565,49855
234385,49855
140061,49853
281017,49851
203213,49850
224175,49850
240486,49845
228790,49843
242799,49836
159277,49828
186892,49824
185435,49824
237865,49818
149497,49817
277286,49817
88193,49813
144036,49812
227494,49811
275700,49811
251380,49800
108350,49797
124758,49797
270199,49793
95891,49792
111838,49792
289947,49791
228556,49787
214828,49784
192421,49784
51158,49783
250996,49772
156294,49770
163493,49768
76700,49762
226368,49759
144739,49758
170359,49756
295296,49753
259887,49752
131696,49746
4443,49745
206123,49743
265789,49743
218513,49743
223136,49743
277750,49739
272218,49738
137353,49737
142378,49736
221086,49736
191367,49727
160253,49726
89699,49724
228032,49723
140013,49720
256677,49717
140619,49715
293856,49715
143508,49708
275566,49707
180968,49706
219339,49703
204920,49703
74616,49701
65825,49701
269366,49701
229424,49700
132690,49698
224076,49692
292574,49691
291885,49691
251861,49691
175440,49691
159499,49688
43715,49686
203723,49685
160747,49685
9070,49684
121249,49683
151340,49682
170057,49680
180905,49678
251390,49678
256552,49677
261727,49677
148382,49674
218633,49673
212107,49669
205302,49669
283278,49668
263832,49667
97066,49667
124409,49667
283236,49666
228750,49665
265922,49663
162416,49663
246962,49663
236176,49660
138850,49660
236602,49660
91985,49655
235407,49655
274937,49654
244270,49653
283049,49652
273397,49651
242954,49651
182797,49649
238977,49645
248008,49644
285073,49643
190192,49642
272302,49641
264641,49640
237242,49637
262408,49636
260357,49635
187800,49635
144749,49634
90019,49634
122933,49631
276588,49631
54090,49630
191811,49622
176920,49617
75611,49614
85217,49614
295855,49613
284991,49608
98237,49606
293734,49606
167352,49604
228793,49598
188180,49597
232583,49591
275770,49591
215344,49588
207406,49586
129287,49585
145876,49583
146740,49581
102532,49581
168300,49577
166542,49571
167593,49571
210663,49569
285844,49568
229861,49567
7340,49564
290651,49563
292618,49562
194258,49561
228103,49559
265457,49557
186238,49556
148570,49554
129896,49554
287464,49553
183215,49551
142597,49548
246761,49547
241303,49547
174725,49547
248339,49546
140800,49544
117459,49544
280096,49543
252351,49543
254005,49542
111631,49539
23340,49536
262972,49535
272130,49533
240088,49532
162008,49532
284427,49531
257114,49531
219905,49530
226248,49529
293167,49529
88400,49528
185280,49525
259829,49522
254213,49521
292624,49521
249362,49519
5747,49519
93612,49517
235239,49517
47205,49516
43525,49516
171667,49515
243445,49515
213963,49514
217858,49514
18604,49510
243686,49505
89421,49503
192535,49501
196247,49496
264571,49496
265127,49494
208893,49490
130156,49488
256880,49487
222531,49487
285000,49487
287625,49487
249643,49486
237706,49484
180402,49484
103806,49482
246934,49480
49505,49479
133240,49476
254095,49474
254034,49473
90674,49472
272999,49472
278338,49470
190230,49470
205294,49469
129510,49468
296113,49465
182738,49464
131312,49460
198086,49457
295399,49456
256601,49455
245941,49454
260381,49453
198337,49450
273894,49447
230529,49447
145571,49445
186930,49445
226483,49444
174404,49443
270956,49441
184210,49439
157690,49438
268428,49438
208117,49436
285294,49435
261588,49435
257703,49432
188666,49431
259921,49429
177433,49426
234131,49423
291106,49422
136932,49422
277634,49421
259920,49421
46449,49419
286189,49418
153979,49417
270218,49415
280764,49414
74461,49414
180123,49414
223086,49414
92785,49414
295005,49409
258584,49409
95131,49408
174054,49406
84666,49406
293843,49404
256784,49403
132192,49403
271856,49402
267067,49402
191597,49402
159924,49402
216271,49400
243176,49400
273523,49399
247028,49397
253249,49396
146837,49395
267904,49394
270716,49394
289094,49394
168605,49392
190053,49392
216959,49392
134274,49391
291281,49390
131784,49386
274137,49386
261168,49383
161532,49379
181524,49378
295387,49377
188495,49377
252239,49375
264947,49373
245578,49371
103923,49370
200018,49370
165597,49369
239369,49367
199634,49367
249778,49365
203130,49364
233315,49363
110745,49361
91697,49360
131711,49360
288793,49358
293137,49357
276048,49357
245374,49356
274233,49354
207888,49352
288261,49351
249573,49350
241304,49349
218884,49347
223943,49345
289742,49343
273798,49342
212947,49341
283910,49341
266359,49338
173233,49337
218687,49336
87081,49334
225337,49333
204673,49333
138218,49332
229339,49331
259133,49326
104982,49325
290312,49322
263022,49321
204240,49321
174476,49320
186441,49320
158889,49316
162476,49315
125181,49313
277568,49313
246710,49311
181391,49310
8049,49310
280298,49309
291055,49309
270560,49308
287502,49307
202525,49303
287893,49303
137461,49302
234323,49302
250750,49300
144055,49292
268067,49291
238220,49290
123902,49290
141624,49288
129661,49288
247710,49288
268150,49287
202038,49286
286140,49284
217850,49283
96617,49282
208528,49281
213434,49281
158859,49280
90251,49280
215813,49276
160639,49272
240194,49272
140771,49271
205252,49271
260366,49270
268406,49270
191743,49269
257696,49268
143857,49268
178187,49266
288578,49265
143578,49265
278059,49264
116868,49262
119191,49261
231675,49261
219939,49257
207083,49256
270710,49255
291782,49255
199355,49253
186256,49252
131739,49249
159197,49247
292197,49246
278746,49245
215759,49243
240953,49242
283227,49242
214190,49241
267791,49241
98540,49238
196548,49238
241132,49237
201036,49236
255581,49235
284757,49235
142729,49234
233982,49232
283016,49232
235781,49231
160537,49229
194169,49228
163047,49227
275224,49224
294207,49224
6871,49221
235223,49220
134437,49219
178101,49218
267123,49217
239729,49217
285817,49215
140951,49214
286204,49214
213255,49208
273447,49206
82362,49204
85005,49203
292224,49203
277161,49203
230383,49200
163772,49198
147932,49198
145195,49197
278121,49195
254167,49194
203079,49188
286876,49187
292450,49187
255521,49185
251049,49184
114306,49183
106294,49183
242975,49181
287302,49179
187385,49178
293902,49177
283470,49176
148363,49175
283460,49175
126770,49174
9890,49172
129713,49172
109051,49172
197674,49168
252125,49167
252192,49166
204879,49166
271936,49163
101770,49161
196167,49161
286278,49161
275026,49160
272293,49160
165323,49159
151503,49155
246803,49155
189659,49154
128884,49152
233652,49150
228252,49149
236325,49148
42259,49148
262468,49145
100035,49143
237864,49142
60045,49141
192343,49140
174395,49138
185607,49138
148914,49137
195216,49136
255336,49136
214964,49134
282705,49134
140959,49134
237621,49132
264269,49130
56925,49129
77539,49128
255512,49127
256889,49125
165260,49125
259376,49125
145254,49122
283631,49122
202098,49122
152804,49121
215523,49120
209135,49119
202032,49119
238139,49117
103271,49115
222178,49114
286462,49113
288771,49112
203098,49112
222454,49112
171647,49110
198139,49107
244012,49104
263630,49104
183120,49102
127638,49102
191313,49101
127187,49100
282923,49099
170718,49098
221634,49097
86823,49096
216613,49092
46091,49090
230113,49088
224508,49088
213844,49087
287068,49087
145880,49086
278527,49085
211294,49085
273065,49083
272510,49081
155027,49079
140354,49078
63317,49077
295935,49075
136541,49075
96899,49074
53760,49074
183679,49074
231056,49073
67857,49073
100533,49073
7628,49072
221961,49071
152267,49071
283359,49069
191300,49068
256374,49066
256235,49065
234285,49065
250756,49064
186499,49063
9334,49061
293891,49061
294117,49056
261541,49055
208421,49054
289333,49052
58971,49048
217716,49048
104981,49045
259454,49044
243759,49042
263467,49042
249349,49041
196409,49041
215653,49041
74529,49039
540,49039
258037,49037
171237,49034
260296,49034
269133,49033
111191,49033
211653,49032
112578,49031
222742,49031
283574,49028
245801,49027
282903,49027
155380,49025
247929,49025
295385,49020
191842,49020
71053,49018
222624,49016
161126,49015
270071,49012
172123,49010
198698,49009
228329,49008
287615,49007
259767,49006
274176,49005
290317,49004
154467,49003
285676,49002
263298,49001
123678,49001
225882,48999
54285,48999
293095,48996
127098,48996
144367,48995
243438,48993
205848,48991
200285,48991
163955,48988
113913,48987
166569,48986
281729,48986
147750,48986
162344,48985
238193,48985
190030,48984
208912,48983
262014,48983
271730,48982
234698,48982
166493,48981
202188,48978
132930,48974
253157,48974
227897,48974
172339,48972
62098,48972
246166,48972
181538,48972
235726,48971
12661,48969
211906,48966
274722,48966
99005,48963
178753,48962
246588,48961
277869,48961
144148,48959
209992,48958
292553,48958
124628,48957
79169,48957
200794,48956
122800,48955
177081,48955
213747,48955
270093,48954
266693,48954
262911,48954
294896,48954
258656,48953
184576,48953
123981,48953
225335,48950
271441,48949
113293,48949
242690,48948
141264,48948
240485,48947
213915,48947
194778,48945
288133,48945
270035,48944
256286,48941
155293,48941
124458,48937
123918,48935
122398,48933
224905,48930
142978,48929
211991,48929
204147,48929
120631,48928
215760,48927
257480,48927
217754,48925
291353,48925
251558,48917
263522,48915
144904,48914
186818,48913
109313,48912
165025,48912
132703,48911
206572,48910
286554,48910
235070,48909
113090,48908
296463,48907
133415,48903
162288,48903
163137,48901
215956,48900
252984,48900
225976,48899
174991,48897
251465,48897
98001,48897
201948,48897
235212,48892
225428,48892
77982,48889
239403,48887
8512,48885
62278,48885
191562,48883
240566,48883
282040,48881
218725,48881
239758,48881
277030,48880
236709,48879
258460,48878
120010,48877
248524,48877
129694,48875
146505,48873
193632,48873
286198,48873
293894,48872
254205,48871
130043,48871
165388,48870
234739,48869
554,48868
192188,48868
8707,48868
214362,48868
198454,48867
241002,48867
65355,48867
15152,48866
105020,48865
245132,48864
21600,48862
178098,48861
198174,48858
20211,48858
214834,48856
272675,48852
135309,48852
74069,48850
284186,48850
162775,48849
92901,48848
229028,48848
251129,48848
261674,48847
270695,48847
289637,48847
178266,48846
101809,48845
168832,48845
177226,48844
269143,48843
236735,48843
214872,48842
132957,48841
159876,48841
211458,48840
239429,48839
191095,48838
244782,48838
138106,48835
282911,48833
115986,48833
198703,48830
279733,48830
241540,48828
51586,48825
179487,48825
135598,48825
295029,48825
239524,48825
211728,48822
188660,48821
64042,48820
115272,48818
186433,48817
254190,48814
227847,48813
270768,48813
40616,48810
283621,48808
89470,48807
264276,48806
144827,48804
111757,48799
246718,48798
157736,48797
120031,48794
103384,48794
234785,48794
248982,48793
220578,48793
285097,48790
271528,48790
211225,48790
281378,48790
285180,48789
263554,48788
250882,48788
98068,48788
270713,48787
14918,48786
264586,48782
169719,48782
160902,48782
166705,48781
217320,48779
231174,48779
193800,48778
189962,48772
247120,48771
144845,48771
41516,48769
102978,48768
235510,48766
158340,48766
76433,48766
182886,48765
256198,48764
63272,48764
243614,48764
203023,48762
123300,48762
229098,48761
26783,48760
229385,48759
6061,48758
244380,48758
258443,48751
46404,48750
187953,48750
161795,48747
88460,48746
259477,48746
148980,48743
250416,48740
139398,48740
289510,48739
245976,48739
167133,48736
129027,48735
258220,48735
207482,48734
253285,48733
226692,48730
212685,48726
258182,48726
283598,48724
277657,48723
293157,48722
139354,48721
232134,48721
109364,48719
266313,48719
248004,48718
200774,48716
249787,48715
248314,48713
186020,48712
125259,48712
227646,48712
35903,48710
277820,48709
177258,48708
293662,48708
234366,48707
282156,48706
293731,48706
214044,48704
144954,48704
11085,48704
140687,48703
253083,48703
215911,48701
76487,48701
255626,48700
268923,48699
217333,48699
95450,48697
189135,48696
240735,48695
203662,48694
152786,48693
181112,48692
286999,48692
261699,48691
212605,48689
249051,48688
194261,48687
254940,48685
284718,48685
198179,48685
184892,48684
224894,48684
201828,48682
226445,48681
261150,48681
252623,48678
266824,48677
137631,48675
144706,48675
182365,48674
182135,48672
98110,48671
117818,48670
240001,48670
75298,48669
221995,48668
269185,48668
257244,48665
245220,48664
293824,48664
4425,48664
209976,48663
97767,48662
262149,48662
200759,48661
170890,48660
271612,48658
245313,48656
272177,48655
207896,48655
243698,48651
121,48650
203807,48645
21793,48644
156983,48644
176145,48642
191909,48642
276881,48640
143464,48637
245784,48637
208211,48635
209111,48634
133570,48634
217479,48633
194914,48633
114740,48631
177913,48621
279170,48621
283690,48619
109614,48616
113785,48614
204784,48613
149894,48612
267519,48612
250595,48612
169987,48612
239778,48611
105698,48611
239331,48611
240238,48610
247150,48610
285593,48609
255821,48606
203142,48605
169915,48603
285461,48603
230230,48601
135154,48600
245008,48599
115273,48599
254533,48598
272048,48598
14209,48598
82317,48597
133988,48587
256386,48583
189698,48582
158202,48582
239002,48579
255349,48579
261374,48579
283162,48577
230691,48576
244084,48575
117455,48572
139612,48569
68643,48568
287032,48568
260700,48568
197966,48567
237617,48565
78933,48565
27248,48564
163241,48564
163900,48564
131221,48562
191813,48561
259994,48559
96171,48559
57530,48556
206845,48550
280613,48550
267925,48545
27786,48545
288303,48543
209891,48542
231305,48542
295236,48540
22347,48539
278272,48539
213880,48538
258197,48537
192865,48535
220638,48534
202948,48532
152198,48532
132612,48530
282276,48529
292534,48527
191733,48526
169887,48520
106683,48518
285069,48518
270988,48518
147644,48517
201768,48516
98827,48514
158580,48512
254483,48511
209560,48510
283709,48510
211709,48510
205004,48510
131504,48509
230853,48505
42258,48505
287025,48504
161392,48503
242021,48502
228740,48502
114095,48502
125425,48501
166779,48500
90234,48500
41638,48500
186373,48499
248936,48497
218469,48494
182065,48493
169016,48491
236331,48487
276410,48485
120596,48483
278803,48481
48760,48480
192964,48478
269505,48475
230293,48472
78187,48472
245675,48471
242915,48470
253091,48469
290527,48468
229734,48468
167592,48466
250244,48466
295421,48465
90314,48465
194943,48460
266573,48459
59158,48457
274551,48456
288489,48455
126422,48453
152985,48452
248379,48450
221805,48449
93258,48448
209899,48447
242200,48445
147465,48442
277516,48440
141793,48437
63377,48436
251774,48436
196742,48435
143402,48434
163220,48434
101283,48427
225468,48425
34545,48424
274738,48421
257202,48421
157386,48419
229564,48418
147263,48416
178436,48416
209822,48416
275073,48415
120508,48415
245723,48412
285776,48410
262838,48407
227972,48407
267144,48407
257539,48406
9106,48406
67795,48405
267728,48405
226873,48405
268957,48403
243118,48401
267532,48400
130144,48399
260559,48397
275442,48394
287387,48391
285741,48391
266250,48390
281862,48390
249117,48386
165285,48386
206612,48386
108229,48383
176298,48380
273536,48379
289459,48379
133031,48379
256713,48375
265005,48374
262541,48374
193284,48373
78301,48373
237636,48372
243640,48370
296553,48370
262298,48369
175889,48369
292550,48368
216939,48367
224432,48367
293976,48366
210755,48366
187421,48365
239661,48365
136868,48364
248504,48363
251731,48362
242812,48361
281172,48360
210173,48358
78877,48357
102458,48357
152631,48355
132411,48353
101123,48349
121921,48347
228630,48345
275559,48345
295789,48343
57414,48343
253176,48342
181477,48342
272309,48341
234307,48337
246695,48337
121385,48336
119573,48336
144074,48333
197199,48333
195186,48328
104543,48326
170895,48325
146966,48324
246514,48323
134099,48321
246557,48321
250346,48319
279473,48319
234939,48319
203387,48318
212346,48318
229376,48317
109850,48313
127295,48310
169316,48309
233636,48309
25800,48307
253269,48306
248817,48305
98913,48305
256266,48303
111287,48300
261787,48299
151527,48295
228456,48292
189922,48291
85798,48291
229302,48289
90771,48289
237850,48288
177987,48287
226654,48285
24280,48285
167851,48285
296586,48284
176955,48284
192778,48283
211983,48283
170988,48282
245537,48282
145331,48282
229763,48278
277559,48277
132685,48277
169813,48275
185294,48274
224996,48269
249078,48268
174477,48267
163811,48266
224707,48264
162717,48261
109,48259
283757,48257
127235,48252
149222,48250
285884,48247
288725,48247
190782,48247
136604,48241
292284,48240
280017,48240
294560,48240
187607,48236
295392,48236
240284,48236
190349,48233
133977,48232
229832,48232
217532,48231
243717,48227
68610,48227
246462,48226
75146,48225
157511,48224
184602,48223
209303,48223
240131,48221
140002,48221
190588,48221
269924,48221
202203,48220
236770,48220
230694,48220
213114,48216
204261,48215
280623,48214
261487,48214
146211,48214
184317,48214
224895,48213
180033,48213
219565,48211
288104,48211
138679,48208
272534,48207
92222,48207
161961,48205
253964,48204
271327,48201
184677,48200
177288,48198
212611,48189
169763,48189
253237,48188
137078,48185
275005,48184
143671,48184
287366,48183
289250,48183
40094,48183
274153,48182
147285,48181
63932,48181
252643,48180
265434,48179
262979,48178
97948,48178
68230,48178
82415,48177
201603,48177
212126,48175
287176,48175
273126,48174
273227,48173
171024,48173
276855,48172
174986,48171
265715,48171
278624,48171
118590,48170
267534,48169
245667,48169
224779,48167
288560,48167
284967,48167
243296,48165
207320,48165
229432,48165
110436,48163
192875,48163
199964,48161
178497,48160
283986,48160
280706,48159
225034,48158
271264,48157
268855,48156
229999,48156
48431,48155
287606,48155
147756,48155
279016,48151
225822,48150
163053,48150
45135,48149
296509,48148
207868,48147
225992,48147
98736,48146
110486,48145
249624,48145
122105,48145
114248,48144
59464,48142
202623,48142
277509,48142
203011,48141
199584,48138
132454,48137
47142,48137
240261,48133
57914,48132
163072,48131
266797,48131
192403,48130
217074,48129
151929,48129
75582,48129
265946,48127
179538,48126
172572,48125
8647,48124
152142,48122
191872,48122
217958,48121
266434,48120
211568,48120
285708,48119
145487,48119
107983,48119
68473,48119
227497,48119
266413,48117
196001,48117
242601,48117
274421,48116
256113,48115
186312,48115
85931,48114
221070,48111
135228,48110
233866,48109
208362,48107
277025,48107
293107,48107
108050,48106
181090,48104
276381,48104
161280,48103
296399,48103
202148,48103
136993,48102
92192,48101
198612,48101
245488,48097
235741,48095
237076,48093
289462,48092
59257,48092
222214,48090
229949,48089
260217,48088
235805,48087
182051,48087
234906,48087
161647,48084
280701,48082
253324,48081
151682,48080
150167,48079
260655,48078
245665,48076
84584,48076
269552,48075
123225,48075
273773,48074
230080,48074
190752,48074
154370,48073
190907,48072
277462,48071
278683,48071
239519,48071
156274,48069
291722,48069
152717,48068
282374,48068
264753,48068
50599,48067
289102,48066
233418,48065
242910,48063
141297,48062
255845,48062
292855,48061
201298,48059
252739,48058
11170,48057
286789,48057
224777,48056
200201,48055
292392,48054
189238,48053
137126,48053
96101,48052
284858,48052
251150,48049
235216,48047
183771,48047
181276,48044
266572,48040
49819,48035
67095,48034
102171,48033
239149,48033
268868,48032
181555,48030
67891,48029
200008,48029
271311,48027
292025,48027
276566,48027
252594,48026
277832,48026
226122,48025
243535,48025
99546,48023
179709,48020
191261,48020
261749,48019
275935,48018
239887,48018
238261,48016
158622,48016
145892,48016
294153,48014
254463,48013
179756,48013
189829,48012
16565,48010
160831,48009
273640,48008
269081,48006
110919,48006
22085,48005
253008,48005
227039,48004
218168,48003
130253,48002
214741,48002
216526,48002
267939,48002
184702,48001
79249,48001
237941,48000
133775,47999
218319,47999
249053,47997
260624,47997
215005,47996
284606,47994
48292,47993
259179,47991
254775,47991
55352,47991
253402,47989
233573,47989
226099,47988
293598,47988
23196,47987
192810,47987
269034,47987
279519,47986
276244,47986
197255,47985
213350,47984
207289,47983
156197,47982
236617,47981
174331,47981
122930,47981
153592,47980
216326,47980
44914,47979
16190,47977
289312,47976
185832,47975
278866,47974
280727,47974
221830,47974
216023,47972
288249,47968
248013,47968
295634,47967
53866,47966
294215,47965
207903,47965
204494,47965
13658,47965
214612,47965
22384,47964
245808,47963
263989,47958
293102,47956
260688,47955
145593,47955
246117,47954
97187,47952
168711,47952
272194,47951
95690,47950
37658,47949
133738,47947
236920,47946
143174,47946
294517,47945
212973,47945
159617,47945
276221,47944
283298,47943
41458,47942
267514,47940
285810,47940
253004,47940
36397,47938
133439,47938
278592,47935
222265,47934
285950,47934
68595,47933
188154,47931
103143,47930
158079,47929
253843,47929
268032,47929
103159,47928
212828,47928
238718,47927
282468,47927
226299,47926
121904,47926
144276,47925
246448,47924
221023,47922
61241,47922
272156,47920
268653,47919
35477,47919
273703,47918
96356,47917
211286,47916
70555,47916
210617,47915
157524,47915
114848,47913
237101,47913
70440,47913
274382,47913
295803,47913
188924,47912
220405,47911
294988,47911
288862,47910
196236,47908
168208,47905
123752,47905
267739,47905
286526,47903
147533,47903
165340,47902
46340,47897
201226,47897
175561,47897
151060,47894
260875,47894
233159,47893
217881,47893
284758,47893
293764,47892
106969,47890
251153,47888
280647,47887
164350,47886
229263,47885
229876,47884
166927,47883
215600,47881
97040,47877
203344,47877
43857,47876
192727,47876
189346,47873
197723,47873
286475,47872
272879,47872
237132,47871
292936,47870
148103,47869
289142,47869
274725,47869
289881,47868
261300,47868
289963,47865
199066,47864
185448,47862
239354,47861
223360,47860
173893,47860
290886,47860
237023,47859
223724,47858
165946,47858
53078,47857
238144,47856
159746,47856
169848,47856
261326,47855
293017,47853
254423,47852
121106,47852
89571,47850
263891,47846
257524,47845
66118,47845
124892,47845
159984,47843
28271,47842
206233,47841
183168,47841
270890,47841
180718,47841
54706,47840
238023,47839
111664,47837
95618,47836
288864,47836
261115,47834
23875,47833
70436,47832
107160,47832
293841,47831
200247,47830
273842,47829
291393,47827
276406,47827
81568,47827
250624,47826
258957,47825
266199,47824
245583,47823
180156,47823
262975,47821
184943,47820
120086,47820
251513,47819
275855,47818
228623,47818
69442,47817
241263,47817
266661,47817
99433,47816
129791,47815
180451,47814
403,47814
146179,47813
133501,47813
81947,47813
218207,47812
191388,47812
230635,47812
279128,47811
253737,47811
196058,47808
273558,47808
189126,47808
188424,47808
261104,47807
153098,47807
194614,47807
197503,47807
184911,47806
194718,47805
143136,47805
127141,47805
294287,47804
241664,47803
289793,47802
288675,47802
242183,47801
287058,47799
92314,47799
93703,47797
264632,47796
261140,47794
187511,47794
264048,47793
207250,47792
261372,47792
248939,47792
223730,47790
114565,47790
97826,47789
114838,47789
196003,47786
249234,47785
251120,47785
271022,47782
273103,47782
293656,47780
249783,47780
268753,47778
30369,47778
248472,47778
200510,47777
65854,47776
168253,47776
156825,47776
198266,47776
280625,47774
239223,47774
286231,47774
132638,47773
89212,47772
65262,47772
105146,47771
159351,47770
126901,47769
258352,47769
284851,47769
116646,47768
293275,47765
257843,47765
238604,47764
253313,47763
158805,47763
112209,47763
137978,47762
257890,47762
169999,47762
148725,47762
213977,47761
265541,47761
189153,47759
151797,47758
239483,47758
118414,47757
256419,47756
270097,47756
271715,47754
216011,47752
237898,47752
118721,47751
238829,47751
118168,47751
270122,47751
295662,47749
85919,47749
295041,47749
251824,47747
217197,47744
211038,47742
165409,47742
287520,47742
199832,47742
267111,47741
145287,47740
277860,47740
175508,47739
104953,47739
294067,47738
285890,47738
29869,47735
219899,47735
286394,47735
261394,47735
296099,47734
191284,47734
112908,47733
231764,47733
278361,47732
44084,47732
110892,47731
263601,47730
58723,47730
294044,47730
243778,47729
165648,47729
245304,47728
273029,47728
237381,47728
69673,47727
171861,47727
84509,47726
266380,47726
286517,47725
283791,47724
284307,47724
239852,47723
171470,47722
95232,47721
194066,47720
241738,47719
269248,47719
277071,47719
169767,47719
154848,47718
254150,47716
211067,47716
290581,47715
214987,47715
120630,47715
243321,47714
285040,47714
172282,47713
56208,47710
89465,47710
245026,47709
102899,47708
264068,47706
280343,47706
270306,47706
141521,47705
290265,47702
220718,47701
174488,47700
36859,47700
156818,47699
166641,47699
150112,47697
288938,47696
289373,47695
206794,47695
292401,47694
219993,47693
239840,47690
141907,47690
109396,47690
159756,47689
25046,47689
246531,47689
265027,47688
254719,47687
230060,47687
181646,47685
186304,47685
251291,47684
270399,47684
138556,47683
215746,47682
249714,47682
108271,47682
260414,47681
268198,47681
217673,47681
271952,47680
250615,47679
155876,47678
225699,47678
283044,47676
125024,47676
272560,47676
245711,47674
224146,47673
45453,47672
234997,47671
63362,47670
205429,47669
204774,47669
291972,47668
265288,47668
236142,47668
260678,47667
285483,47667
284470,47666
160370,47664
207494,47664
278503,47664
131198,47662
288464,47661
194315,47661
487,47659
64926,47659
241614,47658
247790,47658
268702,47656
142730,47655
265265,47653
257049,47651
211841,47649
219737,47647
274873,47646
80431,47645
143757,47645
191059,47643
296580,47643
229440,47643
205634,47643
295888,47642
282978,47642
127060,47642
282985,47642
295919,47640
202812,47639
279395,47638
225369,47638
121578,47637
166014,47636
229941,47636
208133,47636
289066,47635
131078,47635
158636,47634
263493,47634
155426,47634
267778,47633
77189,47632
107963,47630
289387,47630
273687,47630
165796,47630
222165,47630
207611,47629
210912,47625
119980,47624
270037,47624
130997,47623
265997,47622
181696,47622
244411,47620
233991,47619
282199,47618
117561,47617
116353,47616
96889,47615
240107,47613
132526,47611
185816,47610
276545,47608
103042,47608
173489,47607
261427,47607
107051,47606
167019,47606
286258,47603
294855,47603
169613,47603
77106,47603
64932,47601
261035,47601
284190,47600
203618,47599
236580,47599
260216,47598
203715,47598
175625,47596
161968,47596
233532,47596
190981,47596
281838,47594
206584,47594
199920,47593
230946,47593
199777,47593
262020,47591
251507,47591
226166,47589
148996,47588
146654,47588
233550,47588
99695,47587
142062,47586
76038,47585
137061,47585
129829,47585
163565,47584
109854,47584
49080,47581
6632,47580
138687,47579
279512,47578
248438,47577
254850,47576
213414,47575
225854,47572
26528,47572
247323,47572
36168,47571
110726,47570
242091,47570
271765,47570
261790,47568
181965,47568
189496,47567
245139,47567
199906,47567
196007,47566
231780,47566
20862,47566
288882,47565
157112,47564
219966,47564
28847,47563
152691,47561
243694,47561
181033,47560
132333,47560
167009,47558
279503,47557
263866,47556
246115,47555
283181,47555
162711,47553
52009,47553
281747,47552
84280,47550
193063,47550
244612,47550
271314,47549
228669,47548
156335,47548
232808,47547
251523,47546
217020,47546
232894,47545
181416,47545
258520,47544
286746,47543
190895,47542
178377,47542
198331,47541
267256,47540
218437,47540
36874,47539
43404,47539
245182,47539
88127,47538
165461,47537
269836,47537
152514,47537
201066,47534
61980,47533
266001,47532
210069,47531
239813,47531
4992,47530
186307,47530
7237,47530
244471,47529
120341,47529
287459,47529
226435,47528
157763,47527
142759,47527
214968,47527
145564,47527
243576,47527
148898,47526
281472,47526
188366,47526
224900,47525
265038,47523
192075,47523
211997,47522
197865,47520
108495,47520
191863,47520
210553,47519
296357,47519
225879,47519
292719,47519
278981,47518
55820,47518
206872,47517
227203,47517
100418,47516
216070,47515
150969,47515
164252,47514
264832,47514
276743,47513
148069,47512
264702,47512
108162,47511
238858,47510
99322,47510
290425,47509
252165,47508
277523,47508
295706,47507
292282,47507
170233,47507
195212,47506
189958,47505
270549,47504
183296,47504
280844,47504
111744,47503
174650,47502
41452,47502
260662,47502
262512,47501
241662,47501
231637,47501
31347,47501
104919,47500
84466,47500
196810,47499
91548,47499
26645,47497
62657,47497
94571,47497
178712,47497
21840,47496
43096,47495
270465,47495
234029,47495
279380,47495
263464,47494
198771,47493
260440,47493
50854,47492
62590,47492
111140,47492
59642,47492
230750,47492
289123,47492
157948,47491
92199,47491
203025,47490
151178,47490
286864,47487
121973,47486
19924,47486
288887,47485
264239,47485
197633,47485
286211,47483
268599,47483
267331,47482
79409,47482
14468,47482
276030,47481
253300,47481
285896,47481
266417,47481
112502,47479
281026,47478
128946,47477
150048,47477
244679,47475
102286,47474
153275,47473
213927,47473
267702,47473
176786,47473
231847,47473
184712,47472
73827,47472
280538,47472
106852,47472
115226,47470
270208,47470
161798,47470
216327,47470
287066,47470
209196,47469
240258,47467
219185,47467
243099,47466
249790,47466
28007,47465
56462,47464
277507,47464
202982,47463
245254,47462
288832,47462
284075,47461
234136,47461
290106,47461
290898,47460
289724,47459
256396,47459
189638,47459
152580,47456
230932,47454
194956,47454
296451,47453
209510,47453
224688,47453
155570,47452
100695,47451
18400,47451
205421,47451
21366,47451
102813,47451
168006,47450
239976,47450
202971,47450
91707,47449
171043,47449
286006,47449
99341,47448
156886,47448
62004,47447
249269,47446
226571,47446
158520,47446
35689,47446
142111,47446
244227,47444
156243,47444
210389,47444
266143,47444
179737,47444
273581,47443
243165,47442
165682,47442
265692,47441
68217,47441
192114,47439
221231,47439
282220,47438
255312,47437
290375,47437
241363,47435
197381,47435
152688,47434
59674,47434
287512,47433
279988,47432
119587,47432
274819,47432
223238,47432
285606,47431
241176,47431
123818,47430
265726,47430
267352,47430
127204,47430
140596,47427
200715,47427
240972,47427
166870,47427
274284,47426
269885,47426
293340,47425
99934,47425
45472,47424
170296,47424
292639,47424
282972,47424
129048,47424
170106,47423
237051,47422
240492,47422
230265,47421
253523,47421
197165,47421
274494,47420
107694,47420
223908,47420
122083,47419
264416,47419
164433,47418
199197,47417
131053,47417
196218,47416
258677,47416
187019,47416
257475,47415
65895,47415
211137,47414
291748,47414
268699,47413
281721,47412
121417,47411
24136,47411
63740,47411
180598,47410
207655,47407
265818,47406
65086,47405
169812,47405
104582,47405
245661,47404
54851,47404
142874,47402
295379,47402
115772,47401
187026,47400
233225,47398
222355,47398
128673,47397
109272,47395
181818,47395
100075,47394
241610,47394
238582,47393
276862,47393
259729,47393
171341,47393
189158,47392
185602,47391
169356,47390
243225,47390
36197,47389
251591,47389
276554,47388
473,47388
215077,47388
205224,47388
206676,47388
271867,47387
250570,47387
252442,47386
103168,47386
212574,47386
283751,47386
290243,47386
89346,47385
108084,47384
284030,47384
108328,47384
274629,47383
17952,47383
120217,47382
196340,47382
201840,47381
187097,47379
110871,47379
51430,47378
230823,47378
239736,47378
206575,47377
247230,47377
242064,47377
242993,47376
217966,47376
258962,47376
169268,47376
198444,47376
204851,47374
144420,47373
186954,47372
278748,47372
248714,47371
113510,47371
270310,47371
208606,47370
232065,47370
99426,47369
266400,47369
175699,47369
172034,47368
217780,47368
226227,47367
30300,47367
169311,47367
138722,47366
240893,47366
204979,47365
233090,47365
83519,47364
221746,47364
120947,47364
178362,47363
81353,47363
169130,47362
281239,47362
153118,47361
292993,47361
130518,47360
192025,47359
241990,47359
117840,47359
249699,47358
60676,47358
234522,47358
55907,47357
211544,47357
278202,47357
273839,47357
240585,47356
50291,47356
292235,47355
191561,47355
184374,47355
217495,47353
119705,47353
246214,47352
119612,47351
265642,47351
284810,47351
246382,47350
215150,47348
135446,47348
290098,47347
283987,47347
201512,47347
155890,47347
197457,47346
1613,47346
285709,47346
157077,47346
296590,47345
257693,47345
239596,47344
290921,47344
269716,47344
216142,47344
294410,47343
38374,47343
220257,47343
26124,47342
38223,47342
176997,47341
264869,47341
58110,47340
196963,47340
138049,47340
136052,47339
230670,47339
175383,47339
236535,47338
237354,47338
277196,47337
46274,47335
296121,47335
231674,47335
264124,47333
251238,47333
64139,47333
152605,47333
204149,47332
188765,47332
181778,47331
154393,47331
270196,47330
80748,47330
171507,47329
82243,47328
274302,47328
288994,47326
252315,47325
242080,47325
205738,47325
181141,47325
277983,47325
230127,47322
168358,47322
16951,47321
217221,47321
207360,47321
28333,47321
189117,47320
291553,47320
79929,47320
287434,47320
244799,47319
282129,47317
245156,47317
140843,47316
231926,47314
242127,47314
106246,47314
292912,47313
283085,47313
93427,47312
272634,47312
161989,47312
161422,47311
126378,47310
261923,47310
204765,47310
111355,47309
262179,47308
221473,47308
72732,47308
219603,47307
190389,47306
271958,47305
176295,47305
256078,47305
202644,47305
235926,47304
280269,47304
213001,47303
214198,47302
266872,47301
170293,47301
257546,47300
32839,47298
225264,47298
274181,47298
55500,47296
269089,47295
149933,47295
177448,47294
163133,47294
292870,47293
294599,47293
205508,47293
142508,47292
273513,47292
80580,47291
274972,47291
119244,47291
133072,47289
179153,47289
154992,47289
273552,47288
156891,47288
26205,47285
295511,47283
237946,47282
235402,47282
194751,47281
124157,47280
265201,47280
287661,47280
158841,47279
6699,47279
204724,47279
268834,47276
264447,47276
157831,47275
151373,47275
180096,47275
194451,47274
17319,47274
213694,47273
291856,47272
262151,47272
162145,47272
175453,47271
92288,47271
101688,47271
214785,47271
142965,47270
281435,47270
221905,47269
120658,47268
94150,47268
28783,47268
257825,47267
184480,47267
166082,47267
133406,47267
165021,47266
267283,47266
116121,47266
268433,47265
119027,47265
86409,47264
117229,47264
137500,47264
214676,47263
275667,47263
188222,47262
187582,47262
208739,47262
55754,47262
180003,47260
96211,47260
103375,47259
251277,47259
57077,47259
193410,47258
182034,47258
257366,47258
53964,47257
122038,47256
244778,47256
229874,47255
259363,47255
206654,47255
115372,47254
265431,47254
167331,47253
239436,47252
238175,47251
173172,47250
286028,47250
113990,47250
261338,47250
290230,47250
238229,47249
215564,47249
233984,47249
245226,47248
34839,47247
178027,47247
212579,47246
19634,47246
252829,47246
121063,47245
180611,47244
271635,47243
176371,47243
195112,47243
151202,47243
260715,47243
87757,47243
202928,47243
199462,47242
266878,47240
207205,47240
270510,47239
200289,47238
259802,47236
223800,47236
99499,47236
242615,47235
151547,47234
215545,47234
146497,47234
254366,47234
120923,47233
295380,47232
263929,47231
17926,47231
270091,47230
176005,47230
253026,47230
272942,47229
41969,47229
235100,47229
262587,47228
257617,47228
58728,47227
214587,47226
265563,47226
194331,47226
163425,47225
242521,47224
146941,47224
227000,47224
208373,47224
101938,47224
166636,47224
246658,47223
256498,47222
248118,47221
180540,47221
233539,47221
191691,47221
192915,47220
103335,47220
94685,47219
231756,47219
138333,47219
156994,47218
275692,47218
106088,47218
152203,47218
246837,47217
169184,47216
154785,47216
99290,47216
153354,47216
134568,47214
169383,47212
129932,47212
171654,47211
290069,47211
233611,47210
192263,47210
120412,47210
185786,47208
195287,47208
166246,47208
6420,47208
178857,47207
213937,47206
106143,47206
63319,47205
222148,47205
204307,47205
274212,47204
191944,47204
177482,47204
197372,47203
126451,47203
180069,47203
265625,47201
90076,47201
121717,47201
900,47201
227730,47200
281145,47200
209672,47198
189618,47198
222600,47197
260406,47196
234647,47196
168514,47195
272505,47195
118090,47195
196479,47194
77235,47193
244803,47193
186504,47193
194665,47193
5618,47193
131894,47192
199594,47192
206780,47192
156087,47191
2158,47191
277996,47190
293862,47189
288575,47189
258246,47189
287994,47189
295231,47188
132934,47188
213916,47188
140252,47187
280959,47187
267007,47184
96100,47182
229667,47182
202407,47182
28486,47181
158567,47181
193547,47180
266131,47180
77432,47180
141762,47179
271824,47178
187149,47177
195163,47177
241273,47177
253621,47176
201564,47175
271769,47175
231749,47175
188072,47174
209894,47174
149887,47174
294791,47173
188802,47173
273125,47172
268501,47172
236263,47172
217039,47171
121692,47171
126587,47171
287485,47170
283641,47170
186078,47170
253503,47170
87653,47169
137713,47169
218993,47168
267909,47168
263184,47167
289210,47167
185030,47166
219935,47166
275655,47165
292435,47165
183605,47165
153263,47165
171553,47164
272047,47164
276128,47163
264258,47163
186309,47163
273819,47163
162962,47162
189838,47162
125870,47161
276308,47160
270240,47160
283603,47160
120534,47159
122366,47159
111154,47158
203227,47158
118328,47157
229556,47157
171564,47157
271821,47156
283175,47156
198777,47156
250068,47156
153723,47155
285584,47154
104363,47154
295264,47154
287742,47154
277530,47153
176880,47152
135723,47152
203280,47152
238751,47151
289524,47151
187916,47151
128298,47151
250953,47151
155194,47150
279521,47149
57921,47149
261286,47148
158643,47148
265337,47147
251584,47147
292578,47147
173804,47147
207989,47146
138600,47146
274124,47145
275096,47145
215873,47144
213041,47144
266756,47143
220624,47142
265390,47142
257259,47142
280719,47142
220168,47142
222275,47142
232470,47141
185335,47141
268459,47140
154060,47140
192839,47140
241346,47139
247441,47139
256681,47139
190323,47139
247022,47138
181137,47138
189858,47138
49843,47137
22332,47137
203579,47137
227723,47136
210641,47135
285914,47135
253494,47135
212781,47135
194409,47134
267333,47134
231354,47133
292236,47132
124192,47132
157173,47131
279957,47130
217649,47130
242273,47130
140389,47129
258760,47128
230879,47128
179573,47128
44787,47128
38545,47128
122093,47128
275921,47127
150338,47127
217016,47127
33391,47127
293739,47125
236607,47125
83994,47125
144549,47124
234330,47124
32,47124
168735,47123
95644,47121
164014,47120
215733,47120
293680,47120
263955,47119
269094,47119
132737,47119
256968,47119
279096,47118
119676,47118
156070,47117
225421,47117
206869,47117
84572,47116
125673,47116
184052,47116
224675,47116
235969,47115
281019,47115
266976,47114
286106,47114
258106,47114
278720,47113
221659,47113
264993,47112
293185,47112
167564,47111
255638,47110
190426,47109
273260,47109
205581,47109
268378,47109
214327,47109
255332,47107
136003,47107
176337,47107
252474,47107
93063,47106
248309,47106
159915,47106
209516,47106
205954,47105
267963,47104
222327,47104
79766,47104
181399,47104
283525,47104
114282,47103
218678,47103
176110,47103
287084,47103
128353,47102
171649,47102
145870,47102
234026,47101
242675,47101
123278,47101
131359,47100
123963,47100
128510,47100
163022,47099
172615,47099
250254,47099
233452,47099
262568,47098
286686,47098
68030,47098
293012,47097
166765,47095
294928,47095
162713,47095
224457,47095
198869,47094
108299,47093
194530,47093
223619,47092
143060,47092
45799,47092
78926,47091
266373,47091
264431,47091
281971,47091
183766,47091
195946,47090
186425,47090
287016,47090
175236,47089
259272,47089
93083,47089
101552,47088
250305,47088
257683,47088
20518,47087
1197,47087
137367,47086
251857,47086
194584,47085
276933,47084
237733,47084
229855,47083
211667,47083
854,47083
218453,47082
77213,47082
231330,47082
225054,47080
187140,47080
253728,47080
97150,47080
253593,47079
51556,47079
210585,47079
289596,47079
49450,47079
206692,47077
294282,47077
177821,47077
214397,47076
57666,47075
212139,47075
200294,47075
224153,47074
109407,47073
135135,47073
223664,47073
127885,47073
113871,47073
13646,47072
289244,47072
18593,47071
276133,47071
207071,47070
295019,47070
197323,47069
107525,47069
277048,47069
241693,47069
266490,47069
232166,47068
79366,47068
154252,47068
144630,47068
281796,47068
267428,47067
212301,47065
196335,47065
284520,47064
217784,47064
190640,47064
173484,47064
287886,47064
219367,47064
281087,47063
255223,47062
181361,47062
121039,47061
237156,47060
139421,47060
103227,47058
260622,47058
245825,47058
247088,47057
39555,47057
132400,47057
161304,47057
275977,47056
156297,47055
190448,47054
85831,47053
208229,47053
169662,47053
207460,47053
224586,47052
23161,47051
237175,47051
284745,47051
112017,47050
144811,47050
288308,47050
220502,47050
285853,47050
290460,47050
93454,47050
201701,47049
242749,47049
128420,47049
235314,47048
34929,47048
126188,47047
212280,47045
14238,47045
205935,47044
121667,47044
78586,47044
121332,47044
215633,47044
131279,47044
194871,47043
100506,47043
198766,47043
249929,47042
151192,47042
290586,47042
100755,47041
261630,47041
283484,47040
111433,47040
268681,47040
227661,47040
272614,47039
273235,47039
18676,47039
249377,47039
265108,47038
66466,47037
235233,47037
257321,47037
28720,47037
137393,47037
236900,47036
256750,47036
157672,47035
157776,47035
188152,47033
136085,47033
205855,47033
268065,47033
195148,47032
198566,47032
216789,47032
152018,47031
92309,47031
258113,47031
284406,47031
44796,47031
251297,47031
287265,47031
246992,47031
183463,47031
193895,47031
150905,47030
272462,47030
172591,47029
187222,47029
91080,47029
161258,47029
153806,47029
110170,47029
87529,47028
222067,47028
120424,47028
237448,47028
287904,47028
85135,47028
43374,47027
210844,47027
249674,47027
274682,47027
295324,47026
237557,47026
296317,47026
230206,47026
213676,47026
259789,47025
178605,47025
149980,47025
205567,47025
292297,47024
231395,47024
111870,47023
188745,47022
211381,47022
108352,47022
187999,47022
219757,47021
27200,47020
243257,47020
259164,47020
57075,47020
275860,47019
73994,47019
93693,47018
291858,47018
268525,47017
242538,47017
188266,47017
146482,47016
153314,47016
258491,47016
254230,47016
278937,47016
293577,47015
151206,47013
296070,47012
277959,47012
103258,47012
278922,47012
177056,47012
217155,47012
270398,47011
233154,47011
277171,47010
240593,47010
137105,47010
259019,47010
154945,47010
243007,47010
244762,47010
244973,47009
266679,47009
283264,47009
277565,47009
175583,47008
228370,47007
291038,47006
168630,47006
273472,47006
234629,47006
255659,47006
206207,47005
261978,47005
280177,47005
67201,47004
254839,47004
137014,47004
294801,47004
262942,47002
171774,47002
236199,47002
212200,47001
268397,47001
275117,47001
287979,47000
143180,46999
251767,46999
164246,46998
92733,46998
229539,46998
243579,46997
258148,46997
236508,46997
228245,46997
129585,46996
269049,46996
115137,46996
149577,46996
244692,46995
286914,46995
16111,46994
107708,46994
152820,46994
242464,46994
277731,46993
277289,46992
89059,46992
262620,46992
217445,46991
140062,46991
68780,46991
145401,46991
128246,46990
277937,46989
222029,46989
170329,46989
139404,46988
87364,46988
224978,46987
267546,46987
255315,46986
244797,46986
282132,46985
7692,46985
136,46985
268851,46985
223780,46984
230389,46984
210696,46984
163798,46984
293143,46983
270894,46983
11635,46982
225279,46982
283959,46981
272772,46981
119072,46981
74815,46980
292588,46980
72089,46980
119708,46979
119149,46979
147768,46979
162919,46978
282599,46978
164810,46978
191294,46977
258498,46976
224383,46976
134316,46975
5610,46975
229446,46975
289029,46975
216712,46974
172214,46973
225967,46972
283328,46972
248715,46972
171586,46972
205279,46971
175157,46971
228573,46971
273335,46971
111912,46971
146339,46970
246650,46970
245553,46970
157662,46970
203850,46969
264250,46969
292819,46969
253786,46968
217126,46968
258643,46968
217178,46968
29426,46968
127385,46968
103851,46967
179415,46967
189364,46967
146572,46967
218074,46967
256984,46967
276732,46966
238876,46966
83457,46966
43157,46965
169118,46964
239101,46964
278456,46964
275116,46964
276262,46964
291730,46964
104782,46964
94512,46964
155150,46964
264485,46962
69614,46962
252988,46962
2185,46961
177459,46961
51609,46961
227526,46961
264818,46961
1044,46961
220994,46960
272122,46960
103108,46960
243651,46959
227817,46959
245333,46959
191736,46958
220112,46958
60941,46957
285895,46957
67161,46957
278622,46957
3194,46957
286550,46956
197603,46956
171293,46956
217456,46955
178197,46955
202388,46955
102637,46955
217501,46955
142217,46954
295276,46954
295979,46954
288264,46954
127828,46953
279518,46953
291129,46952
254909,46952
166371,46951
163005,46951
45612,46951
249086,46951
120520,46950
256228,46950
269305,46950
232982,46950
214177,46950
226880,46949
140574,46948
237772,46947
286482,46946
221993,46946
274192,46945
292925,46945
243247,46945
250534,46944
178910,46944
69222,46944
262731,46943
221944,46943
272523,46943
93403,46943
238249,46943
224137,46942
158152,46942
189943,46941
191905,46941
22269,46941
193767,46940
220416,46940
150672,46940
295454,46939
93409,46939
231633,46939
136654,46939
9333,46939
79439,46939
210229,46938
126287,46938
289607,46938
210500,46937
175196,46937
223710,46937
198822,46936
131606,46935
248156,46934
149763,46934
193013,46934
163508,46934
219930,46934
92863,46933
236513,46933
216764,46933
262199,46931
177664,46931
165809,46931
157246,46930
204428,46930
251472,46930
287329,46928
136870,46928
179063,46928
127373,46928
269197,46928
194111,46928
274076,46926
243977,46926
280533,46925
290776,46925
194607,46924
283971,46924
55658,46923
192583,46923
269862,46923
229866,46923
187587,46922
127627,46922
223997,46922
136302,46922
131624,46921
246310,46921
58631,46920
214316,46920
55799,46920
213143,46920
28314,46920
175145,46920
281826,46920
276437,46919
184775,46919
256453,46918
238447,46918
187440,46917
56558,46917
153896,46916
240166,46916
248521,46916
173747,46915
169030,46915
280898,46915
269503,46915
243369,46914
144120,46914
252068,46914
267970,46914
289620,46913
295073,46913
161978,46913
208131,46913
143053,46911
162297,46911
225736,46910
138361,46910
187565,46910
219821,46909
279182,46909
284129,46909
166639,46909
281471,46909
246174,46908
138718,46908
246692,46908
190264,46908
269985,46908
113181,46908
234058,46907
99909,46907
8134,46907
162674,46907
118520,46907
104123,46907
158784,46906
218689,46906
227434,46906
295664,46906
146956,46906
149963,46906
262309,46906
232930,46906
168987,46906
260714,46906
260573,46906
279325,46905
108589,46904
241020,46904
108543,46904
125952,46904
172290,46904
128272,46904
281715,46903
257880,46903
272280,46903
282034,46902
169988,46902
283326,46902
60832,46901
215364,46901
213952,46901
290980,46900
248223,46900
112498,46899
131781,46899
219745,46899
254389,46899
104443,46899
171683,46898
169374,46898
205827,46898
210276,46898
111297,46898
241437,46898
228656,46897
292042,46897
207283,46896
259130,46896
174563,46896
193719,46896
193311,46895
211950,46895
255727,46894
227718,46893
213111,46893
288628,46893
216111,46892
252637,46892
141178,46892
231466,46892
258262,46891
268057,46891
222817,46891
36073,46890
82698,46890
145617,46890
120988,46889
222322,46889
106454,46889
284788,46889
253582,46889
211838,46889
44821,46888
124488,46888
155466,46888
137856,46887
152685,46887
224433,46887
95097,46886
210250,46886
181270,46886
76781,46885
34312,46885
13,46884
259882,46884
38790,46884
174234,46884
175945,46883
255258,46883
247169,46883
248282,46883
232829,46883
179849,46883
290866,46883
181179,46883
275317,46883
175257,46883
27230,46883
185300,46882
87804,46882
128981,46881
282086,46881
243550,46881
154654,46881
109296,46881
277570,46880
245633,46879
250665,46879
185350,46879
173109,46879
280464,46879
294623,46877
196220,46877
254827,46877
66333,46876
237338,46876
291253,46876
153451,46875
267800,46875
268962,46875
131021,46874
268369,46874
185714,46873
270377,46873
99825,46873
159602,46873
251998,46873
270243,46872
296025,46872
218663,46872
287998,46872
242935,46871
135491,46871
271779,46870
148481,46870
70646,46870
127654,46870
265203,46870
219089,46868
205329,46868
207157,46867
271290,46867
161095,46867
239129,46867
192449,46866
263809,46866
203582,46866
111245,46865
296136,46865
270738,46865
222423,46865
277059,46864
218541,46863
258509,46863
54363,46863
291905,46863
127966,46863
126493,46862
138639,46862
112675,46862
145693,46862
162229,46862
237220,46862
273404,46861
288004,46861
251576,46861
216995,46861
229755,46860
1214,46860
266838,46860
189277,46859
86549,46859
253991,46859
249009,46859
166698,46858
291628,46858
49366,46858
154858,46858
239950,46858
293343,46857
295409,46857
239441,46856
215030,46856
288533,46856
13363,46856
167550,46856
214797,46854
155937,46854
249315,46854
156587,46853
11690,46853
223347,46853
213048,46853
270598,46853
250141,46852
87185,46852
280471,46852
68774,46852
288817,46851
269150,46851
284473,46851
219792,46851
206149,46850
295516,46849
268196,46849
256149,46849
163665,46849
225583,46849
145119,46849
168716,46848
234557,46848
280918,46848
192932,46847
256787,46846
292651,46846
271885,46846
271847,46846
262925,46845
277041,46845
251788,46845
212537,46845
266350,46844
250451,46844
70479,46844
227208,46844
295489,46843
196942,46843
71845,46843
179733,46843
291544,46843
99507,46842
262154,46842
218304,46842
188210,46842
293071,46842
247508,46841
193241,46841
181589,46840
27674,46840
147947,46840
102572,46839
285107,46839
291314,46839
269660,46837
235791,46837
281618,46837
247795,46837
248364,46837
239385,46836
136825,46836
125277,46834
225087,46834
206381,46833
146639,46832
225983,46832
245677,46831
286316,46831
172960,46831
222849,46831
291220,46831
194290,46831
233243,46830
220280,46830
188455,46830
133985,46830
240235,46830
179035,46830
217704,46830
258337,46829
252711,46829
247164,46829
160350,46828
280575,46828
114144,46828
262878,46828
207783,46828
62865,46828
207263,46828
296090,46827
233722,46826
215022,46826
65023,46826
281096,46825
233306,46825
137610,46825
226159,46824
2976,46824
175882,46824
233038,46824
211271,46824
205134,46824
209578,46823
130139,46823
245368,46823
194768,46823
293230,46823
227326,46823
75486,46822
96662,46822
284496,46822
176055,46822
232874,46822
54611,46822
291192,46822
291572,46821
280889,46821
157308,46821
271773,46821
245914,46821
130145,46821
230544,46820
184407,46820
179311,46820
226947,46819
110088,46819
252132,46818
277091,46818
268685,46818
135190,46818
279828,46817
138874,46817
295551,46816
112991,46816
291105,46816
18176,46815
92,46815
162213,46815
90388,46814
5243,46813
276067,46813
46648,46813
164932,46813
79601,46813
168673,46813
281144,46812
193768,46812
198573,46812
285298,46812
245087,46811
181813,46811
269883,46811
204256,46810
148293,46810
174993,46810
226734,46809
280809,46809
225066,46809
262183,46809
213369,46808
219801,46808
