1069,100000
2158,55327
4351,55074
23006,52676
4422,52630
5960,52433
5028,51556
24001,51170
4650,50413
40291,50054
3499,49728
404,49560
6863,49315
7702,49142
656,49070
26006,48991
4582,48925
5323,48760
4396,48750
234081,48681
6868,48652
29999,48616
38408,48595
9421,48467
6623,48341
45003,48324
5137,48280
18744,48237
632,48171
1872,48148
16998,48144
1531,48100
11167,48043
27472,47927
2854,47906
143022,47834
72893,47814
7789,47806
28335,47784
107120,47748
184188,47724
15337,47723
91769,47702
14297,47694
225861,47656
69073,47640
19961,47634
14542,47610
79631,47597
3957,47589
2153,47573
147422,47545
25588,47543
274449,47533
4535,47532
13157,47525
60925,47525
2280,47435
2395,47424
12350,47374
18146,47370
5341,47362
107317,47333
114493,47331
138037,47328
193276,47318
211848,47298
153315,47296
5503,47291
88896,47289
13851,47279
105173,47275
238332,47273
32979,47269
280048,47260
39672,47259
82864,47223
6293,47213
12314,47211
176758,47198
202839,47164
59253,47153
2335,47144
15702,47131
126082,47126
67264,47125
702,47119
269346,47118
4637,47113
10270,47085
6314,47084
4544,47060
2938,47060
68388,47058
5958,47056
20201,47048
218665,47041
103079,47040
2638,47032
2812,47029
63111,47026
51899,47015
276212,47001
25394,46986
139493,46984
204650,46978
6409,46976
211805,46962
268641,46957
3993,46954
210,46935
103788,46930
103478,46926
2092,46922
2837,46917
53969,46912
4154,46898
262107,46897
9953,46891
14946,46889
231249,46861
232244,46858
1212,46852
64783,46847
9774,46845
17410,46839
68753,46834
277221,46834
27995,46825
16766,46818
11017,46817
253558,46815
96598,46809
91477,46805
218055,46800
14602,46794
383,46792
2881,46780
86821,46773
24216,46769
92042,46765
4974,46765
115448,46762
2507,46760
232473,46753
5227,46753
108783,46752
74502,46746
31762,46738
9310,46734
7694,46727
1082,46726
290862,46725
4323,46712
295974,46703
38144,46703
10904,46699
220026,46690
16524,46690
125024,46687
23503,46685
2825,46683
30798,46683
1100,46679
128308,46677
16344,46664
9400,46664
172822,46657
2487,46656
905,46655
53952,46653
164152,46648
13062,46647
25475,46638
173256,46635
1997,46625
6148,46623
256938,46621
218931,46617
167607,46616
136019,46615
6888,46614
266881,46614
5463,46613
32,46608
8560,46607
203646,46604
16001,46602
228402,46598
9974,46594
122782,46592
266912,46589
244293,46586
239853,46586
253487,46584
301,46575
1249,46575
1673,46572
293668,46568
6515,46567
182679,46557
7978,46556
249566,46555
260996,46551
34201,46550
22010,46549
165684,46541
261267,46538
157996,46537
20698,46533
165956,46532
217303,46528
235875,46528
13688,46527
25873,46527
11679,46526
31157,46525
236263,46523
123462,46518
251271,46518
138353,46516
138886,46508
269396,46507
81899,46505
280671,46505
59487,46504
149978,46500
126904,46498
17970,46496
217398,46483
55963,46482
184613,46476
652,46476
238753,46474
11500,46471
149682,46469
118108,46468
22165,46468
288881,46467
41,46467
118745,46460
8865,46459
153634,46458
9643,46455
18027,46451
119839,46449
457,46448
719,46447
4962,46444
1390,46439
4040,46425
72165,46423
18273,46423
91126,46422
273631,46420
222163,46419
142913,46416
236602,46414
144064,46413
294902,46412
248356,46412
105566,46409
84811,46408
144388,46408
15279,46405
208041,46404
4251,46403
169739,46403
2721,46401
234205,46401
199751,46396
277340,46392
119654,46391
288096,46382
32794,46381
215649,46380
5587,46379
272865,46379
271205,46379
35650,46379
18383,46378
133482,46378
230924,46373
231165,46373
289937,46371
188777,46365
129104,46364
233204,46364
27172,46359
17866,46356
113261,46354
279253,46354
1168,46353
131847,46352
66333,46351
8631,46351
218652,46350
40147,46344
283639,46344
58917,46343
18865,46340
73183,46338
84407,46337
4482,46336
8555,46333
59972,46332
258067,46326
295609,46324
32480,46324
251659,46320
4772,46316
208333,46315
17076,46314
181980,46313
172660,46311
173480,46310
182763,46309
288761,46308
72963,46307
12258,46306
24468,46304
202762,46302
5534,46301
6709,46299
18032,46297
4093,46297
28009,46293
181761,46293
951,46291
111393,46291
34105,46291
214303,46290
1141,46288
260763,46288
10781,46287
225989,46287
5504,46286
81572,46284
5520,46284
199271,46284
17175,46284
15149,46283
211978,46279
8145,46276
36646,46275
286866,46275
176181,46267
111467,46267
272590,46266
233965,46265
240013,46265
34144,46264
155449,46263
277736,46261
168015,46261
209572,46259
47424,46259
14703,46257
283202,46256
288793,46254
4813,46253
4591,46252
648,46251
155011,46248
240057,46248
213870,46248
9233,46246
93789,46244
180556,46240
295995,46239
147388,46236
15120,46232
242057,46231
13527,46231
125555,46231
16466,46227
1268,46226
277777,46226
130,46219
3801,46218
1056,46218
162307,46216
6891,46215
242074,46215
109376,46214
291957,46214
88160,46213
1236,46210
176110,46210
97983,46208
24040,46208
34489,46208
102013,46207
18221,46203
245639,46202
3168,46201
151233,46199
7550,46197
123308,46197
245980,46195
205003,46193
135580,46193
183643,46192
4983,46188
247217,46187
5742,46186
138702,46186
124667,46183
89219,46183
285884,46183
145363,46180
272,46178
203157,46177
84052,46177
26915,46176
293900,46176
231192,46175
199752,46173
142035,46172
229021,46172
61295,46170
215554,46169
257003,46169
25511,46168
225590,46167
106596,46166
13000,46164
211633,46162
186414,46161
205283,46161
268702,46159
123087,46158
7097,46157
3389,46156
1701,46155
162328,46153
274458,46152
256078,46151
174528,46149
265,46148
49371,46148
201101,46147
257194,46146
280792,46146
118448,46144
288322,46142
39369,46141
167368,46140
268478,46139
234535,46139
123320,46139
3474,46138
145786,46137
211833,46137
227859,46136
56420,46133
7305,46133
5047,46132
29952,46132
257559,46131
107536,46131
181651,46130
167619,46130
285579,46127
102854,46126
202663,46124
239581,46124
284579,46120
8974,46120
14347,46120
236562,46119
67451,46116
212872,46115
184800,46114
230476,46114
49510,46111
8498,46106
252070,46105
87524,46105
197176,46104
104240,46104
8750,46101
240976,46100
203926,46100
3247,46100
180030,46100
246925,46099
284272,46098
8693,46098
103758,46096
216401,46096
8367,46095
269797,46095
293276,46086
17905,46086
287739,46085
52679,46084
168361,46083
203470,46083
5749,46083
156110,46082
183954,46082
136,46081
3585,46081
286140,46081
171027,46080
114260,46080
230575,46077
222414,46076
279317,46076
249796,46075
263207,46074
99332,46073
113657,46072
229983,46072
1763,46072
289774,46071
78835,46071
90085,46070
6255,46069
236695,46069
259519,46068
149226,46064
116857,46064
140805,46063
15584,46063
116693,46063
180823,46062
3620,46061
293673,46061
189237,46060
139454,46060
147640,46059
219862,46059
95909,46058
215560,46056
225284,46056
172998,46055
109419,46054
41773,46052
50919,46051
105149,46050
209242,46050
273216,46049
176189,46049
2093,46048
189518,46048
42549,46047
158573,46046
6966,46045
185336,46045
73860,46045
10826,46044
262951,46043
80655,46043
290315,46042
107919,46041
241069,46040
43437,46038
214197,46035
118673,46034
101301,46033
100819,46032
8314,46031
294790,46031
119176,46031
26597,46030
218385,46030
26429,46028
2790,46028
5613,46028
279498,46027
253557,46026
125286,46026
123651,46025
158620,46024
27650,46022
244248,46022
141564,46020
148312,46020
123561,46020
200542,46020
58062,46020
243759,46019
834,46018
19588,46017
74842,46017
241608,46016
244768,46013
29539,46013
252810,46013
140022,46013
4360,46012
212016,46012
22873,46012
216492,46012
25065,46011
246775,46010
236367,46008
31677,46007
196172,46007
139542,46005
263110,46005
209573,46005
18304,46004
101871,46004
230923,46002
101996,46001
291951,46001
45683,46001
45472,46000
185120,46000
45173,46000
168041,45998
252410,45996
100183,45995
108421,45994
137143,45994
269825,45993
13289,45992
229515,45991
153602,45991
127610,45988
241793,45988
272672,45987
263652,45986
238017,45986
127541,45985
79584,45984
117388,45983
252228,45983
117908,45983
136762,45982
85029,45980
99912,45980
264913,45978
236524,45978
57060,45978
295989,45978
8896,45977
289597,45977
233060,45976
140774,45976
128424,45976
107598,45974
290100,45974
168438,45974
157024,45971
261218,45971
92799,45969
79588,45967
217939,45966
156278,45965
158578,45963
163856,45962
7975,45962
212918,45962
126220,45961
2746,45961
4899,45960
40800,45960
43701,45960
18473,45959
18411,45959
21369,45959
170963,45959
228880,45958
24478,45957
12631,45956
199804,45953
21750,45953
281071,45953
254802,45950
170402,45949
30434,45949
147502,45949
253954,45948
197903,45947
264560,45946
281586,45946
1875,45946
4826,45944
213468,45944
223170,45944
261213,45944
60471,45944
288811,45943
290908,45943
99322,45943
295240,45942
258670,45941
149164,45940
91115,45938
262111,45936
44853,45935
173091,45934
163167,45934
223718,45932
265693,45931
266946,45929
239990,45929
38724,45929
149222,45929
176903,45927
106089,45927
223795,45926
3923,45926
228734,45924
108479,45924
140183,45923
170530,45923
168100,45922
23217,45921
281608,45920
216777,45920
136722,45920
194945,45919
16600,45917
7728,45915
73938,45913
195220,45913
142097,45913
206646,45911
162566,45911
3302,45911
10305,45910
224256,45909
203475,45909
238731,45908
4263,45907
122621,45907
133802,45906
22439,45905
156932,45905
125716,45904
22904,45904
242797,45904
252567,45904
246042,45903
210471,45902
135731,45901
133643,45901
166434,45901
260710,45900
235411,45900
114136,45900
285933,45899
277557,45899
146357,45897
254430,45897
168699,45895
82876,45894
21735,45894
35735,45893
79362,45893
138284,45893
275101,45893
191905,45892
281499,45892
239054,45891
115149,45891
1998,45891
118905,45891
291590,45890
189739,45890
272069,45889
572,45889
172306,45889
292180,45888
181634,45888
267807,45887
235975,45886
8387,45885
255064,45885
270741,45883
10362,45881
4856,45880
281730,45880
193010,45880
155263,45879
15600,45879
270342,45879
112729,45879
284698,45879
921,45878
72648,45878
197706,45878
2073,45877
119386,45876
77373,45876
188949,45874
265245,45873
179644,45873
216268,45873
222620,45873
250434,45872
241634,45872
92016,45872
118259,45871
159958,45870
282484,45870
211866,45869
240895,45869
105060,45869
246917,45869
192980,45866
181236,45866
294563,45866
311,45865
233448,45865
193713,45863
209619,45862
205708,45862
73800,45861
251168,45860
216972,45860
126038,45859
86342,45859
8822,45859
294886,45859
11699,45858
187952,45858
100134,45858
19803,45858
66486,45857
256098,45857
73098,45857
130327,45855
154682,45854
17526,45853
66178,45851
243846,45851
6440,45851
279925,45850
219385,45848
260786,45848
78060,45847
132429,45846
147618,45845
190431,45845
255911,45844
160737,45843
129109,45843
127021,45842
139825,45842
190160,45841
267218,45840
221995,45839
257803,45839
74860,45839
68595,45838
127047,45837
46252,45836
118593,45836
261945,45835
131526,45835
201073,45833
284191,45833
42451,45833
272151,45832
149008,45831
8871,45831
82375,45831
150493,45831
78522,45831
1317,45830
25191,45829
288999,45829
202533,45829
244087,45828
264700,45828
61708,45826
129168,45825
271884,45824
214096,45824
288370,45824
249898,45824
93728,45822
200886,45822
81356,45822
173872,45822
291970,45821
171181,45819
286248,45819
266555,45818
202717,45818
229460,45817
162578,45817
266261,45817
89618,45816
284754,45816
125548,45816
109163,45816
131323,45815
259488,45815
87259,45815
275665,45815
145282,45814
281300,45813
32721,45813
52554,45812
147118,45811
574,45810
110435,45809
107250,45808
49773,45808
283741,45808
26551,45807
411,45807
166126,45807
7707,45807
125473,45806
168448,45806
222989,45806
99249,45806
129947,45806
259397,45805
4163,45805
31307,45804
101518,45802
198895,45802
16709,45802
137743,45801
4765,45801
115232,45800
187804,45800
154604,45800
12558,45799
21483,45797
219341,45796
145316,45794
200330,45793
285848,45793
17071,45793
100424,45793
23126,45793
225008,45792
3597,45792
88528,45792
126536,45792
217690,45791
263276,45790
214316,45790
169581,45790
216279,45789
186167,45789
264028,45789
246763,45789
4003,45787
172803,45787
208031,45787
137393,45787
213727,45787
35387,45786
293116,45786
200783,45786
57,45785
12441,45785
129931,45785
187098,45785
119242,45785
185997,45784
74703,45784
110161,45783
274515,45782
127494,45782
104564,45782
287301,45781
257163,45781
156324,45781
195129,45780
93322,45780
243544,45778
255144,45778
64768,45778
208993,45777
150786,45776
95549,45776
278060,45776
170022,45775
185991,45773
259515,45772
293525,45772
151770,45771
228937,45771
78912,45768
52454,45767
418,45767
75433,45767
276916,45767
82126,45767
200403,45765
67750,45765
169413,45765
285107,45765
108462,45764
1302,45764
138785,45764
106678,45763
107629,45763
65415,45763
273640,45762
293970,45761
124644,45761
256332,45760
233193,45759
260762,45758
213577,45758
201651,45756
166114,45756
190489,45755
240405,45755
294360,45755
206806,45755
9575,45755
233527,45753
278055,45752
13362,45751
161309,45751
209267,45751
187150,45750
257133,45749
226896,45748
8530,45748
88131,45747
145649,45747
2450,45747
280397,45746
236021,45745
121918,45745
5819,45743
5928,45743
4027,45742
4558,45742
286563,45741
184977,45741
259500,45741
269899,45740
189483,45740
11744,45740
14435,45739
158737,45739
102818,45739
279182,45738
292126,45738
290472,45736
234896,45736
3050,45736
248409,45735
70649,45735
40709,45735
604,45734
274557,45734
2949,45733
258914,45733
183119,45732
275881,45732
280584,45729
18565,45727
167110,45727
102868,45727
264015,45727
2036,45727
165591,45727
4397,45726
282349,45726
137058,45725
123181,45725
35533,45724
258892,45724
2360,45724
244286,45723
231516,45721
263992,45720
5169,45719
148837,45719
235312,45717
258026,45717
11231,45717
81051,45717
174973,45717
188235,45716
218952,45715
65648,45715
144402,45713
129820,45713
10086,45713
146693,45712
233209,45712
275981,45711
9806,45710
191541,45710
7883,45709
231536,45709
247862,45709
294430,45708
271780,45708
29075,45707
192114,45706
198261,45705
590,45705
270194,45705
150385,45704
189177,45704
225672,45703
199092,45703
116,45703
387,45703
57302,45702
106467,45702
181342,45702
123868,45701
73602,45701
174993,45701
270017,45700
207113,45700
285209,45699
140731,45699
289652,45699
230812,45698
187682,45698
165673,45697
226031,45697
241519,45697
268851,45696
256966,45696
287123,45696
134173,45696
47303,45696
252732,45696
185667,45695
239062,45695
21262,45694
90141,45694
50439,45694
230573,45694
274187,45694
21979,45693
291899,45693
253656,45693
44914,45692
1166,45692
180501,45691
293962,45691
150927,45691
239307,45690
221976,45690
121667,45690
8068,45689
195951,45689
202348,45689
8364,45689
163436,45688
205469,45688
266610,45687
260975,45687
19590,45687
179281,45686
272092,45686
295953,45686
19446,45685
232074,45685
288347,45685
138974,45684
201979,45684
290136,45684
267492,45682
87529,45682
288389,45682
220004,45682
1344,45681
137536,45681
233831,45680
120560,45679
31404,45679
252112,45679
211007,45679
1293,45678
278403,45677
290491,45677
276200,45677
250687,45676
12997,45676
155627,45675
185138,45674
262268,45674
261442,45674
2538,45673
191235,45672
3756,45672
255258,45672
231065,45671
287952,45671
19850,45671
112498,45670
102890,45669
208109,45669
195716,45669
271747,45668
276296,45668
90664,45667
136564,45666
245868,45665
5999,45664
149468,45663
261952,45663
78623,45663
154727,45662
105517,45662
228344,45661
236908,45661
215135,45661
252896,45661
142056,45661
160536,45660
295855,45660
47319,45658
263384,45657
80013,45657
155367,45657
88768,45656
235105,45656
270440,45656
173510,45655
278839,45655
271346,45654
224716,45654
284884,45653
277697,45653
91727,45653
236985,45653
131809,45651
93174,45651
54331,45650
257949,45649
158090,45648
2802,45648
35206,45648
8153,45647
151726,45647
107189,45647
99742,45647
295749,45646
2410,45646
231725,45645
284679,45645
225019,45644
178866,45644
129,45644
292375,45644
239441,45644
341,45643
244433,45641
208216,45640
246619,45640
179236,45640
193550,45640
178197,45640
201777,45639
190,45639
248308,45639
173376,45638
211397,45637
286516,45637
216959,45636
12057,45635
30724,45635
137178,45634
201126,45634
138639,45633
127638,45633
48298,45632
284812,45632
85511,45632
30795,45632
116549,45631
206910,45631
105063,45631
68885,45631
254434,45630
127640,45630
168802,45628
274216,45627
242995,45627
5766,45627
168563,45627
260567,45626
65304,45626
243907,45626
244561,45625
264563,45625
287588,45624
14379,45624
165537,45624
212973,45624
2575,45624
253034,45624
125886,45623
7939,45623
189109,45623
284291,45623
13052,45622
117245,45622
34956,45622
10102,45622
13796,45621
12927,45620
34457,45620
296046,45620
295787,45620
293713,45620
190299,45618
231136,45618
5850,45617
208770,45616
160700,45615
12939,45615
207476,45615
96870,45614
19188,45614
222270,45614
20525,45613
189683,45613
285339,45613
79592,45613
224479,45613
270154,45612
224565,45612
290029,45612
21711,45612
274696,45612
174332,45611
246869,45611
8277,45611
193245,45610
184268,45610
275092,45609
185606,45609
185692,45609
269666,45608
130139,45608
196220,45608
154120,45608
268168,45608
209998,45607
47877,45607
222255,45606
229442,45606
290585,45606
204192,45606
221715,45605
161474,45605
242395,45605
283594,45605
242138,45605
7235,45605
293695,45605
278512,45604
13641,45604
12681,45603
10783,45603
121284,45602
184217,45602
223391,45601
285629,45601
241716,45601
241504,45601
12807,45601
155284,45601
27581,45601
4521,45600
193868,45600
119651,45600
62791,45599
239918,45599
265297,45599
255872,45597
7188,45597
269640,45597
290069,45596
36859,45596
6161,45595
194885,45594
99759,45594
279029,45594
196513,45594
278480,45594
238088,45594
216048,45593
287878,45592
2935,45592
251596,45592
289085,45592
63141,45592
267964,45592
272544,45590
42700,45588
286209,45588
214577,45588
209953,45587
254115,45587
1664,45587
212473,45587
261845,45586
141305,45586
60601,45586
108841,45586
170610,45586
287269,45585
225579,45584
2855,45584
668,45583
11154,45583
222185,45583
3092,45583
254076,45583
283173,45582
281677,45582
260413,45582
179284,45582
243932,45580
76310,45580
282121,45580
264989,45580
39546,45579
279755,45579
104543,45579
263789,45578
5582,45578
278754,45578
206307,45578
226069,45578
247418,45577
140062,45577
189024,45576
268879,45575
244445,45574
143756,45574
12039,45573
221226,45572
276937,45572
283842,45572
293777,45571
214015,45570
124757,45570
189860,45569
40272,45569
146715,45569
80491,45569
200547,45569
80707,45569
230174,45569
9352,45569
266560,45568
284897,45568
256632,45568
291249,45567
292739,45567
258726,45567
285207,45567
99909,45567
156582,45565
201569,45564
255203,45564
286042,45563
185695,45563
170281,45563
120799,45562
250244,45561
64402,45561
216444,45560
196460,45560
191377,45559
201574,45559
214621,45559
245049,45559
161471,45559
211818,45559
62616,45558
56371,45558
139384,45558
211984,45557
223374,45557
127604,45557
83744,45557
3834,45557
182222,45556
173656,45555
72335,45555
127932,45555
99895,45555
274600,45555
178915,45555
12532,45554
218680,45554
29354,45554
219502,45553
130747,45553
5617,45553
142387,45553
118125,45553
1559,45553
1687,45553
256991,45552
123052,45552
212878,45551
3947,45551
116090,45550
264759,45550
254129,45550
271803,45550
255174,45550
179061,45550
402,45549
168339,45549
202589,45549
288653,45549
235076,45549
294012,45548
223418,45547
181889,45546
285014,45546
241576,45546
82149,45546
217739,45545
100222,45545
228215,45545
281908,45545
236751,45544
222840,45544
231964,45544
213290,45543
274618,45542
226498,45542
241344,45542
296416,45541
155195,45541
237154,45541
275856,45540
226880,45540
181519,45540
236195,45539
100801,45539
229467,45538
208894,45537
160660,45537
15703,45537
122304,45536
260020,45536
197850,45535
87798,45535
158841,45535
28344,45535
263688,45535
123857,45535
127086,45535
214374,45534
295611,45533
263816,45533
44216,45533
31347,45533
192080,45532
93953,45532
268598,45532
5097,45532
264359,45532
112606,45532
130038,45530
11626,45530
249117,45529
183924,45529
86719,45529
127717,45528
194871,45528
262456,45528
226610,45528
275915,45527
3041,45527
270935,45527
277969,45526
218935,45526
263224,45525
279320,45524
289666,45524
185726,45524
236719,45524
9505,45524
262248,45523
92726,45523
10645,45523
216462,45522
143413,45522
291367,45522
266413,45522
182185,45521
133673,45521
119000,45521
245660,45521
239198,45519
155376,45519
3855,45519
14804,45518
217903,45518
279172,45518
55669,45518
136783,45518
210245,45517
134228,45516
8853,45516
234136,45516
153158,45516
218285,45515
4440,45515
58654,45515
24038,45515
231606,45515
262345,45514
267380,45514
136689,45514
42546,45514
260524,45514
247438,45514
86310,45513
251714,45513
247270,45513
123692,45512
135998,45512
16724,45512
146920,45512
150010,45512
226710,45511
145495,45511
283041,45511
218953,45511
273663,45511
204493,45510
59144,45510
30723,45510
231690,45509
181825,45509
256144,45508
193225,45508
245677,45508
195765,45507
213786,45507
252976,45506
15688,45506
228005,45506
45416,45506
11055,45505
258921,45505
218971,45505
198858,45505
1479,45504
266598,45504
295798,45504
202584,45504
24393,45503
234284,45503
235709,45503
286642,45503
286139,45502
5450,45502
125696,45502
276890,45502
187884,45501
98448,45501
52852,45501
6665,45501
141720,45501
3666,45501
256451,45500
256110,45500
22902,45500
251698,45500
228882,45499
102899,45499
5337,45499
281753,45499
162152,45498
49822,45498
49885,45497
161452,45497
251314,45497
24155,45496
29884,45496
230462,45496
188544,45496
249591,45495
388,45495
162674,45495
117310,45495
290067,45495
68683,45494
141281,45494
171270,45494
241614,45494
269483,45493
287897,45493
184238,45493
245647,45493
50764,45493
159566,45492
291947,45492
214252,45492
275033,45492
198107,45491
262415,45491
266471,45491
290363,45491
223344,45491
184550,45491
267420,45490
278825,45490
151224,45489
247300,45489
170386,45489
68762,45489
24375,45489
208935,45489
223136,45488
9869,45488
115791,45487
1044,45487
59682,45487
239908,45487
13573,45486
96883,45486
4550,45486
215307,45486
232979,45485
20673,45485
77393,45485
4791,45485
53360,45485
190613,45485
762,45484
281723,45484
63071,45484
150371,45484
237327,45483
292879,45483
292242,45483
177910,45483
190452,45482
269832,45482
263900,45481
87776,45481
231110,45481
99355,45481
60772,45480
245394,45480
126800,45479
172381,45479
188830,45479
211512,45479
261723,45479
195386,45478
119717,45478
53078,45478
30501,45478
201748,45478
15037,45478
295208,45478
139058,45477
251548,45477
97952,45476
260465,45476
94685,45476
261549,45475
239780,45475
159644,45475
2089,45475
145514,45475
211353,45474
10016,45474
266720,45474
276956,45473
190200,45473
9773,45472
1553,45472
264778,45472
236801,45471
238777,45471
179269,45471
65895,45470
205248,45470
214629,45470
238143,45469
200247,45469
223287,45469
98273,45468
295896,45468
190135,45468
197628,45467
209051,45467
7708,45467
253324,45466
126195,45466
3558,45466
296629,45466
177844,45465
232161,45465
289210,45465
100871,45465
6808,45465
253585,45465
290194,45465
292001,45465
114259,45464
149575,45464
1222,45464
165855,45464
210372,45464
288466,45464
295378,45463
293329,45463
261534,45463
218242,45463
107889,45462
45994,45462
208133,45462
199223,45462
146648,45462
3571,45462
112018,45462
278275,45461
124815,45461
244298,45459
125309,45459
169067,45458
148754,45458
226949,45458
135002,45458
269660,45458
263481,45458
4161,45458
210351,45458
121999,45457
231261,45457
244656,45457
210688,45457
81236,45457
252074,45457
240273,45456
227768,45456
259634,45456
296202,45456
258480,45455
253737,45455
79366,45454
83942,45454
258807,45454
220161,45453
280552,45453
7421,45453
234319,45453
20836,45452
34299,45452
272259,45452
259640,45452
282631,45452
171099,45451
4996,45451
164525,45451
180976,45451
60557,45451
224962,45451
1869,45451
181276,45450
156372,45450
282432,45450
245590,45450
147200,45450
267680,45450
221938,45450
98815,45449
163421,45449
134741,45449
204599,45449
162948,45449
115137,45449
264023,45449
213556,45449
129568,45448
248518,45448
66350,45448
113938,45448
74220,45447
276719,45447
257307,45447
211507,45447
28408,45447
166107,45447
260816,45446
197854,45446
5646,45446
495,45446
156197,45446
227094,45446
241346,45445
169029,45445
140935,45445
248521,45445
223006,45445
295305,45445
284157,45444
289954,45443
34117,45443
278022,45442
198243,45442
274772,45442
208967,45441
225222,45441
276328,45441
11426,45441
172291,45441
4197,45441
268597,45440
189346,45440
224521,45440
276824,45439
194222,45439
274496,45439
142364,45438
251493,45437
251362,45437
204738,45437
226732,45436
245976,45436
51870,45436
155868,45436
207085,45436
197485,45436
233058,45435
1942,45435
145740,45434
99445,45434
185876,45434
118957,45433
262607,45433
267940,45433
52784,45433
248029,45432
9088,45432
129170,45432
197187,45432
1784,45432
248013,45431
292334,45431
135158,45431
161902,45431
7406,45430
294632,45430
213417,45429
263573,45429
203836,45428
275933,45428
246184,45428
94910,45428
290336,45428
19596,45427
242762,45427
5148,45427
155676,45427
296176,45427
77102,45426
288542,45426
267595,45426
234112,45426
255696,45425
102171,45425
289415,45425
141460,45424
281286,45424
273734,45424
238859,45423
7515,45423
6890,45422
245977,45422
148480,45421
8734,45421
13876,45421
1104,45421
283771,45421
242491,45420
204507,45419
263629,45419
167346,45419
264787,45419
286113,45419
165533,45418
251719,45418
124368,45418
198430,45418
8306,45418
47604,45417
233159,45417
8263,45417
217025,45417
183120,45417
278641,45416
111253,45416
222029,45416
192263,45415
268808,45415
284383,45414
208472,45413
246588,45413
289347,45413
70555,45412
189126,45411
100,45411
232376,45411
89325,45411
7478,45410
205331,45410
80845,45410
186964,45410
29650,45410
262988,45410
261817,45409
248788,45409
270330,45409
240533,45409
106849,45409
270860,45409
174849,45408
205781,45408
292031,45408
292553,45407
228956,45407
169491,45407
118700,45407
291104,45406
277505,45406
212841,45406
273775,45406
238920,45406
259971,45406
212267,45405
225383,45404
197212,45404
178909,45404
281339,45403
187362,45403
36700,45403
41350,45403
170095,45403
183978,45403
285918,45402
96101,45402
279161,45402
216110,45402
228793,45402
225726,45402
164522,45401
218161,45401
265530,45401
2572,45401
246360,45401
158685,45400
80309,45400
286436,45400
166280,45400
187800,45400
260563,45400
223646,45399
141318,45399
99645,45399
54133,45399
220388,45398
221150,45398
174972,45398
166439,45398
246014,45398
8672,45397
292776,45397
51027,45397
284263,45397
248034,45396
220598,45396
238341,45396
11428,45396
276527,45396
47691,45395
279785,45395
112616,45395
243141,45395
163638,45395
268855,45394
270237,45394
229814,45394
464,45394
22957,45393
153625,45393
187465,45393
253404,45393
289517,45393
284831,45392
159746,45392
136835,45392
217392,45392
906,45392
31101,45392
208098,45392
174155,45392
251176,45391
230281,45391
221351,45391
277385,45391
206878,45391
249246,45391
180144,45391
251677,45391
266686,45391
248821,45391
179072,45390
239346,45390
252326,45390
1805,45390
203454,45390
90564,45390
17265,45390
194643,45389
184719,45389
257067,45388
293689,45388
142698,45388
270659,45388
139652,45388
252571,45387
114848,45387
287958,45387
58325,45387
18499,45386
33552,45386
129500,45386
15029,45386
119969,45385
201121,45384
294709,45384
288512,45383
252682,45383
75287,45383
39370,45382
220852,45382
291056,45382
249498,45382
15085,45382
219910,45382
76949,45381
143988,45381
174958,45380
73287,45380
253504,45380
253443,45380
248040,45380
197,45380
2321,45379
247292,45379
247897,45379
280985,45378
265647,45378
5099,45378
223331,45377
273932,45377
221600,45377
177575,45377
110246,45377
201503,45377
250429,45376
270547,45376
224600,45376
199525,45376
264509,45376
276577,45376
205810,45376
161703,45375
236136,45375
224987,45374
186312,45374
286454,45374
165458,45374
225992,45374
264788,45374
78930,45374
240107,45373
7184,45373
201466,45373
290718,45373
147768,45373
25791,45373
291489,45373
227651,45373
210154,45373
167552,45373
233192,45373
180857,45372
247313,45372
24718,45372
126334,45371
210389,45371
244232,45371
249723,45370
33903,45370
28171,45370
267463,45370
164389,45369
280820,45369
276478,45369
207755,45368
199922,45368
67877,45368
152109,45368
223240,45368
242068,45368
17528,45368
285086,45368
8692,45368
1180,45368
19090,45368
115694,45368
214636,45367
163598,45367
282638,45367
237850,45366
251052,45366
185601,45366
208931,45365
293711,45365
284544,45365
243904,45365
234853,45364
229923,45364
251424,45364
286154,45364
230925,45363
170497,45363
290651,45363
269266,45363
27428,45362
79242,45362
234032,45362
241746,45361
103078,45361
236974,45361
165165,45361
4211,45361
44006,45361
220466,45360
224707,45360
284803,45360
225316,45360
198210,45359
294192,45359
256317,45359
8536,45358
649,45358
295563,45358
263603,45357
276740,45357
117989,45357
277915,45357
236501,45357
203707,45357
251238,45357
122155,45357
288113,45357
216490,45355
11717,45355
88400,45355
277381,45355
280365,45355
96211,45355
235901,45355
233453,45355
150842,45354
266938,45354
102902,45354
179309,45354
8945,45353
269476,45352
169988,45352
223239,45352
179620,45352
175709,45351
269047,45351
4015,45351
270232,45351
143181,45351
251327,45350
200672,45350
223759,45350
112653,45350
262616,45350
246178,45350
296280,45350
1329,45350
201827,45350
234646,45349
150272,45349
228074,45349
228141,45348
278367,45348
192025,45348
58852,45348
265596,45348
12032,45348
286752,45347
63043,45347
219128,45347
254114,45347
11828,45347
139349,45346
10847,45346
273152,45346
278180,45346
82917,45345
277512,45345
250181,45345
38689,45345
209795,45345
201759,45345
10589,45344
1906,45344
293661,45344
177294,45344
225475,45344
101547,45344
4202,45344
255271,45344
2229,45344
155161,45343
217,45342
21067,45342
257502,45341
205400,45341
188752,45341
255587,45341
268584,45341
79239,45341
250430,45341
189191,45341
212611,45341
8004,45341
267669,45341
1110,45341
279819,45341
251372,45341
216276,45340
99366,45340
124892,45340
32805,45340
111846,45340
282222,45340
214773,45339
7613,45339
237798,45339
231777,45339
58520,45338
179709,45338
262434,45338
200375,45338
258027,45338
28628,45338
257730,45338
226533,45337
178361,45337
294428,45337
136993,45337
191652,45337
180476,45337
267240,45337
282740,45337
158436,45336
234600,45336
208669,45336
242863,45336
227632,45336
271817,45336
2135,45335
224908,45335
19022,45335
202885,45335
296172,45335
270265,45335
274166,45335
286756,45335
29097,45335
242703,45335
223311,45334
264414,45333
89571,45333
220625,45333
261960,45333
162416,45333
235879,45332
209149,45332
3496,45332
90152,45332
276469,45332
233636,45331
7457,45331
180967,45331
63954,45330
13066,45330
229754,45330
69882,45329
293027,45328
133530,45328
159153,45328
13284,45328
176383,45328
291364,45328
139170,45328
247593,45328
279528,45328
138,45327
249581,45327
120135,45327
288588,45327
125522,45327
285304,45327
92273,45326
117381,45326
252273,45326
237557,45326
121923,45326
17239,45325
132061,45325
194018,45325
167267,45325
212789,45325
154076,45324
249454,45324
157513,45324
272269,45324
277820,45324
10129,45324
144094,45323
3024,45323
85274,45323
263751,45323
56267,45323
211677,45323
165964,45322
237715,45322
282956,45322
64314,45322
198260,45322
293992,45322
239295,45322
129047,45322
296372,45322
185023,45322
226654,45322
199814,45322
234380,45321
241218,45321
274468,45321
5724,45321
234149,45321
268433,45321
161647,45320
227577,45320
153645,45320
1296,45320
288458,45320
16155,45320
208259,45320
86053,45320
280158,45320
79107,45320
221906,45320
78359,45320
185469,45319
272973,45319
190159,45319
113510,45319
130085,45318
222643,45318
121,45318
294935,45318
171930,45318
165403,45318
283567,45318
258877,45318
5,45317
250320,45317
265841,45317
209718,45317
284952,45317
161612,45317
112801,45317
200097,45316
274954,45316
262704,45315
274042,45315
240891,45315
20510,45314
276318,45314
41435,45314
240915,45314
10807,45314
172337,45314
290434,45314
146207,45314
228450,45314
194906,45313
135,45313
90619,45313
21818,45313
292897,45312
266249,45312
130524,45312
258796,45311
288498,45311
270226,45311
264390,45311
267303,45311
236290,45310
241361,45310
16511,45310
198230,45309
261372,45309
12483,45309
149365,45309
266074,45309
108271,45309
181646,45309
180647,45309
239648,45309
271730,45308
22692,45308
226675,45308
286821,45308
280323,45308
258090,45308
153459,45307
234828,45307
189150,45307
233416,45307
213347,45307
180730,45307
54147,45307
260745,45306
55396,45306
2116,45306
152717,45306
193856,45306
182206,45306
66070,45305
40522,45305
197685,45305
62961,45305
243635,45305
44128,45304
261359,45304
186777,45304
230606,45304
6493,45304
39947,45303
112868,45303
169961,45303
87198,45303
281195,45303
216619,45303
190752,45303
235235,45303
290794,45302
204746,45302
270658,45302
434,45302
1459,45301
194718,45301
46744,45301
139592,45301
277059,45301
247630,45301
5498,45300
294008,45300
143253,45300
195110,45300
129796,45300
245174,45299
277071,45299
287360,45299
121172,45299
31536,45298
123721,45298
6670,45298
107911,45298
269697,45298
22640,45298
266948,45297
51589,45297
1839,45297
278654,45297
287421,45297
230947,45297
271243,45297
129819,45297
296593,45297
10161,45296
259289,45296
7039,45296
174039,45296
208798,45295
37475,45295
7816,45295
202097,45295
152032,45294
288483,45294
32634,45294
227451,45294
253485,45294
124358,45294
222451,45293
259699,45292
104529,45292
15521,45292
3714,45292
267474,45292
148570,45291
219286,45291
3767,45291
292678,45290
221809,45290
160340,45290
19037,45290
294234,45290
192547,45290
190647,45290
286647,45290
1157,45290
291691,45289
212481,45289
81112,45289
249312,45289
195535,45289
106876,45288
281640,45288
6534,45288
281893,45288
34647,45288
133940,45288
22348,45288
245148,45287
275630,45287
275575,45287
166355,45287
227265,45287
246307,45286
92199,45286
25850,45286
7048,45285
292383,45285
10607,45284
266940,45284
5000,45284
283598,45284
11528,45284
258636,45284
220670,45283
232526,45283
187275,45283
265184,45283
6847,45282
285958,45282
107815,45282
250527,45281
226786,45281
156825,45281
16004,45281
204957,45281
80913,45281
5563,45281
571,45280
129031,45280
237050,45280
282486,45280
226244,45280
71204,45280
203936,45280
214422,45280
292350,45280
105146,45279
209437,45279
256012,45279
286850,45279
201846,45279
228536,45279
59557,45279
168645,45278
25,45278
164324,45278
266930,45278
26528,45278
246941,45278
278611,45278
294466,45278
254413,45278
265007,45277
112087,45277
20410,45277
144420,45277
120630,45276
284686,45276
193310,45276
81568,45276
233427,45276
253313,45276
285515,45275
43993,45275
224009,45275
263779,45275
257832,45275
245236,45275
246709,45275
234739,45275
275158,45274
231352,45274
253249,45274
214025,45274
179828,45273
292013,45273
162558,45273
159800,45272
156818,45272
249163,45272
48538,45272
206837,45272
10215,45272
51769,45272
165629,45271
261253,45271
289071,45271
291758,45271
180540,45271
222338,45271
250690,45270
283245,45270
262605,45270
138164,45270
3692,45270
175151,45270
54627,45269
224260,45269
254455,45269
296366,45268
69301,45268
226317,45268
284208,45267
16456,45267
238103,45267
248817,45267
251084,45267
270962,45267
143973,45266
237260,45266
134715,45266
240485,45266
123752,45266
218304,45266
273455,45265
229278,45265
256633,45265
290563,45265
289321,45265
262927,45264
1538,45264
37625,45264
52674,45264
257062,45264
294487,45264
144074,45263
123225,45263
132526,45263
2976,45263
205085,45263
208826,45263
25345,45263
265136,45263
204792,45263
243710,45263
284614,45263
252666,45262
128173,45262
155349,45262
146270,45262
286916,45262
98902,45262
280318,45262
196960,45262
211387,45261
187645,45261
243424,45261
179350,45261
189775,45261
279864,45261
258112,45261
287453,45261
188846,45261
274031,45261
251504,45260
220761,45260
265789,45260
84365,45260
224876,45259
156070,45259
263425,45259
98244,45259
60574,45259
272577,45258
124510,45258
261492,45258
220806,45258
21071,45258
275844,45258
266147,45258
56316,45258
33026,45258
169268,45257
231895,45257
74383,45257
242623,45257
251129,45257
69609,45257
9574,45257
175700,45257
7399,45257
276203,45256
274373,45256
141297,45256
236233,45255
256631,45255
184702,45255
274885,45255
134006,45255
292665,45254
237919,45254
185689,45254
242910,45254
285908,45254
227387,45254
165222,45253
150230,45253
172977,45253
41266,45253
236636,45253
258724,45253
181816,45253
281632,45253
280409,45253
49450,45253
183177,45253
258484,45252
274880,45252
276545,45252
86219,45252
202362,45252
172571,45252
16987,45252
288299,45252
209755,45252
140839,45252
288869,45251
266326,45251
94638,45251
256427,45251
3628,45251
47591,45251
216998,45251
236521,45251
291628,45251
267727,45250
197676,45250
277884,45250
273316,45249
159175,45249
86924,45249
103984,45249
190422,45248
82229,45248
20075,45248
248536,45248
87534,45248
280680,45248
161380,45248
40937,45248
191004,45248
255265,45248
256761,45248
215600,45248
238853,45247
280564,45247
156274,45247
170090,45247
111131,45247
239682,45246
133498,45246
209467,45246
96775,45246
264867,45246
180033,45246
295143,45246
97000,45246
130233,45245
244291,45245
279236,45245
265251,45245
292914,45245
19577,45245
266956,45245
147779,45244
278211,45244
122922,45244
264066,45244
244643,45243
118598,45243
262850,45243
277016,45243
221199,45243
5844,45243
122920,45243
217958,45242
265601,45242
279580,45242
233603,45242
19425,45242
236421,45242
240812,45241
213029,45241
285416,45241
197985,45241
231800,45240
274435,45240
232518,45240
112428,45240
202229,45240
239720,45240
271637,45240
150545,45239
119116,45239
204285,45239
61651,45239
285196,45239
276979,45239
86875,45239
239480,45239
187202,45239
267713,45239
224649,45238
175580,45237
216775,45237
216926,45237
225637,45237
30667,45236
34880,45236
251217,45236
171988,45236
248734,45236
224771,45235
147163,45235
209899,45235
270325,45235
289250,45235
200378,45235
125737,45235
283216,45234
274818,45234
190907,45234
237361,45234
276536,45234
293635,45234
236951,45234
201658,45233
183784,45233
26274,45233
79525,45233
202662,45233
247335,45233
148599,45233
284912,45233
77276,45232
217501,45232
221170,45232
79759,45232
26822,45232
277757,45232
59264,45232
63274,45231
215122,45231
34506,45231
180644,45231
6650,45230
143983,45230
5418,45230
45088,45230
212537,45230
2921,45230
141830,45230
292554,45230
193281,45230
243358,45230
6422,45229
183446,45229
234196,45229
195627,45229
244255,45229
174981,45229
283619,45229
107952,45229
284419,45229
69382,45229
217031,45229
211355,45229
277412,45228
15799,45228
15809,45228
134546,45228
163133,45228
143617,45228
280308,45228
282374,45228
145708,45227
255847,45227
289646,45227
214251,45227
176245,45227
268957,45227
85915,45227
295212,45227
287032,45227
276221,45226
226909,45226
295149,45226
286029,45226
246956,45226
279694,45226
105941,45226
8327,45225
21993,45225
233963,45225
261416,45225
87661,45225
174378,45224
243103,45224
280565,45224
219242,45224
114680,45223
63526,45223
276529,45223
6906,45223
293141,45223
249948,45223
233722,45223
151749,45223
206296,45223
221087,45222
287637,45222
227016,45222
244759,45222
282337,45222
107017,45222
290900,45222
285073,45222
281970,45221
264716,45221
283669,45221
126197,45221
188180,45220
33739,45220
79169,45220
3157,45220
134676,45220
262629,45220
147913,45220
291988,45220
255783,45220
294573,45220
201470,45219
115914,45219
174524,45219
199415,45219
182383,45219
271444,45218
232661,45217
165334,45217
264093,45217
244772,45217
276047,45217
133662,45216
253747,45216
287680,45216
234850,45216
3967,45216
23380,45216
156442,45216
145109,45216
288799,45216
282544,45216
205367,45216
272830,45215
132934,45215
272015,45215
136432,45215
213114,45215
265715,45215
293926,45215
99409,45214
293107,45214
267928,45214
295056,45214
249592,45214
212539,45214
187083,45214
188434,45213
158995,45213
17091,45213
188164,45213
122038,45213
92931,45213
185629,45213
68456,45213
268249,45212
211755,45212
6122,45212
172195,45212
134997,45211
286056,45211
188908,45211
62560,45211
23362,45211
238222,45211
108914,45211
206105,45211
179385,45210
291491,45210
286043,45210
296563,45210
145826,45209
139153,45209
184911,45209
9119,45209
224428,45209
246889,45209
30212,45208
202220,45208
230405,45208
229103,45208
227557,45208
246453,45207
99095,45207
107694,45207
264866,45207
2662,45207
2235,45206
244265,45206
169926,45206
37534,45206
89541,45205
251150,45205
161267,45205
8591,45205
268297,45205
4820,45204
282112,45204
138490,45204
269249,45204
247638,45204
177242,45204
277497,45204
246117,45203
29521,45203
278729,45203
282296,45203
244537,45203
283473,45202
137827,45202
185319,45202
8120,45202
290307,45202
201438,45202
234153,45202
4931,45202
234654,45202
196428,45201
9360,45201
167381,45201
91485,45201
4259,45201
86848,45200
53159,45200
227086,45200
209817,45200
281890,45200
189668,45200
186410,45200
10477,45200
182363,45199
263904,45199
274354,45199
199890,45199
226697,45199
285978,45199
259047,45199
237220,45198
170670,45198
281233,45198
67832,45198
279947,45198
219113,45197
226922,45197
230756,45197
274301,45197
21028,45197
153637,45196
18814,45196
282409,45196
213606,45196
19870,45196
246683,45196
249945,45195
186751,45195
152581,45195
258634,45195
233980,45195
200411,45195
240709,45195
15994,45195
111579,45195
234267,45194
234224,45194
285483,45194
276597,45194
82057,45193
221262,45193
285720,45193
44282,45193
132911,45193
209387,45193
254412,45193
202237,45193
4423,45192
180276,45192
210779,45192
125196,45192
283274,45191
91882,45191
268113,45191
295387,45190
291972,45190
276839,45190
234577,45190
285160,45190
187276,45190
188666,45189
4885,45189
27743,45189
195943,45189
171418,45189
279158,45189
269423,45189
42233,45189
128327,45189
10820,45188
243355,45188
169272,45188
241759,45188
86983,45188
277383,45188
151519,45188
9812,45187
210798,45187
281806,45187
294073,45187
221467,45187
249173,45187
175766,45187
94319,45187
111084,45187
207592,45187
222038,45186
163096,45186
279442,45186
206319,45186
278583,45186
163350,45186
148022,45186
265374,45185
394,45185
276855,45185
248363,45185
280233,45185
17767,45185
232029,45185
273347,45185
9458,45185
137189,45185
260871,45185
288091,45185
286330,45185
582,45184
219666,45184
215189,45184
273439,45184
239772,45184
55,45184
112987,45184
144588,45184
54187,45184
278673,45183
190588,45183
86226,45183
264333,45183
272194,45183
295267,45182
169001,45182
265390,45182
56861,45182
151842,45181
263365,45181
10940,45181
243768,45181
180156,45181
221836,45181
277983,45181
27322,45181
98138,45180
223663,45180
7172,45180
57452,45180
151632,45180
283190,45179
176306,45179
272449,45179
267839,45179
174862,45178
245877,45178
54421,45178
19449,45178
22132,45178
226999,45178
284793,45178
226108,45178
83635,45177
94823,45177
197174,45177
44284,45177
241929,45177
285461,45177
165004,45176
295538,45176
65854,45176
252271,45176
267693,45176
261675,45176
124409,45176
275450,45176
60297,45176
166918,45175
213523,45175
208071,45175
226260,45175
208757,45175
281530,45175
207650,45175
115006,45175
223778,45175
148363,45175
188428,45175
290139,45175
254703,45175
212967,45174
96435,45174
223639,45174
245808,45174
236095,45174
188454,45174
18362,45174
260549,45174
238220,45174
240569,45173
278554,45173
272982,45173
294090,45173
155344,45173
191708,45173
291335,45173
266087,45173
245118,45173
139460,45173
224437,45172
23716,45172
229838,45172
245624,45172
162133,45172
259730,45172
24855,45172
273718,45172
234485,45172
243048,45172
257673,45172
227545,45171
215435,45171
269715,45171
287459,45171
11015,45170
57257,45170
163237,45170
221645,45170
236352,45170
132336,45170
280540,45170
19927,45170
1866,45170
273020,45169
178902,45169
136085,45169
212126,45169
275869,45169
237865,45169
19052,45168
258733,45168
171480,45168
162252,45168
265566,45168
273305,45168
207006,45168
207028,45167
216546,45167
244208,45167
11822,45167
32582,45167
35433,45167
245235,45167
182537,45167
279790,45166
209140,45166
257885,45166
98897,45166
204791,45166
99501,45166
150068,45166
275855,45166
10457,45166
222981,45165
287396,45165
241223,45165
72253,45165
113922,45165
289978,45165
270213,45165
684,45164
177042,45164
126378,45164
19833,45164
235162,45164
131192,45164
264641,45164
210733,45164
161076,45163
188927,45163
94604,45163
4728,45163
193358,45163
236434,45162
266458,45162
271264,45162
235660,45162
21137,45162
218891,45162
295215,45161
246914,45161
111387,45161
177126,45161
293166,45161
48727,45160
233523,45160
98439,45160
62211,45160
119223,45159
170042,45159
214835,45159
220754,45159
106373,45159
31086,45159
255065,45159
126412,45159
270174,45159
276284,45159
264713,45159
241266,45158
124513,45158
60293,45158
155499,45158
72471,45158
271608,45157
241439,45157
227634,45157
224079,45157
278491,45157
10752,45157
133740,45157
290321,45157
275551,45157
291300,45156
145165,45156
238541,45156
195453,45156
295051,45156
49224,45156
269595,45155
160769,45155
152466,45155
249532,45155
212373,45155
815,45155
287218,45155
249784,45155
283780,45155
207495,45155
284967,45155
224675,45154
287794,45154
117610,45154
160831,45154
295386,45153
15563,45153
295947,45153
231210,45153
283264,45153
124193,45152
97328,45152
106246,45152
264048,45152
264365,45151
234129,45151
288607,45151
224653,45151
289909,45151
163759,45151
13469,45151
227161,45151
16135,45151
18203,45151
293103,45150
267598,45150
263831,45150
234022,45150
282197,45150
227633,45150
207655,45150
194905,45150
266710,45150
229564,45150
213021,45150
264000,45149
205252,45149
234490,45149
244122,45149
278265,45149
256426,45149
270836,45149
217857,45149
124040,45149
247726,45149
237466,45149
12168,45149
266933,45149
166417,45148
229495,45148
7182,45148
292417,45148
244514,45148
154582,45148
285018,45148
69782,45148
215804,45148
216446,45147
200745,45147
249787,45147
272637,45147
124372,45147
101727,45147
235442,45147
155869,45147
246945,45147
65747,45147
153482,45147
227362,45146
87078,45146
266204,45146
252009,45146
250093,45146
168252,45146
108699,45146
276359,45146
110935,45146
126146,45145
271830,45145
265485,45145
290541,45145
197532,45145
269939,45145
95732,45145
285550,45144
57395,45144
111221,45144
191059,45143
150546,45143
293662,45143
190466,45143
213717,45142
288212,45142
288077,45142
199888,45142
3413,45142
213519,45141
230103,45141
117103,45141
279707,45141
141404,45141
250975,45140
230048,45140
165086,45140
275977,45140
15824,45140
185626,45140
263458,45140
41742,45140
18253,45140
243179,45140
189251,45139
16864,45139
128513,45139
280307,45139
5273,45139
264880,45139
75685,45139
294485,45139
92607,45139
292835,45139
287776,45139
280727,45139
1131,45139
242615,45139
252407,45139
241595,45139
136384,45139
108594,45138
202754,45138
9346,45138
236605,45138
39819,45138
292764,45138
255739,45138
77132,45138
293843,45138
283063,45137
40840,45137
237354,45137
256691,45137
286876,45137
261052,45137
210359,45137
223019,45137
261410,45137
52340,45136
215359,45136
4661,45136
135626,45136
158154,45136
245058,45135
244295,45135
276802,45135
28787,45135
72078,45135
25369,45135
266197,45135
43175,45135
148060,45134
243130,45134
177011,45134
273364,45134
142932,45134
3351,45134
279949,45134
125967,45134
262328,45134
473,45134
3371,45134
170248,45134
275932,45133
253722,45133
287719,45133
232730,45133
164314,45133
81485,45133
296119,45133
135923,45133
40020,45132
210963,45132
191597,45132
291631,45132
253208,45132
212752,45132
174098,45132
272333,45132
257114,45132
78306,45131
239359,45131
265470,45131
269950,45131
171519,45131
246871,45131
289235,45130
236535,45130
179058,45130
269010,45130
207319,45130
14862,45130
5828,45129
151932,45129
279181,45129
184190,45129
218189,45129
291616,45129
98580,45129
244297,45129
233537,45128
272497,45128
258668,45128
144347,45128
289044,45128
254175,45128
222098,45127
2299,45127
121389,45126
150380,45126
267972,45126
224477,45126
225337,45126
145550,45126
3363,45126
83201,45126
30872,45126
171516,45126
258306,45126
10675,45125
138231,45125
133415,45125
73179,45125
225088,45125
44113,45125
172068,45125
198454,45125
184040,45124
249276,45124
228663,45124
212057,45124
239373,45124
40382,45124
91707,45124
287730,45124
258547,45124
122360,45124
213358,45124
289755,45123
253669,45123
193579,45123
248096,45123
265628,45123
252422,45123
269639,45123
259979,45123
166021,45123
291556,45123
241324,45122
90096,45122
371,45122
285369,45122
274409,45122
187945,45121
248624,45121
10739,45121
238029,45121
279015,45121
14852,45121
198315,45121
265784,45120
239200,45120
235509,45120
276464,45120
217889,45120
170359,45119
263464,45119
211468,45119
101182,45119
222714,45119
237724,45118
34827,45118
101713,45118
159385,45118
166602,45118
269570,45118
194422,45118
7628,45118
9060,45118
180415,45117
248524,45117
233824,45117
229029,45117
270607,45117
261383,45117
9257,45117
175035,45116
88127,45116
281939,45116
259406,45116
194823,45116
89105,45116
122470,45116
160548,45116
144276,45116
282341,45116
14516,45115
12083,45115
259449,45115
267837,45115
47215,45115
154344,45115
168722,45115
244821,45115
29969,45115
224905,45115
172715,45114
254465,45114
147647,45114
158333,45114
225076,45114
248759,45114
146230,45114
162038,45114
283,45114
219756,45114
30556,45114
26333,45114
263916,45113
228900,45113
287596,45113
295018,45113
278525,45113
175021,45113
174902,45113
163072,45113
288343,45112
246138,45112
29260,45112
289236,45112
256662,45112
172013,45112
236314,45112
213761,45112
89621,45112
217366,45112
226483,45112
40552,45112
112050,45111
55424,45111
2971,45111
210873,45111
201948,45111
292550,45111
253413,45111
251994,45111
155126,45110
237051,45110
229687,45110
157186,45110
273039,45110
238829,45110
184473,45110
262364,45110
237637,45109
216685,45109
199289,45109
272241,45109
57008,45109
170179,45109
113717,45109
191326,45109
201280,45109
244084,45109
164170,45109
199196,45109
41416,45109
81065,45109
94250,45108
257188,45108
265626,45108
158238,45108
254406,45108
127123,45108
183175,45108
222699,45108
254021,45108
239905,45108
3095,45108
273447,45108
283998,45108
273269,45108
64839,45107
279267,45107
178938,45107
195008,45107
236933,45107
139440,45106
256693,45106
218409,45106
248049,45106
190267,45106
144966,45106
285097,45106
186870,45106
253844,45105
71661,45105
293310,45105
115436,45105
8066,45105
275866,45105
265327,45105
14359,45105
282185,45105
239520,45105
296357,45105
249154,45105
6250,45105
83837,45104
264552,45104
207238,45104
127756,45104
138533,45104
252433,45104
262189,45104
274547,45104
262016,45104
292938,45104
252594,45104
135568,45103
279894,45103
22877,45103
72144,45103
205308,45103
235701,45103
245154,45103
152655,45103
231106,45102
162961,45102
208897,45102
254533,45102
231603,45102
272565,45102
82820,45102
228217,45102
175478,45102
59484,45102
274563,45102
638,45101
258200,45101
292809,45101
229432,45101
249063,45101
175348,45101
162971,45101
241304,45101
287064,45101
278421,45100
295677,45100
263061,45100
63081,45100
289238,45100
248242,45100
160075,45100
269969,45100
12651,45099
223818,45099
203190,45099
197137,45099
250623,45099
137744,45099
2137,45099
250645,45099
294295,45099
230129,45099
269962,45099
259522,45099
186021,45099
239025,45098
223616,45098
284760,45098
172601,45098
107307,45098
113084,45098
223265,45098
121012,45098
185435,45098
258614,45098
130730,45097
4616,45097
240904,45097
286956,45097
267200,45097
172304,45097
260230,45097
2826,45096
225415,45096
289637,45096
12156,45096
22024,45096
163596,45096
255695,45096
229904,45096
245551,45096
292793,45096
247224,45095
2858,45095
215478,45095
214182,45095
94828,45095
281220,45095
227526,45095
5997,45095
267019,45095
253415,45095
274895,45095
259585,45095
224899,45095
278523,45095
281101,45095
1924,45094
10879,45094
122061,45094
3694,45094
260890,45094
239729,45094
5284,45094
157117,45094
98883,45094
1857,45094
175566,45093
239797,45093
269330,45093
249626,45093
179300,45093
267308,45093
258539,45093
258190,45093
219530,45093
266692,45093
194639,45093
133286,45093
234635,45093
279080,45092
212301,45092
223983,45092
291885,45092
244266,45092
235233,45092
52770,45092
3417,45091
232038,45091
204815,45091
60526,45091
182962,45091
80514,45091
267739,45091
3933,45091
74993,45090
7131,45090
253218,45090
194778,45090
163324,45090
188170,45090
1510,45090
292071,45090
141866,45089
151068,45089
112589,45089
241679,45089
245389,45089
211070,45089
295371,45089
155045,45089
33365,45089
38822,45089
162810,45089
187532,45089
293867,45089
149511,45088
223706,45088
230257,45088
202866,45088
206420,45088
227576,45088
268116,45088
41205,45088
163475,45088
267989,45088
144554,45087
190799,45087
89950,45087
227863,45087
290103,45087
248156,45087
13215,45087
282254,45087
129171,45087
294355,45087
216379,45087
197255,45087
192909,45086
186900,45086
290616,45086
230585,45086
290898,45086
78365,45086
212911,45086
32829,45085
117096,45085
224718,45085
241823,45085
19665,45085
197851,45085
254940,45085
247015,45085
194956,45085
256978,45084
264269,45084
267877,45084
269941,45084
163196,45084
253819,45084
285723,45084
270560,45084
159066,45083
291499,45083
269547,45083
186024,45083
246895,45083
223314,45083
238106,45083
206832,45083
281469,45082
203637,45082
169233,45082
237253,45082
261287,45082
276430,45082
247986,45082
163240,45082
5243,45081
201226,45081
28250,45081
186637,45081
156655,45081
163007,45081
115602,45081
223915,45081
258880,45080
231425,45080
202203,45080
161528,45080
150425,45080
213768,45080
224712,45080
23019,45080
276548,45079
232860,45079
131446,45079
287302,45079
20135,45079
255420,45079
197449,45079
270861,45079
174311,45079
143937,45079
90829,45079
284146,45079
252558,45078
160152,45078
3627,45078
277106,45078
183723,45078
270246,45077
251774,45077
27007,45077
154125,45077
170086,45077
246524,45077
282958,45077
30363,45077
271635,45077
196928,45077
253037,45077
29682,45076
182082,45076
254947,45076
221960,45076
294825,45076
177630,45076
287599,45076
294340,45076
135537,45076
286230,45076
282041,45076
151495,45076
296298,45076
260655,45076
233053,45076
202668,45076
263928,45075
148515,45075
278136,45075
141124,45075
228878,45075
162293,45075
225848,45075
284117,45075
272161,45075
64377,45075
56208,45075
201965,45075
74039,45075
266275,45075
154011,45074
226299,45074
293729,45074
224601,45074
260951,45074
4756,45074
272385,45074
177393,45074
230942,45073
31308,45073
252207,45073
276263,45073
19414,45073
288863,45073
174602,45073
270096,45073
287951,45073
290580,45073
31547,45073
151031,45072
19014,45072
256435,45072
1928,45072
10033,45072
207668,45072
210977,45072
171628,45072
96573,45072
122851,45072
236634,45072
284029,45072
90874,45072
166265,45071
283674,45071
270097,45071
121325,45071
211209,45071
48973,45071
159469,45071
284203,45071
150378,45070
260998,45070
289747,45070
84496,45070
294997,45070
217062,45070
293587,45070
162290,45070
12076,45070
106695,45070
279620,45070
193646,45069
200620,45069
1147,45069
199346,45069
189898,45069
292669,45069
189629,45069
285223,45069
160051,45069
217479,45069
2608,45069
34238,45068
174395,45068
244573,45068
189588,45068
241144,45068
283612,45068
7634,45068
82180,45068
195267,45068
97446,45068
253503,45068
254158,45068
276131,45067
196458,45067
292890,45067
254630,45067
181914,45067
10481,45067
15847,45067
146793,45067
156071,45067
285514,45067
271128,45067
260304,45067
230342,45067
183337,45067
203021,45067
14975,45066
92322,45066
86231,45066
172902,45066
281048,45066
290294,45066
264920,45066
169979,45066
142019,45066
258425,45066
152068,45065
239276,45065
169125,45065
204586,45065
251497,45065
109094,45064
7843,45064
255951,45064
257563,45064
225873,45063
209379,45063
245150,45063
136305,45063
161433,45063
101861,45063
179459,45063
158205,45062
226709,45062
9528,45062
198935,45062
78511,45062
4090,45062
236772,45062
239186,45061
283787,45061
282435,45061
171348,45061
262739,45061
27721,45061
131619,45061
204587,45061
49485,45061
96000,45061
257356,45061
153832,45061
203023,45061
187350,45061
229980,45061
255087,45061
257865,45060
294996,45060
205151,45060
290678,45060
238178,45060
279601,45060
278141,45060
237162,45060
222907,45060
199529,45060
289718,45060
77012,45059
240299,45059
233953,45059
129859,45059
116823,45059
252989,45059
207702,45059
241448,45059
285267,45059
155654,45059
225783,45058
276812,45058
65586,45058
48795,45058
276860,45058
285463,45058
267352,45058
99719,45057
126645,45057
236118,45057
99908,45057
126159,45057
282826,45057
291716,45057
85964,45057
286030,45057
212692,45057
182617,45057
143321,45057
6073,45057
141792,45057
294335,45056
9238,45056
244423,45056
205077,45056
271028,45056
32882,45056
284281,45056
267067,45056
266209,45056
255767,45056
241239,45056
197872,45055
692,45055
293102,45055
251065,45055
9295,45055
170718,45055
66126,45054
39805,45054
30951,45054
191133,45054
65073,45054
139870,45054
15342,45054
283910,45053
263288,45053
279805,45053
136124,45053
215537,45053
198133,45053
235713,45053
109578,45053
149546,45053
139025,45053
26874,45053
4039,45053
248278,45052
122169,45052
23566,45052
181957,45052
286128,45052
272302,45052
268145,45051
241509,45051
275046,45051
295966,45051
173358,45051
167904,45051
40210,45051
265064,45051
280947,45051
273328,45051
113471,45050
217012,45050
287864,45050
296055,45050
6398,45050
287711,45050
173272,45050
288237,45050
107744,45050
271288,45050
238763,45050
242660,45050
639,45049
201023,45049
279721,45049
219317,45049
235239,45049
182065,45049
19866,45049
234731,45049
154647,45049
68775,45048
247508,45048
143722,45048
258744,45048
94020,45048
202098,45048
145571,45048
251510,45047
272104,45047
253449,45047
94,45047
244403,45047
186937,45047
96021,45047
259095,45047
288620,45047
265666,45047
77264,45046
292286,45046
278565,45046
203286,45046
238743,45046
69717,45046
294701,45046
240353,45046
242247,45046
281210,45046
285914,45045
257862,45045
276116,45045
255445,45045
96196,45045
204371,45045
182393,45045
196965,45045
237479,45045
237459,45045
292141,45044
21965,45044
200534,45044
170182,45044
137696,45044
242916,45044
179936,45044
249053,45043
199454,45043
289489,45043
196248,45043
139965,45043
214714,45043
282911,45043
292446,45042
270373,45042
99215,45042
160529,45042
172413,45042
140396,45042
255638,45042
269757,45042
215025,45042
38150,45042
196703,45042
286637,45041
234306,45041
261684,45041
269005,45041
891,45041
14926,45041
126172,45041
167808,45041
3143,45041
267791,45040
294431,45040
288213,45040
32009,45040
112846,45040
81291,45040
283049,45040
33590,45040
173443,45040
292167,45040
189297,45040
1443,45040
99102,45039
179430,45039
112268,45039
138505,45039
233546,45039
256447,45039
148831,45039
180080,45039
175453,45039
177717,45038
102375,45038
154785,45038
158385,45038
263730,45038
198728,45037
159184,45037
143534,45037
230667,45037
273774,45037
192918,45037
39122,45037
278129,45037
249404,45036
285184,45036
292957,45036
240919,45036
36604,45035
210456,45035
271981,45035
185273,45035
264626,45035
232878,45035
267433,45035
186592,45034
109854,45034
203270,45034
283973,45034
17738,45034
128123,45034
249305,45034
217023,45034
265338,45034
209403,45033
102034,45033
120201,45033
95196,45033
55204,45033
197661,45032
221322,45032
235476,45032
289712,45032
104762,45032
258859,45032
242031,45032
29484,45032
277263,45032
864,45032
68551,45032
199621,45032
208285,45032
33391,45031
18755,45031
292854,45031
279179,45031
287849,45031
206333,45031
190889,45031
6591,45031
237695,45030
208367,45030
195667,45030
276501,45030
9070,45030
49712,45030
245008,45030
236644,45029
246803,45029
178656,45029
238656,45029
209720,45029
15459,45029
157589,45029
173671,45029
269979,45029
2105,45029
265946,45029
80431,45029
279843,45029
216413,45029
264944,45028
252183,45028
31233,45028
251561,45027
100791,45027
285000,45027
256019,45027
239758,45027
204435,45027
190125,45027
157276,45027
193954,45027
244971,45026
178737,45026
57651,45026
232538,45026
290858,45026
132138,45026
211268,45026
235952,45026
202181,45026
103222,45026
270430,45026
250300,45026
26589,45026
120795,45026
169595,45025
62181,45025
239060,45025
267909,45025
121363,45025
32471,45025
143738,45025
210936,45025
67410,45025
221242,45025
287038,45025
290889,45025
181199,45025
254167,45025
281922,45025
269493,45025
40568,45025
198646,45024
260018,45024
184523,45024
156243,45024
279473,45024
106551,45024
70924,45024
119489,45024
289887,45023
212781,45023
163909,45023
178604,45023
179514,45023
283684,45023
76948,45023
296123,45023
223641,45023
289507,45023
110027,45023
175747,45022
218117,45022
259740,45022
22756,45022
295146,45022
213749,45022
3740,45022
171668,45022
91083,45022
249098,45021
265023,45021
287738,45021
200413,45021
161082,45021
260624,45021
7906,45021
269117,45021
246887,45021
235567,45021
267879,45020
272103,45020
289788,45020
277350,45020
171703,45020
255002,45020
136040,45020
186441,45020
33834,45020
180718,45020
189006,45020
180044,45020
2552,45020
215759,45020
172149,45019
210028,45019
197780,45019
189803,45019
106917,45019
2515,45019
197702,45019
218123,45019
280089,45019
283228,45019
246183,45019
284682,45019
131726,45018
123918,45018
272698,45018
173947,45018
279669,45018
4478,45018
144348,45018
228480,45018
286693,45018
249824,45018
234294,45018
189977,45018
274079,45018
244637,45017
238372,45017
174820,45017
269702,45017
219357,45017
217856,45017
198877,45017
83920,45017
47722,45017
192198,45016
222819,45016
1660,45016
282822,45016
24780,45016
11986,45016
189909,45016
198916,45016
177075,45016
242806,45016
184353,45016
294716,45016
284320,45016
235909,45016
251557,45016
21474,45016
31192,45015
264357,45015
226685,45015
75716,45015
232772,45015
278664,45015
205197,45015
24130,45014
108442,45014
208418,45014
181108,45014
171752,45014
130909,45014
200938,45014
273669,45014
150407,45014
257546,45014
246617,45014
211787,45013
16738,45013
216053,45013
237617,45013
233578,45013
296129,45013
67127,45013
5320,45013
182615,45013
219552,45013
12995,45013
94611,45012
26663,45012
1231,45012
25582,45012
104782,45012
270613,45012
287370,45012
2414,45012
201858,45012
519,45012
239481,45012
168515,45011
264467,45011
255028,45011
122808,45011
174691,45011
260456,45011
164261,45011
230067,45011
157966,45010
112433,45010
206735,45010
293157,45009
242621,45009
88428,45009
238787,45009
284087,45009
243156,45009
249714,45009
289285,45008
289479,45008
224423,45008
110151,45008
261427,45008
238713,45008
135685,45008
202305,45008
273421,45008
269537,45008
177871,45008
284851,45008
173224,45008
62097,45008
185502,45008
282113,45008
262010,45008
11720,45007
290232,45007
202708,45007
212107,45007
30720,45007
295359,45007
254686,45007
184414,45007
138054,45006
119233,45006
92943,45006
210485,45006
278601,45006
5329,45006
15389,45006
272011,45006
296509,45006
268866,45005
290239,45005
207371,45005
121578,45005
6307,45005
253936,45005
278100,45005
287690,45004
281285,45004
281988,45004
265671,45004
221271,45004
294805,45004
250091,45004
255466,45004
276048,45003
251153,45003
212203,45003
86224,45003
149852,45003
198199,45003
292377,45003
289959,45003
180974,45003
291338,45002
263428,45002
66951,45002
16776,45002
21423,45002
50161,45002
255735,45002
262297,45001
225502,45001
101674,45001
19278,45001
258326,45001
186241,45001
243508,45001
232361,45001
294435,45001
2774,45001
38270,45001
163567,45001
231923,45001
293739,45001
248114,45001
257629,45001
278684,45001
293401,45001
234148,45001
109051,45000
112377,45000
171294,45000
173007,45000
258864,45000
64711,45000
222841,45000
243136,45000
168979,45000
252883,45000
232614,45000
243604,45000
181968,45000
263627,45000
102980,45000
242934,45000
282207,44999
233806,44999
68018,44999
216415,44999
258224,44999
179047,44999
294115,44999
154553,44999
284939,44999
14693,44999
136209,44999
227833,44998
253058,44998
255679,44998
295591,44998
44584,44998
159581,44998
271275,44998
214237,44998
245309,44998
213799,44998
77327,44998
3614,44997
128794,44997
277393,44997
145182,44997
236166,44997
266289,44997
257618,44997
277897,44997
267203,44996
239364,44996
293028,44996
266014,44996
285952,44996
