11,100000
2805,56351
108,51099
155694,50639
211,49437
291564,49395
580,49277
16842,49160
84601,49145
266900,49140
80673,49117
250325,49042
275332,49031
276165,49019
36284,48936
30366,48932
10766,48868
41028,48855
338,48833
3945,48825
6026,48809
69554,48783
259014,48764
287463,48702
10393,48702
229570,48680
16072,48671
89336,48660
31980,48633
5719,48632
27716,48624
113117,48608
247590,48602
283792,48593
265107,48585
250584,48563
236,48563
230998,48550
51543,48530
389,48501
29086,48500
160581,48488
274804,48487
232590,48476
28780,48429
201796,48415
40123,48411
24270,48408
54765,48405
270223,48387
190753,48378
30422,48372
278605,48371
294612,48365
259064,48340
291013,48333
206385,48326
228234,48318
170469,48316
9010,48309
289625,48308
11623,48299
17,48287
268386,48284
217499,48278
178568,48275
244827,48275
286894,48268
294091,48267
2181,48266
239063,48264
274697,48254
268996,48247
390,48247
293290,48243
195,48241
5328,48240
254764,48234
247134,48226
63125,48222
254778,48219
8559,48209
240008,48203
278848,48176
28972,48174
229204,48171
286332,48170
252659,48168
23849,48165
131,48165
187394,48163
114320,48161
210945,48160
31395,48155
282884,48153
147112,48145
265690,48139
286111,48135
146390,48133
189870,48132
166286,48128
15,48127
243355,48126
226935,48123
216515,48123
97322,48120
177116,48118
198497,48117
257112,48106
246864,48104
1195,48102
214277,48097
60443,48096
167776,48096
4406,48087
55504,48076
56252,48073
226808,48070
290109,48066
291206,48065
272419,48062
136479,48059
26,48058
106884,48056
269627,48053
253594,48052
255793,48049
243851,48049
248084,48045
275799,48039
179245,48035
195892,48034
13695,48032
275549,48032
258509,48015
268783,48015
265502,48015
280145,48012
240170,48012
148702,48012
248480,48010
245441,48003
194966,48001
1094,47993
293994,47989
196090,47986
56156,47983
1586,47979
285563,47978
41951,47976
242332,47976
166826,47972
154748,47962
274109,47957
131440,47954
239450,47952
168925,47951
245448,47950
270200,47946
257686,47946
112468,47945
180284,47942
239302,47941
22483,47940
213742,47938
24863,47930
289927,47928
285729,47928
168577,47927
266731,47924
249126,47923
180673,47922
34966,47918
292680,47917
199011,47914
47759,47907
1886,47906
253377,47899
8010,47897
295837,47896
241096,47889
234458,47889
7027,47889
19482,47888
1073,47882
112371,47879
100911,47879
226748,47878
256391,47868
219538,47867
138456,47866
234185,47864
120347,47863
123933,47862
285153,47850
186854,47848
203479,47847
194276,47847
265631,47845
161023,47844
250945,47844
161225,47843
212569,47841
694,47840
208136,47840
178664,47837
170696,47836
253079,47836
216789,47833
145791,47830
207836,47830
220467,47829
296580,47824
141081,47818
2553,47813
189496,47811
212475,47810
209539,47807
384,47805
201764,47801
199972,47787
134604,47787
53927,47786
261853,47786
220335,47785
20853,47782
190196,47780
248205,47779
274585,47778
158479,47772
111856,47771
3276,47768
29991,47767
270637,47767
159629,47766
208086,47764
110497,47761
294571,47761
256629,47760
93751,47760
130618,47759
246509,47757
204509,47749
191109,47745
284811,47744
25740,47744
32011,47743
11588,47742
215166,47740
232433,47740
245761,47739
220040,47738
280335,47738
269337,47738
24302,47737
248419,47735
106486,47735
209751,47734
154038,47733
142665,47725
173556,47724
214852,47724
208723,47723
222358,47720
83273,47719
271457,47719
263363,47716
222443,47716
106895,47713
151069,47713
243944,47712
141265,47707
278206,47705
162100,47703
282666,47701
186398,47700
110420,47698
275301,47696
219850,47692
274241,47688
291129,47687
274742,47687
260486,47682
195038,47679
152046,47678
190898,47678
21413,47678
215821,47675
154278,47673
45045,47673
102,47668
52120,47666
251231,47665
23195,47664
208625,47663
132833,47663
147868,47661
223705,47661
38973,47660
85576,47660
184917,47659
288496,47653
223811,47652
202155,47650
253113,47649
177790,47649
210905,47647
162820,47646
231942,47645
240938,47644
152082,47642
277427,47639
280452,47637
208429,47636
560,47634
187223,47631
119218,47629
188780,47626
218691,47625
139876,47625
194784,47625
168561,47622
268332,47622
244579,47621
147911,47621
183983,47618
212123,47616
182522,47614
29479,47613
216628,47609
205010,47608
1030,47608
147968,47607
22639,47607
163781,47606
247467,47605
169038,47603
186998,47601
230865,47599
184712,47596
133188,47596
176079,47593
167576,47590
135558,47588
259815,47587
175025,47586
285013,47585
206218,47582
129537,47580
289451,47577
280496,47576
124724,47575
276968,47574
296302,47573
193148,47572
251102,47572
239050,47567
291310,47567
103172,47567
278692,47567
267599,47564
130694,47564
35339,47563
278635,47560
218104,47559
215530,47558
113477,47557
294490,47557
372,47556
66222,47555
254283,47554
151996,47552
125441,47552
184874,47549
94737,47548
184077,47545
185055,47544
124327,47544
189736,47543
253412,47541
175092,47539
270781,47537
206989,47535
151624,47535
104946,47534
55850,47531
107776,47531
188923,47531
268928,47531
263685,47530
148430,47530
129205,47530
35772,47528
264013,47527
286532,47526
69318,47526
102609,47526
260696,47525
192295,47523
168914,47523
277596,47523
73056,47522
228300,47522
255842,47519
223118,47518
16670,47516
121306,47516
143955,47516
134357,47515
155920,47513
170320,47513
95534,47511
254285,47509
260477,47509
274726,47508
5549,47507
226801,47506
252554,47505
261201,47505
283497,47505
215863,47505
295939,47504
133750,47503
260208,47501
117301,47498
53143,47497
252435,47497
81508,47496
198984,47495
175640,47494
11288,47492
235213,47491
443,47487
194336,47487
26833,47487
270911,47486
279070,47486
27324,47485
17537,47485
114354,47482
281349,47478
176275,47475
279982,47474
260124,47472
227462,47471
287474,47470
146420,47469
224030,47468
273297,47466
110508,47464
25379,47463
193307,47462
47577,47462
22443,47461
177970,47460
45405,47459
252099,47457
278530,47457
199436,47456
204220,47455
169354,47455
160378,47454
78090,47451
247077,47450
260073,47449
232108,47448
283622,47447
273853,47446
266705,47445
218464,47444
286617,47443
1566,47443
224663,47443
214520,47441
255733,47440
187634,47439
165072,47439
255004,47437
140765,47436
251342,47436
148824,47436
240480,47436
212809,47434
229535,47432
146585,47431
150051,47431
257897,47431
144712,47430
117473,47430
233890,47429
273232,47428
71032,47424
23576,47424
66737,47422
243809,47422
24108,47422
291054,47419
149625,47418
175578,47418
166753,47417
3239,47417
263624,47417
262457,47416
206208,47415
102540,47414
173278,47413
268902,47412
284817,47408
276219,47406
198032,47405
79746,47405
223947,47404
159630,47402
263555,47401
133694,47400
111707,47399
296388,47397
256459,47397
18581,47392
14569,47392
223935,47392
19602,47390
272270,47389
246602,47389
146482,47389
239534,47388
209517,47386
274499,47384
143847,47384
270092,47382
181948,47381
239467,47381
286605,47379
233970,47378
258641,47378
285068,47377
19968,47376
284258,47376
251852,47371
190744,47370
27349,47369
29912,47368
134022,47368
254032,47366
229427,47361
264292,47360
181453,47360
108916,47358
93900,47357
273987,47356
37538,47353
19630,47353
191207,47352
201944,47352
105306,47351
244814,47351
252945,47350
33570,47347
239876,47346
233814,47346
191143,47345
251202,47345
119531,47344
259861,47344
174711,47343
230728,47343
252542,47343
130545,47343
228294,47342
828,47341
140644,47341
250291,47339
228686,47339
229042,47338
177431,47338
171285,47337
253483,47335
256703,47335
106412,47334
43010,47332
227870,47331
278658,47331
163952,47327
122563,47326
68298,47324
152448,47322
252760,47321
268522,47321
276313,47320
260072,47319
291603,47319
257100,47318
207393,47318
187016,47318
157006,47317
294933,47316
138936,47316
152751,47315
59214,47312
225455,47311
2287,47309
115064,47307
217159,47305
7498,47305
211844,47304
246123,47302
46135,47302
255738,47300
172867,47299
227622,47299
211632,47296
229964,47295
271994,47293
253990,47292
3163,47292
189043,47292
229663,47291
130538,47290
134011,47288
187295,47286
98849,47286
277346,47286
140616,47286
5164,47285
103195,47285
236342,47284
117899,47283
120753,47281
187063,47280
286326,47280
100246,47278
262057,47277
185711,47276
232182,47276
231137,47275
184580,47275
186648,47274
204492,47273
167105,47272
203935,47271
248851,47271
144848,47271
193262,47271
157091,47270
47161,47269
129902,47268
126911,47263
258281,47263
150041,47261
204577,47261
289638,47261
215959,47260
27205,47260
124093,47260
236724,47260
294907,47260
233098,47260
288088,47259
29808,47259
228822,47257
282475,47256
277748,47255
163115,47255
120658,47255
227095,47254
25020,47254
143175,47253
140636,47251
188566,47249
160002,47248
237319,47248
101585,47247
212988,47246
142243,47246
197958,47245
265239,47244
185785,47242
60396,47242
245844,47241
117114,47241
226835,47237
78797,47236
39759,47236
242537,47235
199882,47234
31142,47233
112324,47233
86352,47232
204005,47231
94180,47231
224556,47231
290664,47231
187402,47230
47877,47230
49377,47229
276196,47229
269688,47228
291633,47228
38464,47228
98079,47227
190624,47227
279254,47225
141715,47224
105613,47224
116586,47223
248811,47222
246127,47222
264643,47222
292233,47221
222785,47220
111162,47219
269163,47218
123995,47218
100933,47216
247924,47216
250044,47216
17890,47214
219048,47212
138166,47211
66170,47210
143542,47208
273923,47208
276434,47208
193759,47206
198804,47204
220929,47203
153963,47202
164590,47202
90581,47200
268450,47199
74178,47198
142722,47197
209982,47197
26115,47197
257338,47196
166386,47196
294040,47195
224275,47195
87299,47194
211045,47194
193794,47192
237846,47191
102337,47191
148261,47191
271598,47190
170674,47187
184799,47187
245561,47187
193808,47186
231709,47184
203840,47183
3479,47182
106715,47182
281525,47182
139801,47182
271757,47181
42083,47180
119278,47179
277603,47179
1641,47179
181065,47178
260226,47178
211775,47178
34231,47176
80178,47174
130998,47173
294144,47173
119401,47171
150981,47171
123296,47170
243426,47169
236414,47168
112172,47168
209660,47167
202711,47167
293394,47166
115644,47164
272430,47163
250487,47161
121278,47160
205159,47160
249649,47160
264494,47159
202825,47158
228747,47158
19733,47157
253522,47157
122524,47157
288420,47156
37093,47156
6052,47156
196427,47156
461,47155
280016,47152
193846,47152
253029,47152
189102,47150
210436,47149
251681,47149
187059,47149
140574,47148
252500,47147
67183,47146
248578,47145
278684,47144
180197,47143
252552,47143
178212,47142
160409,47141
97374,47141
130842,47141
101840,47140
128101,47140
148762,47140
228619,47139
282217,47138
130411,47138
81439,47138
10419,47137
138680,47137
13851,47136
243717,47135
177209,47135
265224,47134
265267,47134
241451,47133
49412,47133
92496,47133
164150,47132
25091,47131
94770,47131
285808,47130
191131,47130
176824,47129
189148,47127
114478,47127
116328,47126
269434,47126
194788,47126
236864,47124
171657,47124
127580,47123
170864,47122
227766,47122
205721,47121
214347,47121
77128,47121
286224,47119
97781,47119
133322,47119
244236,47117
96272,47117
237371,47117
130070,47116
272197,47115
321,47115
283937,47114
196559,47114
109146,47113
224213,47113
264381,47113
141068,47112
110481,47112
78992,47112
281726,47111
244359,47111
277074,47111
130360,47111
158935,47110
173623,47110
33853,47107
146725,47106
277722,47106
246337,47106
223385,47106
26950,47105
212905,47105
237253,47104
42503,47104
108294,47103
79972,47102
107429,47102
159705,47102
8087,47102
49065,47101
254478,47100
158148,47100
110035,47099
289478,47099
106235,47099
66239,47097
220263,47097
260482,47097
287420,47096
102717,47096
225141,47095
245311,47093
85802,47092
224341,47091
81839,47091
270774,47091
288165,47090
266317,47089
1549,47089
159637,47088
54362,47088
161364,47087
214823,47087
223652,47087
251646,47087
220125,47086
57858,47086
67086,47085
139442,47085
261900,47085
223528,47083
114961,47083
212955,47082
273040,47082
243943,47082
79672,47081
102364,47081
216373,47080
187015,47080
104382,47080
182179,47080
289115,47080
170954,47080
199030,47080
54917,47079
4523,47079
270813,47078
243642,47078
237249,47078
129087,47078
281354,47077
290579,47076
90511,47076
156342,47075
143854,47075
287546,47075
239512,47075
256023,47074
226315,47074
185615,47073
125496,47073
180842,47072
221337,47072
288953,47071
233355,47069
263295,47069
162726,47069
28409,47068
280064,47068
235427,47068
258494,47067
187875,47067
177872,47066
68699,47065
24531,47065
134380,47064
281850,47064
288306,47063
271515,47063
159841,47062
115005,47061
200389,47059
5201,47058
256993,47058
263508,47058
164287,47056
225465,47054
13613,47053
248136,47053
134748,47052
242257,47052
54668,47052
120253,47051
251654,47051
287699,47048
169111,47048
182220,47047
194324,47047
156149,47047
190247,47045
81266,47045
248591,47045
279544,47043
240366,47043
250218,47043
254907,47042
16483,47042
213464,47042
70075,47042
280028,47041
40706,47041
125090,47039
177605,47039
196087,47038
181711,47037
184400,47036
279310,47035
39589,47035
181126,47034
125589,47034
121115,47034
208578,47033
27277,47033
103010,47033
156187,47031
106283,47031
282123,47031
242404,47031
33081,47031
9825,47031
1217,47030
122540,47030
246734,47030
69026,47029
134759,47029
145499,47028
73527,47028
285922,47027
74768,47026
128333,47026
172470,47026
136637,47025
8180,47025
206316,47023
273214,47023
215994,47022
278538,47022
227269,47021
225058,47020
88388,47019
113676,47019
89423,47019
39087,47015
88931,47014
166342,47013
109469,47013
134064,47012
211536,47012
247747,47011
270490,47010
229716,47009
283018,47007
291740,47006
294066,47005
134478,47005
20643,47004
40502,47003
235978,47003
252837,47002
84587,47002
180870,47002
261408,47002
225844,47001
274296,47001
286544,47000
102720,46999
142751,46998
205239,46998
161907,46997
274327,46996
184798,46996
43115,46996
291736,46995
225063,46995
50830,46994
165143,46994
296583,46994
142662,46994
225927,46993
248293,46993
136134,46993
109188,46992
180640,46992
161640,46991
123708,46990
107908,46990
293591,46989
200650,46989
289122,46988
162520,46988
175001,46987
172430,46986
284351,46986
234332,46985
220351,46985
170040,46984
210900,46984
283587,46983
260684,46983
68450,46982
169139,46981
123669,46981
182317,46980
247678,46979
147695,46979
236107,46979
116681,46979
21549,46979
256533,46979
192834,46979
65563,46976
78488,46976
84078,46976
182432,46976
149188,46975
4583,46975
13393,46975
207782,46975
172847,46974
188608,46974
131065,46974
266247,46974
109831,46974
236929,46974
73911,46974
11045,46973
255744,46973
174343,46973
291412,46973
41257,46972
182262,46972
161654,46972
136138,46970
210986,46969
281927,46968
226477,46968
6058,46968
275596,46967
225121,46967
223864,46966
168734,46965
217364,46965
293094,46964
62309,46964
77535,46962
149996,46962
291955,46962
291191,46962
293298,46962
212867,46961
184842,46961
97955,46960
181377,46960
274917,46959
230951,46959
44529,46958
58329,46957
230601,46955
265086,46955
209406,46955
74136,46954
131326,46951
210678,46951
151491,46951
284752,46950
239694,46950
78430,46950
197287,46950
71658,46949
62626,46949
190469,46949
243297,46948
261692,46948
205378,46948
264854,46946
252612,46946
230221,46945
286936,46944
259341,46944
291711,46944
130368,46943
225254,46941
71044,46941
107915,46941
124181,46940
279619,46940
61828,46939
188312,46939
180580,46939
285178,46939
168036,46937
248117,46937
274394,46937
160298,46936
242641,46936
192915,46936
99691,46935
108123,46935
139816,46934
277123,46934
260777,46933
243758,46931
2687,46931
132425,46931
20414,46930
1685,46930
96473,46930
161325,46930
255610,46929
142683,46928
287687,46928
281088,46927
238639,46927
135688,46927
133981,46925
186618,46924
37853,46924
74928,46924
18205,46923
229721,46923
120932,46923
229517,46923
129003,46923
3155,46922
250858,46922
99091,46922
150566,46922
37826,46922
82344,46921
102520,46921
240316,46921
97886,46921
197794,46920
161006,46920
221830,46920
142108,46919
291202,46918
101359,46917
249493,46917
90936,46917
11958,46917
18228,46917
237843,46915
285989,46913
209548,46913
172320,46913
266204,46912
272728,46912
191749,46911
293085,46910
268762,46910
257817,46908
145855,46908
228349,46907
177560,46906
83319,46905
13364,46905
173619,46903
289581,46902
71091,46901
192348,46900
193902,46899
182479,46899
235720,46898
292459,46898
185375,46898
212681,46897
261246,46896
275960,46895
195474,46895
57341,46894
289181,46894
214864,46894
25008,46893
106216,46893
228857,46892
60836,46892
230921,46891
38846,46891
143370,46889
261796,46888
279323,46888
168006,46888
81282,46887
130034,46887
137064,46887
154600,46886
115810,46885
214086,46885
36559,46884
212749,46884
47570,46884
206267,46884
216818,46883
39233,46883
98265,46881
130196,46881
290994,46881
78105,46881
184598,46880
277885,46880
246723,46880
260858,46880
238801,46879
276088,46879
208021,46879
188398,46879
116163,46878
235988,46878
23606,46878
255140,46877
247688,46877
186677,46877
66324,46876
181547,46876
131563,46875
234280,46875
293318,46875
83051,46875
248286,46874
239632,46874
262815,46873
26944,46871
197647,46871
238790,46870
189160,46870
262212,46870
181872,46870
82751,46869
78993,46869
288298,46868
146086,46868
137129,46868
149192,46868
140025,46868
269806,46867
64407,46866
114103,46866
121482,46866
274300,46866
16285,46865
132922,46864
293888,46864
220043,46864
283327,46864
45522,46862
85823,46862
170580,46862
111544,46860
70077,46860
109427,46860
282118,46859
203122,46859
173805,46859
270363,46858
248491,46858
83826,46858
267435,46858
155741,46858
155626,46857
19246,46857
3127,46856
74587,46856
250368,46856
274180,46856
205099,46856
85313,46856
75468,46856
189423,46856
223983,46855
235752,46855
79178,46855
84150,46853
220227,46852
34848,46852
285041,46852
250184,46851
262090,46851
274206,46851
151814,46851
174520,46850
219824,46850
32099,46849
261289,46848
257345,46848
115452,46847
229872,46847
75548,46846
185854,46846
139849,46846
165137,46846
105693,46845
159953,46844
115104,46844
265423,46844
225056,46844
143964,46843
77530,46843
250346,46843
296488,46843
229055,46842
86272,46842
104553,46842
258663,46842
66103,46841
151549,46841
57768,46840
284256,46840
254739,46840
40156,46840
235767,46839
23644,46839
102080,46839
131152,46839
23083,46839
256297,46839
38772,46837
261236,46837
105343,46837
187882,46837
264004,46837
68837,46836
229498,46834
285739,46833
260247,46833
235528,46833
46757,46832
224480,46831
186984,46830
176774,46829
275591,46828
202659,46828
184730,46827
238599,46827
86749,46827
91281,46825
150839,46824
268745,46824
207090,46824
76383,46824
237756,46823
181418,46823
226787,46823
36606,46823
196944,46822
69107,46821
6511,46821
277279,46819
283376,46819
158432,46818
286553,46818
280031,46818
126236,46818
139310,46818
262519,46818
199846,46817
279463,46817
188701,46817
296270,46816
21719,46815
236267,46813
118118,46812
43661,46812
119181,46811
136777,46811
155253,46810
48445,46810
68722,46809
135197,46808
228705,46808
184841,46808
203605,46808
172704,46807
98012,46806
181170,46805
246883,46805
295046,46805
92585,46804
207084,46804
185784,46804
125483,46804
241878,46803
260827,46802
48584,46802
28156,46802
39459,46801
182946,46800
236999,46800
226664,46800
201494,46799
175963,46799
176075,46799
238914,46799
210961,46799
245413,46798
120700,46798
104158,46798
38514,46797
81621,46796
132005,46796
63744,46796
12019,46796
208905,46795
244867,46795
167445,46794
274931,46793
108723,46793
105874,46793
196932,46792
251479,46792
352,46792
262264,46791
69379,46791
120138,46790
29677,46789
294561,46788
278385,46788
176007,46788
265255,46787
10007,46786
72547,46786
231014,46786
143095,46786
251356,46786
275355,46784
5072,46784
217773,46783
179972,46782
139143,46782
108536,46782
48936,46781
237224,46780
161151,46780
84209,46779
221726,46778
146818,46777
151890,46777
104903,46776
170113,46776
20409,46775
291235,46775
76486,46774
195177,46773
288349,46773
276480,46771
118603,46771
1899,46770
196441,46770
241573,46770
156440,46770
143696,46768
84046,46768
229765,46768
197235,46767
182324,46766
11450,46766
183013,46766
188821,46765
39296,46763
50432,46763
13885,46763
183550,46763
275656,46763
42696,46763
268393,46762
162827,46762
261918,46762
17966,46760
183967,46760
260530,46760
269393,46760
280120,46759
143953,46759
1485,46758
132660,46758
16260,46758
34036,46758
131054,46757
99574,46756
102165,46756
147506,46756
27496,46755
281586,46754
200717,46754
232902,46754
231544,46754
107456,46753
237433,46752
197456,46752
261200,46752
281422,46751
8600,46750
204776,46750
24711,46750
207917,46750
246016,46749
220432,46749
258257,46749
224447,46749
53878,46748
229031,46748
22617,46747
230347,46747
245946,46746
164682,46746
253326,46746
244916,46745
20354,46743
44447,46743
57433,46742
275100,46742
79465,46742
224961,46742
80188,46741
290606,46741
203763,46741
147085,46740
207099,46740
57760,46739
246209,46738
80222,46738
237533,46738
165551,46738
101113,46737
161926,46737
28207,46736
203337,46736
87538,46736
261623,46736
157425,46735
220105,46735
294606,46735
4441,46734
110522,46734
185801,46734
255188,46734
274411,46734
103158,46734
280673,46734
76585,46733
111079,46733
291050,46733
246396,46733
201343,46732
223141,46732
285339,46732
166284,46731
86943,46731
77007,46731
96264,46730
169580,46728
270793,46728
278465,46728
19320,46728
231972,46728
82134,46727
131268,46727
113008,46726
38856,46725
215609,46724
151208,46724
30659,46723
295262,46723
295042,46722
148454,46721
223191,46721
64993,46721
59226,46720
153926,46720
120510,46720
276966,46720
289427,46720
280798,46720
260874,46719
250154,46719
80054,46719
235351,46719
249668,46718
120814,46717
96249,46716
49863,46716
61153,46716
287857,46715
61522,46715
250499,46715
9395,46715
96217,46714
245026,46714
203697,46713
194,46712
237584,46712
47876,46711
83400,46711
281276,46710
285588,46710
277077,46710
73474,46710
285927,46709
258155,46709
246180,46709
20715,46709
3563,46709
238009,46708
282573,46707
136903,46706
60805,46706
73787,46706
231410,46706
261360,46706
260766,46705
7920,46705
165529,46704
67698,46704
117030,46704
12410,46704
92164,46704
163492,46703
167064,46703
235148,46703
211977,46703
76721,46702
156934,46701
224434,46701
84707,46700
180147,46700
213994,46700
71784,46698
166595,46698
215844,46698
276672,46697
227236,46697
257531,46696
30357,46696
276515,46696
169537,46696
50636,46695
276299,46695
153346,46695
244917,46695
271354,46694
196813,46693
21983,46693
204938,46693
179672,46693
64923,46692
12608,46692
11003,46692
49507,46692
115816,46692
264210,46691
265492,46691
5068,46691
259702,46691
212439,46691
210203,46691
60698,46691
65027,46691
152884,46690
273628,46690
155984,46689
236243,46689
274794,46688
222533,46688
168116,46687
230214,46687
278915,46685
270397,46685
7334,46684
53254,46684
275992,46684
144753,46684
182894,46683
126915,46683
233541,46683
202928,46682
230781,46682
274031,46681
139963,46681
291904,46680
30747,46680
237320,46680
96975,46680
247874,46680
293771,46680
152,46680
266645,46679
213829,46679
129446,46679
214352,46679
137723,46678
136325,46678
191479,46678
113743,46677
285541,46677
47125,46675
273110,46675
121846,46675
18364,46674
73555,46674
282711,46673
85715,46673
37102,46673
282554,46673
246140,46672
193087,46672
282178,46672
189351,46672
291341,46672
244420,46671
96220,46671
163107,46670
209921,46670
210643,46670
184230,46670
255073,46670
261554,46669
273845,46669
267786,46668
266669,46668
210440,46668
139394,46668
138325,46668
148131,46667
63130,46667
126569,46667
273786,46665
24901,46665
55573,46665
149076,46665
216883,46665
217930,46664
167331,46663
208796,46663
83487,46662
246154,46662
204808,46661
290534,46661
264646,46661
169094,46660
150054,46660
188638,46659
66150,46659
78362,46659
204381,46658
202529,46658
279880,46658
174697,46657
49979,46657
117156,46657
293925,46657
245321,46657
228752,46657
270647,46657
117035,46655
533,46655
270862,46654
69882,46654
208563,46653
170564,46653
59096,46653
161688,46653
169116,46653
180590,46652
59042,46652
101654,46651
69447,46651
176025,46651
231390,46651
286787,46650
259850,46649
148043,46649
138408,46649
17702,46648
201549,46648
162518,46648
168172,46647
152394,46647
289081,46647
28860,46646
260206,46646
3147,46645
116718,46645
290266,46645
207713,46645
42375,46644
254045,46644
46144,46644
176669,46644
276550,46643
290012,46643
142222,46643
22254,46642
85560,46642
12871,46642
155478,46642
202213,46641
62406,46641
186532,46641
281648,46641
182899,46640
147944,46640
111465,46639
105454,46639
105477,46639
295200,46639
251211,46638
262327,46638
98528,46637
280748,46637
179022,46636
746,46636
292886,46636
281097,46635
83208,46634
145155,46633
204312,46633
61381,46633
246866,46633
257720,46632
269202,46632
94651,46632
110617,46631
82613,46631
13823,46631
195970,46630
261775,46630
63213,46630
294805,46629
248241,46628
260267,46628
191260,46628
9267,46628
272743,46627
97318,46627
268740,46627
173706,46627
188043,46627
160093,46626
97502,46626
69668,46625
201543,46625
217826,46624
99521,46624
234885,46624
265524,46624
194640,46623
265146,46623
198980,46623
84265,46622
158736,46621
5176,46621
232282,46621
27405,46621
243384,46621
191946,46620
217335,46620
243792,46620
134139,46620
48400,46620
283694,46619
50122,46619
94236,46619
259965,46619
114827,46619
183538,46619
173929,46619
235302,46619
144333,46618
203226,46618
175544,46618
273437,46618
148651,46617
197467,46617
268788,46616
210893,46616
277935,46614
52264,46613
183471,46612
88386,46612
247373,46612
228246,46612
161687,46611
239573,46611
280163,46611
256849,46611
17988,46610
152817,46610
60691,46609
272974,46608
92893,46608
270103,46608
161945,46607
243463,46607
145430,46607
86212,46607
4864,46607
102793,46605
9242,46605
223018,46605
271455,46604
20232,46604
28809,46604
199073,46603
142743,46603
224448,46603
192406,46603
220843,46603
82439,46602
159730,46602
106403,46601
241274,46601
93946,46601
91309,46600
16,46600
294169,46599
2032,46599
95605,46599
252931,46598
263813,46598
194813,46598
120152,46598
190357,46597
49057,46597
151158,46597
191624,46596
10474,46596
205906,46596
282198,46596
97850,46594
214123,46594
250217,46594
208435,46594
186796,46593
133274,46593
267822,46592
295219,46591
295341,46591
153104,46590
175651,46590
237845,46589
114273,46589
163813,46588
24708,46588
39855,46587
289395,46587
183563,46586
293052,46585
29846,46585
2058,46585
136122,46585
82199,46585
11888,46584
294826,46584
25368,46583
68266,46582
227821,46581
276333,46581
120712,46581
46257,46581
9000,46580
265059,46579
134990,46579
153705,46579
282472,46578
17472,46578
9069,46578
185903,46578
118763,46577
186443,46577
155424,46577
217833,46577
141408,46576
256005,46575
104869,46574
180542,46574
9159,46574
185738,46573
273100,46573
261260,46573
294272,46573
182114,46572
107994,46572
119831,46572
30344,46572
275764,46572
232917,46571
168012,46571
196967,46570
67570,46570
116102,46570
100760,46570
240511,46570
293484,46570
205697,46569
247184,46568
127703,46568
84861,46568
236429,46568
206828,46568
70821,46568
68917,46568
73495,46568
120295,46568
118885,46568
185515,46567
147546,46567
60294,46567
44202,46566
223555,46566
289051,46565
209897,46565
111685,46564
174674,46564
192261,46564
139422,46563
236546,46563
45940,46562
78826,46561
204540,46561
260819,46561
127038,46561
243766,46560
216554,46560
6021,46560
227823,46560
238543,46560
83168,46559
26654,46559
273230,46559
5324,46558
142218,46558
252809,46558
199673,46557
174648,46557
91051,46557
73083,46557
207268,46556
43534,46556
294652,46556
224997,46555
68738,46555
286799,46555
21309,46555
279168,46555
228639,46554
249195,46554
209996,46553
174667,46552
40944,46552
58016,46552
16013,46551
114216,46551
189632,46551
232226,46551
163657,46551
229413,46551
42483,46550
178413,46550
253442,46550
136145,46550
180769,46550
254734,46550
234927,46549
57497,46549
185218,46549
182362,46548
235837,46547
111362,46547
50927,46547
165789,46547
102055,46547
127658,46547
118447,46546
68839,46546
49278,46545
147383,46545
283897,46544
208339,46544
105639,46544
285544,46543
58068,46543
24848,46543
59511,46543
30530,46542
121425,46542
204411,46541
291259,46541
108418,46541
191266,46540
170953,46540
17497,46540
178074,46540
75560,46540
96662,46539
21663,46539
52734,46539
141852,46539
91462,46538
257813,46538
21288,46538
63620,46538
22758,46538
15225,46537
230042,46537
242723,46537
296368,46535
107518,46534
138960,46533
192309,46532
264134,46532
51810,46531
260601,46531
279029,46531
49722,46531
101528,46531
217265,46531
194846,46530
197475,46529
46998,46529
231947,46528
248537,46528
117851,46528
18313,46527
275294,46527
264024,46527
292052,46526
174294,46526
138758,46525
165003,46525
237585,46525
252287,46524
294376,46524
53352,46524
19988,46524
146807,46523
137738,46523
222447,46522
281269,46522
43166,46521
152695,46521
82061,46520
243076,46519
283794,46519
80805,46519
223307,46519
146212,46518
176213,46518
224251,46517
289757,46517
291290,46517
235608,46516
274791,46516
158901,46516
207263,46516
243633,46515
26849,46514
56533,46514
110941,46514
278368,46513
153237,46513
119579,46513
248900,46513
71492,46512
66760,46512
100840,46511
213751,46511
70022,46511
132760,46510
107020,46510
198654,46510
25439,46509
259628,46509
1585,46509
53928,46508
190575,46508
296454,46508
172677,46507
133756,46507
152421,46507
244019,46507
119485,46507
27642,46506
37627,46506
213629,46505
296215,46504
160868,46504
270015,46504
64925,46504
465,46504
211100,46503
270596,46503
81453,46503
136177,46503
236206,46502
75864,46502
43960,46502
3808,46502
203432,46501
260773,46501
131659,46500
518,46500
2349,46500
18355,46500
164479,46500
165706,46500
196383,46500
263984,46499
16504,46499
37584,46499
60154,46499
253014,46499
110375,46498
77434,46498
43319,46498
284524,46498
257012,46497
55536,46497
13211,46497
49212,46496
136000,46496
86616,46495
74227,46494
81614,46494
277533,46494
41329,46493
205115,46493
269428,46493
292074,46493
81869,46493
1068,46493
296321,46491
218887,46491
219668,46491
60034,46491
165729,46491
287700,46491
23778,46490
112554,46490
176374,46489
131348,46489
213190,46489
24469,46489
107328,46489
265429,46489
140100,46488
34252,46488
243763,46488
95728,46488
24333,46488
64441,46488
163064,46487
88437,46487
212734,46487
198109,46487
269792,46486
157309,46486
47108,46486
247728,46486
232510,46485
61410,46485
215832,46485
177984,46484
28385,46484
115645,46484
100561,46484
249505,46484
21529,46483
271616,46483
217384,46482
286350,46480
88993,46480
245655,46480
246913,46480
165062,46480
113363,46479
196733,46478
275943,46478
32968,46478
192143,46478
271390,46477
32999,46476
174502,46476
168548,46476
266933,46476
186867,46475
145632,46475
141186,46474
44241,46474
274298,46474
215983,46474
88600,46474
115818,46474
156855,46474
215244,46474
252712,46473
285777,46473
7129,46473
162668,46472
132131,46471
283129,46471
54818,46470
14973,46470
50001,46469
134917,46469
152338,46469
113549,46468
153141,46468
278414,46468
281877,46468
290415,46468
142667,46467
289392,46467
211498,46467
193035,46466
249765,46466
185828,46466
18282,46466
89200,46466
68452,46465
157127,46465
285906,46465
149236,46465
176768,46464
252459,46464
236904,46464
189288,46464
31108,46464
259590,46464
274027,46464
264903,46463
209681,46463
77320,46462
35501,46461
293,46461
119832,46461
217679,46460
85801,46459
241873,46459
235101,46458
252233,46458
242647,46458
111840,46458
142813,46458
45322,46458
110192,46456
245620,46456
97211,46456
54396,46456
275586,46456
147391,46456
202267,46456
108075,46455
9757,46453
286122,46452
111420,46450
40013,46450
156199,46450
202284,46450
37544,46449
250863,46449
164751,46448
24606,46448
3511,46447
102235,46447
115919,46447
35052,46447
177910,46446
142700,46446
286767,46446
107512,46445
133168,46444
19778,46444
222060,46444
203735,46444
5152,46444
199743,46443
194134,46443
143583,46443
191501,46443
44419,46443
6332,46443
201997,46443
238657,46443
180120,46442
26038,46442
197543,46442
205676,46442
149792,46442
22260,46441
254405,46441
209382,46441
128499,46441
231281,46441
211464,46439
164635,46439
212249,46439
275064,46438
260638,46438
189057,46438
249167,46437
218813,46437
230453,46437
209323,46437
21491,46437
260475,46436
144126,46436
203292,46436
225891,46436
36385,46436
1863,46435
28897,46435
63470,46435
22498,46434
268214,46433
29347,46433
194244,46433
271473,46432
60033,46432
283688,46431
235950,46431
220781,46431
247672,46431
87826,46430
224626,46430
191816,46429
50132,46429
160055,46429
272862,46429
251329,46429
215576,46428
135656,46428
137954,46427
200836,46427
270742,46427
43652,46427
210858,46426
99660,46426
38550,46426
262892,46426
233813,46426
68025,46425
295544,46425
204948,46424
78683,46424
41331,46424
43072,46424
257254,46424
3221,46424
115325,46423
173839,46421
64398,46421
141125,46421
254974,46421
107799,46420
225900,46420
236328,46420
218558,46420
44645,46419
160671,46419
293098,46419
137869,46419
168081,46418
268971,46418
78343,46418
122507,46418
261597,46418
42798,46418
139561,46418
189395,46417
296159,46417
133400,46417
176215,46417
224775,46417
55175,46416
178092,46416
213386,46416
86010,46416
38572,46416
50225,46415
205054,46415
281005,46414
25661,46414
294804,46413
219336,46413
108208,46413
81331,46412
254541,46412
17169,46412
296415,46412
197847,46412
53357,46412
132655,46411
52532,46411
146407,46411
193720,46410
173349,46410
253914,46409
283182,46409
180792,46409
235572,46409
32919,46408
288046,46408
164419,46408
73701,46408
290289,46408
21996,46408
156159,46407
96000,46407
202105,46406
152908,46406
52077,46406
87277,46406
112634,46406
142535,46405
130765,46405
107838,46405
244177,46404
66721,46404
58854,46404
288233,46403
47555,46403
95017,46403
8291,46403
281410,46403
181298,46402
45741,46402
49500,46401
78117,46401
200332,46401
211084,46401
214621,46401
27316,46401
228169,46400
296592,46400
233007,46400
164695,46400
206065,46399
83940,46399
192269,46399
269669,46399
239316,46398
224980,46398
118098,46397
92008,46397
56772,46397
93758,46397
169736,46397
247723,46397
38500,46397
271894,46396
204447,46396
142187,46396
265591,46396
35648,46396
222525,46395
140153,46395
196728,46395
181490,46395
75434,46393
255222,46393
86588,46393
168016,46393
130815,46393
89420,46393
23111,46393
19286,46393
34206,46392
64371,46392
103086,46392
58929,46392
207680,46391
11211,46390
47199,46390
228959,46389
37712,46389
98959,46389
256051,46389
135794,46389
18803,46388
50907,46388
281431,46387
50611,46387
160984,46387
195515,46387
161819,46387
162435,46387
541,46386
291091,46386
242252,46386
212679,46385
149113,46385
234710,46384
145658,46383
269230,46383
175261,46382
189112,46382
260010,46382
195696,46381
14730,46381
209217,46381
45496,46381
14604,46380
127139,46380
19883,46379
78894,46379
205642,46379
137323,46378
190807,46378
61180,46378
236424,46377
227398,46377
177728,46377
157985,46376
261045,46375
179042,46374
116665,46374
285644,46373
36566,46373
74286,46373
153760,46371
186515,46371
71437,46371
165262,46371
188290,46371
20359,46371
209361,46371
14817,46371
210296,46370
77709,46370
199819,46370
283795,46370
86306,46369
293209,46369
234473,46369
5545,46368
95454,46368
7574,46368
166857,46367
126879,46367
190684,46367
205475,46367
69986,46367
291686,46367
96392,46367
113822,46367
96228,46367
270383,46366
143549,46366
263827,46365
48194,46365
256996,46365
154444,46365
141600,46365
29613,46364
173088,46364
217040,46364
34127,46363
295862,46363
227068,46363
202163,46363
195814,46363
17997,46363
266800,46362
219342,46362
206019,46362
202035,46362
234951,46361
278601,46361
159392,46361
53560,46361
218102,46361
288463,46360
249169,46360
261766,46360
173586,46360
117259,46360
246361,46360
2406,46360
58459,46360
29781,46360
46118,46359
283045,46359
146355,46359
228881,46359
227610,46359
28559,46358
274683,46358
212965,46358
294994,46358
45615,46357
259565,46357
228964,46356
123157,46356
46329,46356
5039,46355
92028,46355
280509,46355
124762,46355
274829,46355
139406,46354
184733,46354
284567,46354
278301,46354
19570,46353
236608,46353
269698,46353
279146,46353
151779,46352
235865,46352
162580,46352
153802,46352
209882,46351
217721,46351
207986,46351
10806,46351
131261,46350
248094,46350
18460,46350
197048,46349
105880,46349
110858,46349
113052,46348
74181,46348
182920,46348
113439,46347
258599,46347
315,46347
200625,46347
125485,46347
48001,46347
42822,46346
192112,46346
2281,46346
51940,46346
286949,46345
183892,46345
65527,46345
38400,46345
284906,46345
193854,46344
139655,46344
51346,46344
270488,46344
13931,46343
110569,46343
166411,46343
7437,46343
80970,46343
68286,46342
167787,46342
77708,46342
263448,46341
291635,46341
246991,46341
239811,46341
242601,46340
214826,46340
152149,46340
77748,46340
162349,46340
15695,46340
76057,46339
221335,46339
62235,46339
156253,46339
193138,46339
276641,46338
283633,46338
251457,46338
104199,46338
79963,46337
24510,46337
142924,46337
257365,46336
119585,46336
110809,46336
98635,46335
7831,46335
204501,46335
77613,46335
80229,46335
203362,46334
941,46334
176941,46333
152112,46333
186657,46333
97740,46333
149371,46333
187105,46333
258717,46332
191276,46332
109144,46332
6119,46332
206031,46332
287238,46332
172016,46331
202774,46331
224594,46331
123855,46331
236125,46331
91166,46331
189124,46330
200959,46330
7041,46330
171611,46330
172534,46330
36885,46329
240269,46329
136870,46329
123477,46329
76503,46328
272192,46328
68480,46328
10623,46328
226101,46328
69772,46327
229524,46327
233855,46327
80506,46327
239457,46327
38241,46326
166685,46326
7744,46326
269766,46326
3875,46326
139720,46325
240526,46325
170573,46325
270049,46325
168503,46325
263532,46324
271937,46324
50679,46324
287887,46324
73869,46324
270875,46324
186391,46324
180272,46324
67827,46323
203347,46323
241324,46323
8004,46323
24528,46323
157751,46321
228960,46321
12248,46321
22990,46321
248557,46320
167693,46320
44276,46320
187915,46320
109580,46320
264224,46319
12460,46319
167854,46318
150126,46318
153511,46318
209122,46317
238996,46317
251821,46317
286242,46317
35107,46317
179920,46317
173580,46316
229930,46315
12037,46315
63127,46315
290267,46315
160819,46315
236986,46314
102730,46314
195096,46314
179051,46313
111662,46313
169343,46313
193997,46313
122673,46312
188008,46312
115922,46312
203494,46312
160491,46311
282821,46311
262889,46311
169942,46310
245495,46310
210130,46310
269795,46310
153830,46309
231144,46309
59506,46308
48221,46308
57865,46308
207441,46308
199908,46307
17031,46307
272956,46307
118218,46307
70410,46307
2578,46307
122230,46307
292285,46307
284103,46306
225146,46305
18447,46305
62189,46305
174448,46305
228665,46305
147850,46305
200743,46305
201733,46304
100782,46303
283505,46303
94191,46303
186691,46303
281834,46303
109011,46303
185260,46302
282822,46302
111459,46301
294249,46301
269706,46301
274068,46301
116687,46300
124293,46300
282488,46300
107308,46299
30435,46299
149309,46299
245997,46299
259642,46299
34520,46298
164849,46298
275159,46298
212209,46297
32650,46297
230679,46297
2567,46297
73239,46296
278004,46296
241831,46296
263803,46296
97563,46296
115936,46296
294243,46296
6380,46295
252286,46295
94731,46295
233411,46295
276183,46295
142433,46294
9485,46294
225012,46294
196025,46294
6232,46293
269685,46293
10683,46293
126190,46293
168441,46293
72286,46292
234401,46292
268087,46292
232970,46292
164818,46291
249510,46291
15712,46291
137062,46290
245712,46290
266507,46290
173670,46289
143723,46289
156062,46289
260383,46289
271373,46289
149462,46288
292597,46288
264368,46288
229259,46287
23711,46287
776,46287
280732,46287
245188,46287
45184,46287
11843,46287
203756,46287
7662,46286
291334,46286
230249,46286
223754,46286
180785,46285
149062,46285
286973,46284
22838,46284
101072,46284
20995,46284
102822,46283
7218,46282
212317,46282
970,46282
38252,46282
267886,46281
179273,46281
261126,46280
226469,46280
213389,46280
32179,46280
274739,46280
261385,46280
79498,46279
14026,46279
44392,46279
61361,46279
207213,46278
212487,46278
6105,46278
197792,46278
50780,46278
276038,46277
21959,46277
269756,46277
113595,46276
295832,46276
175809,46275
163457,46275
102403,46275
147392,46275
269275,46275
165885,46275
41564,46275
167251,46275
271339,46274
50582,46274
8965,46274
288815,46274
230212,46273
234206,46273
294650,46273
238390,46272
9641,46272
206810,46272
137302,46271
275362,46271
44836,46271
266096,46271
244997,46270
73198,46270
212850,46270
215234,46270
277809,46269
234344,46269
273784,46268
89412,46268
163603,46268
139369,46267
122866,46267
138784,46267
20622,46267
218743,46266
22088,46265
199645,46265
198743,46265
163333,46264
6465,46264
53099,46264
226658,46264
282657,46264
192762,46263
107485,46263
38874,46262
18398,46262
270734,46262
108443,46261
21206,46261
290693,46261
192207,46261
142091,46261
100486,46260
238434,46260
209730,46260
35951,46260
161079,46260
152085,46260
296047,46260
28138,46259
238328,46259
228772,46258
199203,46258
73751,46258
291410,46258
210641,46258
19375,46258
118383,46258
141806,46258
105580,46258
59190,46257
223765,46257
242167,46257
51705,46257
97551,46256
91139,46256
156814,46256
125732,46256
266644,46256
241026,46255
145470,46255
76572,46255
136839,46255
241328,46255
244000,46255
126831,46254
293546,46254
74428,46254
241703,46254
232911,46253
104652,46253
294414,46253
272687,46253
117641,46253
129637,46252
262783,46252
179489,46251
61387,46251
258874,46251
193490,46251
202773,46251
180567,46251
96295,46251
139646,46250
75280,46250
265732,46250
290682,46250
144332,46250
264590,46249
254137,46249
135583,46249
170370,46249
224105,46249
33472,46249
179127,46249
165148,46248
272489,46247
108510,46247
101088,46247
92763,46246
24174,46246
218570,46246
278987,46246
69037,46246
278821,46246
223284,46245
93782,46245
283195,46245
18056,46245
278650,46244
271087,46244
181071,46244
118245,46244
142055,46244
22420,46244
269853,46243
295446,46242
123458,46242
2953,46241
44625,46241
115298,46241
254985,46241
208073,46240
85086,46240
276448,46240
42613,46240
207548,46240
235393,46239
91621,46238
146614,46238
110070,46238
28269,46238
59971,46238
225400,46237
30136,46237
211198,46237
286256,46237
81745,46237
7749,46236
51908,46236
242476,46236
228634,46236
219222,46236
246839,46236
275639,46235
213317,46235
27045,46235
275903,46234
13501,46233
47556,46233
167049,46232
196857,46232
210457,46232
23743,46232
158893,46232
281160,46232
72426,46231
222364,46231
34385,46231
66144,46231
194761,46231
270857,46231
161556,46230
198784,46230
19163,46230
277996,46230
266953,46230
215033,46230
276279,46229
238241,46229
187837,46229
122227,46229
76,46229
240921,46229
180135,46229
284860,46229
287532,46228
12331,46228
175039,46228
247667,46227
4928,46227
191457,46227
247357,46227
192595,46227
257015,46227
200918,46226
215193,46226
235579,46226
186580,46226
129825,46226
158784,46226
177381,46226
274397,46226
193852,46225
147476,46225
247673,46225
209210,46224
10514,46224
204716,46224
100774,46224
4071,46223
140584,46223
123234,46223
276829,46223
64364,46223
244545,46222
244166,46222
175067,46222
32657,46221
205132,46221
27436,46221
255111,46221
88179,46221
272043,46220
44274,46220
3260,46220
123656,46220
290380,46219
93863,46219
277540,46219
229132,46219
221640,46218
228689,46218
290964,46218
183249,46218
264286,46217
236788,46217
271179,46217
295195,46216
155409,46216
12534,46216
157674,46216
140018,46215
32500,46215
232638,46213
51112,46213
124338,46213
87511,46213
255268,46213
22567,46212
260869,46212
126381,46212
234005,46212
182176,46211
153815,46211
247481,46211
190145,46211
26835,46211
204957,46210
184090,46210
197315,46210
238785,46210
69584,46210
219702,46210
184358,46210
206270,46209
156738,46209
270433,46209
286984,46208
133645,46208
111372,46208
7184,46208
14968,46207
50627,46207
39381,46207
247034,46207
191558,46206
197140,46206
233487,46206
33950,46206
200762,46206
256276,46206
203856,46205
36640,46205
206760,46205
198924,46205
242777,46205
271123,46205
144670,46205
272770,46204
187349,46204
282128,46204
265721,46204
244439,46204
51304,46204
239740,46204
30162,46204
139334,46204
193662,46204
42128,46203
148760,46203
230096,46203
210178,46203
76139,46203
214880,46202
265104,46202
211369,46201
272306,46201
32716,46201
4938,46201
53075,46200
286424,46200
281440,46200
33720,46200
170565,46199
11268,46199
118147,46199
210563,46199
217631,46199
95008,46199
51358,46198
279483,46198
182981,46198
89540,46198
279927,46198
234545,46197
155937,46197
296626,46197
20840,46197
43135,46197
241499,46196
259106,46196
198130,46196
13592,46195
251897,46195
245995,46195
275976,46195
88754,46195
283663,46195
107499,46195
102199,46194
245692,46194
149743,46194
182692,46193
100448,46193
169436,46192
170419,46192
110119,46192
293603,46192
69289,46192
120168,46191
142023,46191
188523,46191
156735,46191
223498,46190
284247,46190
131486,46190
185563,46190
97849,46190
291863,46189
211643,46189
139601,46189
227591,46189
150991,46188
155857,46188
260093,46188
46899,46187
173617,46187
214780,46187
163394,46187
128869,46186
232141,46186
4111,46186
25328,46186
155212,46186
286970,46185
296585,46185
186649,46184
8174,46184
260094,46184
276292,46184
28258,46184
289705,46183
192877,46183
74525,46183
259005,46183
14046,46183
3645,46183
124554,46182
191452,46181
122139,46181
236737,46181
126958,46180
90040,46180
253978,46180
263037,46180
250029,46180
788,46179
259269,46179
204794,46179
170346,46179
198748,46178
43143,46178
162670,46177
161996,46177
147765,46177
284857,46177
201498,46177
228015,46176
7382,46176
253649,46176
279087,46176
120361,46175
4178,46175
229100,46175
249194,46175
191114,46175
229744,46175
105354,46174
262869,46174
68802,46174
295547,46174
178,46174
172896,46172
44890,46172
933,46172
262940,46172
190582,46171
199052,46171
140332,46171
210515,46171
110910,46171
190530,46170
278625,46170
268847,46170
31633,46170
286869,46169
124921,46169
181365,46169
178479,46169
278057,46168
284165,46168
157550,46168
200827,46168
32766,46167
184887,46167
147564,46167
135919,46167
9134,46167
14792,46167
53014,46166
268420,46165
43576,46165
108363,46165
274268,46165
31015,46164
293654,46164
201897,46164
122303,46164
221054,46163
178897,46163
92767,46163
149802,46163
202538,46163
161851,46162
288809,46162
60333,46162
255768,46162
196806,46162
278087,46161
175476,46161
227285,46161
197207,46160
35683,46160
15201,46160
220126,46160
226740,46160
214334,46160
193823,46160
106458,46159
241035,46159
246681,46159
100193,46159
170972,46158
235582,46158
45029,46158
210534,46158
85423,46158
236326,46157
45757,46157
154170,46157
157691,46157
257482,46157
59815,46157
293342,46157
266444,46157
190045,46156
187374,46156
85706,46156
272730,46156
192592,46156
126832,46156
64897,46156
159406,46156
287011,46155
291555,46155
115923,46155
55358,46154
41324,46154
175586,46154
207813,46154
290669,46154
274560,46153
285137,46153
281073,46153
87293,46153
111167,46152
22847,46152
272863,46152
232316,46151
101127,46151
143692,46151
256192,46151
221882,46150
27610,46150
236187,46150
283306,46150
287304,46149
207542,46148
227333,46148
15005,46148
104048,46148
283269,46147
288538,46147
284821,46147
148087,46147
5800,46146
238699,46146
268793,46146
144510,46146
104364,46145
233905,46145
166102,46145
11308,46145
5507,46145
53238,46144
160297,46144
188139,46144
168910,46144
90858,46144
72222,46143
123371,46143
137841,46143
207129,46143
192990,46142
23390,46142
159050,46142
72868,46142
5410,46142
82348,46142
41131,46141
59639,46141
157570,46141
243469,46141
295280,46141
23210,46141
1714,46141
69188,46141
130644,46140
219522,46139
69240,46139
139939,46139
266287,46139
256497,46139
221702,46138
83974,46138
286432,46138
81755,46138
281481,46137
257414,46137
15399,46137
197848,46137
271842,46136
121285,46136
4005,46136
53046,46136
104974,46136
56742,46135
171407,46135
141729,46135
250983,46135
232598,46134
174906,46134
24170,46134
224181,46134
27473,46134
158634,46133
278679,46133
127454,46133
53163,46133
292590,46133
137117,46133
254286,46132
264336,46132
101822,46132
284956,46132
215073,46132
157788,46132
102526,46131
221029,46131
293968,46131
58480,46130
66781,46130
220714,46130
222375,46129
246558,46129
6565,46129
35265,46129
4044,46129
197004,46129
40737,46129
242310,46129
154626,46129
107336,46129
44477,46129
180533,46128
163617,46128
281467,46128
260571,46128
16118,46128
147901,46127
246287,46127
179311,46127
201510,46127
219528,46126
190733,46126
218028,46126
269068,46125
125323,46125
216194,46125
257089,46125
9127,46124
227609,46124
158221,46124
272284,46124
264455,46124
200955,46123
25225,46123
169349,46123
48106,46123
253384,46123
2284,46122
86634,46122
153515,46122
143878,46122
294993,46122
167692,46122
287573,46121
209957,46121
209627,46121
5535,46121
236649,46121
219735,46121
137391,46121
264483,46121
226941,46121
116446,46120
267562,46120
69688,46120
70219,46120
144825,46120
145270,46120
266543,46120
239846,46119
225366,46118
17135,46118
264866,46118
293066,46117
215508,46117
199414,46117
229488,46117
287705,46116
219343,46116
6319,46116
190968,46115
198102,46115
296350,46115
156013,46115
141893,46115
111756,46115
113847,46114
171849,46114
257924,46114
147279,46114
247967,46114
281978,46114
264427,46114
121056,46113
41871,46113
125621,46113
169011,46113
272005,46113
244461,46113
239735,46112
14846,46112
227685,46112
123907,46112
219896,46112
271279,46112
262456,46111
62942,46111
69432,46111
147568,46110
263310,46110
126600,46110
162420,46110
265160,46110
80757,46109
179111,46108
271253,46108
79411,46107
185565,46107
129717,46107
7527,46107
34123,46106
181164,46106
268070,46106
123188,46106
204502,46106
10951,46106
259120,46106
69007,46106
259542,46105
285930,46105
223407,46105
185807,46105
217606,46105
272337,46105
215574,46105
295096,46105
294313,46105
178220,46105
171877,46105
9588,46105
8985,46104
217586,46104
195928,46104
1045,46104
230139,46103
152632,46103
271785,46103
148269,46103
183211,46103
293636,46103
177479,46101
265498,46101
71639,46100
236615,46100
100844,46100
4519,46100
63155,46100
194104,46100
166220,46100
124937,46100
220413,46099
57320,46099
123695,46099
227324,46099
6388,46099
62450,46099
195489,46098
224629,46098
224350,46098
225263,46098
117140,46097
84070,46097
202019,46097
75188,46097
41363,46096
110568,46096
244830,46096
775,46096
23477,46096
154602,46095
142719,46095
100619,46095
29920,46094
201688,46094
89671,46094
157943,46093
172800,46093
278128,46093
281910,46093
10231,46092
60378,46092
151707,46092
193785,46091
133695,46091
223059,46091
226754,46091
136323,46091
215248,46091
275465,46091
204403,46091
102694,46091
200720,46090
30714,46090
36785,46090
247019,46090
173440,46089
109554,46089
14779,46089
64147,46089
223680,46089
145009,46089
229864,46088
134825,46088
199044,46088
96258,46088
232654,46087
227025,46087
278810,46087
71616,46087
67467,46087
110723,46086
227687,46086
51343,46086
210232,46086
262148,46086
190,46085
129066,46085
70390,46085
288597,46085
163500,46085
193768,46084
160257,46084
249525,46084
88001,46084
132290,46084
254413,46084
111339,46083
185451,46083
138082,46083
196042,46083
14541,46082
133845,46082
255045,46082
209667,46082
176285,46082
125307,46082
245424,46082
258973,46081
28194,46081
130968,46081
97567,46081
231083,46080
76533,46080
235628,46080
126330,46080
240179,46080
226324,46080
155583,46079
92533,46079
199642,46079
50448,46079
35545,46079
134826,46079
253671,46078
181898,46078
208911,46078
278539,46078
114708,46078
61280,46078
228209,46078
220133,46078
227152,46078
198070,46077
211275,46077
174,46077
178969,46077
42464,46077
139286,46077
132602,46076
197809,46076
98354,46076
198547,46076
202783,46076
31877,46076
145118,46075
224029,46075
166557,46075
260905,46074
128985,46074
295645,46074
249355,46074
12744,46074
103953,46073
200064,46073
12645,46073
6566,46073
152242,46072
85747,46072
232349,46072
266551,46072
127511,46072
204405,46071
140484,46071
267650,46071
114452,46071
177900,46071
247583,46070
278048,46070
63366,46070
253893,46070
55999,46069
247368,46069
137249,46069
287284,46069
174375,46068
211436,46068
171475,46068
8406,46067
142693,46067
161271,46067
243094,46067
191634,46067
261914,46067
20475,46066
118869,46066
191180,46066
132895,46065
266176,46065
241932,46065
191730,46065
273326,46065
281639,46065
203299,46064
190860,46064
264798,46064
201773,46063
116791,46063
2213,46063
159639,46063
135866,46063
264056,46062
160138,46062
276506,46062
107341,46061
83219,46061
275792,46061
194795,46061
175061,46061
181019,46061
289861,46061
62169,46060
154657,46060
10346,46059
266533,46059
253620,46059
49649,46059
167848,46059
218811,46058
109926,46058
245899,46058
191975,46057
162155,46057
279918,46057
195901,46056
85774,46056
182897,46056
183350,46055
104113,46055
19047,46055
141137,46055
270324,46055
226897,46055
134237,46054
154489,46054
202945,46054
285694,46053
37036,46053
25631,46053
281064,46053
258791,46053
65066,46052
152089,46052
66569,46051
36710,46051
93888,46051
48029,46051
236213,46050
120308,46050
198868,46050
217647,46050
134272,46049
238292,46049
295174,46049
207452,46049
231289,46049
148856,46049
249560,46049
115824,46049
76735,46049
166618,46049
285497,46049
260692,46048
269801,46048
94018,46048
262959,46047
132090,46047
119223,46047
133251,46046
40,46046
260852,46046
269379,46046
222030,46046
125169,46046
270096,46045
205168,46045
215405,46045
265550,46044
265149,46044
161653,46044
223386,46044
147035,46043
207303,46043
241877,46042
242353,46042
207410,46042
189937,46042
97586,46042
198986,46041
47983,46041
112875,46041
229084,46041
8677,46041
291771,46041
214917,46041
274264,46041
290045,46040
5976,46040
192291,46040
14756,46040
266016,46040
97907,46040
208252,46039
227154,46039
231687,46039
18328,46039
19981,46039
257296,46039
159836,46039
12715,46039
71342,46038
214325,46038
239304,46038
67583,46038
10954,46038
208321,46038
295306,46037
215342,46037
88260,46037
281223,46036
276295,46036
278887,46036
84213,46036
209019,46036
111024,46035
284142,46035
143310,46035
22524,46035
104874,46035
273303,46034
292602,46034
77115,46034
69612,46034
54597,46034
149588,46034
234240,46033
232753,46033
218747,46033
170337,46033
123967,46033
290577,46033
177438,46032
278386,46032
159341,46032
198148,46031
223166,46031
187840,46031
261643,46031
223616,46031
155517,46031
59528,46031
246056,46030
254872,46030
196135,46030
25006,46029
66463,46029
8073,46029
16997,46028
59188,46028
167344,46028
244379,46028
235372,46028
215849,46028
238742,46028
254922,46028
96365,46027
257333,46027
269984,46027
274589,46027
187269,46027
288242,46027
33224,46027
296572,46027
110930,46026
152470,46026
258454,46026
241238,46026
64545,46026
218882,46026
133046,46026
232651,46025
56633,46025
38432,46025
205637,46025
36863,46025
246407,46025
79986,46024
264554,46024
273697,46024
241248,46024
233233,46022
218481,46022
69752,46022
195730,46022
212645,46022
112823,46021
283293,46021
164225,46021
192356,46021
266049,46021
2446,46021
160163,46021
82957,46020
221474,46020
170742,46020
270609,46020
192890,46019
245782,46019
27374,46019
13387,46019
98210,46019
191640,46019
255978,46018
64158,46018
287775,46018
276426,46018
33865,46017
289680,46017
239910,46017
295164,46017
214692,46017
9740,46017
260992,46017
238768,46017
292335,46017
130465,46017
290316,46017
239763,46017
168801,46016
293945,46016
11555,46016
58039,46016
245861,46016
221397,46016
202319,46015
196804,46015
22573,46015
186568,46015
165059,46015
244788,46015
232308,46015
90154,46015
172959,46015
278980,46014
10467,46014
104722,46014
12675,46014
264539,46013
205195,46012
15645,46012
290991,46012
138438,46012
283091,46011
158911,46011
41099,46011
240014,46011
59157,46011
29853,46011
231617,46011
153424,46011
170258,46011
265471,46010
217700,46010
283308,46010
260307,46010
92369,46010
203077,46009
61903,46009
272143,46008
228895,46008
288787,46008
160634,46008
194693,46008
221669,46007
101269,46007
29767,46007
146227,46007
281473,46007
268411,46006
244848,46006
172678,46006
23077,46006
295007,46006
45020,46005
111947,46005
10445,46005
105285,46005
171106,46005
261332,46005
111211,46005
65728,46004
200523,46004
197259,46004
18050,46004
289496,46004
38377,46003
46527,46002
190806,46002
197507,46002
139295,46002
60564,46001
24641,46000
264715,46000
85516,45999
131779,45999
120222,45999
216752,45999
275638,45999
65915,45999
254752,45999
157693,45999
196112,45998
210004,45998
157125,45998
161110,45998
218576,45998
205016,45998
23284,45997
171947,45997
251164,45997
162511,45996
164928,45996
118400,45996
188480,45996
84510,45996
285744,45995
290334,45995
204163,45995
212350,45995
258405,45994
7617,45994
255384,45994
282881,45994
235783,45993
47783,45993
77037,45993
219097,45993
10,45993
193030,45992
63270,45992
54947,45992
270220,45992
65792,45992
284918,45992
235617,45992
1160,45991
294141,45991
84375,45991
69676,45991
24671,45991
174721,45991
138806,45990
255017,45990
58005,45990
211172,45990
214856,45990
223520,45990
294290,45990
32810,45989
202340,45989
204323,45989
140388,45989
55950,45988
110152,45988
111438,45988
155679,45988
138417,45988
179991,45987
140454,45987
198418,45987
290237,45987
18327,45987
2126,45987
235074,45987
284466,45986
226144,45986
229645,45986
248848,45986
222995,45985
277654,45985
3682,45985
17992,45985
181839,45985
267420,45985
288774,45985
39490,45985
151696,45985
177678,45985
288757,45984
234082,45984
58632,45984
286085,45983
284864,45983
209697,45983
264317,45983
197470,45983
117779,45983
3153,45983
208449,45983
180022,45983
167718,45982
46892,45982
71049,45982
221442,45982
44059,45982
260041,45982
29512,45981
222196,45981
153496,45981
189391,45981
134216,45981
282988,45981
8760,45981
194291,45980
193226,45980
261511,45980
264231,45980
125903,45980
233560,45979
138600,45979
264804,45979
264456,45979
184245,45979
135575,45979
102485,45979
292009,45978
254926,45978
83830,45978
163708,45978
287247,45978
59263,45978
29118,45978
142037,45978
113147,45977
256483,45977
215343,45977
219562,45977
208847,45977
167677,45977
239903,45976
250721,45976
274728,45976
219973,45976
72663,45976
204760,45975
266149,45975
250633,45975
243311,45975
40583,45975
222683,45975
254808,45975
267457,45974
186113,45974
177388,45974
237024,45974
156846,45973
156084,45973
23760,45973
151795,45973
200352,45973
20400,45973
106952,45973
194094,45973
116947,45972
36600,45972
108201,45972
1356,45972
150084,45972
252655,45972
242613,45972
55600,45972
263597,45972
167336,45972
198781,45972
24321,45971
213015,45971
117309,45971
253001,45971
248905,45971
39808,45971
177702,45971
146979,45970
272378,45970
19796,45970
7300,45970
247733,45969
179647,45969
67569,45969
129422,45969
84802,45969
249651,45969
37981,45969
170290,45969
214207,45969
292324,45969
277739,45968
10993,45968
221431,45968
191595,45968
132975,45968
49848,45968
220732,45967
254473,45967
287981,45967
55598,45967
54637,45967
137110,45967
239713,45967
144533,45966
24375,45966
222059,45966
7901,45966
184859,45966
250966,45966
237294,45966
169066,45966
192254,45965
259506,45965
207069,45965
285302,45965
30753,45965
1787,45965
191445,45965
248113,45964
81397,45964
278111,45964
95044,45963
95640,45963
14807,45963
241426,45963
178799,45963
278644,45962
68567,45962
296458,45962
1978,45962
185384,45962
200757,45962
159766,45962
291742,45962
225601,45961
245751,45961
82078,45961
230844,45961
97449,45961
121757,45961
22461,45960
19660,45960
102877,45960
87637,45959
106300,45959
283080,45959
162699,45959
264698,45959
219639,45958
91334,45958
199810,45958
156128,45958
183481,45958
34654,45957
5460,45957
238209,45956
250390,45956
50593,45956
226246,45956
198577,45956
230149,45955
169712,45955
161593,45955
99635,45955
112928,45955
118584,45955
57220,45955
272057,45955
187290,45954
99913,45954
278762,45954
249179,45953
279815,45953
274498,45953
277057,45953
193366,45953
185381,45953
170477,45953
162963,45952
200291,45952
185403,45952
209649,45952
89377,45951
277050,45951
296625,45951
25566,45951
4701,45951
120354,45951
158218,45951
270120,45951
220202,45951
11266,45950
151460,45950
130266,45950
106699,45950
95861,45950
186934,45950
183923,45950
25977,45950
15066,45950
166744,45950
250400,45950
143261,45950
85471,45949
33782,45949
215164,45949
266453,45949
215063,45949
212689,45949
96222,45949
249702,45948
27371,45948
613,45948
117556,45948
392,45947
33423,45947
188147,45947
104789,45947
146802,45947
241675,45947
261489,45947
169412,45947
205057,45947
109440,45946
231623,45946
265522,45946
51023,45946
145000,45945
257680,45945
268158,45945
185180,45945
239456,45945
21478,45944
178165,45944
207948,45944
60140,45944
226853,45943
252726,45943
237234,45943
288162,45943
34732,45943
226593,45942
95832,45942
152848,45942
244525,45942
185546,45942
215936,45941
179427,45941
29724,45941
260808,45940
124810,45940
166178,45940
15708,45940
10510,45940
90793,45940
254064,45940
245196,45940
167316,45939
145886,45939
48563,45939
288199,45939
59450,45939
218562,45939
109409,45939
14178,45939
150816,45938
151773,45938
178518,45938
63590,45938
135037,45938
291029,45938
239362,45938
59646,45938
122748,45937
51117,45937
233850,45937
231572,45937
181308,45937
131915,45936
164499,45936
115548,45936
4407,45936
166645,45936
12539,45936
71069,45935
245042,45935
219349,45935
277350,45935
263154,45935
288848,45935
9670,45935
56606,45934
230288,45934
60152,45934
291283,45934
28427,45934
233629,45934
239633,45934
207882,45933
31728,45933
89432,45933
280185,45933
230130,45932
227483,45932
217609,45932
62159,45932
270581,45932
10375,45931
131956,45931
32312,45930
211176,45930
260588,45930
11696,45930
51472,45930
208476,45930
163270,45930
286384,45930
11473,45929
32388,45929
162138,45929
41736,45928
30761,45928
226829,45928
256857,45928
181583,45927
221080,45927
167735,45927
205027,45926
201163,45926
76315,45926
225271,45926
215910,45925
118413,45925
216641,45925
161454,45925
283900,45925
232881,45925
203293,45925
199037,45924
291620,45924
15032,45924
216045,45923
291287,45923
167641,45923
105737,45923
256154,45923
232138,45923
268970,45923
285011,45922
128012,45922
176388,45922
271089,45922
164544,45922
17493,45922
863,45921
82469,45921
213696,45921
278035,45921
287495,45921
230723,45921
285661,45920
250482,45920
117557,45920
544,45920
166854,45920
271008,45920
157861,45920
1304,45920
194687,45919
5159,45919
268089,45919
152920,45918
252462,45918
27793,45918
295576,45918
231005,45918
218788,45918
89429,45918
52262,45918
135554,45917
68238,45917
122813,45917
39860,45917
272240,45916
289369,45916
72429,45916
292541,45916
36459,45916
124509,45916
92231,45916
277436,45915
109799,45915
168073,45914
79512,45914
149849,45913
53424,45913
257011,45913
262982,45913
188316,45913
207060,45913
207656,45912
12960,45912
76092,45912
227553,45912
163797,45912
272259,45912
258361,45912
135843,45911
259769,45911
209936,45911
38214,45910
167450,45910
240125,45910
274983,45910
55256,45910
185712,45910
277291,45909
243327,45909
272493,45909
90975,45909
103242,45909
288444,45909
240372,45909
183275,45909
187420,45909
49658,45909
105653,45909
15036,45908
177911,45908
225391,45908
278710,45907
269253,45907
214643,45907
245672,45907
277855,45907
55104,45906
188421,45906
287538,45906
181958,45906
230579,45906
83357,45906
185425,45906
43845,45906
230250,45905
108907,45905
286115,45905
109537,45905
182419,45904
64596,45904
216122,45904
101229,45903
129909,45903
268438,45903
238512,45903
84705,45903
201375,45903
258898,45903
54111,45903
249019,45902
15790,45902
58914,45902
175776,45902
241621,45902
151678,45902
72718,45902
144852,45901
288019,45901
219340,45901
229800,45901
4631,45901
201250,45900
167465,45900
8119,45900
285732,45900
287936,45900
132332,45900
190114,45900
176767,45900
162320,45899
233537,45899
1406,45899
148919,45899
264769,45899
197660,45899
37764,45899
30702,45899
253640,45899
22186,45899
123349,45899
151171,45899
38621,45898
269700,45898
220913,45898
21270,45898
245640,45898
291918,45897
183445,45897
34210,45897
199205,45897
143608,45897
221845,45897
226820,45897
74490,45897
169780,45896
151797,45896
140852,45896
279763,45896
2745,45896
246684,45895
232769,45895
75453,45894
74022,45894
84125,45894
32418,45894
206856,45894
270952,45894
64837,45894
198308,45894
188112,45893
282406,45893
255700,45893
263360,45893
262895,45893
59932,45892
