1166,100000
2419,55339
793,53959
5645,53308
383,52665
4483,52294
10850,51738
14539,51728
39183,51441
15990,51404
10874,51111
67593,51104
4482,50987
28768,50980
10506,50847
537,50821
3168,50818
26356,50776
1231,50555
18058,50448
180482,50245
5408,50213
22393,50194
17074,50164
87727,50143
5655,50114
582,49934
23445,49928
7636,49904
6515,49892
11562,49808
149613,49569
18554,49563
12666,49505
1344,49499
3050,49499
4422,49482
5550,49475
9310,49472
103322,49381
413,49365
2321,49326
30957,49321
52488,49269
3976,49228
187480,49198
22873,49159
292018,49155
159245,49117
46397,49110
63420,49096
2137,49069
160769,49068
8556,49062
4168,49027
164198,49026
2812,49020
88142,49008
24748,49005
3692,48982
110162,48942
292793,48931
662,48917
175,48905
42068,48875
204826,48849
41,48832
21139,48830
244463,48823
28688,48809
73389,48788
16888,48758
9224,48743
9963,48738
2633,48713
236790,48712
8282,48688
6206,48654
87661,48651
239,48646
5960,48635
28407,48613
48189,48604
279612,48596
66093,48586
255808,48559
34433,48548
4826,48527
112736,48521
18215,48501
7607,48500
23434,48479
5396,48476
138,48460
10607,48460
431,48449
19962,48389
4137,48368
28934,48337
246444,48304
165057,48287
57033,48275
26426,48268
6877,48257
13312,48256
208244,48256
2159,48254
215042,48245
6826,48233
1268,48233
2815,48230
169992,48206
1040,48196
7332,48182
1663,48176
22970,48169
16040,48154
66945,48150
14975,48150
273829,48129
490,48100
113560,48100
9580,48089
72471,48088
289663,48087
1725,48086
8864,48082
2758,48081
9233,48076
44176,48064
6363,48040
5842,48037
119624,48030
608,48023
973,48011
15505,48002
16709,47994
12400,47992
31410,47985
22022,47975
6693,47972
29038,47970
22609,47960
27392,47946
24803,47946
2033,47930
57641,47925
288411,47922
111295,47913
7760,47897
12156,47873
13316,47842
213888,47838
51845,47835
3178,47833
21949,47826
17456,47817
5270,47815
953,47806
87599,47791
16124,47787
2379,47781
11890,47779
504,47777
18525,47762
7283,47748
22441,47737
270226,47728
152311,47727
193991,47723
1239,47717
1682,47716
284837,47716
3974,47712
40278,47687
184,47685
17943,47681
147,47676
205659,47664
5012,47659
197,47658
9238,47658
108435,47658
222346,47655
6665,47652
263760,47639
9113,47632
9738,47626
6486,47625
23096,47620
162470,47618
19941,47610
151093,47608
14685,47598
15823,47598
7395,47588
13550,47587
198868,47581
53273,47579
2538,47577
63228,47568
14933,47562
5749,47556
30499,47546
113372,47542
72040,47529
89640,47528
9611,47528
6979,47528
6704,47517
35081,47505
464,47497
14946,47492
112572,47491
85388,47484
124970,47483
24692,47482
7015,47481
56919,47479
7703,47476
100887,47476
140367,47470
9600,47465
7617,47464
108591,47458
7741,47458
4657,47454
5285,47444
48623,47438
3024,47430
15761,47425
4961,47414
139714,47413
169649,47405
4360,47404
13075,47403
266166,47401
128918,47398
165972,47389
20903,47389
5678,47386
23579,47383
108247,47380
34655,47380
44270,47375
248410,47368
57594,47365
12057,47363
5992,47361
787,47358
88904,47358
11566,47357
41250,47353
1320,47336
35387,47312
9831,47305
14967,47293
1494,47281
265068,47276
46722,47271
17664,47266
5284,47266
5828,47265
2889,47249
198922,47249
200443,47248
93772,47246
46188,47246
1180,47244
7707,47243
8631,47226
8672,47223
146191,47217
85663,47215
3586,47205
2271,47205
9072,47204
8025,47200
232661,47195
49581,47194
216435,47186
675,47182
8391,47181
185319,47179
8737,47173
18177,47172
276997,47168
69706,47166
27001,47159
340,47153
7235,47150
2759,47150
14684,47135
6955,47131
194446,47130
26231,47128
41416,47124
281626,47122
3203,47121
13524,47120
2506,47120
74480,47120
174922,47110
83564,47108
70142,47105
4039,47104
242621,47103
7441,47098
1186,47097
87628,47094
3614,47091
42833,47082
5646,47082
129223,47073
1589,47073
8327,47072
50246,47069
198197,47068
4161,47066
146910,47065
14544,47063
84275,47061
21328,47059
6516,47058
151109,47050
57720,47042
3316,47036
87492,47025
36346,47024
33376,47021
14225,47019
3757,47016
10237,47016
8793,47015
280888,47012
2799,47011
69694,47011
10430,47010
24529,47008
249370,47008
184503,47007
10837,47002
257575,46996
27048,46993
8057,46981
16998,46977
1742,46973
20283,46972
161091,46967
55424,46966
4397,46963
9094,46962
23667,46962
1071,46960
128626,46956
72419,46954
39510,46953
4602,46952
29815,46952
265445,46949
100757,46948
1928,46948
5035,46943
13671,46942
590,46942
3933,46939
37216,46937
9342,46935
3824,46930
31890,46930
10481,46921
23018,46918
7222,46917
113491,46915
7848,46911
18297,46911
163051,46909
45092,46908
280371,46907
22489,46906
8104,46905
8061,46905
9953,46901
52158,46898
33619,46895
3039,46889
7114,46885
2228,46885
6853,46885
126068,46883
150744,46880
223450,46879
243410,46877
122722,46877
4197,46872
37932,46870
218107,46867
70467,46866
66974,46865
17071,46863
102479,46853
189,46852
1553,46845
8830,46844
83990,46839
771,46839
2522,46836
225451,46834
281725,46834
34023,46834
7678,46832
13352,46830
281517,46828
11023,46828
39758,46827
98376,46827
39994,46819
7843,46817
259149,46816
32212,46814
29848,46814
16698,46814
7924,46808
11254,46802
46479,46800
2578,46797
29254,46796
198601,46791
16719,46788
186024,46787
87211,46787
7800,46786
13775,46784
11472,46782
168244,46772
6626,46769
26935,46766
183773,46761
29357,46759
132061,46755
282733,46755
30069,46746
10033,46745
2774,46743
256758,46740
41502,46737
23203,46736
216451,46734
247469,46734
10886,46732
12482,46731
54785,46731
277586,46730
19463,46730
5810,46730
138598,46730
13362,46727
5895,46721
14996,46719
25967,46718
56469,46718
1301,46714
18622,46709
20467,46709
747,46706
88279,46704
3708,46700
250673,46700
9606,46697
3247,46697
378,46697
4734,46696
272416,46695
222437,46690
89538,46690
20179,46687
8210,46686
53952,46686
6951,46684
741,46683
208030,46682
214831,46670
65389,46669
81595,46667
167136,46666
185138,46664
25043,46661
179876,46659
32276,46657
18032,46656
216492,46654
5503,46651
1308,46649
7305,46645
4737,46644
3204,46642
102787,46640
7478,46639
33873,46637
34037,46631
31733,46630
27995,46630
30950,46628
46678,46626
40865,46626
2179,46624
45579,46622
1510,46621
172799,46621
28635,46619
15727,46616
2184,46616
217149,46615
18814,46607
41889,46606
67062,46606
282048,46605
274867,46605
182185,46603
63125,46603
13711,46603
17493,46602
228185,46601
245390,46601
167119,46596
234309,46589
222731,46589
48645,46586
45578,46586
60557,46586
102770,46584
1735,46580
24438,46578
40940,46577
156038,46577
28514,46577
165759,46577
20504,46576
23170,46575
1736,46575
26157,46574
289124,46574
148694,46573
11602,46571
105451,46571
188840,46568
28022,46568
978,46564
15673,46562
130016,46561
68084,46559
6856,46555
8092,46554
3795,46553
8693,46551
258512,46550
3709,46549
169842,46548
120946,46548
144250,46548
914,46547
25451,46544
1470,46544
247255,46542
30512,46542
2680,46541
194984,46539
1622,46539
1306,46535
92412,46535
62200,46531
279691,46529
156126,46524
186982,46522
200342,46521
4765,46520
206660,46520
180428,46518
3357,46518
147137,46516
270787,46514
46143,46512
4021,46511
1517,46510
17983,46509
265797,46508
6585,46507
31718,46505
47790,46503
2197,46502
51327,46502
1575,46493
10076,46491
9305,46491
12146,46490
2951,46488
114562,46488
12472,46485
23813,46485
11793,46484
1394,46482
36261,46480
31064,46478
23797,46476
7813,46474
8328,46473
40338,46473
244840,46472
68366,46471
64319,46470
8066,46469
9562,46468
470,46466
11142,46465
123531,46463
39063,46462
3422,46462
27560,46462
16246,46460
247108,46460
30476,46460
1325,46459
856,46458
165544,46458
15742,46457
2739,46456
277490,46454
126021,46451
13281,46450
39247,46450
49682,46444
79170,46444
22129,46444
223671,46444
69009,46440
2797,46439
10493,46438
57777,46438
1796,46438
217790,46437
9407,46436
7375,46436
512,46435
2971,46433
8367,46433
217303,46433
83780,46432
11296,46431
13809,46430
21321,46426
42546,46424
21813,46424
261691,46424
259894,46422
141716,46419
207485,46418
3480,46417
2329,46416
86001,46416
30240,46415
6614,46415
11537,46414
42139,46414
26884,46413
231097,46413
97682,46411
1317,46409
2954,46409
279959,46406
72916,46405
50844,46404
13399,46402
144069,46402
273529,46401
181701,46400
28767,46400
3274,46399
74253,46399
15149,46399
210199,46399
194987,46397
27802,46395
4100,46392
222917,46390
41407,46387
730,46387
8567,46387
11475,46386
10357,46385
4783,46383
6119,46383
21193,46381
219220,46379
112589,46377
179646,46377
256243,46376
9865,46373
61405,46372
65235,46372
4806,46369
15364,46369
5931,46368
8796,46368
455,46368
26260,46367
8024,46365
269495,46364
285445,46362
2090,46362
200672,46360
262287,46360
2299,46358
40952,46358
132270,46356
8731,46356
2356,46356
40568,46355
170695,46354
19737,46351
118125,46351
54236,46350
68683,46350
12833,46349
3981,46349
9898,46348
33531,46347
137275,46347
157919,46346
6134,46345
226852,46344
67886,46342
28469,46341
116931,46339
13422,46338
31131,46338
160804,46337
729,46337
148319,46336
126645,46333
42729,46330
36210,46330
26432,46330
9786,46329
137910,46329
196120,46324
161843,46322
140357,46322
262531,46321
2976,46320
5269,46319
8207,46317
291780,46316
292674,46316
54600,46315
213759,46313
92726,46313
180144,46311
4259,46311
208939,46310
13754,46309
150620,46308
34737,46308
84423,46307
226372,46305
20938,46305
2894,46304
22466,46304
110400,46304
57173,46303
64314,46302
41071,46301
26406,46301
200814,46300
54560,46300
287963,46300
161247,46298
67340,46297
1493,46297
80510,46297
225898,46295
283905,46293
4672,46293
81356,46292
60851,46290
62437,46286
834,46283
5276,46280
292663,46280
43596,46279
42233,46279
181371,46279
11969,46276
879,46274
194738,46271
102462,46270
12681,46270
15087,46268
8518,46268
272258,46267
215938,46266
139205,46265
139170,46265
120985,46264
124792,46264
271469,46264
271988,46262
46205,46261
82218,46260
221121,46259
38381,46259
4558,46259
70550,46257
156444,46257
42735,46257
230312,46256
859,46252
3861,46251
5674,46250
2746,46250
36704,46250
246020,46248
286155,46247
269270,46247
239298,46246
184250,46246
11058,46245
121472,46245
41222,46244
8812,46243
156500,46242
4801,46241
103286,46239
213324,46238
197221,46238
91976,46236
4190,46236
288600,46235
740,46235
84104,46234
100447,46233
89817,46233
197244,46230
158342,46229
274813,46228
44437,46228
16528,46227
96259,46225
225616,46224
49268,46224
12679,46223
41435,46222
17995,46221
268670,46221
29960,46221
13737,46220
22605,46219
472,46218
79369,46217
7144,46216
247582,46216
14708,46215
21545,46214
293409,46214
4322,46213
89211,46213
6648,46211
7724,46211
37274,46211
12338,46210
11531,46208
193776,46207
27755,46205
4524,46204
19365,46203
56869,46202
49109,46201
292891,46197
35108,46197
4983,46197
41789,46196
18579,46195
32,46195
3259,46193
190947,46191
262293,46189
12396,46188
10242,46187
38005,46187
140507,46187
28830,46186
34593,46185
77276,46184
254512,46183
185272,46180
49050,46180
21083,46178
26755,46178
1505,46177
154301,46177
1304,46176
231915,46175
287671,46174
3052,46174
54978,46173
7867,46173
100869,46173
207000,46171
253491,46171
160622,46169
57663,46168
149959,46167
19561,46167
1906,46165
282169,46165
5946,46164
265046,46164
268129,46164
25720,46164
5683,46162
147075,46162
3395,46161
34562,46161
244398,46161
84844,46161
108563,46159
189537,46159
211295,46159
90119,46158
10650,46158
33990,46157
171,46157
104825,46155
29173,46153
33585,46153
7468,46151
11230,46150
259461,46150
93385,46150
16707,46149
265278,46149
266834,46148
116824,46147
10176,46147
6033,46146
130931,46146
133662,46146
25859,46146
82404,46145
147485,46144
164752,46144
6385,46143
189062,46142
261584,46139
31977,46139
49035,46138
15994,46138
271838,46138
222460,46137
181431,46137
154847,46137
304,46136
85968,46136
137893,46135
9122,46135
12941,46134
281205,46133
56417,46133
265819,46132
9505,46132
79275,46132
51561,46131
233275,46131
65141,46130
5997,46128
1545,46127
238851,46127
44128,46127
17615,46127
216401,46127
98207,46126
29336,46125
196592,46125
231923,46123
9185,46122
25118,46122
203109,46121
91185,46121
686,46119
144750,46119
292311,46117
41725,46117
921,46117
13406,46116
2865,46115
203622,46115
13767,46114
1165,46112
295514,46112
56655,46111
294887,46111
238419,46110
147142,46109
4791,46108
57491,46108
1248,46107
232325,46107
19078,46107
271471,46107
73831,46107
15838,46106
119796,46105
4378,46105
240239,46104
208019,46104
274893,46104
174024,46102
65314,46101
239974,46101
159162,46099
54428,46099
136762,46096
33707,46096
190238,46096
99264,46095
7978,46094
46865,46094
1108,46091
34967,46090
275691,46090
93290,46089
190233,46089
211070,46084
264312,46082
250097,46082
238636,46081
92294,46080
18304,46080
8925,46080
80457,46079
213471,46077
267471,46077
56494,46076
7796,46076
223285,46076
239658,46075
266938,46073
18473,46073
244600,46071
42354,46070
604,46069
102675,46069
8180,46068
35823,46068
17828,46067
11939,46066
160574,46066
211261,46066
76282,46066
21316,46064
44231,46063
9409,46061
73362,46060
59735,46060
262890,46058
69838,46057
244709,46056
66984,46056
256791,46055
3590,46054
4859,46053
26896,46053
90490,46052
122232,46052
14134,46052
117061,46052
108521,46052
81738,46051
20325,46051
240420,46051
93067,46050
6709,46050
132563,46050
2068,46049
180246,46048
238341,46047
264759,46047
1870,46046
248841,46046
75244,46045
264280,46045
223768,46044
155265,46043
26485,46043
3103,46042
115744,46041
35934,46039
27869,46039
186349,46038
154505,46038
11979,46038
220618,46037
198463,46037
239186,46033
26550,46033
7596,46032
154923,46032
279267,46030
4673,46028
171742,46027
209859,46026
28489,46025
3415,46025
19870,46024
63295,46024
40380,46023
11256,46022
22962,46022
9352,46022
15351,46021
164522,46019
60954,46019
293562,46018
36348,46018
220070,46016
11722,46016
288419,46016
66871,46016
280741,46015
285589,46013
20219,46013
164479,46012
226039,46011
83635,46011
123563,46011
249474,46011
118993,46010
258846,46010
50602,46009
5975,46009
106466,46008
182858,46007
118407,46007
15418,46006
14683,46005
247489,46005
31088,46004
258610,46003
127572,46003
267008,46002
215097,46002
18769,46002
1280,46001
14365,46000
279582,45999
258727,45998
89933,45998
20488,45998
134888,45997
584,45997
139621,45996
252602,45995
4437,45994
10694,45993
140662,45993
22434,45993
176821,45991
272255,45991
292777,45988
241223,45988
47080,45987
1594,45984
176396,45981
289799,45981
226558,45979
10263,45979
13782,45979
218238,45979
29403,45977
231136,45977
28280,45976
165510,45974
18205,45974
31121,45973
60028,45973
149022,45972
15252,45971
199117,45971
193747,45971
212841,45970
288197,45969
251241,45968
18668,45968
270473,45968
170932,45968
115376,45967
130298,45966
70959,45965
208751,45964
137897,45964
42212,45964
42526,45964
74569,45963
359,45963
9278,45962
4878,45961
247276,45961
103110,45957
9551,45957
252810,45956
203329,45955
71752,45955
260444,45955
55099,45954
35110,45952
155858,45952
131986,45950
10625,45949
248217,45949
136007,45949
208038,45949
239062,45949
18290,45948
127907,45948
190089,45948
286768,45945
167042,45943
26462,45943
195128,45943
267277,45942
105562,45941
152937,45939
11420,45939
40257,45938
287816,45937
217964,45937
256333,45936
34117,45936
73525,45936
32194,45936
90152,45935
17604,45935
264475,45935
246363,45934
234101,45934
237561,45934
57185,45934
22760,45933
593,45933
177342,45932
52263,45931
1978,45929
47823,45929
6260,45929
277412,45928
277120,45927
17499,45927
145271,45927
263861,45926
145445,45926
134117,45925
293622,45924
119087,45924
20155,45923
89073,45923
1926,45922
14869,45920
96883,45920
20833,45920
224503,45919
20836,45919
66977,45919
275015,45918
80475,45918
184241,45917
222831,45916
8530,45916
259091,45916
39523,45915
2030,45915
135373,45915
295810,45915
10267,45914
154439,45913
207496,45913
78461,45912
7495,45912
64287,45912
248227,45912
74038,45911
42549,45910
13066,45910
295447,45909
117970,45908
27653,45907
233785,45907
62696,45907
147910,45907
23788,45906
67063,45906
9400,45906
156176,45905
221285,45904
229389,45903
207629,45902
246085,45902
65135,45902
80999,45902
234561,45901
282386,45900
291732,45900
46026,45900
179745,45898
219395,45898
250980,45897
268327,45897
189676,45897
99160,45896
290434,45896
114176,45895
273543,45894
258424,45894
236824,45894
51626,45894
282594,45894
130901,45893
81899,45893
270002,45891
296566,45891
17369,45890
2823,45890
232737,45890
13167,45890
192456,45889
68762,45888
206043,45888
95039,45886
15655,45886
136972,45886
170438,45885
230296,45885
2316,45884
1559,45883
246117,45883
244793,45883
219596,45882
276403,45882
266494,45882
35198,45881
69071,45881
45416,45880
166173,45880
117854,45879
223740,45879
292519,45878
4143,45878
5887,45878
20496,45878
227119,45877
295286,45876
6936,45876
33876,45875
22263,45875
140088,45874
204685,45874
283870,45874
185397,45873
237911,45872
50014,45871
225423,45870
266525,45870
57789,45870
16345,45870
128580,45869
263635,45868
5869,45868
167088,45867
21474,45866
281794,45865
192904,45865
13573,45865
228692,45864
257496,45864
140201,45864
164993,45862
182358,45862
185691,45862
21092,45861
19963,45860
151042,45859
133777,45859
40193,45858
175064,45857
131685,45856
145173,45856
22556,45856
3079,45856
289808,45855
16818,45855
45215,45854
267168,45853
7421,45853
30687,45853
46933,45853
287682,45852
59384,45852
263641,45850
2301,45850
17608,45850
96360,45849
85977,45849
55830,45849
270186,45848
172894,45848
227634,45847
9142,45847
18779,45847
149365,45846
254390,45845
285452,45845
225626,45845
143953,45845
198840,45843
201099,45843
200263,45842
52770,45842
194786,45841
45173,45841
119481,45840
208259,45840
105661,45840
280786,45840
48909,45838
7764,45838
30375,45838
51045,45838
20093,45837
23747,45837
182282,45836
283780,45836
286045,45836
215070,45835
108784,45835
291024,45835
136572,45834
33250,45834
1132,45834
234035,45833
249864,45833
134389,45833
205248,45832
233795,45832
41420,45831
55638,45831
220734,45830
90509,45829
5952,45829
12160,45829
102106,45827
270572,45827
94746,45827
242321,45824
82328,45823
201184,45823
194222,45823
6440,45822
18102,45822
1913,45820
82831,45819
200902,45819
249117,45819
240095,45818
230309,45817
28507,45817
219084,45817
162740,45816
59000,45816
94974,45816
99998,45815
63313,45814
79132,45813
1765,45813
78928,45813
91847,45812
295243,45812
188852,45811
251271,45811
139825,45810
272428,45810
9426,45809
120121,45809
235480,45809
72772,45809
5898,45807
285082,45807
286058,45807
240759,45807
14007,45806
225110,45805
31773,45804
208931,45804
3597,45804
176039,45804
48,45803
210112,45803
150921,45802
227616,45802
200534,45802
122509,45801
199839,45800
133365,45800
6264,45800
271150,45799
87822,45797
39615,45797
85712,45796
107682,45796
7266,45796
21330,45796
137696,45795
14177,45795
231830,45795
11151,45794
172842,45793
207897,45793
262423,45793
241344,45793
98244,45792
294360,45792
100554,45792
210955,45791
222703,45791
119594,45791
12326,45790
16896,45790
241679,45789
5699,45789
271087,45788
95730,45788
223348,45788
32404,45787
285263,45786
266024,45785
5169,45785
106686,45784
32805,45784
18857,45783
57057,45783
40522,45782
134882,45782
248552,45782
211228,45781
87375,45781
208178,45781
224798,45781
282341,45780
6621,45780
28666,45780
55588,45779
95105,45779
282454,45779
25782,45777
175456,45776
136432,45776
86959,45775
1577,45775
75656,45773
204738,45771
204474,45771
247229,45769
265790,45769
21168,45769
209020,45769
19961,45768
258093,45768
92862,45768
58,45767
136513,45766
92606,45765
56948,45764
27830,45764
183259,45763
40,45763
4354,45763
98691,45763
196475,45762
75612,45762
225905,45762
149929,45762
41650,45761
75213,45761
23915,45760
270255,45760
4202,45760
240507,45759
161380,45759
212752,45758
2073,45757
271967,45757
93943,45757
18895,45757
275390,45757
4731,45756
264590,45756
48763,45755
94477,45754
47614,45754
4502,45753
134247,45753
28313,45753
46935,45753
10559,45753
289588,45752
291169,45752
238155,45751
46251,45751
5771,45751
143937,45751
12026,45751
583,45750
168707,45750
156722,45750
2131,45750
156599,45750
14475,45749
244232,45749
1739,45749
72850,45748
11595,45748
71164,45748
264162,45747
15962,45747
112018,45747
30003,45747
241109,45747
231194,45746
232500,45746
183220,45745
121158,45745
181756,45744
266105,45744
5534,45744
0,45744
183757,45744
39864,45743
10266,45743
48647,45742
106070,45741
223987,45741
15924,45741
207061,45741
131729,45741
184560,45740
157332,45740
245790,45740
4661,45740
26414,45740
249490,45739
6701,45739
119571,45739
5780,45738
37108,45737
14588,45737
57762,45737
28389,45736
7427,45735
549,45733
235104,45732
219636,45731
129168,45731
208577,45731
11010,45731
215531,45731
180608,45730
6389,45730
16441,45730
247512,45729
357,45729
1307,45729
224481,45729
5999,45728
48795,45728
282413,45728
5258,45728
295056,45728
63276,45727
240270,45727
35486,45727
140637,45727
158430,45727
265299,45727
159251,45726
267039,45725
188062,45725
77044,45724
321,45724
46255,45724
233618,45723
95385,45723
98815,45722
124604,45721
32970,45721
291335,45721
31758,45719
8886,45719
6018,45718
1183,45718
15585,45718
29519,45718
90082,45716
285317,45716
260653,45716
26596,45716
254198,45715
176070,45715
280666,45715
255233,45714
65478,45714
10909,45713
23230,45712
13114,45711
7418,45711
164263,45711
282956,45710
190647,45710
13002,45709
2414,45709
168945,45709
31591,45708
271326,45708
263781,45708
256066,45708
10523,45707
119800,45707
249594,45707
60854,45707
233870,45706
271516,45706
252009,45705
26477,45705
121248,45705
9360,45704
64108,45704
27435,45703
234076,45703
26998,45702
260989,45702
101599,45702
287750,45702
149666,45702
239082,45701
243206,45701
217051,45701
7814,45700
166801,45700
231690,45698
284064,45698
102854,45698
291713,45697
980,45697
33471,45696
282884,45696
4885,45695
274354,45695
295704,45694
3666,45694
6872,45693
201056,45693
1069,45692
209137,45692
288486,45692
276855,45691
78849,45691
296478,45691
26179,45691
30810,45690
117400,45690
203201,45690
284539,45689
222714,45689
181759,45689
280435,45689
81065,45689
27629,45688
146962,45688
48052,45688
105768,45688
4534,45687
168674,45687
12158,45687
291267,45686
284834,45686
205391,45686
221202,45685
238743,45685
3961,45684
25191,45684
98420,45684
4813,45684
239957,45684
51533,45684
215989,45684
218161,45683
257052,45683
223876,45683
81765,45683
190490,45683
110983,45682
7184,45682
3144,45682
26189,45682
234362,45681
286586,45681
46390,45681
275352,45681
38985,45681
253585,45680
228419,45680
282730,45680
278939,45680
289139,45680
138034,45680
586,45679
141446,45679
6948,45679
287741,45679
256435,45679
180804,45678
31471,45678
184191,45677
40874,45676
11309,45676
21762,45676
36472,45675
183456,45674
32492,45674
146720,45674
236287,45674
293962,45674
96648,45673
502,45673
42301,45673
51253,45673
257854,45672
257706,45672
160398,45671
64504,45671
127756,45671
267850,45670
84136,45670
15526,45669
7934,45669
289484,45669
5808,45669
11709,45669
700,45669
222092,45668
20671,45667
9447,45667
245976,45667
258088,45667
36718,45667
16706,45667
2806,45666
6736,45666
271497,45665
184661,45665
93973,45663
264390,45663
161,45663
105926,45662
288438,45662
195285,45662
172013,45662
19428,45661
86388,45661
226069,45661
270118,45661
174618,45660
192160,45660
16490,45660
160158,45660
1140,45660
119890,45659
281606,45659
53515,45659
131777,45659
77068,45657
182619,45657
229450,45657
23764,45657
123475,45657
203600,45657
213184,45657
187832,45657
224528,45656
4820,45656
301,45656
185125,45656
136193,45655
14596,45655
218622,45655
33210,45655
227486,45654
642,45654
251372,45653
113134,45653
231189,45652
70968,45652
171004,45652
185717,45651
31486,45651
177042,45651
270188,45650
195855,45650
142698,45650
294472,45649
24154,45649
232261,45648
13660,45648
293450,45648
28667,45648
28171,45648
8883,45647
33903,45647
261538,45646
250173,45646
201185,45646
174445,45645
251927,45645
112640,45645
74713,45644
155861,45644
9346,45643
130233,45643
234175,45643
230397,45643
32510,45643
293805,45642
217898,45642
199008,45642
257410,45641
1452,45641
76990,45641
242761,45641
19774,45640
265106,45640
287534,45640
281692,45640
165537,45638
244358,45638
247816,45638
165673,45637
116119,45636
84631,45636
255587,45636
61738,45635
186463,45635
65250,45635
209625,45634
15321,45634
4577,45634
272194,45634
20614,45633
185726,45633
30686,45633
76559,45633
43266,45633
19109,45633
6409,45632
22594,45632
41104,45632
135177,45631
86380,45631
28484,45631
10675,45630
8138,45630
281030,45629
5337,45629
253823,45629
293161,45628
8167,45628
231333,45628
263097,45627
144545,45627
85225,45627
232395,45627
48533,45626
85342,45625
44700,45625
21750,45625
279973,45625
156324,45625
195568,45624
194115,45624
4528,45624
52257,45624
60572,45623
269964,45623
129908,45623
128597,45622
12302,45622
18942,45622
106985,45621
27695,45621
103642,45620
198004,45620
293026,45619
3225,45618
78031,45618
207655,45618
37628,45617
18434,45617
74959,45617
13751,45617
288614,45617
271835,45616
38822,45616
50420,45616
251196,45616
98563,45615
242548,45615
7625,45614
193815,45614
228745,45613
271264,45613
272758,45613
223578,45612
280402,45611
189297,45611
205525,45611
202866,45611
133404,45611
16776,45611
66178,45610
270683,45610
268212,45610
292979,45609
273273,45609
34827,45608
652,45608
179937,45608
107286,45608
283216,45608
59738,45608
50606,45607
58966,45607
258807,45606
40272,45606
92594,45605
250668,45605
21253,45605
43413,45605
163735,45605
258005,45605
236644,45604
39706,45604
30212,45604
254413,45604
281213,45602
15561,45602
203550,45602
268584,45601
54904,45601
7205,45600
180044,45600
296325,45600
139527,45599
14611,45599
4351,45599
26589,45599
236866,45598
237947,45597
229585,45597
251548,45597
105937,45597
69717,45597
262616,45597
226430,45597
3417,45596
15786,45596
45472,45595
276780,45595
274057,45595
37772,45595
53379,45594
264,45594
16155,45594
263061,45594
698,45593
182803,45593
196312,45593
294550,45592
60065,45592
101844,45592
209959,45592
94360,45592
26941,45592
143104,45591
56537,45590
113455,45590
275869,45590
260853,45589
291976,45588
23038,45588
170513,45587
150215,45586
274496,45586
33683,45586
259377,45586
292915,45586
10636,45586
239958,45585
177553,45585
3871,45585
169739,45585
12101,45585
234002,45584
146951,45584
6227,45584
251150,45584
15431,45584
188174,45584
215269,45584
25065,45583
213359,45583
10904,45583
29952,45583
236094,45583
44699,45582
226273,45582
105419,45582
226015,45582
275937,45582
199366,45582
226058,45582
118225,45581
259634,45581
228840,45581
193187,45580
126754,45579
183433,45578
292350,45577
198454,45577
18589,45576
23103,45576
293107,45576
60526,45575
294809,45575
62399,45575
135952,45575
90207,45574
217951,45574
8831,45573
242068,45573
275016,45573
278575,45573
250237,45573
82007,45572
31320,45572
192025,45572
6398,45572
65034,45572
187523,45572
270150,45572
815,45571
387,45571
10715,45571
43536,45571
92001,45571
213127,45569
180386,45569
67120,45569
31974,45568
100606,45568
236908,45568
154554,45568
238903,45567
8420,45567
160052,45567
99457,45566
174072,45566
49655,45566
169371,45566
77206,45566
246588,45566
7702,45565
105802,45565
86771,45564
951,45564
267740,45563
270973,45563
150758,45563
2721,45562
283904,45562
255739,45562
144124,45562
161997,45562
211624,45561
7249,45561
721,45561
292301,45560
195580,45560
9756,45560
43688,45560
232118,45559
47834,45559
12441,45559
137842,45558
78081,45558
242770,45558
114261,45558
5870,45558
245604,45558
285538,45558
56711,45558
44825,45557
239619,45557
57008,45557
255566,45557
196663,45557
289752,45556
65895,45556
254855,45556
224043,45555
45407,45555
252666,45555
126334,45554
226629,45554
218160,45554
51569,45553
188750,45552
186782,45551
258269,45551
241576,45551
237193,45551
221743,45551
74349,45550
84257,45550
17971,45550
43795,45550
178155,45550
252375,45549
190912,45549
243806,45549
135839,45549
261331,45549
39142,45549
128206,45548
272367,45548
62177,45548
94495,45548
288277,45547
179390,45547
182272,45547
14184,45547
188855,45547
199822,45546
232365,45546
288563,45546
111019,45546
3988,45546
220529,45546
268610,45545
255862,45545
19054,45545
8688,45545
231235,45545
106450,45544
231912,45544
181443,45544
279374,45543
15408,45543
98570,45543
239972,45543
229890,45543
11549,45542
36659,45542
292863,45542
9270,45542
2285,45541
16891,45541
243888,45541
127932,45541
167733,45541
291758,45540
20104,45540
15620,45540
283598,45539
32934,45539
240609,45539
64182,45539
137848,45539
30812,45537
161845,45537
3053,45537
199525,45537
28309,45537
128392,45537
286723,45537
39684,45537
268430,45537
24432,45537
7092,45537
202234,45536
253155,45536
257130,45536
28931,45536
185310,45536
259165,45536
232174,45536
294767,45535
19954,45535
33914,45534
7730,45534
185759,45534
216100,45534
32448,45534
194794,45534
148541,45534
40255,45534
256168,45533
3108,45533
138859,45533
256343,45532
292608,45532
281602,45531
225008,45531
11896,45531
219742,45531
172597,45531
196020,45530
11155,45530
21221,45530
24138,45529
241331,45529
282140,45529
220158,45529
251901,45529
284633,45528
285104,45528
1479,45528
292679,45528
194041,45527
291405,45527
179709,45527
43175,45526
47424,45526
107744,45526
216371,45525
126202,45525
86775,45524
12417,45524
198499,45524
209826,45524
81553,45524
89140,45524
288761,45524
240508,45523
283327,45522
239690,45522
95769,45522
283139,45522
134326,45521
162961,45521
234439,45521
126440,45521
149239,45521
213876,45521
168128,45521
8150,45520
283806,45520
43656,45520
229533,45520
61802,45520
9397,45520
148417,45519
78527,45519
71947,45519
186383,45519
27030,45519
192547,45519
166116,45518
276097,45518
27507,45518
231349,45518
56060,45517
180033,45517
71786,45517
166999,45517
272792,45516
242835,45516
240060,45516
7183,45516
279025,45516
255203,45515
71167,45515
59904,45515
30,45515
102369,45514
270373,45514
63869,45514
228463,45514
202639,45513
288224,45513
253324,45513
167587,45513
289973,45512
271780,45512
188122,45512
287091,45512
5815,45512
247313,45511
15725,45511
63694,45511
466,45511
7534,45511
203436,45511
10239,45510
2625,45510
219169,45510
46503,45510
10102,45510
274304,45509
1036,45508
25368,45508
327,45508
9574,45508
60270,45507
1770,45507
50499,45507
25999,45507
258958,45506
36849,45506
269373,45505
4713,45505
126637,45505
251541,45504
233206,45504
281986,45504
227023,45503
20571,45503
76736,45503
2279,45502
57897,45502
214451,45502
188910,45502
6808,45501
204604,45501
194718,45501
172337,45500
20690,45500
193903,45500
177305,45499
170460,45499
14197,45499
11358,45499
209731,45497
203906,45497
37018,45497
285097,45496
129170,45495
283410,45495
276282,45495
67803,45495
281903,45495
246680,45494
3197,45494
55439,45494
28949,45494
3558,45493
253504,45493
261581,45493
143738,45493
31062,45493
16456,45493
264641,45492
288447,45492
139263,45492
117674,45492
14771,45492
163769,45491
217652,45490
76052,45490
193695,45490
13160,45490
191707,45490
31697,45489
268376,45489
294307,45489
267677,45489
189017,45489
261635,45488
199302,45488
123857,45488
185876,45488
102879,45488
259515,45488
2822,45488
11167,45487
18259,45487
193358,45486
55620,45486
199469,45486
280855,45486
107919,45485
94372,45485
11622,45485
233085,45485
247213,45484
53677,45484
186414,45484
256485,45484
242975,45484
259865,45483
190766,45483
2660,45483
164716,45483
290873,45483
214210,45482
277307,45482
273533,45482
100655,45482
44836,45481
57,45481
40800,45481
139415,45481
126595,45481
287496,45481
26142,45480
235814,45480
294797,45480
190657,45480
282830,45479
17332,45479
151084,45478
278018,45478
100017,45478
12892,45477
147877,45477
188034,45477
254314,45477
291004,45476
273110,45476
252487,45476
31002,45476
247564,45476
154090,45475
61329,45475
293566,45475
63485,45475
189237,45475
263932,45475
186964,45475
258242,45475
256397,45474
290016,45474
282136,45474
91505,45474
225992,45473
78359,45473
274398,45473
1879,45473
156711,45473
133062,45472
93174,45472
134078,45472
188098,45472
202470,45471
1390,45471
196110,45471
6530,45471
161466,45471
49158,45471
284793,45471
252883,45471
110203,45470
255549,45470
290585,45470
77850,45470
184772,45470
268856,45470
209899,45470
127054,45469
105324,45469
290791,45469
151961,45469
284035,45468
230818,45468
169647,45468
185286,45468
46521,45468
261753,45468
150685,45468
21067,45467
5363,45467
185039,45467
89855,45467
10879,45467
319,45467
90761,45467
2495,45467
230941,45466
201977,45466
39452,45466
293525,45466
141474,45466
294428,45466
15703,45465
45872,45465
17077,45465
167458,45465
227337,45464
253717,45464
282167,45463
29966,45463
265646,45463
146829,45463
247173,45463
29124,45463
1287,45463
254807,45463
140841,45462
281573,45462
63942,45462
4605,45462
269612,45462
166602,45461
248390,45461
267989,45461
140783,45461
295590,45461
9917,45460
43022,45460
179430,45459
286197,45459
128319,45459
261723,45459
145521,45459
234577,45458
85380,45457
260377,45457
100441,45457
198221,45457
16311,45456
187971,45456
295537,45456
249800,45456
48652,45456
287460,45456
74085,45456
62787,45456
208417,45455
166355,45455
39750,45455
261287,45454
212611,45454
261372,45454
271679,45453
247478,45453
126146,45453
288340,45453
18979,45452
242663,45452
181276,45452
214219,45451
284562,45451
203348,45451
116275,45450
175250,45450
285738,45450
31873,45449
218463,45449
287962,45449
85626,45449
196609,45449
264015,45448
11351,45448
262500,45448
243430,45448
133984,45448
22770,45448
258497,45447
17795,45447
249887,45447
290133,45447
194590,45447
186820,45447
267352,45446
241478,45446
10575,45446
289863,45446
165473,45446
86301,45445
287032,45445
246323,45445
8834,45445
106790,45445
201590,45445
7381,45444
195130,45444
28177,45444
105315,45444
3201,45444
47046,45444
94977,45444
125737,45444
236184,45444
210526,45443
31547,45443
289391,45443
289290,45443
25700,45443
68139,45443
159018,45442
35803,45442
105897,45442
213123,45442
266188,45442
293668,45441
2784,45440
8637,45440
192425,45440
234339,45440
28483,45440
282032,45439
242635,45439
37937,45439
249416,45439
207650,45439
121701,45439
16954,45439
234850,45438
94870,45438
267308,45438
102380,45438
4487,45438
262518,45438
190416,45438
269868,45438
62319,45437
104548,45437
46220,45437
12874,45437
12097,45436
273121,45436
90659,45436
267340,45436
182234,45436
49085,45436
25954,45435
34519,45435
72815,45434
283361,45434
223866,45434
69868,45434
258025,45434
204530,45434
160214,45434
129053,45433
178849,45433
21399,45432
56208,45432
240510,45432
28490,45432
11907,45432
276839,45432
126566,45432
193155,45431
100466,45431
96211,45431
82133,45430
168749,45430
67143,45430
243573,45430
128314,45430
195013,45430
72326,45429
215352,45429
97339,45429
173673,45429
26492,45429
274718,45429
172897,45429
273439,45429
86758,45428
134383,45427
293989,45427
175564,45427
213063,45426
118148,45426
257752,45426
230288,45426
80813,45424
11835,45424
116849,45424
69329,45424
1753,45424
2277,45424
160487,45424
259052,45423
47077,45423
192726,45423
169926,45422
205594,45422
253250,45421
270821,45421
227583,45421
251712,45420
260624,45420
2455,45420
138654,45419
259656,45419
32025,45419
271005,45419
277737,45419
146169,45419
225637,45418
199624,45418
236312,45418
209112,45418
277622,45418
56862,45417
249464,45417
203598,45417
16108,45417
97941,45417
286882,45417
168919,45417
45691,45416
11831,45416
58994,45416
243343,45416
268031,45416
49244,45415
67606,45415
285438,45415
43240,45415
224908,45415
156323,45414
276509,45414
295410,45414
181594,45414
242655,45414
2097,45414
231905,45413
250256,45413
213619,45413
52795,45413
24396,45412
13068,45412
224754,45411
234129,45410
288976,45410
213720,45410
208491,45410
266642,45410
274100,45410
116927,45410
222883,45409
151898,45408
196196,45408
230310,45408
278614,45408
9643,45408
281898,45408
273065,45407
107694,45407
271316,45407
114441,45407
278092,45407
290529,45407
142597,45406
36355,45406
72682,45406
245921,45406
136124,45406
265989,45406
236833,45406
67916,45405
268905,45405
235468,45405
214286,45405
60736,45405
249349,45404
90619,45404
258452,45404
54122,45404
78219,45404
191992,45403
162246,45403
218858,45403
216315,45402
274464,45402
18269,45402
53358,45402
193093,45401
216704,45401
212267,45401
16222,45401
214197,45400
171680,45400
276529,45400
134128,45400
16600,45400
77480,45399
242777,45399
148312,45399
25071,45399
55800,45398
199759,45398
251659,45398
161473,45397
28922,45397
141504,45397
16522,45397
246605,45397
8939,45397
175611,45397
231994,45396
57240,45396
285834,45396
280585,45396
31536,45396
66993,45396
189126,45395
181816,45395
275231,45395
162507,45395
5001,45395
275939,45395
268435,45395
206827,45395
184669,45394
197049,45394
272117,45394
39071,45394
290066,45394
19896,45394
168454,45393
232948,45393
156091,45393
38978,45393
294926,45393
46187,45393
58618,45393
216264,45393
278010,45393
293111,45392
23754,45392
7909,45392
46668,45392
82026,45392
269138,45391
168056,45391
250016,45391
96892,45391
98848,45391
182959,45390
98765,45390
32689,45390
71877,45390
51182,45390
261638,45390
239170,45390
39745,45390
161561,45390
100142,45390
159746,45389
1310,45389
5521,45389
17054,45389
71058,45389
114599,45389
129317,45388
139068,45388
222729,45388
208875,45388
71976,45388
291702,45387
271531,45386
115158,45386
155566,45386
48411,45386
227975,45386
3181,45386
53154,45385
196320,45385
164784,45385
218388,45385
240000,45385
263805,45385
8374,45384
9069,45384
289093,45384
289177,45384
289048,45384
196523,45383
195966,45383
115483,45383
42009,45383
58323,45382
229558,45382
253254,45382
123998,45382
76875,45382
20727,45382
124204,45382
8891,45382
240089,45381
16174,45381
216685,45381
1147,45381
38982,45381
229232,45381
192153,45380
161595,45380
194486,45380
73498,45380
7530,45380
168568,45380
283541,45380
256421,45379
94823,45379
289382,45379
172046,45378
18640,45378
43970,45377
295050,45377
176857,45377
268392,45377
248763,45377
234896,45376
284958,45376
33532,45376
276438,45376
123225,45376
24124,45376
179281,45376
36859,45375
273188,45375
287952,45375
127826,45375
213709,45374
266413,45374
241148,45374
110487,45374
287453,45373
252956,45373
55568,45373
201935,45373
127418,45373
214126,45373
262931,45373
17519,45373
762,45372
277344,45372
1155,45372
4996,45372
176757,45372
269238,45372
271444,45371
115685,45371
201226,45371
175409,45371
146612,45370
273309,45370
1000,45370
68344,45370
49333,45369
29825,45369
226317,45369
21711,45369
168320,45368
13972,45368
31913,45368
237666,45368
261643,45368
148831,45368
157490,45368
38059,45367
152722,45367
58325,45367
20604,45367
85260,45367
118695,45367
247876,45367
216257,45367
142161,45367
159049,45367
5243,45367
150153,45366
205252,45366
234635,45366
232384,45366
388,45366
267804,45366
215901,45366
10880,45366
282337,45366
242170,45366
165550,45365
222707,45365
151669,45365
200269,45364
222885,45364
270854,45364
13952,45364
184579,45364
248761,45364
12936,45363
65031,45363
50336,45363
33523,45363
282101,45363
50347,45363
156818,45363
167381,45362
174846,45362
201917,45362
31347,45362
56378,45362
7753,45362
207412,45362
230593,45361
197772,45361
237883,45361
3169,45361
234739,45361
272888,45361
244375,45361
226654,45361
52199,45361
100849,45360
160152,45360
284675,45360
266959,45360
279112,45360
96133,45360
136843,45360
101117,45360
292550,45359
68595,45359
35433,45359
63863,45359
279175,45359
264279,45359
24418,45358
243532,45358
242910,45358
118319,45358
289441,45358
194626,45358
140525,45358
19580,45358
187569,45358
3677,45358
204168,45357
269799,45357
221976,45357
235978,45357
295646,45357
12559,45357
27256,45357
3770,45357
153893,45357
257777,45356
43941,45356
6984,45356
23316,45356
192906,45355
251965,45355
59298,45355
233636,45355
80147,45355
160831,45355
20301,45355
74016,45355
197630,45354
8868,45354
274399,45354
129047,45354
294505,45354
141831,45354
18691,45354
245350,45354
19014,45354
225380,45354
6613,45354
57693,45353
133215,45353
289028,45353
293843,45353
285860,45353
245463,45352
173263,45352
22928,45352
2360,45352
293478,45352
223046,45352
103863,45352
272273,45352
258355,45352
37654,45351
199447,45351
44318,45351
170086,45351
290155,45350
110006,45350
236078,45350
39174,45350
27668,45349
256743,45349
94619,45349
282325,45349
175930,45349
246321,45348
210172,45348
78076,45348
2597,45348
228890,45348
206575,45348
264202,45348
163223,45347
281,45347
156197,45347
154306,45347
1004,45346
259460,45346
276462,45346
35946,45346
242968,45346
244883,45346
232627,45346
152247,45345
70189,45345
275240,45345
27174,45345
59657,45345
22915,45344
131225,45344
56013,45343
296298,45343
23266,45343
36513,45343
252631,45342
261233,45342
263313,45342
161664,45342
291283,45342
193377,45342
285992,45341
5047,45341
70596,45341
94638,45341
245270,45341
276985,45341
158834,45340
189346,45340
270422,45340
34915,45340
152279,45340
264082,45340
295098,45339
293418,45339
96870,45339
36646,45339
222144,45339
43965,45338
28137,45338
179070,45338
65005,45338
152109,45338
262301,45338
166988,45338
264837,45338
38689,45338
77332,45338
201846,45337
256379,45337
1502,45337
279461,45337
197434,45337
134249,45336
216845,45336
269377,45336
285785,45336
189413,45336
33202,45336
286303,45336
19498,45336
184702,45336
240630,45336
204746,45336
249787,45336
39840,45336
143032,45336
7435,45335
11377,45335
62073,45335
101461,45335
207545,45335
201521,45335
208584,45335
265715,45335
293000,45335
289144,45334
62898,45334
42441,45334
110242,45334
268598,45334
157714,45334
291658,45333
267225,45333
260043,45333
283243,45333
8172,45333
294266,45333
4840,45333
271251,45332
224966,45332
1687,45332
47379,45331
167585,45331
90874,45331
25285,45331
200456,45331
88323,45331
260107,45331
70205,45330
140268,45330
245237,45330
294931,45330
250438,45330
73542,45330
289837,45330
10189,45329
268851,45329
243797,45329
290496,45329
214967,45329
246783,45329
243693,45328
220077,45328
266233,45328
186312,45328
32722,45328
266180,45327
192965,45327
181164,45327
212126,45327
251616,45327
20277,45326
14788,45326
23679,45326
293618,45326
258219,45326
133710,45326
168259,45326
233527,45326
52080,45325
14360,45325
72591,45325
245580,45325
282806,45325
216351,45325
89656,45325
276893,45325
91651,45325
181812,45325
9711,45325
126197,45324
168448,45324
259024,45324
52726,45324
35518,45324
283323,45323
213293,45323
21494,45323
249309,45323
99063,45323
283687,45323
202648,45322
38022,45322
246888,45322
17969,45322
87030,45322
202916,45322
293495,45322
121144,45322
55634,45322
64643,45322
188434,45321
44444,45321
266147,45321
14926,45321
91083,45321
25384,45321
70913,45321
250658,45320
207009,45320
235637,45320
103633,45320
5516,45320
12762,45319
170949,45319
12132,45319
3315,45318
42096,45318
269512,45318
45162,45318
125735,45318
251168,45318
263505,45317
81920,45317
54912,45317
164261,45317
292938,45317
169827,45317
269796,45316
23936,45316
230255,45316
280671,45315
232981,45315
243548,45315
12076,45315
210362,45315
19574,45314
80293,45314
211209,45314
217769,45314
131291,45314
109944,45314
285304,45314
2311,45313
205203,45313
33590,45313
277367,45313
287675,45313
6026,45313
52801,45313
4209,45312
191802,45312
189024,45312
178364,45311
287185,45311
287467,45311
293855,45311
22558,45311
258273,45310
57506,45310
264201,45310
35054,45309
162046,45309
5823,45309
226299,45309
180787,45309
259299,45309
254189,45309
217455,45308
245613,45308
172210,45308
6703,45307
31150,45307
271414,45307
153961,45307
292368,45307
259467,45307
179932,45307
184493,45307
251695,45307
209140,45306
130435,45306
273452,45306
112526,45306
20814,45306
290698,45305
160289,45305
2802,45305
179061,45305
14924,45305
31213,45305
213046,45304
126603,45304
279490,45303
41327,45303
247746,45303
217825,45303
291122,45303
145753,45303
18019,45303
7546,45303
223822,45303
139582,45303
45355,45302
100594,45302
81377,45302
124892,45301
86327,45301
36810,45301
90114,45301
295076,45301
3058,45301
167960,45301
52328,45301
281842,45300
279251,45300
22426,45300
80,45300
241244,45300
169937,45300
211767,45300
1380,45300
81568,45299
161082,45299
203936,45299
293662,45299
30435,45299
231283,45299
12367,45299
150470,45299
13304,45298
130651,45298
168378,45298
6424,45297
296340,45297
119082,45297
273101,45297
223733,45297
123070,45297
102562,45297
92272,45297
49894,45297
273299,45296
92188,45296
276020,45296
102980,45296
2257,45296
181688,45296
240476,45296
288456,45296
293102,45295
275703,45295
258176,45295
161529,45295
34189,45295
286924,45295
244297,45294
228971,45294
248504,45294
221782,45294
166797,45294
213917,45294
36716,45294
290139,45294
221062,45294
242263,45294
252644,45294
117084,45294
14885,45293
51324,45293
233508,45293
132538,45293
13049,45293
267251,45293
36478,45293
3145,45292
1538,45292
283736,45292
183996,45292
31903,45292
30495,45292
254412,45291
278629,45291
372,45291
65278,45291
15150,45291
53912,45291
254940,45290
260795,45290
127152,45290
261117,45290
228231,45290
33826,45290
117760,45290
266868,45290
259862,45290
256991,45289
172333,45289
2148,45289
153224,45289
129031,45289
241462,45289
198199,45289
283587,45289
402,45289
224317,45288
243143,45288
229019,45288
269671,45288
173627,45288
6589,45288
165111,45288
237292,45288
289329,45287
240686,45287
223337,45287
124409,45287
54562,45287
1314,45287
185574,45286
190013,45286
228810,45286
137447,45286
210316,45286
40827,45286
178121,45285
277634,45285
4705,45285
87153,45285
34376,45285
216439,45285
16025,45285
265423,45284
14403,45284
8261,45283
176381,45283
78300,45283
125368,45283
110553,45282
243932,45282
243823,45282
162971,45282
195590,45282
17617,45282
115602,45282
270462,45282
257795,45282
39346,45282
296195,45282
247862,45282
169971,45281
258035,45281
158685,45281
249163,45281
2235,45281
36747,45281
248414,45281
17304,45281
271067,45281
289131,45281
79735,45281
15017,45281
35793,45281
227087,45280
39718,45280
135891,45280
133481,45280
9964,45280
258641,45280
154120,45279
265255,45279
243080,45279
290267,45279
43400,45279
256398,45278
105146,45278
7,45278
10969,45278
100057,45278
126424,45278
191204,45278
49409,45278
103789,45277
274503,45277
30330,45277
268485,45277
248810,45277
97158,45277
13761,45277
22029,45277
71504,45275
2620,45275
290889,45275
24798,45275
8020,45274
193795,45274
278079,45274
467,45274
120332,45273
191931,45273
98673,45273
226666,45272
88694,45272
79470,45272
140356,45272
292595,45272
229206,45271
42188,45271
70303,45271
270058,45271
21109,45271
203487,45271
11486,45271
237656,45271
311,45271
184123,45271
143253,45271
45678,45271
146440,45270
21862,45270
20577,45270
286257,45270
190588,45270
39912,45270
232538,45270
228750,45270
273705,45269
182883,45269
182922,45269
14575,45269
199910,45269
217271,45268
65467,45268
9822,45268
152717,45267
156825,45267
276846,45267
280266,45267
183410,45267
273240,45267
122326,45267
209700,45266
292948,45266
224905,45266
205791,45266
247885,45266
277030,45266
5838,45265
75223,45265
17887,45265
192437,45265
198220,45264
175113,45264
112087,45264
227640,45264
13286,45264
241857,45264
249216,45263
210325,45263
108753,45263
268855,45263
165868,45263
65094,45263
287475,45263
36788,45263
52546,45263
274719,45263
220790,45262
281469,45262
276263,45262
249680,45261
69822,45261
266913,45261
86083,45261
63012,45261
182472,45260
8767,45260
288084,45260
188304,45260
246989,45260
123752,45260
214146,45260
195641,45260
208270,45260
258496,45260
239625,45260
202348,45260
129796,45259
216737,45259
253641,45259
121906,45259
93566,45259
150249,45258
253152,45258
134212,45258
294905,45258
247692,45258
206693,45258
12,45258
24425,45258
292559,45258
275926,45258
3984,45257
935,45257
263393,45257
279172,45257
288521,45257
115511,45257
258920,45257
203173,45257
117387,45257
108715,45257
149575,45257
224816,45256
290627,45256
6410,45256
164903,45256
271862,45256
3029,45256
273093,45255
10858,45255
156084,45255
1242,45255
252359,45255
58866,45255
230497,45255
6314,45255
43944,45254
40816,45254
288746,45254
60178,45254
168664,45254
113387,45254
183430,45254
136516,45254
287123,45254
254151,45253
273176,45253
249573,45253
2653,45252
11288,45252
83562,45252
131585,45252
41036,45252
182752,45252
246751,45252
161567,45252
229564,45252
77496,45251
216379,45251
283539,45251
276723,45251
49656,45250
13035,45250
285484,45250
229510,45250
55963,45250
22442,45250
178444,45250
147491,45249
245219,45249
77418,45249
275380,45249
231562,45249
295244,45249
223490,45249
277005,45249
6803,45248
118418,45248
218117,45248
281069,45248
176110,45248
96172,45248
276726,45248
100217,45248
240413,45248
198555,45247
19388,45247
218138,45247
6001,45247
144538,45246
12319,45246
94147,45246
190125,45246
47604,45246
283300,45246
296337,45246
238817,45245
210340,45245
228252,45245
22978,45245
36583,45245
258484,45245
33663,45245
109578,45244
44544,45244
3696,45244
66428,45244
21131,45244
36957,45244
243729,45244
41172,45244
200065,45244
197854,45243
18865,45243
291852,45243
237579,45243
30987,45243
178191,45242
288742,45242
201060,45242
81231,45242
35918,45242
237186,45241
286876,45241
33151,45241
197255,45240
284580,45240
277866,45240
277661,45240
190253,45240
162406,45239
98536,45239
69115,45239
7278,45239
240731,45239
212856,45238
67655,45238
711,45238
197618,45238
250211,45238
272497,45238
213101,45238
23636,45238
214641,45238
278718,45238
294213,45238
2212,45237
242055,45237
66792,45237
101795,45236
39192,45236
288256,45236
218568,45236
86944,45236
151842,45235
294115,45235
190520,45235
4873,45235
1943,45235
238413,45235
243653,45235
155328,45235
238348,45235
191516,45234
102982,45234
84142,45234
208022,45234
272238,45234
184698,45234
258260,45234
211272,45234
6272,45233
28059,45233
2563,45233
269899,45233
173832,45233
154551,45233
16932,45233
66295,45232
14916,45232
114848,45232
251694,45232
159957,45232
38622,45231
23200,45231
240236,45231
25890,45231
106156,45231
750,45231
251846,45231
286625,45230
222609,45230
115634,45230
234822,45230
65292,45230
217023,45230
21855,45229
213891,45229
107567,45229
208894,45229
281660,45229
220031,45229
136296,45229
282204,45229
119382,45229
203062,45228
133711,45228
204296,45228
128173,45228
255960,45228
3612,45228
191993,45228
274975,45228
32032,45227
170095,45227
34652,45227
108529,45227
227952,45227
130549,45227
245717,45227
265021,45227
244560,45226
248817,45226
114598,45226
101096,45226
241346,45226
49985,45226
88127,45226
32423,45225
130812,45225
201051,45225
170038,45225
212708,45225
43370,45225
14668,45225
237591,45225
2551,45225
295212,45225
229074,45224
1819,45224
230816,45224
75975,45224
44229,45224
248623,45224
192597,45224
147765,45224
9080,45223
109854,45223
65747,45223
291972,45223
289812,45223
41107,45222
144131,45222
260313,45222
219795,45222
175342,45222
211063,45221
281807,45221
267892,45221
157683,45221
14760,45221
117429,45221
29392,45220
67822,45220
63711,45220
140855,45220
286115,45220
261731,45220
185001,45220
129261,45219
275635,45219
266449,45219
257589,45219
212738,45219
280757,45219
117299,45218
230813,45218
257790,45218
1289,45218
162391,45218
163550,45218
61022,45218
167297,45218
223025,45218
254649,45217
28390,45217
66141,45217
226162,45217
72150,45217
238220,45217
130876,45217
265841,45216
82441,45216
216783,45216
212171,45216
9291,45216
140576,45216
246707,45216
172649,45216
121710,45216
156498,45216
269800,45215
288237,45215
164948,45215
97952,45215
54640,45215
215101,45214
172660,45214
270791,45214
286788,45214
120242,45214
6799,45214
85201,45214
227862,45214
11679,45214
289218,45214
290184,45214
241633,45213
235966,45213
188404,45213
156655,45213
47792,45213
17044,45213
227179,45213
127308,45213
127676,45212
139284,45212
287252,45212
224707,45212
187869,45212
267637,45211
198461,45211
11425,45211
225212,45211
130033,45211
79144,45211
255646,45211
287302,45210
170718,45210
158499,45210
209330,45210
286023,45210
279143,45210
15630,45210
280492,45210
75660,45209
192470,45209
34750,45209
116118,45209
656,45209
123828,45209
276903,45208
280668,45208
1818,45208
90030,45208
286248,45208
254141,45208
281993,45208
20948,45207
11826,45207
98306,45207
214039,45207
260524,45207
100558,45207
17597,45207
284175,45206
272188,45206
3095,45206
1760,45205
182053,45205
69597,45205
280019,45205
207621,45205
130009,45205
38724,45205
11681,45205
1563,45205
251868,45204
218810,45204
50638,45204
267337,45204
231110,45204
29175,45204
190907,45204
173233,45204
160555,45203
129021,45203
251752,45203
123763,45203
51869,45203
149533,45202
145182,45202
268844,45202
248105,45202
266218,45202
194905,45202
211967,45202
251326,45202
61225,45202
294327,45202
34506,45202
275864,45202
148309,45201
196389,45201
154618,45201
86847,45201
189607,45201
134006,45201
110587,45201
245062,45200
126978,45200
191735,45200
137891,45200
163856,45200
260801,45200
287046,45200
112057,45199
285703,45199
202362,45199
275915,45199
2188,45199
185836,45199
280357,45198
29682,45198
272728,45198
6930,45197
42831,45197
289250,45197
173856,45197
280709,45197
271090,45196
212529,45196
233266,45196
296439,45196
181566,45196
31152,45196
17718,45196
58442,45196
180549,45196
173732,45195
132049,45195
96101,45195
179519,45195
151839,45195
261899,45195
141805,45195
177732,45195
283337,45195
214273,45195
287538,45194
20680,45194
180124,45194
24274,45194
251176,45194
277964,45194
163196,45194
178805,45194
44914,45193
19874,45193
157977,45193
6934,45193
293518,45193
76876,45193
283910,45193
50919,45193
247899,45193
244008,45193
143808,45193
291479,45192
27074,45192
147762,45192
106246,45192
19866,45192
248524,45192
280793,45192
275811,45192
254211,45192
28224,45192
57528,45192
224936,45191
34525,45191
233173,45191
217947,45191
102616,45191
145541,45190
256214,45190
15750,45190
278676,45190
84665,45190
277143,45190
251181,45190
263054,45190
572,45190
232133,45190
249077,45189
202922,45189
102550,45189
230297,45189
10742,45189
286875,45189
104246,45189
235305,45189
118555,45189
1998,45189
107691,45189
16089,45189
217079,45189
53045,45189
259649,45188
165597,45188
159315,45188
210859,45188
50512,45187
42332,45187
23362,45187
267715,45187
20176,45187
222778,45187
29710,45187
15602,45187
6379,45186
269480,45186
692,45186
158079,45186
257694,45186
254533,45186
183120,45186
290323,45186
240613,45186
194131,45186
6596,45185
16475,45185
196228,45185
11853,45185
271913,45185
128245,45185
225885,45185
176777,45184
265128,45184
87104,45184
264478,45184
14463,45184
203923,45184
149501,45183
185701,45183
257032,45183
7134,45183
268282,45183
110431,45183
162869,45183
190652,45183
33097,45182
1632,45182
276891,45182
294934,45182
219331,45181
121172,45181
263110,45181
17720,45181
13692,45181
236095,45181
76570,45181
208528,45181
279702,45181
54558,45181
49450,45181
194509,45181
55208,45181
215534,45181
44189,45180
254520,45180
82919,45180
112624,45180
285142,45180
154832,45180
237748,45180
230062,45180
264835,45180
295893,45180
202861,45179
159426,45179
44385,45179
104704,45179
148408,45179
22542,45179
166453,45179
256880,45179
236198,45179
285944,45179
259908,45179
164384,45179
58062,45178
181336,45178
22985,45178
170349,45178
198237,45178
206095,45178
292809,45178
227099,45177
278835,45177
148528,45177
237048,45177
267218,45177
236933,45177
225195,45177
228360,45177
181646,45177
243812,45177
295049,45176
171711,45176
235775,45176
20010,45176
183303,45176
15034,45176
272578,45175
141974,45175
285301,45175
676,45175
258241,45175
260044,45175
187669,45175
157342,45175
4618,45175
261371,45175
248584,45175
105287,45174
264066,45174
268499,45174
249882,45174
242075,45174
3072,45173
283771,45173
154833,45173
117437,45173
246329,45173
218137,45173
245650,45172
160784,45172
122592,45172
176421,45172
172168,45172
206360,45172
272745,45172
201948,45172
218613,45172
277254,45171
292885,45171
270741,45171
285032,45171
293970,45171
26137,45171
252083,45171
159551,45171
215949,45171
183506,45171
239729,45171
158620,45171
252251,45170
63952,45170
263903,45170
251325,45170
86979,45170
8610,45170
277697,45170
238250,45170
204481,45170
278969,45169
229613,45169
150970,45169
272222,45169
224537,45169
223425,45169
189054,45168
258350,45168
131596,45168
197336,45168
134386,45168
149493,45167
76751,45167
235133,45167
157010,45167
199076,45167
237992,45167
82632,45167
294095,45167
287977,45167
261168,45167
133611,45166
10589,45166
292281,45166
209953,45166
295730,45166
1529,45166
23184,45166
213043,45166
39655,45165
22224,45165
213226,45165
281896,45165
226461,45165
196300,45164
94464,45164
32251,45164
3291,45164
230130,45164
289784,45164
41236,45164
142958,45164
296172,45164
260567,45164
283569,45164
60772,45163
269881,45163
241402,45163
230393,45163
7561,45163
230150,45163
7079,45163
13203,45163
170497,45163
106277,45162
29656,45162
264328,45162
285326,45162
47410,45162
287718,45162
136767,45162
290752,45162
23553,45162
239606,45162
13741,45162
185364,45162
281397,45162
3568,45162
32894,45162
252124,45161
129568,45161
258042,45161
196295,45161
221671,45161
170231,45161
212035,45160
237086,45160
278557,45160
295513,45160
287038,45160
222176,45160
162366,45160
177905,45160
224667,45159
152522,45159
133820,45159
242848,45158
240905,45158
188082,45158
32043,45158
163777,45158
280431,45158
284884,45158
254961,45158
295617,45157
190770,45157
59719,45157
72697,45156
293709,45156
30135,45156
78785,45156
281155,45156
42215,45156
117937,45156
52442,45156
138162,45156
201996,45155
244926,45155
18626,45155
42201,45155
152564,45155
216777,45155
38904,45155
290232,45155
287794,45155
14011,45155
41358,45155
216205,45155
1474,45155
188243,45155
40886,45154
130356,45154
293310,45154
113510,45154
295736,45154
208911,45154
27625,45154
281843,45154
152232,45154
268769,45154
15427,45153
185997,45153
254495,45153
202304,45153
440,45153
126434,45153
201947,45153
187415,45153
227859,45153
243491,45153
287248,45152
287131,45152
195457,45152
13912,45152
184911,45152
267678,45152
241836,45152
32852,45151
66987,45151
230724,45151
246803,45151
203213,45150
125804,45150
249762,45150
287788,45150
264957,45150
199389,45150
282428,45150
229645,45149
241804,45149
269615,45149
171418,45149
4164,45149
158028,45149
209264,45149
243954,45149
237091,45149
12194,45149
208091,45148
10752,45148
146375,45148
262231,45148
229609,45148
154994,45148
11976,45148
283506,45148
237365,45148
130845,45148
211988,45148
224546,45148
260615,45148
239642,45147
150644,45147
284819,45147
276844,45147
269243,45147
216076,45146
266298,45146
277144,45146
284759,45146
280201,45146
32580,45146
130109,45146
198430,45146
223195,45146
68267,45146
280841,45146
88128,45146
159653,45146
179300,45146
191377,45146
31086,45146
282264,45146
171612,45145
175410,45145
4304,45145
170743,45145
281074,45145
295570,45145
266693,45145
59045,45145
201731,45144
19930,45144
290613,45144
3730,45144
267458,45144
292965,45143
257206,45143
279665,45143
170482,45143
157619,45143
247708,45142
262867,45142
288914,45142
217958,45142
219910,45142
57875,45142
295,45142
293023,45142
262499,45142
258584,45141
269093,45141
292445,45141
244480,45141
286076,45141
280837,45141
293357,45140
182647,45140
223665,45140
30404,45140
283041,45140
279662,45140
104541,45140
233880,45140
285805,45140
213813,45140
129624,45140
221425,45139
258450,45139
296495,45139
265131,45139
258712,45139
155367,45139
269041,45139
295512,45139
278284,45139
253427,45139
235802,45139
150956,45138
80174,45138
498,45138
171701,45138
104198,45138
164944,45138
56291,45138
100846,45138
25123,45138
232358,45138
6972,45137
34436,45137
252476,45137
115392,45137
30723,45137
261981,45137
261636,45137
138966,45137
20236,45136
275637,45136
3342,45136
274917,45136
135330,45136
258668,45136
152377,45136
231964,45136
247634,45136
180840,45136
31672,45136
17359,45136
245303,45136
253083,45136
12855,45136
119055,45136
905,45135
259323,45135
47170,45135
194484,45135
201711,45135
212926,45135
255371,45135
189631,45135
9048,45135
89130,45135
40259,45134
233744,45134
264040,45134
293928,45134
292803,45134
212066,45134
222943,45134
238620,45134
66688,45134
200287,45134
291270,45133
271730,45133
168798,45133
293959,45133
179956,45133
170296,45133
57014,45132
139454,45132
159924,45132
5167,45132
281867,45132
186106,45132
136,45132
287459,45132
236031,45132
185351,45132
182065,45131
92772,45131
295976,45131
231686,45131
209823,45131
86224,45131
176511,45131
244753,45131
247330,45131
260516,45130
27853,45130
1776,45130
204050,45130
117870,45130
100845,45130
118805,45130
98124,45130
58457,45130
201871,45130
44015,45130
227529,45130
184344,45130
157467,45130
130827,45130
282991,45130
78825,45129
99265,45129
280490,45129
255345,45129
293736,45129
67433,45129
231177,45129
237670,45129
251390,45129
260867,45128
239156,45128
230882,45128
210651,45128
254950,45128
237066,45128
267817,45128
34928,45127
173443,45127
1697,45127
273843,45127
2634,45127
259518,45127
260459,45127
165840,45127
259408,45126
2305,45126
265791,45126
248169,45126
208813,45126
203894,45126
152967,45126
167095,45126
60224,45126
294546,45126
286387,45125
234148,45125
218521,45125
283702,45125
166996,45125
130627,45125
292838,45125
288046,45125
287470,45125
69014,45124
127337,45124
248853,45124
14422,45124
159004,45124
161806,45124
148363,45124
76087,45124
240088,45123
239269,45123
294335,45123
56865,45123
25780,45123
269185,45123
71360,45123
162026,45123
217774,45123
145514,45122
127142,45122
276008,45122
75608,45122
266644,45122
260655,45122
147846,45122
258862,45122
259177,45122
267841,45122
151068,45122
261693,45121
122165,45121
269798,45121
150046,45121
285552,45121
197842,45121
8177,45121
66043,45121
284097,45121
67041,45121
134544,45121
120060,45121
238105,45121
50007,45121
249695,45121
13445,45120
178373,45120
264269,45120
282743,45120
158043,45120
265311,45120
278488,45120
187800,45120
238614,45120
46780,45120
253876,45119
166257,45119
98355,45119
51277,45119
289362,45119
35723,45118
265666,45118
4078,45118
181045,45118
127869,45118
190147,45118
242025,45118
18103,45118
186306,45118
210405,45118
177855,45118
157459,45118
295211,45118
237850,45118
198115,45117
181162,45117
10597,45117
181510,45117
184868,45117
53042,45117
265244,45116
91477,45116
5986,45116
276397,45116
172598,45116
281938,45116
128734,45116
292579,45115
25693,45115
159384,45115
53225,45115
266345,45115
26284,45115
40175,45115
138834,45115
73938,45115
25711,45114
192254,45114
265880,45114
21058,45114
191597,45114
272832,45114
9053,45114
285829,45114
270282,45114
261849,45113
269317,45113
289,45113
198026,45113
12967,45113
253958,45113
3285,45112
41225,45112
275316,45112
214570,45112
200899,45112
170051,45112
201121,45112
208621,45112
263162,45112
266964,45112
54298,45112
145157,45111
289530,45111
38498,45111
275010,45111
245811,45111
18347,45111
178939,45111
163848,45111
254816,45111
233464,45111
153998,45111
79711,45111
12183,45110
237813,45110
2581,45110
192039,45110
45179,45110
16879,45110
23154,45110
10805,45110
131902,45110
252859,45110
156432,45109
231216,45109
15686,45109
13722,45109
175828,45109
57612,45109
191019,45109
246107,45109
11493,45109
18645,45108
287047,45108
201858,45108
3308,45108
12254,45108
279384,45108
