11880,100000
44097,54551
2407,51543
1391,51259
18917,50091
33948,49597
93676,48714
2862,48448
33542,48277
10623,48238
1354,48096
7105,47839
23570,47774
3622,47751
5438,47707
2148,47661
3705,47636
2655,47548
135900,47518
208393,47468
269136,47465
42695,47376
248802,47344
44647,47304
277488,47271
245641,47257
285163,47255
204683,47243
83462,47234
287584,47230
217911,47222
7553,47205
32309,47200
276229,47192
283926,47175
273156,47163
230897,47141
27063,47130
3402,47117
171474,47095
295148,47086
252458,47083
2311,47080
240927,47079
201141,47073
220250,47069
204812,47047
250638,47029
62194,47025
293814,46998
183029,46987
136194,46986
180364,46979
29021,46978
187492,46972
8095,46971
189462,46968
22061,46950
258534,46945
228106,46944
211171,46931
6075,46930
30897,46926
164208,46923
271767,46914
255890,46906
230294,46901
6218,46897
204098,46883
289194,46870
128806,46860
281602,46858
280742,46853
142136,46839
600,46836
4026,46822
146317,46821
206605,46821
282578,46820
14185,46816
157155,46815
6226,46807
259677,46801
36818,46798
247043,46792
253458,46789
194237,46787
4587,46785
165589,46783
20829,46774
69444,46766
255822,46765
185815,46755
272079,46752
1302,46745
210379,46742
30421,46740
234915,46737
208766,46735
27811,46730
280022,46728
221468,46726
154998,46722
23043,46721
96475,46719
170369,46714
38850,46713
246673,46708
1094,46707
225940,46705
190473,46705
17393,46695
26196,46694
139136,46691
84788,46690
252603,46681
284604,46681
24473,46677
121840,46677
6189,46674
230071,46672
54057,46671
217277,46667
163182,46665
18526,46664
250245,46658
114801,46656
261450,46651
10013,46649
215388,46641
209957,46641
167171,46639
233312,46637
41818,46635
102809,46629
254122,46627
282152,46626
48555,46626
194044,46623
165115,46623
137072,46622
224699,46616
31991,46613
136515,46612
67047,46611
230617,46610
203786,46609
4409,46609
175745,46608
107770,46607
269786,46599
280062,46591
289106,46591
57103,46589
96691,46587
154756,46586
6083,46585
268450,46585
190886,46581
93102,46580
183793,46577
215520,46575
225133,46570
292427,46569
4305,46568
187813,46566
13851,46563
269383,46561
8264,46560
6169,46558
129752,46558
41816,46557
258270,46556
16285,46554
227872,46554
6025,46552
37663,46551
645,46551
290726,46540
292799,46534
288010,46533
70145,46529
55708,46524
98035,46524
120009,46512
184262,46511
146514,46509
220985,46508
40235,46504
124551,46501
202227,46496
194615,46495
133650,46493
2955,46492
221798,46490
277124,46489
171535,46488
90026,46487
279489,46484
199507,46481
116518,46480
52647,46478
198867,46476
1217,46470
194053,46468
241507,46463
4174,46461
214068,46458
54662,46455
244362,46455
22778,46450
188630,46445
33854,46443
11237,46441
24852,46439
127149,46439
9046,46439
197117,46435
262845,46433
281452,46432
78634,46430
30203,46429
48590,46428
180020,46428
15354,46426
15783,46423
287212,46423
95040,46423
188504,46421
15204,46419
66097,46417
213686,46417
157723,46412
237348,46411
4071,46410
180450,46409
229323,46408
84070,46405
157889,46405
77141,46402
3946,46402
27772,46401
273150,46401
128219,46398
55117,46397
226959,46396
79651,46395
119789,46394
190483,46392
247262,46392
69416,46390
3927,46386
44997,46385
130391,46385
113774,46382
175874,46381
288546,46380
207555,46379
18996,46377
108441,46377
260568,46376
11218,46374
189501,46372
1274,46370
205535,46366
5298,46366
112522,46366
246518,46366
97914,46365
69801,46357
230591,46356
26189,46354
204167,46353
7638,46353
129359,46351
212217,46351
212670,46351
10786,46350
272850,46349
167484,46346
217628,46345
76634,46342
47915,46340
31400,46340
287247,46337
163091,46337
189705,46335
25671,46333
130506,46331
185344,46331
12469,46331
237056,46327
280550,46326
95926,46325
207796,46323
2773,46321
194679,46320
210209,46318
6431,46318
201941,46318
140552,46316
266096,46316
196974,46316
13172,46315
100711,46314
270842,46313
3127,46312
25137,46312
286895,46312
212497,46312
159014,46311
257284,46310
78258,46310
98895,46309
53397,46303
171402,46302
218581,46302
26799,46301
110593,46300
76440,46298
215162,46297
11799,46296
83185,46295
192462,46295
237866,46293
163169,46292
177593,46290
17251,46290
203890,46290
237161,46289
27451,46288
95524,46286
273854,46286
216197,46284
111500,46283
105309,46281
121260,46278
174624,46275
117346,46275
284339,46275
262864,46274
125636,46272
16802,46268
52592,46268
254786,46267
163371,46266
79602,46264
251573,46262
241549,46262
16216,46260
71050,46257
130804,46257
161851,46255
1918,46255
118812,46254
164668,46254
196740,46252
241221,46251
23036,46251
142479,46250
186666,46245
18630,46241
237627,46239
184784,46239
100419,46238
169051,46238
136221,46237
33387,46237
195083,46232
225586,46232
226089,46231
193269,46229
142719,46227
5855,46222
201086,46222
231042,46221
8045,46221
269290,46219
108797,46217
224574,46216
125749,46215
46740,46213
69739,46213
43045,46213
174697,46213
190288,46212
119666,46212
264088,46211
167983,46211
93907,46210
6887,46209
13168,46209
49108,46208
104527,46207
270599,46206
288944,46206
228223,46205
270039,46204
166754,46202
249981,46202
240042,46202
280505,46200
233017,46198
127285,46196
275689,46195
187237,46193
63214,46193
290627,46192
196200,46192
205097,46192
187309,46190
231323,46190
160874,46190
128878,46188
263266,46188
252266,46187
7712,46187
238495,46186
47210,46186
284601,46184
10646,46183
28875,46182
278577,46181
16804,46181
280573,46177
65803,46176
236716,46176
18438,46176
245242,46173
269202,46173
197637,46171
161001,46169
3050,46169
118061,46168
202368,46168
13896,46167
127514,46166
12845,46164
36436,46164
147232,46162
111661,46160
233823,46159
256182,46159
195888,46157
76077,46157
294185,46156
230417,46155
269392,46154
138677,46154
147332,46152
261601,46151
69844,46151
203303,46151
19817,46151
154166,46149
22372,46148
228789,46147
93229,46144
208437,46140
115507,46138
294086,46137
144534,46133
78648,46131
12452,46131
213646,46128
235088,46127
7719,46122
123408,46121
182242,46121
232305,46120
95112,46117
182155,46116
172602,46116
58782,46116
8496,46116
261130,46112
132140,46110
195288,46109
257084,46108
279682,46107
239657,46107
240156,46105
94073,46103
198514,46103
147839,46102
74875,46100
196653,46099
284142,46098
138435,46097
243512,46096
37097,46096
294459,46095
133073,46095
69708,46094
168865,46094
293418,46092
60445,46092
182087,46091
201543,46090
156040,46089
195540,46088
238391,46088
250901,46087
129560,46086
175091,46086
115046,46085
63083,46083
237589,46082
1293,46082
264349,46080
223398,46078
212312,46078
170551,46077
275424,46077
198232,46077
141891,46074
13992,46073
258931,46073
164629,46072
255463,46072
248758,46072
254254,46070
38640,46068
229865,46068
267246,46067
159230,46067
274135,46066
266237,46063
239609,46056
171258,46054
269410,46054
212705,46054
249322,46052
25484,46052
183999,46049
110022,46049
197342,46047
198762,46046
235670,46046
21806,46046
293476,46045
278931,46045
37944,46042
28514,46041
123126,46040
134612,46039
253671,46039
2835,46038
172886,46038
234157,46036
194883,46035
123913,46035
250268,46033
263842,46031
143155,46030
201456,46027
249736,46026
23697,46023
148030,46023
163720,46023
166553,46021
110260,46019
891,46016
47517,46016
9294,46015
191762,46015
23215,46015
66736,46014
96575,46014
199085,46014
181250,46014
26614,46013
18765,46013
247334,46013
270046,46012
172865,46011
162115,46011
173985,46011
57486,46010
203315,46010
269724,46009
184202,46007
44064,46006
15103,46005
215096,46005
98685,46000
274940,46000
61356,46000
275698,46000
95314,45998
48154,45997
15852,45995
271411,45993
165557,45993
86815,45991
200015,45990
206853,45988
271756,45988
154367,45984
139489,45982
274487,45982
213304,45980
243749,45980
248952,45977
103470,45977
254862,45977
66979,45974
188290,45974
101157,45974
170237,45971
208471,45968
262086,45968
55234,45968
129474,45967
7311,45967
179623,45965
238494,45965
95231,45960
193473,45960
43826,45960
226078,45959
221714,45959
221609,45958
1389,45957
205371,45956
265955,45956
268703,45955
282673,45953
52315,45952
257290,45951
35491,45951
204045,45950
135138,45949
20253,45949
9792,45945
41652,45944
281531,45944
267497,45940
258253,45939
269509,45939
288826,45938
10419,45938
123372,45938
95064,45937
129389,45937
232148,45937
82417,45937
3751,45935
14383,45934
143151,45931
267777,45931
68425,45931
43368,45930
70328,45930
294812,45929
92426,45929
134500,45927
274698,45925
256590,45924
118262,45924
13050,45924
12318,45923
178199,45919
152834,45919
111166,45918
245258,45916
277460,45914
123695,45911
223413,45911
46458,45911
262882,45911
296350,45910
129040,45910
175842,45908
177439,45907
26784,45906
24711,45906
234529,45906
252705,45906
113454,45905
156846,45904
227154,45904
160597,45903
154947,45903
172489,45902
256013,45902
198789,45901
229406,45901
169947,45900
60933,45900
165715,45899
251744,45899
248894,45898
20040,45898
289604,45897
228271,45897
213791,45897
38005,45895
175914,45894
238512,45894
115346,45894
196648,45893
205186,45892
127130,45892
118369,45892
90480,45892
218805,45891
338,45890
76752,45890
274532,45890
125268,45890
116329,45889
184859,45889
206074,45889
160179,45888
161459,45888
198603,45887
40599,45887
230117,45886
124141,45885
163507,45883
10747,45883
208005,45882
2568,45882
200393,45882
19121,45881
11181,45879
263319,45878
203444,45877
205477,45877
170229,45876
234695,45876
169378,45876
216387,45875
8836,45875
278020,45875
284260,45874
174,45873
267175,45872
162943,45872
104399,45871
112073,45871
233612,45870
189068,45870
234481,45870
188348,45869
225392,45868
24278,45868
11773,45867
138921,45867
291412,45867
80685,45864
48228,45863
266603,45863
286767,45863
218518,45863
285509,45863
269144,45862
122358,45861
64055,45861
294358,45860
121723,45860
69793,45860
203067,45859
15778,45858
265829,45858
230661,45856
139226,45856
124095,45855
124846,45854
7698,45853
119081,45853
3882,45852
236378,45851
39387,45851
296057,45851
164070,45851
2313,45850
238148,45850
293150,45850
204884,45849
117779,45848
24526,45848
173843,45848
240918,45847
119971,45847
238069,45846
170240,45844
77284,45843
5826,45842
207244,45842
71582,45841
248804,45841
70773,45841
147313,45840
237571,45839
90833,45839
158,45838
168485,45838
113147,45837
152174,45836
276123,45836
20274,45836
46029,45836
163386,45835
159261,45835
46143,45835
159572,45835
282833,45835
259311,45834
202940,45833
128337,45833
242294,45833
256372,45832
221825,45830
18393,45830
205592,45828
63533,45828
59127,45828
278765,45827
15708,45827
68619,45827
171595,45827
233967,45827
280511,45826
189903,45826
44783,45826
150103,45825
2047,45825
236649,45824
282844,45824
293513,45823
252205,45823
109071,45823
74861,45822
22282,45822
257814,45821
86680,45821
286973,45820
158016,45820
110181,45819
91650,45818
218036,45818
274022,45818
235579,45815
154810,45814
33657,45811
45696,45811
170378,45810
97897,45810
86243,45809
171280,45809
286438,45809
209517,45808
22515,45808
271075,45807
12809,45807
288401,45806
88659,45805
72296,45805
21559,45805
274342,45804
282566,45804
129470,45804
265389,45804
212298,45804
168805,45801
240729,45800
161271,45799
55950,45799
119618,45799
137483,45799
28068,45798
101306,45797
259557,45797
171620,45796
167731,45794
236040,45793
75076,45793
182539,45790
238940,45788
14831,45788
176171,45788
73845,45787
69764,45787
23021,45787
177301,45787
134864,45787
153738,45786
180799,45785
179145,45784
171351,45783
53796,45782
131885,45782
283430,45780
209708,45780
155209,45780
95716,45776
222601,45776
230531,45774
101326,45774
185925,45773
226718,45773
134347,45772
80750,45772
114393,45772
100104,45771
220736,45771
63974,45771
290689,45771
101216,45771
217071,45770
205645,45770
31148,45769
168180,45768
197699,45767
125727,45766
107978,45766
155883,45766
293197,45765
145146,45764
284616,45762
246830,45762
56939,45759
244667,45758
256501,45758
14979,45758
66634,45757
52025,45757
217724,45757
120758,45756
111414,45755
251598,45754
157021,45753
288981,45752
50517,45751
281726,45750
32123,45750
124172,45749
214957,45749
271001,45749
240652,45748
168986,45747
126130,45747
126776,45746
72056,45746
97487,45745
115126,45745
287033,45745
5186,45744
170249,45744
240943,45743
164660,45742
132735,45742
14783,45742
98073,45742
18182,45742
150860,45740
121048,45739
54501,45739
159565,45739
291996,45739
8107,45738
281380,45737
284096,45737
276055,45737
271973,45736
8012,45735
126878,45735
44670,45734
134343,45734
8965,45734
242434,45733
167756,45733
17802,45732
163986,45732
283913,45731
198873,45730
110532,45730
155329,45730
6840,45730
238306,45729
199881,45729
146775,45728
288766,45728
131128,45727
106845,45727
286802,45727
296342,45726
182339,45726
181798,45724
23971,45724
58329,45723
184288,45723
110255,45722
261951,45722
256611,45721
69868,45721
79957,45720
151330,45720
160950,45719
293210,45719
274778,45718
107579,45717
166058,45716
198552,45716
285505,45716
205357,45716
85463,45715
194860,45715
26867,45715
205233,45715
142354,45714
165802,45714
281889,45714
22639,45714
272045,45714
30744,45714
229950,45712
17637,45712
120400,45712
87269,45712
70191,45711
33232,45711
83197,45710
127903,45710
863,45710
196121,45709
170419,45708
168086,45708
315,45707
164909,45706
162956,45704
258580,45704
82394,45703
113563,45702
173378,45701
55047,45701
193777,45701
164953,45700
295702,45700
59214,45700
253826,45700
271731,45699
170984,45699
224044,45699
8598,45698
150861,45698
232823,45698
47265,45698
209406,45697
15188,45697
43474,45697
138839,45696
71383,45696
137275,45695
212197,45695
215994,45694
162408,45694
189398,45694
147143,45693
293041,45693
187123,45693
9923,45692
277539,45692
184952,45691
37574,45690
238879,45690
220190,45690
54844,45689
274794,45689
23413,45689
199947,45688
184185,45688
271185,45688
268847,45687
37308,45687
126896,45686
167182,45686
12646,45686
77927,45686
28704,45686
174187,45685
293836,45684
115446,45684
233181,45684
240362,45684
106475,45683
250456,45683
161611,45682
272753,45682
130292,45680
12067,45679
243751,45679
123110,45678
67037,45678
150740,45678
116718,45677
157421,45677
384,45677
23753,45677
237146,45676
38379,45676
90974,45675
278120,45674
4893,45674
194086,45674
266246,45674
104485,45674
216664,45672
74755,45671
101010,45671
182371,45670
226593,45669
108,45669
62871,45669
33636,45669
279897,45668
291983,45668
58684,45667
168046,45666
51665,45665
96111,45665
147152,45665
249099,45665
35189,45665
92035,45664
233244,45663
173298,45663
280862,45663
52664,45661
9767,45661
261023,45660
28431,45659
287396,45658
291313,45658
235877,45658
13232,45657
236398,45657
249577,45657
186821,45657
190276,45656
208959,45656
272975,45656
145637,45656
130507,45655
12331,45654
134456,45654
12092,45653
229138,45652
213423,45652
40987,45651
158335,45651
219348,45651
8004,45651
154980,45650
243767,45650
43807,45649
10683,45649
223254,45649
278465,45647
183243,45647
200490,45647
122557,45646
288820,45646
160566,45646
231813,45644
207800,45644
5242,45644
191452,45644
2499,45643
217402,45643
264353,45643
138213,45642
231327,45642
272971,45642
125139,45641
8374,45641
220655,45641
139684,45640
218788,45640
41423,45639
192873,45639
251210,45639
269607,45638
121948,45636
156099,45636
168731,45635
279325,45635
95939,45634
238788,45634
272037,45634
244696,45633
224585,45633
158006,45633
15690,45632
69870,45632
8190,45632
181948,45632
175736,45631
223625,45631
42322,45630
40037,45630
278608,45629
262401,45629
45858,45629
266357,45628
159643,45627
49530,45625
186322,45625
218967,45625
269413,45624
268124,45623
68295,45623
86199,45622
745,45622
240231,45622
251779,45621
78528,45621
194761,45621
209429,45621
233650,45621
211966,45621
173761,45620
285581,45620
53744,45619
106980,45619
15367,45619
145470,45618
152900,45618
197450,45616
289273,45616
32382,45616
30366,45616
148248,45615
28840,45615
933,45614
239245,45614
150974,45614
155860,45613
81813,45613
185917,45613
271757,45613
131672,45611
34952,45610
102608,45610
217543,45608
14567,45608
239537,45608
268400,45608
150774,45607
207444,45607
272201,45607
37337,45607
287317,45606
113887,45606
92793,45606
211498,45605
290789,45605
158532,45605
38874,45604
262011,45604
230959,45603
255105,45603
69139,45602
195434,45602
205935,45602
121299,45602
11338,45601
13573,45601
11440,45601
130009,45601
119583,45600
24283,45600
102666,45600
118306,45600
153915,45599
16735,45599
183275,45599
293162,45599
16,45599
51549,45599
41085,45598
258653,45598
30617,45598
3422,45598
184552,45598
30016,45597
61242,45597
206675,45596
85153,45596
211614,45596
35803,45595
81232,45595
119976,45595
275940,45595
232813,45594
114478,45593
256139,45593
272318,45593
48201,45593
85576,45593
148247,45592
281522,45592
206066,45592
120244,45592
271926,45592
213373,45592
61521,45591
1264,45591
137894,45591
154905,45591
53558,45590
226306,45590
112949,45588
185648,45586
289613,45585
161850,45585
223616,45585
49856,45585
71568,45584
15462,45584
177148,45584
129001,45584
262531,45583
268447,45583
164405,45582
277896,45582
212565,45582
259245,45582
249539,45581
232020,45581
92844,45581
80835,45581
44928,45581
127771,45580
210538,45580
142089,45580
152882,45579
191803,45579
165040,45578
197538,45578
80383,45578
162424,45578
281592,45578
41678,45577
155744,45576
229415,45576
276277,45576
86272,45576
180992,45575
288835,45575
20396,45574
111383,45574
191455,45573
3221,45573
222447,45573
239138,45573
281312,45573
99941,45572
48697,45572
250222,45572
248924,45570
273938,45570
243336,45570
151295,45569
183409,45569
54229,45568
203045,45568
291868,45567
50092,45567
230225,45565
247341,45565
98451,45565
268780,45564
16842,45564
39879,45563
272477,45563
238399,45563
296019,45563
83278,45562
249041,45562
263162,45561
165147,45561
249831,45561
86137,45561
60452,45561
78200,45560
207926,45560
167452,45560
140635,45560
64189,45559
119075,45559
274333,45559
113727,45559
295486,45558
284906,45558
143456,45558
278625,45557
105539,45557
3342,45557
105529,45557
1327,45557
189665,45557
67570,45557
288798,45557
251914,45556
187886,45556
226191,45556
259638,45555
210116,45555
291890,45555
135300,45554
31629,45554
10968,45554
86052,45553
296327,45553
3061,45552
228191,45552
13858,45551
2252,45551
74078,45550
2953,45550
37729,45550
58693,45550
206368,45550
232432,45550
202852,45550
271124,45549
286601,45549
292231,45549
174260,45548
92046,45548
230371,45548
16953,45548
221920,45547
260707,45547
147728,45547
132651,45546
238366,45546
234314,45545
183922,45545
5549,45545
148593,45544
64681,45544
254351,45543
50562,45543
273568,45543
90742,45542
1039,45542
276679,45541
272368,45541
51361,45540
73156,45540
284351,45540
223457,45540
291139,45538
132043,45538
119768,45538
127851,45538
119677,45538
69637,45538
132986,45537
114326,45537
206632,45537
69259,45536
197493,45536
157469,45536
164234,45536
134234,45535
39759,45534
277921,45534
150296,45534
200116,45534
72248,45534
123335,45533
10044,45533
243090,45532
288568,45532
94762,45532
196442,45532
272449,45531
228999,45531
51698,45531
243262,45531
296052,45531
221693,45531
48657,45529
150063,45529
41860,45529
296298,45529
12746,45528
52402,45528
105939,45528
216766,45528
207714,45528
66696,45527
263499,45527
294973,45527
285289,45526
30961,45526
84053,45525
224190,45525
111652,45525
186294,45524
79590,45524
292810,45524
67380,45524
105654,45523
100036,45523
205,45523
242001,45522
200722,45522
138403,45522
287710,45522
117636,45521
75504,45521
68858,45521
195927,45520
218632,45520
8765,45519
252652,45518
247592,45518
202972,45517
236546,45517
158102,45516
115946,45516
292324,45516
167625,45516
173573,45515
31685,45515
216397,45514
245946,45514
188234,45513
197667,45513
20236,45512
98591,45512
276035,45511
178799,45511
274560,45510
184537,45510
28405,45510
22723,45509
72148,45509
45765,45509
132290,45508
267706,45508
168472,45508
258431,45508
223767,45508
279323,45508
191257,45508
89998,45507
236724,45507
257324,45507
237004,45507
175191,45506
124963,45506
238169,45504
250197,45504
246396,45504
53935,45504
169479,45504
267,45503
47335,45503
122487,45503
43579,45502
144263,45502
203089,45502
99220,45502
261696,45501
238350,45501
7662,45500
171597,45500
149456,45500
26649,45500
50975,45499
23539,45499
53408,45498
113605,45498
69586,45498
226304,45498
269582,45498
233651,45497
188701,45496
50087,45495
289714,45495
215849,45495
7381,45494
163874,45494
253362,45493
188599,45492
259506,45492
296216,45492
207519,45491
284454,45491
5410,45491
228058,45491
19214,45490
287884,45490
262254,45489
25294,45489
136847,45489
294494,45488
252295,45488
36501,45488
59331,45488
253741,45487
50477,45487
183265,45487
277142,45487
187595,45487
269617,45487
99508,45486
295779,45486
161742,45486
220798,45486
192934,45486
19835,45485
56440,45484
278987,45484
247031,45484
144731,45484
30764,45484
3794,45484
4873,45484
157369,45483
182511,45483
191946,45483
35289,45482
18804,45482
247351,45482
273253,45481
58476,45481
7130,45481
152251,45481
144251,45480
91223,45480
225388,45480
32537,45480
294422,45479
166286,45479
288198,45479
228029,45479
253466,45479
262947,45479
274615,45478
265136,45478
245382,45478
248620,45477
258825,45477
106501,45477
37213,45477
39284,45476
89794,45476
147410,45476
39579,45475
140413,45475
48009,45475
253316,45474
133195,45474
276658,45474
150110,45474
61399,45473
234404,45473
80395,45472
257488,45472
166742,45472
273263,45471
183645,45471
193913,45471
228494,45471
215667,45471
210393,45471
1367,45471
155302,45470
116544,45469
160407,45469
118589,45469
13975,45469
4414,45468
69494,45468
152395,45468
118141,45467
140352,45467
157648,45466
273625,45466
29605,45466
295806,45466
288444,45466
127125,45466
197180,45465
36600,45465
127136,45465
114779,45465
291148,45464
223620,45464
46882,45463
222539,45463
274461,45463
124234,45462
37616,45461
28897,45461
177416,45461
230313,45460
218275,45460
57997,45460
276996,45460
284988,45460
182827,45459
238320,45458
77781,45458
32963,45458
235448,45458
18411,45457
264,45457
84784,45457
46164,45457
118207,45457
202625,45456
270151,45456
1741,45456
275342,45456
296565,45455
190226,45455
217655,45455
219522,45454
220684,45454
259035,45454
106639,45454
238091,45454
3808,45454
218427,45454
47273,45453
233703,45453
101219,45453
247088,45453
68638,45453
80290,45453
171710,45453
20124,45453
221926,45453
6769,45452
278697,45452
229800,45452
21786,45452
197962,45452
68593,45451
286404,45451
261649,45451
291015,45451
254710,45450
91389,45450
78740,45450
91276,45450
233399,45449
57133,45449
142526,45449
2604,45448
241621,45448
147664,45448
240274,45448
224350,45447
662,45446
186222,45446
4565,45446
254941,45446
152238,45446
103433,45446
196735,45446
461,45445
142461,45445
278288,45445
275792,45445
260355,45444
49578,45444
245751,45443
94338,45443
101361,45443
130698,45443
161119,45443
241534,45442
137723,45442
276399,45441
156615,45441
241657,45441
114228,45440
42544,45439
79956,45438
293627,45438
86916,45438
133030,45438
216842,45438
183724,45437
109873,45437
76088,45437
44938,45437
185511,45436
12744,45436
390,45436
251222,45435
74120,45435
57015,45435
271316,45435
141737,45434
223791,45434
268978,45433
49461,45433
2170,45433
16846,45432
250859,45432
185403,45432
123421,45432
232062,45432
123559,45431
279019,45431
25868,45431
92646,45431
15809,45430
260525,45430
5804,45430
53357,45430
223181,45429
157417,45429
155718,45429
236714,45428
243002,45427
37640,45427
112016,45427
67291,45427
221954,45426
53722,45426
106100,45425
3445,45425
257908,45425
189414,45424
92041,45424
94720,45424
266268,45424
145466,45423
188581,45422
230754,45422
16163,45421
224698,45420
146285,45420
268060,45420
152999,45420
21858,45420
185331,45419
188186,45419
265198,45419
69084,45419
166335,45419
244673,45419
173260,45419
288477,45418
5531,45418
222590,45418
96242,45418
217322,45417
192595,45417
154707,45417
175251,45417
238902,45416
28559,45415
245995,45415
255331,45414
202010,45414
224282,45414
1425,45414
43383,45414
206357,45413
154739,45413
1951,45413
259590,45413
132854,45413
241790,45412
35527,45412
242732,45411
246924,45411
201974,45410
239855,45410
42489,45410
48490,45409
43640,45409
240814,45408
211415,45408
193422,45407
27187,45407
160508,45407
278004,45407
4044,45407
120511,45407
175216,45406
21574,45406
54776,45406
106382,45406
224492,45406
42949,45406
225463,45406
104496,45405
19375,45405
4190,45405
144225,45404
139634,45404
20842,45403
84512,45403
11282,45402
236169,45402
251894,45402
148829,45402
110511,45402
4413,45401
4878,45401
62779,45401
166269,45401
4513,45401
205361,45401
114152,45401
162877,45401
264311,45400
147910,45399
169736,45399
146815,45398
68142,45397
170740,45397
271364,45397
274676,45397
17218,45397
80092,45397
281179,45396
288694,45396
224466,45396
219730,45396
90636,45395
252554,45395
22945,45393
227846,45393
179405,45393
247232,45393
152756,45392
45020,45392
288029,45392
163437,45392
110285,45392
153511,45391
2540,45391
218416,45391
196857,45391
289033,45390
126643,45390
102509,45390
163753,45390
261334,45389
8,45389
173716,45389
208375,45388
280761,45388
19246,45388
214906,45387
15671,45387
220040,45387
242251,45387
121204,45386
287220,45386
254853,45386
49869,45386
63417,45386
84655,45386
199717,45385
2691,45385
138678,45385
220569,45384
187713,45384
154199,45384
220714,45383
151610,45383
230285,45383
93721,45382
164851,45382
257034,45382
288837,45382
248213,45381
219349,45381
241677,45381
129166,45381
221684,45381
257634,45380
200062,45380
292296,45380
82431,45379
46646,45379
54818,45378
44017,45378
144992,45378
131676,45378
287462,45377
103997,45377
199077,45377
253575,45377
141431,45377
221998,45376
1180,45376
233632,45376
133352,45376
45051,45375
66401,45375
174133,45375
69388,45375
57256,45375
80124,45375
138371,45374
288920,45374
125563,45374
118533,45374
118760,45373
118348,45373
5408,45373
21237,45373
145076,45373
283327,45373
136981,45373
249774,45372
173733,45372
204659,45372
81481,45372
180265,45372
93751,45371
45624,45371
208336,45371
201580,45371
122866,45371
18671,45371
13021,45370
190247,45369
95623,45369
159202,45369
185961,45368
150829,45368
88509,45368
27518,45368
125110,45367
3981,45367
180404,45367
25913,45366
48000,45366
198254,45366
75742,45366
262046,45366
19759,45366
31900,45365
283663,45365
279168,45365
289556,45365
274131,45364
211143,45364
38056,45364
273845,45364
158755,45363
67673,45363
110973,45362
285373,45362
125099,45362
276727,45362
132039,45362
2090,45361
44194,45361
279251,45361
21015,45361
278136,45360
271309,45360
536,45360
167549,45360
103935,45360
9613,45360
209388,45359
250689,45359
38127,45359
230139,45359
266321,45358
219028,45358
80880,45358
46527,45358
177458,45358
197422,45358
121112,45357
286334,45357
210706,45357
215339,45356
63357,45356
39958,45356
178399,45356
53401,45355
93601,45355
152477,45355
289580,45354
240091,45354
275371,45354
290934,45354
95876,45354
292492,45354
207696,45352
218052,45352
15676,45352
212141,45352
238067,45352
86969,45352
232597,45351
230941,45351
10232,45351
20746,45351
228758,45350
139989,45349
233182,45348
189803,45348
241816,45347
285042,45347
288016,45346
38286,45346
220969,45346
121850,45346
113215,45346
72866,45346
102094,45346
49200,45345
265498,45345
201600,45345
228410,45345
196294,45343
140521,45343
91232,45343
233370,45343
279404,45342
216604,45342
88185,45342
98627,45342
202686,45341
89333,45341
283054,45341
159633,45341
193843,45341
154522,45341
200226,45341
207962,45341
64567,45340
153569,45340
65729,45340
184199,45340
170224,45340
24844,45340
173696,45339
294451,45339
244650,45339
6735,45339
178538,45338
108296,45338
113598,45338
92817,45338
20683,45337
44825,45337
113218,45337
284651,45337
77613,45336
265415,45336
156342,45336
193407,45334
103720,45334
61361,45334
86741,45334
7015,45334
122649,45333
230191,45333
5842,45333
697,45332
278644,45332
159052,45332
57305,45331
198341,45330
237821,45330
289080,45330
211435,45329
251145,45329
35392,45329
117146,45329
208753,45328
101263,45328
7831,45328
280979,45328
292343,45328
125021,45327
266222,45326
150633,45326
13772,45326
293371,45326
275011,45326
179967,45325
169998,45325
68931,45325
193016,45324
260644,45324
17,45323
296129,45323
234329,45323
144210,45323
192511,45323
263355,45322
271334,45322
283346,45322
274525,45322
170778,45322
129837,45322
119387,45322
296453,45321
188589,45321
262398,45321
38305,45321
279939,45321
11119,45321
4406,45320
195640,45320
255801,45320
186961,45320
236360,45320
267421,45320
227809,45320
92130,45319
202989,45319
278915,45319
82477,45318
274809,45318
233643,45318
9245,45317
178380,45317
34459,45317
177160,45317
20071,45316
270273,45316
280050,45316
134477,45316
277682,45316
296237,45315
294120,45315
120679,45315
56503,45315
286955,45315
169290,45315
203229,45315
159307,45315
290631,45314
182368,45314
104372,45314
20725,45314
80216,45313
249994,45313
243227,45313
6584,45312
209498,45312
642,45312
197549,45312
229,45312
157125,45311
153303,45311
172829,45310
1449,45310
272733,45310
59261,45310
217134,45309
204243,45309
144876,45309
199044,45308
51324,45308
260819,45308
226809,45308
41837,45308
181442,45308
71480,45308
70075,45308
26035,45308
122407,45307
243788,45307
285224,45307
180319,45307
240374,45306
231845,45306
200151,45306
130430,45306
99913,45305
45322,45305
14604,45305
120952,45305
2425,45305
159493,45304
189304,45304
216470,45304
172321,45304
139341,45304
10766,45304
245293,45304
16159,45304
232618,45303
18,45303
272781,45303
290288,45303
214633,45303
209681,45303
69921,45303
21200,45302
135084,45302
195241,45302
126736,45302
7757,45301
172159,45301
256807,45301
269282,45301
152895,45301
304,45301
250086,45300
49559,45300
290056,45300
81530,45300
141873,45300
210152,45300
135155,45300
129402,45299
103220,45299
208929,45299
295363,45299
122589,45299
252158,45299
18758,45299
133274,45298
46361,45298
251843,45298
281013,45297
159365,45297
67655,45297
91728,45297
165122,45296
272855,45296
160582,45296
169047,45296
284972,45296
241492,45296
80936,45296
221574,45296
144261,45295
3394,45295
12162,45295
276114,45294
213201,45294
178977,45294
203684,45294
681,45294
236439,45293
147762,45292
289405,45292
8752,45292
2882,45291
273543,45291
286414,45291
12717,45291
7951,45291
27067,45290
206914,45290
231687,45290
20306,45290
168641,45290
157501,45290
150014,45290
145088,45290
193760,45290
72839,45290
165273,45289
283862,45289
237477,45289
243851,45289
114088,45288
192339,45288
223890,45288
203269,45288
206562,45288
251995,45287
176138,45286
164727,45286
208741,45286
231249,45286
17302,45286
59070,45286
260824,45285
208692,45285
274247,45284
12564,45284
42854,45284
216859,45284
87031,45284
129717,45284
181528,45284
226422,45283
189683,45283
222378,45283
211254,45283
81297,45283
171007,45283
147312,45283
130815,45282
165798,45282
7914,45282
160997,45282
150440,45282
281857,45282
30753,45282
281868,45282
191898,45282
30078,45281
95123,45281
282981,45281
290025,45280
181377,45280
191178,45280
242295,45280
133907,45280
200625,45280
282021,45280
70139,45280
182041,45280
117489,45279
163228,45279
47323,45279
208501,45279
107555,45278
223367,45278
159824,45278
226647,45278
93129,45278
249386,45277
34903,45277
294522,45277
254789,45277
193741,45277
129395,45277
247168,45276
272992,45276
282239,45276
102989,45276
293771,45276
287940,45276
49874,45276
179268,45276
169854,45276
282693,45275
34342,45275
187290,45275
138149,45275
226055,45275
121698,45275
34935,45275
235844,45274
264056,45274
53209,45274
183370,45274
151890,45274
92518,45273
231613,45273
206870,45273
187674,45273
215757,45273
220316,45273
224308,45273
226239,45273
250847,45272
202653,45272
242136,45271
204087,45271
194531,45271
162106,45271
69043,45271
198423,45271
255770,45271
276317,45271
96761,45271
64457,45271
47527,45270
287798,45270
45924,45270
73431,45270
44542,45270
174523,45270
229966,45270
183425,45270
167312,45270
42444,45269
291111,45269
219929,45269
273885,45269
171781,45269
50858,45268
134142,45268
148381,45268
56765,45267
30942,45267
257017,45267
266132,45267
279247,45267
259566,45267
164035,45267
162230,45267
201013,45266
281368,45266
209301,45266
207069,45266
236734,45265
215701,45265
52432,45265
146421,45265
255771,45265
170483,45264
153141,45264
148760,45264
285821,45264
160047,45264
10227,45264
92085,45263
62272,45263
247688,45263
295524,45263
291711,45262
234135,45262
270647,45262
11501,45262
288705,45261
259321,45261
64495,45261
250283,45261
216576,45261
160332,45261
232480,45260
167120,45260
74973,45259
204220,45259
178649,45259
26548,45259
268692,45259
118001,45259
153441,45259
240314,45258
227222,45258
260926,45258
89936,45257
56347,45257
214430,45257
266176,45257
46687,45257
197195,45256
159490,45256
6117,45256
242152,45256
104063,45256
177755,45256
7508,45256
287573,45255
86451,45255
135019,45255
132235,45255
213996,45255
223388,45255
177167,45255
173371,45255
228816,45254
184098,45254
162494,45254
156568,45254
276534,45254
261237,45254
185108,45254
183648,45254
148645,45253
296487,45253
286337,45253
267117,45253
38856,45253
260712,45253
223214,45253
26855,45253
215035,45253
150226,45252
199513,45252
104835,45251
40961,45251
294804,45251
187439,45251
196677,45251
286771,45251
264539,45250
9331,45250
21243,45250
272605,45250
91926,45250
215708,45250
207133,45250
19809,45250
253137,45250
268133,45249
287751,45249
247163,45249
219164,45249
47454,45249
264955,45248
225481,45248
35225,45248
259230,45248
138840,45247
134708,45247
170526,45247
139553,45247
157575,45247
265466,45247
139919,45247
205287,45247
155264,45247
3381,45247
258091,45247
257607,45246
292637,45246
93923,45246
176518,45246
76585,45246
290793,45246
99494,45246
244356,45245
276857,45245
11631,45245
192572,45245
147793,45245
49601,45245
184170,45245
261927,45245
256361,45245
217424,45245
161218,45245
38568,45245
152705,45244
293880,45244
247007,45244
56369,45244
230447,45244
216958,45243
41946,45243
135037,45243
296223,45243
59115,45243
27716,45241
265790,45240
28934,45240
20062,45240
194420,45240
33600,45240
81733,45240
167946,45240
91311,45240
258267,45239
231465,45239
112437,45239
218111,45239
126140,45238
208877,45238
206873,45238
168868,45238
102758,45238
94246,45237
146875,45237
18205,45237
88174,45236
196055,45236
75032,45236
83057,45235
121970,45235
272484,45235
148462,45234
247487,45234
64524,45234
214858,45234
207129,45234
245004,45234
177506,45233
280673,45233
287650,45233
145613,45233
229014,45233
179057,45233
277987,45233
91472,45233
145222,45233
24230,45233
238603,45233
144005,45233
42841,45233
221516,45233
54286,45232
36271,45232
281125,45232
12037,45232
257099,45231
211006,45231
196747,45231
277203,45231
28078,45230
236529,45230
5088,45230
11003,45230
229031,45230
129128,45230
219540,45229
52038,45229
7382,45229
209317,45229
284176,45229
49234,45229
212995,45229
281429,45229
215078,45229
249746,45229
64463,45229
173094,45229
136652,45228
248512,45228
124996,45228
12050,45228
2181,45228
197228,45227
187496,45227
254214,45227
5576,45227
227575,45226
246576,45226
211186,45226
83798,45226
81467,45226
266810,45225
49687,45225
31711,45225
273100,45225
250966,45225
202406,45225
19184,45225
17963,45224
139517,45224
221645,45224
217908,45224
239776,45224
74480,45224
237523,45223
218549,45223
263724,45223
210178,45223
191052,45223
157439,45223
221018,45223
296172,45222
15399,45222
262374,45222
202090,45222
40083,45222
19935,45222
20556,45222
55739,45222
2130,45222
264368,45222
185920,45222
289783,45222
71763,45222
157015,45221
212418,45221
261393,45221
188019,45221
136787,45221
270366,45221
261278,45221
213913,45221
276520,45220
24671,45220
229900,45220
18172,45220
291859,45220
113892,45220
24123,45220
9242,45220
229716,45220
113567,45220
2284,45220
245603,45219
63849,45219
269845,45219
34740,45219
11637,45219
210690,45219
227513,45219
294249,45218
288785,45218
27814,45218
47671,45218
295504,45217
284857,45217
281043,45217
194174,45217
41391,45217
3010,45217
237732,45217
255593,45216
170347,45216
36341,45216
7920,45216
209550,45216
115924,45216
292037,45215
47430,45215
51865,45215
212027,45215
282208,45215
153833,45215
119519,45215
244967,45215
187614,45215
219228,45215
273315,45214
58724,45214
138716,45214
223487,45214
147868,45214
60441,45214
148007,45213
228247,45213
156566,45213
269987,45212
74656,45212
20245,45212
127811,45212
89762,45212
152845,45212
92280,45211
116446,45211
254315,45211
127695,45211
57353,45211
254643,45210
120455,45210
141837,45210
281586,45209
31020,45209
156966,45209
3790,45209
103193,45209
20795,45209
284769,45209
277790,45208
49649,45208
177581,45208
62538,45207
89392,45207
245738,45207
12167,45207
225228,45207
257632,45207
227477,45207
75770,45207
152448,45207
172425,45207
89706,45207
172137,45206
200834,45206
52077,45206
203945,45206
270219,45206
85665,45206
203810,45205
192506,45205
188311,45204
162038,45204
245316,45204
282699,45204
193948,45204
10691,45203
129331,45203
224590,45203
205057,45203
212276,45203
142606,45203
209468,45203
173810,45203
27114,45203
231482,45202
219312,45202
64916,45202
133411,45202
216982,45202
251743,45202
218217,45202
61320,45201
255988,45201
154924,45201
127910,45200
252827,45200
239118,45200
208157,45200
135919,45200
14779,45200
154530,45199
196044,45199
152,45199
219640,45199
45835,45199
222855,45198
9733,45198
254541,45198
119527,45198
284018,45198
119019,45198
92349,45197
1181,45197
114085,45197
231983,45197
164296,45197
261614,45196
294474,45196
19273,45196
84647,45196
13094,45196
178558,45196
257448,45196
184369,45196
275305,45196
196821,45195
241115,45195
295621,45195
34199,45195
159391,45195
12675,45195
50932,45195
91100,45195
196873,45195
257966,45195
13387,45195
80548,45195
273053,45195
148778,45194
66535,45194
291378,45194
59583,45194
251099,45194
177095,45194
70672,45193
234465,45193
19396,45193
14968,45193
250100,45193
20471,45193
122614,45193
135809,45192
28005,45192
18386,45192
186339,45192
20643,45192
42903,45191
117196,45191
249427,45191
19570,45191
190737,45191
286076,45191
137249,45191
228774,45191
262264,45190
271883,45190
263553,45190
85915,45190
941,45190
12885,45190
92842,45189
237824,45189
244265,45189
159571,45188
31097,45188
233614,45188
137869,45188
222053,45188
206926,45188
84408,45188
284817,45188
69107,45188
211457,45188
35107,45188
146345,45187
239967,45187
22279,45187
138065,45187
30445,45187
74958,45186
118399,45186
252635,45186
177651,45186
221176,45186
4300,45186
253384,45186
243170,45185
235101,45185
82033,45184
166329,45184
231580,45183
122411,45183
1845,45183
252736,45183
214608,45182
6272,45182
275733,45182
135086,45182
126596,45182
224948,45182
113453,45182
269755,45182
165468,45182
174076,45181
227398,45181
58924,45181
49361,45181
238010,45181
169447,45180
118635,45180
252493,45180
293684,45180
47727,45180
259844,45179
62461,45179
224951,45179
277029,45179
258973,45178
201999,45178
280363,45178
236670,45178
141263,45178
144239,45178
227999,45178
82909,45178
190013,45177
89137,45177
199519,45177
155344,45177
108760,45176
121993,45176
181799,45176
152473,45176
260169,45176
80744,45176
234401,45176
80630,45175
271239,45175
164,45175
248874,45174
28790,45174
257296,45174
19567,45174
225550,45174
82014,45174
110348,45174
76322,45173
209184,45173
53701,45173
163263,45173
298,45173
201331,45172
211789,45172
205014,45172
279338,45172
260342,45172
107237,45172
152541,45172
211084,45171
242970,45171
36426,45171
209199,45171
120824,45171
27712,45171
59832,45171
254168,45171
269007,45170
98665,45170
219514,45170
32919,45170
198578,45170
78343,45170
47693,45170
295703,45170
95966,45170
179175,45170
173511,45170
256442,45170
99106,45170
244532,45170
1156,45169
290918,45169
239788,45169
295295,45169
34089,45169
121180,45169
210701,45169
286420,45169
254808,45169
276366,45169
230020,45169
107094,45168
221726,45168
190211,45168
25006,45168
14983,45168
265530,45168
20116,45168
132939,45168
205419,45168
207882,45167
136413,45167
99709,45167
219571,45167
273326,45167
112381,45166
7640,45166
295480,45166
29163,45166
229976,45166
278780,45165
93018,45165
154807,45165
242660,45165
26065,45165
5737,45165
134107,45165
359,45165
247101,45165
279082,45164
290602,45164
185471,45164
180801,45164
260412,45164
34206,45164
9440,45164
244438,45163
199072,45163
28409,45163
291290,45163
281407,45163
289456,45162
238340,45162
214301,45162
54282,45162
746,45161
160023,45161
167561,45161
232507,45161
61223,45161
133752,45161
214016,45160
214169,45160
181466,45160
15225,45160
264033,45160
105159,45160
109122,45159
14268,45159
3644,45159
226673,45159
69070,45158
12871,45158
38214,45158
279559,45158
113770,45158
215294,45158
270615,45158
43960,45157
243448,45157
169901,45157
249562,45157
241182,45157
256588,45157
244651,45157
208578,45157
88648,45157
169976,45157
232977,45156
131915,45156
23916,45156
116887,45156
119710,45156
102393,45156
89164,45156
160507,45156
231076,45156
747,45155
110197,45155
289292,45155
5080,45155
242370,45155
45682,45155
147752,45155
115022,45154
128820,45154
182894,45154
159418,45154
140632,45154
106486,45153
88294,45153
173,45153
200028,45153
80695,45153
173092,45153
228360,45153
244243,45153
108082,45153
30602,45152
267780,45152
59913,45152
220156,45152
13622,45152
75465,45152
56316,45152
188312,45152
151949,45151
47731,45151
259593,45151
143878,45151
278406,45151
10363,45151
182123,45151
174387,45150
98635,45150
287326,45150
206018,45150
52934,45150
155319,45150
787,45150
2135,45150
185964,45149
222200,45149
225137,45149
189181,45149
24563,45149
53653,45148
9072,45148
132962,45148
240656,45148
14085,45148
12931,45148
166993,45148
63233,45147
129349,45147
147740,45147
288725,45147
95420,45147
240062,45147
213020,45146
129183,45146
139093,45146
203505,45146
85523,45146
237253,45146
251146,45145
240152,45145
173015,45145
264581,45145
271982,45145
43339,45144
3599,45144
146126,45144
141444,45144
85115,45143
241009,45143
215675,45143
1323,45143
291936,45143
163303,45143
65472,45143
244195,45143
242342,45142
264452,45142
169483,45142
153872,45142
222194,45142
56633,45142
252387,45142
232536,45142
140100,45142
43750,45141
181935,45141
205110,45141
294116,45141
288150,45141
76609,45141
3679,45141
211720,45140
96880,45140
5389,45140
86003,45140
238537,45140
128128,45140
159037,45140
217721,45140
229259,45140
288621,45139
78915,45139
85303,45139
269688,45139
269685,45139
119700,45139
208496,45139
286711,45139
169211,45138
103264,45138
134449,45138
237424,45138
92270,45138
251228,45138
277183,45138
252726,45138
183637,45137
34142,45137
140551,45137
209780,45137
220347,45137
159107,45137
193598,45136
266135,45135
22461,45135
144974,45135
167843,45135
171462,45135
155965,45135
180646,45135
273224,45135
159217,45134
226149,45134
195195,45134
5068,45134
256819,45134
149069,45134
3091,45134
266181,45133
117846,45133
56548,45133
203494,45133
274497,45133
210846,45133
197395,45133
281111,45133
258547,45132
248021,45132
142661,45132
199420,45132
140255,45132
293831,45132
275574,45132
281611,45132
254587,45132
143594,45132
17472,45131
46018,45131
47349,45131
252809,45131
228165,45131
46847,45131
26812,45130
2349,45130
168416,45130
264518,45130
1932,45130
290010,45130
253353,45130
245778,45130
257417,45129
264103,45129
277069,45129
6058,45129
263700,45129
160634,45129
287446,45129
220550,45129
47458,45129
195423,45129
199237,45128
164961,45128
289357,45128
137592,45128
102043,45128
177120,45128
244261,45128
235342,45128
148364,45128
65,45128
141313,45128
217795,45128
26135,45128
35020,45128
288295,45127
279583,45127
71409,45127
189563,45127
2910,45127
234473,45127
36246,45127
69843,45127
245223,45126
51737,45126
130837,45126
261318,45126
47648,45126
194476,45126
128933,45126
89972,45126
30529,45125
194861,45125
8750,45124
159403,45124
12534,45124
103009,45124
242114,45124
280490,45124
116263,45124
185712,45123
184208,45122
36866,45122
86082,45122
253620,45122
109498,45122
205976,45122
244352,45122
160138,45122
34103,45121
104741,45121
56113,45121
10052,45121
153754,45121
57162,45121
206087,45121
52324,45120
107009,45120
206058,45120
18658,45120
188316,45120
212908,45120
246,45119
209623,45119
206437,45118
185805,45118
159722,45118
110064,45118
152384,45118
120712,45118
228849,45118
237524,45118
260471,45117
56833,45117
194297,45117
201684,45117
268919,45117
48328,45117
200022,45117
40706,45116
30568,45116
285193,45116
240206,45116
186697,45116
41852,45116
185963,45116
167224,45115
294649,45115
294174,45115
287964,45115
56898,45115
204968,45115
279859,45114
4388,45114
180579,45114
2282,45114
197407,45114
216737,45114
277889,45113
204597,45113
72471,45113
127960,45113
63096,45113
70552,45113
290169,45113
76836,45112
235784,45112
74400,45112
112185,45112
109996,45112
5758,45112
230579,45112
110818,45112
156199,45112
226474,45111
157741,45111
201049,45111
127346,45111
70412,45110
85306,45110
14451,45109
226449,45109
67395,45109
200488,45109
11550,45109
215697,45109
126363,45109
271785,45108
69668,45108
274377,45108
202494,45108
149958,45108
272679,45108
37963,45108
207690,45107
279007,45107
192881,45107
285391,45107
151997,45107
161266,45107
230570,45107
200717,45107
151541,45106
51518,45106
172311,45106
269230,45106
84282,45106
173840,45106
240097,45106
72452,45106
269652,45106
178618,45106
203226,45105
68366,45105
225230,45105
29965,45105
115818,45105
294421,45105
38136,45105
137639,45105
75928,45105
84306,45105
29591,45105
127323,45104
61838,45104
225820,45104
64263,45104
115203,45104
189567,45104
627,45104
156824,45103
443,45103
274102,45103
261426,45103
108139,45103
233419,45103
128151,45103
98081,45103
115894,45102
185928,45102
185916,45102
95454,45102
86945,45102
282396,45102
116980,45102
53286,45101
53381,45101
258111,45101
285845,45101
288757,45101
3721,45101
73478,45100
223285,45100
286931,45100
231342,45100
143417,45100
244920,45100
1960,45100
12280,45100
50699,45100
118547,45099
66514,45099
140052,45099
198289,45099
280356,45098
283797,45098
290264,45098
120210,45098
2238,45098
292489,45098
116628,45098
31782,45098
94317,45097
288306,45097
209025,45097
125094,45097
35501,45097
280856,45097
190653,45096
288098,45096
82499,45096
280529,45096
41931,45096
196771,45095
69805,45095
25368,45095
175430,45095
43221,45095
50862,45095
211822,45095
37229,45094
51397,45094
4148,45094
242167,45094
205636,45094
37024,45094
70460,45094
200249,45093
232100,45093
258177,45093
167298,45093
53219,45093
114238,45093
35375,45092
240627,45092
124513,45092
295595,45092
173379,45092
142127,45092
127658,45092
175096,45092
101065,45091
217179,45091
295219,45091
104865,45091
59096,45091
68005,45090
97653,45090
270596,45090
224497,45090
122656,45089
21719,45089
207737,45089
243219,45089
204411,45089
32531,45089
233233,45089
144463,45089
235323,45088
118806,45088
190491,45088
53135,45088
120809,45088
247092,45088
266635,45088
163292,45088
6883,45087
119955,45087
17702,45087
240457,45087
47972,45087
519,45086
191522,45086
100762,45086
179036,45086
3447,45086
208907,45086
92674,45085
269457,45085
99438,45085
178286,45085
161203,45085
239928,45085
200598,45085
157073,45085
284047,45085
104569,45084
2115,45084
254825,45084
999,45083
292426,45083
153821,45083
14755,45083
152149,45083
257101,45083
188141,45083
253914,45082
267899,45082
9541,45082
184282,45082
141067,45082
169230,45082
58410,45081
135827,45081
187198,45081
248781,45081
267869,45081
6180,45081
184730,45081
98838,45081
13211,45081
265280,45080
251984,45080
169236,45080
196146,45080
233834,45080
221173,45080
291668,45080
207561,45080
293960,45079
562,45079
156678,45079
253348,45079
236898,45079
222092,45079
189324,45079
217156,45079
226120,45079
294169,45078
209216,45078
290468,45078
195432,45078
112210,45078
232950,45078
197650,45078
237516,45078
268767,45078
147825,45077
223112,45077
3347,45077
194118,45077
268677,45077
40082,45077
234156,45077
28311,45077
55425,45077
105842,45077
166407,45076
255624,45076
56048,45076
264291,45076
296506,45075
246833,45075
217934,45075
250265,45075
67889,45075
21491,45075
10848,45074
264199,45074
281275,45074
280863,45074
249079,45074
200633,45074
51362,45074
227980,45074
278301,45073
87961,45073
263769,45073
46263,45073
249356,45073
14350,45073
64339,45073
203808,45073
269695,45072
146076,45072
129209,45072
10384,45072
48163,45072
271489,45072
193127,45072
211081,45072
284009,45072
283937,45071
253548,45071
72134,45071
109120,45071
96003,45071
172147,45071
261704,45071
182262,45071
135307,45071
157505,45071
240761,45071
81562,45071
286749,45070
260368,45070
93053,45070
260742,45070
162518,45070
196966,45070
216159,45070
149041,45069
175989,45069
54310,45068
11312,45068
286282,45068
274175,45068
261535,45068
89148,45068
20214,45068
31657,45067
83281,45067
31108,45067
106026,45067
53345,45067
155754,45067
198602,45067
233411,45066
206051,45066
277339,45066
269104,45066
239771,45066
196170,45066
147765,45066
242322,45066
246226,45066
43135,45066
212113,45066
238248,45066
291617,45065
212692,45065
91004,45065
137437,45065
93879,45064
41543,45064
9000,45064
102538,45064
112337,45064
106041,45064
272157,45064
173829,45063
70143,45063
123086,45063
56914,45063
76475,45063
218743,45063
196478,45063
102705,45062
194870,45062
282800,45062
272380,45062
265481,45062
133832,45062
185650,45061
241076,45061
286689,45061
144794,45061
117785,45061
61168,45061
123057,45061
114404,45061
16547,45061
230085,45060
238286,45060
61796,45060
141957,45060
279976,45060
139435,45060
103795,45060
1690,45060
30283,45060
225272,45059
91928,45059
290466,45059
293070,45059
6102,45059
220145,45058
11224,45058
67698,45058
112595,45058
223959,45058
257562,45058
199688,45058
202983,45057
14379,45057
85911,45057
95723,45057
243396,45057
25329,45057
197490,45056
204078,45056
35570,45056
44844,45055
288909,45055
236662,45055
166321,45055
231837,45055
165054,45055
20786,45055
796,45054
78125,45054
7081,45054
44377,45054
1911,45054
4663,45054
187360,45054
8042,45054
201814,45054
208654,45054
160110,45053
140325,45053
148089,45053
79289,45053
14057,45053
59639,45053
272651,45053
10473,45053
89111,45053
278447,45053
286535,45052
263799,45052
170011,45052
76504,45052
258224,45052
154308,45052
241981,45052
240938,45052
44384,45051
133608,45051
214123,45051
198354,45051
57693,45050
130887,45050
261313,45050
76049,45050
251540,45050
29314,45050
99635,45049
243346,45049
69893,45049
96327,45048
258202,45048
148856,45048
278336,45048
209142,45048
285212,45048
266673,45047
251015,45047
35468,45047
270330,45047
227466,45047
17678,45047
39589,45047
140857,45047
7027,45046
186808,45046
115668,45046
63528,45045
63425,45045
82917,45045
171571,45045
80954,45045
11843,45045
122895,45045
89181,45045
56989,45045
216836,45045
284780,45044
2236,45044
23111,45044
110954,45044
78793,45044
236421,45044
186562,45044
92698,45043
218301,45043
214293,45043
290255,45043
104271,45043
39157,45043
119933,45043
200608,45043
149200,45043
166442,45042
262691,45042
143126,45042
65527,45042
167858,45042
252973,45042
86943,45042
295329,45042
125256,45042
138577,45042
236019,45042
181140,45042
256052,45042
1294,45042
168156,45042
236228,45042
37716,45041
220155,45041
197357,45041
268231,45041
56165,45041
221300,45041
95230,45041
216018,45041
13017,45041
90648,45041
252837,45040
177947,45040
6432,45040
291982,45040
215576,45040
19313,45040
152463,45040
166753,45040
277902,45039
25755,45039
191131,45039
201191,45039
23849,45039
291287,45039
136128,45039
3629,45039
127024,45039
54711,45039
84097,45038
1356,45038
91867,45038
11954,45038
321,45038
240175,45038
142169,45038
225783,45038
281219,45038
241820,45038
262591,45037
78090,45037
82675,45037
199803,45037
188624,45037
237149,45037
249347,45036
179520,45036
173359,45036
210207,45036
55317,45036
234710,45036
193360,45036
88862,45036
257724,45035
154635,45035
90975,45035
105330,45035
155640,45035
177159,45034
62408,45034
204251,45034
277795,45034
204536,45034
66930,45034
221841,45033
101056,45033
155966,45033
291654,45033
30324,45033
89893,45033
221542,45033
208631,45033
258210,45033
185224,45033
47783,45032
65181,45032
58854,45032
176049,45032
212760,45032
45110,45032
237452,45032
28627,45032
110467,45032
39510,45032
230223,45032
65261,45032
125283,45032
16387,45031
130532,45031
295013,45030
111375,45030
241325,45030
114487,45030
288848,45029
122995,45029
170235,45029
116776,45029
10318,45029
230183,45029
248510,45029
220399,45029
90793,45028
120750,45028
188391,45028
155122,45028
191916,45028
151981,45028
224987,45028
226416,45027
177311,45027
201251,45027
31035,45027
233030,45027
291039,45027
288745,45027
8600,45027
245490,45027
81358,45027
198508,45027
204838,45027
258585,45026
119811,45026
281046,45026
205183,45026
193655,45026
187872,45026
292555,45026
67086,45026
116804,45026
260826,45026
279730,45025
187271,45025
184742,45025
168512,45025
260582,45025
133304,45025
256473,45025
15032,45025
91006,45025
133310,45025
10514,45025
171403,45024
240439,45024
19981,45024
235700,45024
210443,45024
192584,45024
236610,45024
277629,45023
110596,45023
216300,45023
1569,45023
272649,45023
65350,45023
54500,45023
272974,45023
123967,45023
257704,45022
171646,45022
62329,45022
248464,45022
55794,45022
93587,45022
23193,45022
248470,45021
114482,45021
68521,45021
136621,45021
162042,45021
59034,45021
159705,45021
273808,45021
273311,45021
84173,45021
226162,45021
157142,45020
83350,45020
226859,45020
218887,45020
271790,45020
122592,45020
42021,45020
182871,45019
73022,45019
227548,45019
264249,45019
120318,45019
26654,45019
259120,45019
213190,45019
64319,45019
150643,45018
258038,45018
239614,45018
6846,45018
270813,45018
169412,45018
221897,45017
261946,45017
221216,45017
159593,45017
48757,45017
64350,45017
241347,45017
239875,45017
7085,45016
26711,45016
221114,45016
265737,45016
55656,45016
152293,45016
95347,45016
128026,45016
212850,45016
223239,45016
247641,45016
84434,45015
145937,45015
11215,45015
247583,45015
122820,45015
172709,45015
222395,45014
272419,45014
276694,45014
254114,45014
263830,45014
185055,45014
70201,45014
88471,45014
163435,45014
233796,45014
234821,45013
65695,45013
191635,45013
213509,45013
58948,45013
98473,45013
245604,45013
36169,45013
174343,45013
293155,45013
24982,45013
240546,45013
280127,45012
232172,45012
242525,45012
154127,45012
238516,45012
12671,45012
157095,45012
265825,45012
239306,45012
198601,45012
177007,45011
50779,45011
213291,45011
10830,45011
253577,45011
137475,45011
202078,45011
98692,45011
206485,45010
248117,45010
72222,45010
278744,45010
35344,45010
129011,45009
149775,45009
191746,45009
3009,45009
254857,45009
262857,45009
214404,45009
186867,45009
259735,45009
96010,45009
179959,45009
119572,45009
233439,45008
17882,45008
6465,45008
182899,45008
275002,45008
253344,45008
122932,45008
224372,45008
205303,45008
84905,45008
149588,45008
290964,45008
272993,45008
225768,45008
62740,45007
294876,45007
276792,45007
65997,45007
288394,45007
269650,45007
112534,45007
212967,45007
230450,45007
27396,45007
256092,45007
22799,45007
210546,45007
50702,45006
222343,45006
66478,45006
19452,45006
166187,45006
208,45006
81795,45006
216388,45006
24239,45006
27499,45005
65641,45005
95556,45005
199331,45005
124921,45005
138680,45005
97958,45005
156520,45005
139799,45005
82597,45005
148490,45005
139864,45004
146374,45004
17857,45004
216856,45004
276167,45004
201756,45004
224728,45004
47608,45003
66970,45003
162821,45003
148426,45003
74393,45003
190545,45003
274994,45003
223235,45002
188941,45002
181859,45002
5900,45002
260638,45002
162632,45002
188254,45001
229124,45001
270974,45001
153593,45001
198475,45001
75149,45001
141143,45001
135087,45001
48661,45001
146148,45001
238848,45001
184044,45000
32251,45000
64525,45000
114089,45000
242393,45000
214669,44999
136771,44999
64935,44999
109188,44999
263675,44999
41900,44999
121769,44999
180274,44999
46655,44999
279215,44999
294461,44998
185381,44998
190314,44998
249669,44998
284056,44998
50601,44998
8932,44998
38159,44998
34172,44997
277935,44997
236700,44997
189429,44997
91333,44997
94844,44997
44346,44997
14847,44997
81014,44996
205098,44996
49734,44996
49412,44996
237510,44996
105237,44996
2426,44996
178507,44996
39953,44996
184543,44996
192813,44996
145057,44995
27299,44995
87814,44995
263238,44995
139150,44995
237190,44995
286936,44995
155583,44994
153284,44994
124338,44994
286315,44994
41720,44994
107698,44994
194731,44994
6929,44994
256367,44993
16419,44993
173934,44993
196657,44993
114682,44993
10780,44993
289972,44993
155622,44993
4175,44993
498,44993
186969,44992
55873,44992
257462,44992
178290,44992
238227,44992
181685,44992
44220,44992
53329,44992
137614,44992
102007,44992
54952,44991
261481,44991
1899,44991
15129,44991
262226,44991
202899,44991
289813,44991
135398,44990
35282,44990
208187,44990
181207,44990
39057,44990
243150,44990
198208,44990
246996,44990
222190,44990
107147,44990
139876,44990
61979,44989
191722,44989
285493,44989
287185,44989
47826,44989
71209,44989
220924,44989
126467,44989
20564,44988
149440,44988
84554,44988
46826,44988
35555,44988
230766,44987
217699,44987
84150,44987
158113,44986
264026,44986
220413,44986
112138,44986
20840,44986
227507,44986
126005,44986
76242,44986
70388,44986
105315,44985
99214,44985
289737,44985
120812,44985
227609,44985
264383,44985
259702,44984
206270,44984
294875,44984
16696,44984
208055,44984
37393,44984
115029,44984
293380,44983
151208,44983
177772,44983
29864,44983
257253,44983
133422,44983
26161,44983
204687,44983
8610,44983
73558,44983
225932,44982
113483,44982
103619,44982
90330,44982
116681,44982
51476,44982
236906,44982
33585,44982
47591,44981
23103,44981
69300,44981
82538,44981
205102,44981
73083,44981
269918,44981
213537,44981
65594,44981
225693,44981
147930,44980
82571,44980
244525,44980
6319,44980
11297,44980
173124,44980
29002,44979
78507,44979
210417,44979
257733,44979
168939,44979
145298,44979
181414,44979
13931,44979
294279,44978
103745,44978
179232,44978
149451,44978
13189,44978
241802,44978
261058,44978
292532,44978
296041,44978
263211,44978
182345,44977
52760,44977
193085,44977
5418,44977
6898,44977
5183,44977
178576,44977
49502,44977
198585,44977
47660,44977
123672,44977
98132,44977
167677,44977
225762,44976
190,44976
147371,44976
189893,44976
156220,44976
283416,44975
248428,44975
9710,44975
43926,44975
86989,44975
163583,44975
9755,44974
5,44974
148454,44974
214334,44974
147506,44974
269,44974
45230,44974
129999,44974
255075,44973
218818,44973
287481,44973
39990,44973
115292,44973
174539,44973
95814,44973
260634,44973
257925,44973
36621,44972
134937,44972
250544,44972
31389,44972
156529,44972
29855,44972
185223,44972
1153,44971
115246,44971
202883,44971
16319,44971
86717,44971
211420,44971
186251,44971
21652,44971
184675,44971
172612,44971
178294,44971
201435,44971
6455,44971
37433,44971
3270,44971
46075,44971
54332,44971
233953,44970
87026,44970
269888,44970
132864,44970
214748,44970
135364,44970
212897,44970
20414,44970
244727,44970
156858,44970
197772,44970
39855,44969
85422,44969
231158,44969
85039,44969
81748,44969
147892,44969
93540,44969
129927,44969
207921,44969
214296,44968
21747,44968
143925,44968
259088,44968
281871,44968
196741,44967
235625,44967
137038,44967
287978,44967
147835,44967
123038,44967
291863,44967
84731,44966
32864,44966
216920,44966
170141,44966
136566,44966
110699,44966
211134,44966
85780,44966
283215,44966
265632,44966
275565,44966
292244,44966
217089,44966
137929,44966
24490,44966
273364,44966
183225,44966
9524,44966
238123,44966
68476,44965
118235,44965
243355,44965
242964,44965
250400,44965
16260,44965
180640,44965
177861,44965
178785,44965
238639,44965
47230,44965
236429,44964
193952,44964
202277,44964
47802,44964
37826,44963
116180,44963
174384,44963
177274,44963
222604,44963
234384,44963
17169,44963
181518,44963
35503,44963
159306,44963
252649,44963
247076,44963
228786,44963
214765,44963
279683,44962
56582,44962
170243,44962
290030,44962
66917,44962
259628,44962
36710,44962
154326,44962
182014,44962
197649,44962
24106,44962
258727,44962
284683,44962
279124,44961
217847,44961
52461,44961
64658,44961
12793,44961
281211,44961
253291,44961
22437,44961
281065,44961
142211,44961
196730,44961
5328,44961
212584,44960
294387,44960
48945,44960
39397,44960
116926,44960
200051,44960
210733,44960
84552,44960
218102,44960
60724,44960
285207,44960
206760,44959
282107,44959
261643,44959
10686,44959
75590,44959
26228,44959
274509,44959
231191,44959
232774,44959
72022,44958
60380,44958
90519,44958
266616,44958
231173,44958
123234,44958
135895,44958
294946,44958
159926,44958
52792,44957
158666,44957
172305,44957
184799,44957
173433,44957
13227,44957
20734,44957
164652,44957
63570,44956
11958,44956
70387,44956
249371,44956
148791,44956
215324,44956
220767,44956
213729,44955
155361,44955
153808,44955
252574,44955
295772,44955
291086,44955
252489,44955
262035,44955
202755,44955
75721,44955
257813,44954
50233,44954
246824,44954
291054,44954
177607,44954
5176,44954
175757,44954
314,44954
139735,44954
953,44954
240998,44954
235129,44954
123275,44954
293496,44954
282737,44954
288410,44953
23213,44953
188485,44953
89204,44953
19014,44953
294376,44953
21302,44953
140879,44953
285913,44952
61208,44952
162276,44952
237637,44952
116320,44952
99061,44952
198761,44952
68402,44951
178599,44951
68716,44951
194962,44951
205594,44951
38899,44951
249019,44951
250590,44951
134369,44951
266775,44951
121115,44951
148341,44951
257279,44951
196248,44951
216681,44950
235679,44950
70168,44950
262892,44950
231640,44950
284626,44950
162019,44950
90638,44950
196160,44950
49863,44950
85615,44950
186879,44949
24704,44949
10445,44949
81212,44949
211308,44949
39549,44949
268678,44949
163591,44949
269207,44949
290843,44948
46633,44948
230781,44948
99040,44948
125220,44948
263902,44948
255700,44948
176656,44948
255184,44948
180698,44948
271217,44947
70053,44947
254974,44947
186964,44947
249400,44947
78040,44947
8780,44947
167099,44947
273151,44947
20827,44947
282068,44947
286616,44947
225675,44947
91677,44947
166777,44947
204831,44946
151138,44946
12792,44946
143399,44946
196096,44946
77038,44946
219063,44945
110552,44945
212233,44945
246553,44945
154489,44945
62995,44945
65751,44945
167088,44945
1823,44945
7597,44944
167532,44944
286572,44944
18938,44944
91648,44944
273656,44944
164393,44944
9022,44944
5703,44944
152998,44944
709,44944
6380,44944
253392,44944
9515,44944
194415,44943
10425,44943
130585,44943
1441,44943
241980,44943
182534,44943
184555,44943
178413,44943
175292,44943
261528,44943
62990,44943
141306,44943
138109,44943
38150,44943
257282,44942
125879,44942
243337,44942
183212,44942
268195,44942
57633,44941
248398,44941
256185,44941
150872,44941
78252,44941
155414,44940
280476,44940
188867,44940
168312,44940
283107,44940
287879,44940
211597,44940
280176,44939
184969,44939
74631,44939
14730,44939
32280,44939
146462,44939
64962,44939
43796,44939
73003,44939
174057,44939
186452,44938
181303,44938
138234,44938
179136,44938
247473,44938
7877,44938
100671,44938
8436,44938
107328,44938
190872,44938
146637,44938
41164,44937
77397,44937
255045,44937
257759,44937
162524,44937
145691,44937
177790,44937
154273,44937
141401,44937
17601,44937
268778,44937
31974,44937
182049,44937
114536,44937
188202,44936
285504,44936
233722,44936
278833,44936
221367,44936
150052,44936
41083,44936
273377,44935
219060,44935
41615,44935
255268,44935
201909,44934
119051,44934
243804,44934
187991,44934
290045,44934
279013,44934
106254,44934
229497,44934
243917,44934
278034,44934
96520,44934
115890,44934
248261,44933
294589,44933
229483,44933
175683,44933
114407,44933
242390,44932
273712,44932
162087,44932
1793,44932
200359,44932
209660,44932
241208,44932
245491,44932
106455,44932
27496,44932
92713,44931
2038,44931
280372,44931
166878,44931
222171,44931
227098,44931
51940,44931
280776,44931
97669,44931
30609,44930
74763,44930
3504,44930
59339,44930
139005,44930
206029,44930
227,44930
135421,44930
44462,44930
274632,44930
185303,44930
149885,44929
285215,44929
249817,44929
