1239,100000
2379,52448
197,52280
1320,52247
9113,51835
7843,51777
1180,51710
771,51648
2746,51372
1725,51242
7678,51167
6626,51164
973,51063
7283,50982
834,50943
4197,50791
464,50756
4734,50755
9072,50751
138,50723
1682,50661
2271,50512
1687,50503
1287,50339
582,50330
2797,50330
14708,50094
512,50072
2522,49999
921,49940
879,49856
1510,49779
3204,49730
4360,49695
4558,49648
1304,49594
5243,49588
3203,49564
29142,49548
608,49534
286924,49507
730,49499
7796,49482
301,49465
4673,49411
9278,49411
1928,49389
413,49376
4487,49324
1,49266
41,49254
11475,49228
46188,49228
12132,49193
152311,49173
16719,49173
13160,49158
4318,49151
4731,49106
2660,49100
110162,49092
1000,49064
2120,49048
39183,49048
6614,49042
2356,49034
136,49016
1753,49002
8024,49000
184,48995
6955,48990
225008,48981
4389,48950
652,48937
1861,48930
642,48900
4657,48871
2321,48849
10837,48837
4202,48832
5683,48804
388,48794
140507,48731
17186,48725
675,48721
12532,48720
2269,48719
2976,48718
256243,48706
180482,48697
1306,48677
1308,48674
273829,48670
7418,48654
604,48651
5946,48631
244463,48619
46397,48613
1187,48601
2802,48597
100887,48591
248,48565
161,48564
32681,48564
359,48553
11431,48545
2212,48532
2721,48525
1110,48512
8518,48495
2450,48487
283343,48486
8731,48468
13550,48463
3871,48437
472,48434
74713,48427
4137,48418
5582,48405
1765,48397
6363,48385
169992,48380
6686,48346
17714,48332
3590,48314
1301,48302
5396,48300
57594,48297
5408,48277
279612,48273
2858,48258
2506,48238
57641,48218
5047,48189
15087,48156
32,48156
6665,48155
7703,48152
13312,48123
3422,48122
25123,48110
44270,48107
290552,48107
5895,48103
431,48089
223768,48066
270878,48060
270390,48060
156126,48055
27392,48054
2092,48037
64287,48022
221800,48019
35371,48017
11420,48005
29811,48004
21157,48004
740,48004
43688,47998
2551,47992
67593,47986
24312,47978
4039,47963
74349,47960
12226,47959
5678,47956
134463,47954
219776,47953
19,47944
4161,47936
2860,47935
71164,47933
20552,47930
23747,47929
3558,47927
25265,47925
58,47905
187480,47905
7784,47905
146299,47903
286045,47893
2478,47878
1870,47870
972,47867
455,47864
7441,47860
216386,47858
282802,47854
268670,47853
1866,47851
242191,47851
147,47850
112736,47843
3448,47840
180403,47837
149959,47836
18175,47833
23362,47830
4524,47826
284193,47824
744,47822
10694,47821
12875,47821
258269,47818
89640,47816
7499,47815
243655,47814
274733,47805
281138,47805
147684,47802
205627,47801
7092,47801
14961,47799
24155,47797
23679,47794
261410,47794
2832,47792
229021,47788
224746,47785
9310,47784
3963,47775
537,47772
2288,47770
235927,47769
165057,47762
7332,47757
126068,47756
169649,47755
0,47749
251570,47743
195128,47740
206693,47733
251904,47728
17152,47727
217065,47726
260203,47721
14684,47718
25455,47717
1166,47717
3004,47714
218681,47712
9342,47706
1563,47704
230527,47703
218107,47695
268905,47694
57896,47691
208244,47690
53506,47688
7381,47681
64252,47681
3316,47677
68211,47673
24162,47670
264786,47665
255585,47664
102462,47662
156551,47656
280367,47648
13066,47647
232365,47634
11164,47631
232400,47631
2213,47626
57777,47626
294546,47624
278845,47620
273517,47617
286155,47607
223375,47604
4143,47603
8304,47598
34593,47598
105451,47597
207897,47581
293339,47581
266964,47581
223450,47579
262756,47577
189751,47576
33270,47570
23579,47570
16345,47563
155328,47562
8868,47561
273980,47560
283420,47553
295055,47553
277799,47550
295810,47550
156293,47543
206643,47541
198601,47540
18380,47539
107911,47538
711,47530
277737,47529
289858,47528
268129,47527
259221,47524
8693,47522
236462,47520
357,47520
285620,47518
208406,47517
10506,47510
209793,47505
71694,47505
2383,47504
286330,47502
256143,47499
209593,47499
5783,47497
289139,47496
6333,47494
4637,47494
240142,47488
3030,47486
248532,47481
2179,47480
255808,47473
5420,47472
168783,47472
285649,47470
203008,47468
3226,47468
16155,47462
16888,47459
146910,47456
275042,47456
261646,47455
234614,47454
327,47453
9857,47451
250980,47449
3151,47446
287374,47444
9094,47442
4482,47442
294441,47442
26356,47441
191814,47440
237318,47431
9224,47430
1925,47422
1735,47419
6739,47419
147338,47416
255928,47412
188304,47411
762,47411
15563,47410
151770,47406
279267,47405
198276,47403
279700,47403
2758,47401
296135,47401
282597,47390
186483,47387
252743,47386
292046,47377
10752,47376
294702,47375
170310,47370
15149,47369
27101,47369
49682,47368
69497,47366
2954,47363
8930,47359
118993,47359
286978,47358
13741,47352
274729,47351
171584,47347
471,47346
57033,47345
192649,47344
217855,47338
268323,47337
285082,47337
262508,47334
242025,47333
226303,47331
275202,47330
237268,47329
3822,47329
226957,47329
289986,47326
34253,47326
254301,47323
219408,47323
147862,47322
2620,47322
129607,47319
212065,47318
273889,47318
13108,47317
191990,47315
145953,47314
207655,47313
18554,47313
284837,47312
276690,47311
385,47310
12441,47309
275824,47307
11142,47305
223739,47304
2581,47303
217580,47301
274814,47298
238259,47297
39864,47296
272698,47291
248929,47291
186552,47286
244707,47285
161714,47284
278715,47284
149719,47284
227995,47283
55,47281
2031,47277
239558,47275
81377,47272
228962,47269
234339,47269
155067,47265
160144,47265
29175,47263
254232,47262
268555,47261
270787,47261
2073,47258
263635,47258
204582,47255
140752,47254
269328,47253
11834,47251
265492,47249
52263,47248
110580,47247
267099,47246
271844,47245
1317,47244
10234,47243
8793,47242
206259,47240
20179,47240
121472,47239
11549,47239
271187,47239
232576,47238
4164,47235
247229,47232
285768,47231
165972,47230
3079,47229
66945,47228
243154,47227
440,47227
203727,47226
17608,47226
186688,47226
165451,47224
204642,47223
7353,47222
87727,47221
36749,47218
42546,47216
264,47213
216,47213
211189,47212
46896,47212
21139,47209
276989,47209
18411,47209
184560,47209
187787,47208
212610,47207
44176,47207
187522,47207
3315,47206
154859,47206
292969,47205
50575,47202
149287,47200
265068,47198
226027,47198
1395,47197
287928,47195
180097,47194
232261,47194
241559,47193
61392,47193
248694,47192
296202,47189
276855,47189
278343,47188
3740,47187
20467,47187
264759,47182
238402,47180
260651,47180
296147,47180
1781,47179
8567,47178
106985,47177
13754,47175
10315,47175
3029,47170
24803,47169
8855,47169
55800,47169
258064,47167
207788,47166
112876,47166
238345,47166
230637,47166
250171,47164
222778,47164
277585,47163
20727,47162
179459,47162
247743,47162
189819,47160
4420,47160
262217,47160
5035,47159
266938,47158
247108,47158
279861,47158
192562,47156
238585,47156
5534,47155
236374,47153
268969,47150
6722,47149
266233,47149
120656,47149
131707,47148
277848,47148
283736,47147
45173,47144
13751,47143
101914,47143
1325,47142
232133,47140
38381,47140
282328,47135
265445,47135
129567,47134
193726,47133
293622,47130
229450,47128
226446,47127
291614,47124
250709,47124
256575,47123
64770,47123
202008,47121
258450,47121
236824,47117
31903,47116
200002,47112
142698,47112
285511,47111
141621,47111
228,47110
271567,47110
4378,47110
292660,47108
257825,47106
264476,47105
235519,47105
280786,47105
250579,47103
609,47103
264032,47102
246048,47102
244247,47102
156500,47101
266420,47101
269616,47100
295076,47100
268856,47100
287365,47098
230227,47098
274521,47098
251196,47098
215905,47097
248841,47096
218300,47096
281707,47095
170949,47095
130931,47094
14049,47093
291087,47093
244712,47092
252602,47090
221886,47089
188129,47088
276778,47087
219057,47087
184213,47087
25548,47087
17074,47087
274008,47086
70205,47085
15786,47084
4483,47083
15714,47080
174210,47077
284375,47077
142735,47077
191035,47077
260643,47077
270798,47076
11939,47076
233870,47075
213712,47075
267352,47073
60293,47072
273129,47071
248154,47071
280371,47070
165173,47068
267595,47068
205392,47067
273285,47066
180529,47066
231923,47065
8654,47065
22441,47064
162776,47060
286089,47060
185691,47060
262621,47059
290890,47059
267015,47058
213,47057
288224,47055
144381,47053
4813,47052
1470,47052
277758,47052
103472,47052
109497,47051
289047,47051
144750,47050
277121,47046
3614,47045
211532,47045
274718,47040
265409,47039
248115,47039
250673,47039
45341,47038
3130,47037
214717,47037
1776,47036
255506,47036
191809,47035
196354,47035
10630,47035
169988,47035
217072,47035
223836,47034
20001,47032
282956,47031
137629,47030
207,47030
260900,47030
246444,47026
289379,47026
208939,47026
193355,47024
211163,47023
283399,47023
220618,47023
5289,47022
11377,47021
251846,47020
195703,47020
2184,47020
256632,47019
270800,47019
24653,47019
8367,47019
281999,47019
15279,47019
269899,47018
28313,47017
272333,47015
13422,47014
176947,47013
194446,47013
286208,47013
21109,47012
255530,47012
267922,47008
256791,47007
21025,47006
216257,47005
291660,47004
197100,47004
279308,47003
223013,47003
183773,47002
253879,47002
275509,47002
504,47001
270816,47001
11230,47001
138799,47000
17499,46999
228305,46997
280143,46995
287436,46994
251241,46994
4342,46994
142308,46993
187952,46993
278042,46993
1004,46992
41889,46991
258670,46989
287913,46988
287850,46988
1692,46987
249117,46987
224237,46986
265018,46985
6736,46984
148313,46984
287741,46982
260433,46980
46865,46980
223984,46979
178660,46978
276790,46977
285973,46977
293419,46976
294298,46973
7103,46972
228864,46972
5592,46971
253717,46970
200534,46970
4602,46970
171189,46970
296532,46969
273180,46968
183433,46967
218433,46967
286981,46967
171145,46966
12026,46966
2419,46965
160831,46965
243237,46964
244600,46964
17604,46963
247233,46963
72648,46962
24399,46962
237634,46961
193601,46960
17969,46960
258967,46959
152075,46959
152244,46958
287171,46958
188662,46957
5945,46956
252463,46956
229077,46955
22730,46954
246117,46954
8086,46953
241160,46953
1276,46952
237178,46951
445,46950
230573,46949
180978,46949
283325,46949
260866,46947
124660,46944
223614,46944
248483,46943
173402,46940
219582,46940
232873,46939
158430,46938
291187,46938
280125,46938
250726,46936
123342,46935
276571,46934
263273,46934
172248,46934
215732,46934
238333,46934
212611,46933
204789,46933
206686,46932
129047,46932
180324,46932
248471,46931
182210,46930
110751,46930
557,46930
258727,46930
34,46929
378,46929
6057,46928
134888,46928
293107,46926
103255,46926
204468,46924
282387,46924
330,46923
242004,46923
290949,46922
192025,46922
18347,46922
263756,46920
246731,46918
290916,46918
135177,46918
38999,46918
178510,46917
188673,46916
274999,46916
40272,46915
168097,46915
207741,46915
276262,46913
133062,46912
122997,46910
219828,46909
31121,46909
273932,46907
283225,46907
104782,46907
260655,46907
284117,46906
284431,46904
213184,46903
42354,46903
230257,46902
147222,46902
209462,46902
217731,46902
279295,46902
111295,46901
271988,46901
174169,46901
186595,46900
290492,46900
17720,46900
241891,46900
197067,46899
269485,46898
207000,46897
206770,46896
12916,46896
272577,46895
166994,46895
160608,46894
235224,46894
7909,46894
158149,46894
276483,46893
257716,46893
278051,46893
216536,46893
221439,46891
24425,46891
254493,46890
99764,46890
44128,46889
278478,46889
158079,46888
73547,46888
226654,46887
219875,46887
61423,46887
11358,46887
212879,46886
84631,46885
253430,46884
264582,46884
292445,46884
256831,46884
152467,46881
253398,46881
183964,46880
233202,46880
220876,46880
95039,46879
196972,46878
228459,46878
273705,46878
273881,46878
261871,46877
211745,46876
180386,46876
291840,46875
2093,46875
158028,46875
235570,46875
170919,46875
284570,46874
3585,46873
193268,46872
195414,46872
296113,46871
270422,46871
189305,46871
289124,46871
217733,46870
261650,46870
215382,46869
119860,46869
284919,46869
103936,46868
160178,46867
226658,46866
177,46866
18599,46865
232375,46864
254695,46864
108591,46863
267763,46862
222230,46862
271067,46861
46551,46861
211767,46860
216492,46860
290791,46860
273543,46859
261372,46858
272840,46857
39706,46857
33532,46857
246305,46856
270901,46855
290708,46855
160116,46855
7266,46854
17044,46854
199663,46854
280402,46853
2495,46853
256435,46853
224317,46852
112339,46851
265399,46851
215834,46851
243719,46851
1248,46850
259052,46850
209463,46849
7940,46848
285097,46848
292594,46848
287094,46847
201226,46847
250917,46846
257067,46846
66987,46846
248043,46846
261675,46846
179634,46845
267537,46844
240829,46844
95988,46843
268937,46843
159191,46842
4396,46842
280712,46841
267993,46840
213568,46839
223759,46838
266065,46838
26274,46837
185286,46836
236542,46836
121776,46836
263972,46836
280873,46836
169971,46835
231388,46834
109402,46833
232074,46832
246032,46832
261934,46832
218966,46832
253077,46831
4232,46831
269154,46831
172375,46830
275380,46830
239246,46830
170038,46829
5514,46828
223135,46828
31064,46827
265131,46827
261773,46826
73305,46824
10021,46823
273144,46822
1236,46822
250353,46822
290380,46822
261731,46821
266413,46821
294426,46820
258796,46820
9963,46820
284840,46820
84044,46820
272194,46820
77332,46819
6795,46819
293550,46819
160700,46818
125957,46818
289812,46818
72957,46818
291905,46817
2472,46816
13918,46816
280984,46815
295575,46815
130812,46814
276337,46813
278164,46813
240584,46812
244978,46811
12472,46810
2467,46810
216470,46810
236184,46809
181357,46808
511,46808
270487,46808
281725,46806
248212,46806
174024,46806
188954,46806
249538,46806
244781,46805
172188,46805
129355,46804
172741,46804
1941,46803
5503,46802
41248,46802
228720,46802
267360,46801
176467,46801
4749,46801
227420,46801
224261,46801
5520,46801
15799,46800
232127,46800
183430,46800
260624,46799
253324,46799
281709,46797
287637,46797
148152,46796
34956,46795
268855,46795
82026,46794
157930,46794
140267,46793
275083,46793
202896,46793
283184,46792
243437,46792
159034,46792
182636,46790
162871,46790
261609,46790
293787,46790
256444,46789
263110,46788
214810,46788
208298,46788
283800,46787
224881,46786
199582,46785
96477,46785
23010,46785
276046,46784
289869,46783
287949,46783
181276,46782
30330,46780
120373,46780
263069,46779
147156,46779
153906,46779
24707,46778
278055,46778
206235,46777
37254,46777
290493,46777
276936,46776
288651,46776
249903,46775
295373,46775
255797,46775
245582,46774
261142,46774
271531,46772
223036,46771
34915,46771
280121,46771
276939,46771
256095,46770
187044,46770
252304,46769
192589,46769
244152,46767
32343,46767
296157,46767
6394,46766
21757,46766
5160,46766
228348,46766
264723,46765
212758,46765
269671,46765
16011,46764
226299,46764
203866,46764
159105,46763
47739,46763
232210,46763
273991,46761
289782,46761
116,46761
190064,46761
71058,46759
100296,46759
265118,46759
206815,46758
287323,46758
147075,46758
221782,46758
22038,46758
230131,46757
204089,46757
171606,46757
296484,46756
264670,46756
205152,46756
279601,46756
281921,46755
286554,46755
245976,46754
5645,46754
47564,46754
196783,46753
1906,46753
71926,46753
131512,46753
5824,46752
172122,46752
223817,46752
232820,46752
262825,46751
275706,46751
20425,46751
152109,46750
1502,46750
274921,46749
1978,46748
264380,46748
287073,46747
273186,46747
280778,46747
164874,46746
273251,46746
191676,46746
259913,46745
238476,46745
273148,46745
284557,46743
288197,46743
271264,46741
229087,46741
255679,46741
201769,46740
111289,46739
254113,46739
259461,46739
287054,46738
166243,46738
265715,46738
259717,46737
261774,46737
255986,46737
241181,46737
161597,46737
191377,46736
138815,46736
7141,46735
22877,46735
207641,46735
142125,46735
279055,46735
20075,46734
258886,46734
293678,46734
194500,46734
250317,46734
188908,46733
248390,46733
279064,46731
211209,46730
204060,46730
221387,46730
232303,46729
74845,46728
217048,46728
169042,46727
161290,46727
219131,46727
261711,46727
277736,46727
12039,46726
248459,46726
172431,46726
290043,46726
45744,46725
211374,46725
176110,46723
165405,46723
4887,46722
164993,46722
166308,46721
272688,46720
231339,46719
272081,46719
64108,46719
176422,46719
287091,46718
285274,46718
264641,46718
247073,46718
171829,46717
270237,46716
270132,46716
8997,46716
283598,46715
8277,46715
281720,46714
222152,46714
144863,46714
264680,46714
292957,46713
2308,46713
255782,46712
155657,46712
18517,46711
238353,46711
16998,46711
21399,46710
274176,46710
162452,46710
223737,46709
177897,46709
66575,46709
259616,46708
148309,46708
12082,46708
279928,46708
74224,46707
222184,46707
269796,46706
160431,46706
21112,46706
5,46705
39,46705
204490,46705
194987,46705
200672,46704
141446,46704
291636,46704
9898,46704
10589,46703
174973,46703
221662,46702
10189,46702
284802,46702
296220,46702
11709,46702
258968,46702
240404,46702
19779,46702
61399,46701
270631,46701
153279,46701
219288,46701
181646,46701
686,46701
195870,46700
4605,46700
253357,46700
261872,46700
291673,46699
291646,46698
150986,46698
287550,46698
6074,46697
282413,46697
269469,46696
254940,46696
154306,46695
6778,46694
204479,46694
13286,46694
290267,46694
1104,46693
166704,46693
26564,46693
590,46693
243281,46692
163438,46692
147137,46692
222197,46692
234144,46692
262979,46692
265577,46691
292749,46691
164423,46691
260453,46690
189067,46690
278977,46690
292608,46689
234044,46689
50375,46689
7395,46688
28767,46688
236528,46688
189700,46687
287720,46687
227419,46686
166406,46686
42233,46686
166602,46685
281250,46685
202174,46684
18843,46684
258679,46684
4882,46684
263407,46683
137143,46683
184702,46682
281389,46682
138966,46682
182162,46681
137257,46681
16524,46680
220003,46678
259790,46678
66792,46678
280514,46678
285165,46678
51483,46677
281749,46677
39615,46677
148319,46677
146627,46676
250700,46676
172345,46676
247469,46675
280350,46675
184911,46675
282227,46675
289799,46674
7388,46674
281865,46674
166854,46673
294115,46673
30410,46672
223257,46672
288604,46672
281890,46671
272745,46671
251823,46671
87375,46671
159746,46671
286758,46670
257886,46670
196714,46669
294478,46669
248440,46668
208114,46668
153625,46668
289599,46668
236456,46668
237430,46667
279136,46667
65988,46667
173694,46666
278616,46665
283609,46665
290585,46664
145127,46664
177113,46663
290496,46663
270256,46663
277891,46663
280498,46663
223348,46663
81765,46663
131208,46662
3249,46662
163364,46662
19941,46661
208882,46661
217383,46660
156444,46660
6628,46660
71739,46660
279483,46660
187832,46659
171388,46659
120902,46658
114848,46658
252289,46658
255395,46658
228946,46658
285023,46657
286548,46656
265046,46656
12585,46656
248410,46656
61816,46656
176808,46656
224026,46655
286904,46655
269964,46655
257193,46655
250659,46655
200774,46655
246680,46655
224706,46654
186463,46654
341,46654
91641,46654
23002,46654
262349,46653
198191,46653
296478,46652
257499,46652
136338,46651
21518,46650
278555,46650
122019,46650
157332,46650
212529,46649
291325,46649
6272,46649
226317,46649
240400,46649
271055,46648
145380,46648
246588,46648
167869,46648
185759,46647
209650,46647
292589,46647
213051,46646
279375,46646
42633,46646
256081,46646
290124,46646
220978,46646
204680,46645
6287,46645
150098,46645
222523,46644
157094,46644
296036,46644
134544,46644
187677,46642
293102,46641
188192,46641
281388,46641
270226,46641
130982,46640
233636,46640
286832,46639
232126,46639
5992,46638
295410,46638
150175,46638
282871,46637
3568,46637
99800,46636
260709,46636
13316,46636
271108,46636
144069,46635
237594,46635
285088,46635
187568,46634
236790,46634
263630,46634
217958,46634
5516,46634
213819,46633
290966,46632
248806,46632
177259,46632
296383,46632
6623,46632
236903,46631
193222,46631
2689,46631
5067,46631
7551,46630
233481,46630
277792,46630
263605,46630
200861,46630
43656,46630
248053,46630
233252,46630
256991,46629
268260,46629
155879,46629
26260,46629
287916,46629
227055,46628
252926,46628
222654,46627
253186,46627
224149,46627
229927,46627
279356,46626
2750,46626
144783,46626
260199,46625
123489,46625
197545,46625
178559,46625
241633,46624
224503,46624
11438,46624
198618,46624
41531,46623
271258,46623
296524,46623
252977,46623
230017,46623
152165,46623
10909,46622
255715,46622
206417,46622
136579,46622
29393,46621
244825,46621
276873,46621
278432,46621
175516,46621
236562,46621
277474,46621
40338,46621
243683,46620
286788,46620
146630,46619
240095,46619
155986,46619
241184,46619
3637,46619
121820,46618
228456,46618
68388,46618
224707,46618
293367,46618
17071,46617
289877,46617
254190,46616
213940,46616
45428,46616
162898,46615
251150,46615
87903,46615
268401,46614
278676,46614
273379,46614
84228,46614
192080,46614
256403,46613
248157,46613
27172,46613
9917,46612
230204,46612
183530,46612
250517,46611
139959,46611
266435,46610
18789,46610
210054,46610
228839,46610
270373,46609
186370,46608
248227,46608
165501,46607
163414,46607
9181,46606
286903,46606
287963,46605
254167,46605
16913,46605
276420,46604
153856,46604
292787,46604
271730,46603
81493,46603
225992,46603
272112,46603
242910,46603
245197,46602
238189,46602
207482,46602
193809,46602
140825,46601
181847,46600
123225,46600
290814,46599
22300,46598
151976,46598
278945,46598
174635,46598
201285,46597
195865,46597
172799,46597
238161,46597
230528,46596
4868,46596
241304,46595
60917,46595
272935,46595
212570,46595
248494,46595
3756,46595
186179,46595
238341,46595
252796,46595
294538,46595
260825,46594
90120,46594
285842,46593
153571,46593
221402,46593
221820,46593
187789,46592
230756,46592
258504,46592
293668,46591
292263,46591
212039,46591
248648,46591
270985,46591
283910,46591
218397,46591
263078,46590
145952,46590
78257,46590
176446,46590
104246,46590
241189,46590
262699,46589
181457,46589
295356,46589
264136,46589
264185,46589
262131,46588
249573,46587
193185,46587
258317,46587
192901,46587
249787,46586
210199,46586
289299,46586
116996,46586
224039,46585
284300,46585
57622,46584
8104,46584
224905,46584
2137,46583
175194,46583
204311,46582
269129,46582
284152,46582
283783,46582
274496,46582
2285,46582
287823,46581
272428,46581
260914,46581
237698,46580
199966,46580
228152,46580
294472,46580
236341,46580
12482,46579
234942,46579
233527,46579
295020,46579
277452,46579
251872,46579
140228,46578
199327,46578
281068,46578
172562,46577
268176,46577
178187,46577
152717,46576
11463,46576
13412,46576
47606,46576
192420,46575
213562,46575
239625,46575
294095,46575
137206,46574
292979,46574
28931,46574
234308,46573
53358,46572
262526,46572
274595,46572
200081,46571
152534,46571
10496,46570
223943,46570
187405,46570
249769,46570
224805,46570
273826,46570
237738,46569
197811,46569
239729,46569
260615,46569
252956,46569
287095,46569
282353,46568
133920,46568
205835,46568
280467,46568
275926,46568
71827,46568
249490,46568
271969,46568
154120,46568
292550,46567
228252,46567
7534,46567
4284,46567
222293,46566
254533,46566
2538,46566
88042,46566
147693,46565
282360,46565
5156,46565
224563,46565
77418,46564
176452,46564
208528,46564
90874,46564
67930,46564
281494,46563
257575,46563
285000,46563
236275,46563
265922,46563
170940,46562
196099,46562
226047,46561
121125,46561
201038,46561
267474,46561
267351,46559
146080,46559
111791,46559
292039,46559
268532,46558
295479,46558
155449,46558
286470,46558
201559,46557
265004,46557
170724,46557
174761,46557
259149,46557
270716,46557
17087,46557
275010,46556
257564,46556
84349,46556
135568,46556
278642,46556
270990,46555
180302,46555
212626,46555
257496,46555
232636,46554
150004,46554
260956,46554
258001,46553
35859,46553
217947,46553
231906,46553
232970,46553
41332,46553
238240,46553
123221,46552
188034,46552
253241,46551
58559,46551
30212,46551
194434,46551
241062,46550
17239,46550
129369,46550
268726,46549
226723,46549
271852,46549
272664,46548
246965,46548
282040,46547
283291,46547
216469,46547
152290,46547
68696,46546
270026,46546
258443,46546
6409,46546
211458,46546
291055,46546
268327,46546
258497,46545
35082,46545
15823,46544
243854,46544
289250,46544
271280,46544
180123,46543
292150,46543
146362,46543
214966,46543
284274,46542
151687,46542
2913,46542
200718,46542
8145,46542
205292,46542
272539,46542
295070,46541
6877,46541
2653,46541
241001,46541
27214,46541
151093,46540
269657,46540
296399,46540
209899,46540
272807,46540
266396,46539
32512,46539
102770,46538
283893,46537
194718,46537
252881,46537
15060,46537
253050,46536
246225,46536
6048,46536
201765,46536
181560,46536
241414,46535
266693,46535
128918,46535
107744,46535
287038,46535
90226,46534
273294,46534
2197,46534
232985,46534
80568,46534
179709,46533
202293,46533
67766,46533
190588,46532
13512,46532
176133,46531
267791,46531
142897,46531
130016,46531
180033,46531
87845,46531
272478,46531
137545,46531
220654,46530
287890,46530
245535,46530
265843,46530
191132,46529
257689,46529
284818,46529
248817,46528
264544,46528
243955,46528
235494,46528
257185,46528
237579,46528
143002,46528
3395,46528
24718,46528
192927,46527
227321,46527
26044,46526
286530,46526
221144,46526
191573,46526
272547,46526
186312,46526
238193,46525
268649,46525
114597,46525
272293,46524
161865,46524
234583,46524
283905,46524
143104,46524
285142,46524
4440,46524
166529,46523
101508,46523
233846,46523
226692,46523
132334,46523
267106,46522
281186,46522
22144,46522
85318,46522
197933,46522
212896,46521
261699,46521
225593,46521
230312,46521
187717,46520
283500,46520
209550,46520
271582,46520
270695,46520
204591,46520
2754,46519
163314,46519
259037,46519
48305,46518
187771,46518
263998,46518
263000,46518
217406,46518
267386,46518
271251,46517
169748,46517
203837,46517
208599,46517
269947,46517
252366,46517
11969,46517
1537,46516
260465,46516
271204,46515
272106,46515
294257,46515
10826,46514
175876,46514
207734,46514
12603,46513
290434,46513
161647,46513
77327,46513
261168,46513
168291,46512
3923,46512
279842,46512
226357,46512
288311,46512
208644,46511
277120,46510
226628,46510
242135,46510
38173,46510
241344,46510
248524,46510
180602,46509
11655,46508
140284,46508
289056,46508
257983,46508
129568,46508
160844,46508
214719,46508
208386,46508
154251,46507
271781,46507
247483,46507
21313,46507
89385,46507
198057,46506
3072,46506
208117,46506
239170,46506
219764,46506
222274,46506
21280,46506
216339,46506
295935,46506
237934,46505
272416,46505
11537,46505
4818,46505
279520,46505
272994,46504
292180,46504
138569,46503
289936,46503
66604,46503
219136,46503
239325,46503
276859,46502
235832,46502
259734,46502
278652,46502
256475,46502
137069,46502
251236,46502
222820,46501
201928,46501
133321,46501
118473,46501
142140,46501
231877,46500
171498,46500
172544,46500
9793,46500
275352,46500
290525,46499
283973,46499
163722,46499
229030,46499
44020,46499
29444,46499
145983,46498
287379,46498
239983,46498
15120,46498
180156,46498
217,46498
249349,46498
293432,46497
280876,46497
284235,46497
193354,46497
285252,46496
243635,46496
131643,46495
206721,46495
287816,46495
159174,46495
205974,46495
194852,46495
290858,46494
115634,46494
23201,46494
215938,46494
58529,46494
147910,46493
204859,46493
917,46493
242915,46492
248308,46492
128684,46492
195450,46492
261101,46492
168707,46492
205807,46491
294460,46491
141365,46491
201416,46490
77684,46490
123914,46490
171237,46490
171936,46490
212963,46489
289678,46489
242391,46489
287077,46489
287932,46488
212084,46488
81568,46488
97476,46488
162296,46488
109854,46488
124892,46488
283323,46488
209113,46488
136993,46488
278047,46487
229074,46487
292399,46487
246803,46487
244300,46487
258779,46486
205496,46486
200342,46486
266613,46486
265651,46486
215159,46485
288053,46485
266426,46485
291130,46485
276403,46485
3550,46485
273781,46484
131879,46484
849,46484
248504,46484
164717,46484
267067,46484
224460,46484
64129,46484
264035,46484
263796,46484
116927,46483
267332,46483
219761,46483
214910,46483
7535,46483
116072,46482
246055,46482
296596,46482
240088,46482
212126,46481
22192,46481
192032,46481
203807,46481
261089,46481
16222,46480
293167,46480
267329,46480
278332,46479
146248,46479
211196,46479
255762,46479
263554,46478
219493,46478
88904,46478
239186,46478
285997,46478
117791,46478
32894,46477
241011,46477
170946,46477
283479,46476
16879,46476
24412,46476
12721,46476
7379,46476
156045,46476
9865,46476
238155,46475
217880,46474
113315,46474
779,46474
287346,46474
259449,46474
282145,46473
164578,46473
156038,46473
214867,46473
44660,46473
218150,46473
272518,46472
1770,46472
200572,46472
10852,46472
215330,46472
174104,46472
257771,46472
182407,46472
196312,46472
293662,46471
205294,46471
257491,46470
252503,46470
254814,46470
258331,46470
135995,46470
181274,46470
13888,46470
4259,46470
256511,46469
237918,46469
172337,46469
198454,46469
174422,46469
292138,46469
255071,46469
109811,46468
201948,46468
237193,46468
274101,46468
263323,46468
288280,46467
7872,46467
263371,46467
241061,46467
291285,46467
240021,46467
282762,46466
101819,46466
9953,46466
251616,46466
190238,46466
229274,46466
292151,46465
235762,46465
289881,46465
48405,46465
57185,46464
253528,46464
210870,46464
251803,46463
12417,46463
271855,46462
164391,46462
226058,46462
181684,46461
190907,46461
139106,46461
222401,46461
261306,46461
238220,46461
279075,46460
61022,46460
60005,46460
215960,46460
145676,46459
292686,46459
165510,46459
242975,46459
4616,46459
220575,46459
257511,46459
268150,46458
229564,46458
34967,46458
194985,46458
180837,46457
223500,46457
253909,46456
195070,46456
170296,46456
286520,46456
266166,46455
190342,46455
87670,46455
267543,46455
31312,46455
248982,46454
271676,46454
125917,46454
213434,46454
96321,46454
165467,46454
137119,46453
251787,46453
176783,46453
119796,46453
163927,46453
272505,46452
140059,46452
264230,46452
292001,46452
249714,46452
239313,46451
219760,46451
134471,46451
2395,46451
8138,46450
197966,46450
48112,46450
219742,46450
169092,46449
198715,46449
284393,46449
10170,46448
44959,46448
26593,46448
217894,46448
221217,46448
253155,46448
4535,46448
234849,46448
188856,46447
291579,46447
232901,46446
216654,46446
284419,46446
177975,46446
118316,46446
26941,46445
256365,46445
237621,46445
272284,46445
250099,46445
289138,46445
262585,46445
187509,46444
104185,46444
284157,46444
270713,46444
9088,46444
249163,46444
163843,46443
281333,46443
284011,46443
284591,46443
271544,46443
268520,46443
249388,46443
251409,46442
239756,46442
203130,46442
88706,46442
238106,46442
274137,46442
221199,46442
144039,46441
103322,46441
149382,46441
261371,46441
242924,46441
712,46441
292959,46441
1034,46440
2257,46440
231179,46440
245457,46440
254411,46440
238743,46439
278729,46439
242263,46439
204484,46439
105146,46439
292714,46438
233498,46438
235476,46438
30686,46438
1663,46437
208038,46437
219938,46437
202377,46436
282911,46436
176288,46436
294503,46436
163887,46436
253083,46436
76750,46436
4712,46435
280651,46435
20010,46435
251473,46435
41222,46435
7119,46435
250761,46435
166173,46434
96101,46434
278703,46434
9906,46434
241086,46434
278746,46434
189962,46434
235812,46434
294392,46434
279002,46433
187953,46433
82524,46433
215090,46433
43586,46433
249350,46433
202038,46433
10086,46433
195239,46433
189346,46432
218164,46432
271441,46431
143352,46431
231395,46431
238100,46431
201092,46431
259327,46431
4225,46431
282903,46431
241488,46430
107134,46430
242328,46430
275015,46430
282388,46429
281169,46429
255455,46429
251039,46429
281590,46428
162453,46428
234437,46428
242403,46428
226814,46428
293463,46428
294648,46428
261795,46427
249233,46427
3727,46427
264215,46427
257738,46427
196548,46427
248425,46426
291345,46426
183120,46426
107275,46426
240953,46426
286204,46425
281967,46425
287032,46425
260976,46425
253658,46424
293731,46424
271862,46424
119594,46424
209770,46424
236994,46424
202085,46423
270066,46423
242068,46423
230350,46423
103244,46423
234843,46423
275414,46422
123813,46422
126290,46421
195963,46421
107694,46421
152547,46421
154752,46421
195194,46421
286189,46420
260593,46420
163132,46420
256880,46420
277869,46419
257622,46419
290469,46418
223460,46418
108529,46418
282116,46418
226854,46418
269185,46418
43716,46418
203160,46417
235454,46417
191365,46417
260240,46417
199858,46417
251299,46417
246904,46417
239931,46417
281626,46417
77581,46416
270264,46416
236512,46416
259473,46416
19954,46415
197258,46415
66409,46415
74741,46415
228414,46415
258584,46414
156833,46414
1988,46414
293714,46414
287302,46414
291057,46414
267804,46414
251861,46413
249353,46413
288030,46413
290440,46413
256774,46412
249291,46412
166846,46412
150068,46412
31864,46412
289040,46412
232760,46411
273426,46411
241607,46411
203740,46411
146095,46411
295029,46411
3978,46410
205004,46410
240341,46410
215065,46410
278754,46410
217296,46410
173233,46409
144334,46409
83182,46409
205915,46409
208837,46409
2759,46409
234645,46409
1361,46409
195325,46408
277161,46408
9643,46408
247015,46408
163900,46408
49673,46408
214988,46408
239758,46408
281816,46407
212856,46407
290145,46406
271990,46406
251029,46406
286327,46406
259979,46406
117845,46406
285755,46406
187205,46405
258280,46405
166116,46405
58032,46405
115349,46405
268067,46405
8172,46404
160858,46404
288113,46404
16751,46404
10430,46403
147080,46403
219527,46403
222818,46403
202576,46403
113510,46403
280946,46403
25086,46403
138698,46403
257283,46402
243954,46402
232955,46402
293564,46401
120717,46401
80023,46401
170881,46401
221069,46401
284169,46401
224175,46401
256237,46401
190716,46400
127288,46400
1310,46400
230618,46400
1091,46400
295966,46400
284939,46400
37179,46399
277977,46399
47834,46399
105753,46399
271717,46399
212285,46399
6703,46399
219971,46399
235518,46399
183545,46398
265497,46398
285045,46398
218742,46398
229101,46398
217438,46398
246874,46398
225337,46398
60448,46398
247128,46397
112851,46397
224734,46397
284920,46397
20005,46397
260912,46397
217398,46396
34037,46396
252680,46396
225287,46396
246418,46396
5843,46396
195286,46395
282374,46394
231229,46394
195667,46394
213938,46394
22776,46394
168817,46394
294230,46394
158781,46394
270093,46394
169566,46393
291077,46393
202629,46393
237479,46393
272302,46393
262120,46393
56208,46393
255336,46393
264006,46392
262764,46392
2867,46392
136370,46391
275566,46391
225566,46391
186828,46391
212947,46391
295763,46391
78323,46391
258656,46391
192520,46391
244034,46390
237186,46390
38948,46390
290206,46390
265789,46390
82313,46390
226483,46390
116340,46389
252594,46389
239757,46389
88669,46389
195494,46388
291758,46388
45472,46388
261611,46388
275223,46388
180843,46388
12320,46388
218222,46388
282981,46388
294388,46388
281476,46387
294896,46387
117802,46387
202712,46387
294797,46387
8306,46387
131924,46387
246695,46387
127725,46387
11176,46387
6148,46386
231125,46386
296521,46386
202689,46386
99014,46385
278645,46385
16528,46385
219178,46384
217327,46384
294435,46384
197255,46384
292350,46384
253313,46384
112264,46384
57255,46384
198783,46384
283429,46383
137842,46383
239778,46383
163241,46383
203401,46383
210922,46383
43970,46383
203142,46383
19379,46383
33210,46383
138106,46383
271476,46382
259230,46382
288219,46382
23231,46382
276997,46382
273065,46382
257048,46382
14,46381
169987,46381
256078,46381
7916,46381
289463,46380
48795,46380
56721,46380
240735,46380
240535,46380
1852,46380
261541,46380
222460,46380
276045,46380
1085,46379
203649,46379
200859,46379
57663,46379
183993,46378
273798,46378
282991,46378
235040,46378
240191,46378
180044,46378
99855,46378
251651,46378
190198,46377
237832,46377
124409,46377
239703,46377
50362,46377
231914,46377
251354,46376
291460,46376
18259,46376
137992,46375
241540,46375
279293,46375
279281,46375
203611,46375
290195,46375
177214,46375
277936,46375
154536,46374
283049,46374
292777,46374
165850,46374
206504,46374
125374,46374
296628,46374
147000,46374
236008,46374
104304,46373
30954,46373
245132,46373
286806,46373
152198,46373
134312,46373
227259,46372
18640,46372
17117,46372
214798,46372
293843,46372
40839,46371
205934,46371
233027,46371
264338,46371
237988,46370
266126,46370
77195,46370
229613,46370
192715,46370
276552,46370
234294,46370
225335,46370
213556,46370
153247,46370
277030,46369
257501,46369
259998,46369
39071,46369
268645,46369
258909,46369
210096,46369
158465,46368
178624,46368
47713,46368
29929,46368
58862,46368
272703,46368
133336,46368
15761,46368
272510,46367
178465,46367
292293,46367
292193,46367
787,46366
156777,46366
9607,46366
274168,46366
246513,46366
240056,46366
274996,46366
163700,46365
141757,46365
189126,46365
86165,46364
211588,46364
290312,46364
196150,46364
206572,46364
291885,46364
213438,46363
268923,46363
295222,46363
228750,46363
201500,46363
9994,46362
280833,46362
291353,46362
240917,46361
233472,46361
143464,46361
262293,46361
161641,46361
2157,46361
224886,46360
97435,46360
268310,46360
205282,46360
269752,46360
198726,46360
285641,46359
254095,46359
263807,46359
262570,46359
287232,46359
290392,46359
296568,46358
275855,46358
10146,46358
8386,46358
261244,46358
205130,46358
257758,46357
245592,46357
289346,46357
178833,46357
274706,46357
237242,46356
217774,46356
4578,46356
171154,46356
121153,46356
295527,46356
248333,46355
133031,46355
175207,46355
256641,46355
1307,46355
272263,46355
227845,46355
252816,46355
245756,46355
149384,46355
262441,46355
254076,46355
284493,46355
287986,46355
285184,46355
211653,46354
37995,46354
235709,46354
287259,46354
36107,46354
232714,46354
260837,46353
231502,46353
122531,46353
6537,46353
213342,46353
203387,46353
258460,46353
194353,46353
243797,46353
182939,46353
149080,46353
106007,46352
78960,46352
204395,46352
209610,46352
45985,46352
279802,46352
277953,46352
284646,46352
165597,46352
156825,46352
156498,46352
270860,46351
228596,46351
68595,46351
142546,46351
47315,46351
253208,46351
258615,46351
262042,46351
253167,46351
180708,46351
267020,46350
162914,46350
287907,46350
237139,46350
279848,46349
282468,46349
264837,46349
87639,46348
257703,46348
204157,46348
267605,46348
172862,46348
283195,46347
236075,46347
235511,46347
244270,46347
232676,46347
198353,46347
208633,46347
207866,46347
55176,46347
17661,46346
198014,46346
161637,46346
150166,46346
190230,46346
131210,46346
269292,46345
291934,46345
279358,46345
198286,46344
182045,46344
80049,46344
97681,46344
5337,46344
255757,46343
93186,46343
166200,46343
175519,46343
261755,46343
246710,46343
23267,46343
256293,46343
280076,46343
250554,46342
240673,46342
191583,46342
236709,46342
273929,46342
175456,46342
198179,46341
105243,46341
278575,46341
21354,46341
217758,46341
207142,46341
41379,46341
282960,46341
193982,46341
186325,46340
151239,46340
155277,46340
288684,46340
296126,46340
216393,46340
212685,46339
238892,46339
289469,46339
84423,46339
204825,46339
278289,46339
169672,46339
20410,46339
41914,46338
278326,46338
285813,46338
161046,46337
17950,46337
234640,46337
435,46337
251478,46337
229112,46337
216094,46337
278338,46337
208195,46337
250408,46337
287445,46337
102899,46337
227529,46336
255897,46336
172724,46336
16304,46336
212303,46335
220909,46335
184619,46335
340,46335
222840,46335
192627,46335
233916,46335
270845,46335
294063,46334
116724,46334
251191,46334
59339,46334
189251,46333
218546,46333
21939,46333
282363,46332
293628,46332
214435,46332
222352,46332
280096,46332
183857,46332
281469,46332
187068,46332
3612,46331
192211,46331
286389,46331
256074,46331
182065,46331
192139,46331
227744,46331
264097,46331
277166,46331
206521,46331
183478,46330
202948,46330
111173,46330
196898,46330
244769,46330
5828,46330
158482,46330
212110,46330
143823,46330
229987,46330
16359,46329
18087,46329
146415,46329
242916,46329
283100,46329
20900,46329
13075,46329
143509,46329
292931,46328
20640,46328
110650,46328
189259,46328
274975,46328
258929,46328
225740,46327
236095,46327
57257,46327
284846,46327
265184,46327
270505,46327
255812,46327
206004,46327
210274,46326
194942,46326
280772,46326
277597,46326
127954,46326
56203,46326
273097,46326
200794,46326
241498,46326
288289,46326
177081,46325
206837,46325
74079,46325
132852,46325
170695,46325
14927,46325
269366,46325
85029,46325
179450,46325
50024,46324
262814,46324
122468,46324
129713,46324
264357,46323
156324,46323
96136,46323
168659,46323
270671,46323
38353,46323
48507,46322
217831,46322
227090,46322
123752,46322
192912,46322
269701,46322
282490,46322
261553,46322
200018,46322
274304,46322
70467,46322
251446,46322
234739,46322
215091,46321
274565,46321
158580,46321
13299,46321
200263,46321
202753,46320
227047,46320
110117,46320
280930,46320
283621,46320
185472,46320
292072,46320
251668,46320
14544,46320
218725,46319
186642,46319
168429,46319
45355,46319
188864,46319
201828,46319
264984,46319
200156,46319
272017,46318
182,46318
215145,46318
173121,46318
236817,46318
253218,46318
202678,46318
88127,46318
237195,46318
218238,46318
296566,46317
114740,46317
262468,46317
60879,46317
264593,46317
226884,46317
274160,46317
227878,46316
204240,46316
235781,46316
237020,46316
204685,46316
290379,46316
253416,46315
6647,46315
263250,46315
264847,46315
194778,46315
281101,46314
225954,46314
253065,46314
26072,46314
286829,46314
23356,46314
163102,46314
249433,46314
271063,46314
39476,46313
21708,46313
253857,46312
192883,46312
213409,46312
259994,46312
284963,46312
288510,46311
73313,46311
127120,46311
250934,46311
192185,46311
1844,46311
239901,46311
295039,46311
113310,46310
136362,46310
285180,46310
276210,46310
241464,46310
244444,46310
255666,46310
229534,46310
264892,46310
249261,46309
95215,46309
22809,46309
222346,46309
282921,46309
142288,46309
115974,46309
111730,46309
10208,46309
295097,46309
20833,46308
100739,46308
85977,46308
242797,46308
168674,46308
257410,46308
273447,46307
247765,46307
160698,46307
215956,46307
247961,46306
180608,46306
106349,46306
233816,46306
257919,46306
17077,46306
188404,46306
197952,46306
277546,46305
6156,46305
215082,46305
252070,46305
290246,46305
247855,46305
91651,46305
85312,46305
265477,46305
223713,46305
204963,46305
263901,46304
243888,46304
27001,46304
257543,46304
291685,46304
162476,46304
133629,46304
55879,46303
292718,46303
214071,46303
496,46303
248004,46303
243963,46303
260275,46303
162344,46302
259770,46302
246376,46302
231022,46302
229173,46302
14967,46301
251984,46301
6114,46301
230739,46301
154020,46301
284991,46301
23620,46301
239600,46301
252607,46301
29875,46301
283771,46301
239002,46300
241717,46300
275439,46300
69922,46300
261247,46300
142962,46300
243273,46299
11343,46299
250498,46299
148980,46299
272231,46299
180720,46299
111191,46299
35729,46299
125382,46299
134276,46298
237850,46298
162288,46298
277634,46298
35950,46298
246166,46298
95642,46298
200285,46297
11717,46297
94033,46297
252446,46297
249369,46296
268428,46296
143145,46296
216164,46296
170718,46296
26981,46296
250750,46296
246601,46296
204891,46296
209094,46296
268237,46296
124076,46296
258299,46296
206394,46296
9348,46296
7222,46295
266899,46295
80043,46295
242954,46295
264404,46294
4321,46294
15725,46294
175591,46294
222488,46294
76178,46294
271972,46294
190699,46294
228001,46294
277359,46294
290044,46293
225410,46293
268346,46293
217051,46293
33876,46293
229015,46293
52982,46293
9171,46293
265785,46292
187415,46292
248586,46292
189265,46292
140959,46292
219183,46292
231964,46292
180144,46292
114630,46292
4806,46292
89055,46291
269760,46291
235722,46291
217042,46291
125259,46291
173762,46291
141297,46291
190543,46291
272637,46291
285244,46291
246962,46291
250756,46290
286970,46290
183022,46290
194400,46290
237747,46290
293277,46290
214146,46290
208093,46290
282631,46290
33933,46290
143528,46289
254448,46289
229283,46289
201348,46289
48146,46288
269453,46288
133662,46288
279945,46288
201527,46288
129694,46287
283690,46287
277672,46287
229929,46287
122800,46286
263197,46286
217723,46286
293634,46286
177232,46286
265299,46286
265297,46286
120404,46285
292069,46285
249149,46285
248461,46285
228896,46285
223199,46285
224201,46285
19388,46285
283249,46284
268278,46284
292828,46284
147485,46284
285590,46284
249960,46284
208030,46283
112863,46283
291924,46283
140243,46283
152177,46283
285439,46283
226011,46283
293566,46283
137568,46282
2068,46282
102984,46282
215498,46282
263196,46282
161237,46281
42820,46281
86847,46281
272793,46281
182365,46281
285177,46281
236729,46281
192865,46281
10145,46281
177226,46280
194796,46280
28407,46280
290491,46280
264048,46280
864,46280
259767,46279
288978,46279
279854,46279
266280,46279
296201,46279
174904,46279
288262,46279
148524,46279
251549,46279
265092,46278
146068,46278
148172,46278
295752,46278
194509,46278
210119,46278
6984,46278
285255,46277
225212,46277
124039,46277
240566,46277
229335,46277
267483,46277
98017,46277
140058,46276
277034,46276
83338,46276
257954,46276
6803,46276
251182,46276
212810,46276
165270,46276
260112,46276
181511,46276
284420,46275
156509,46275
105698,46275
177992,46275
3024,46275
188265,46275
264683,46275
99061,46275
280486,46275
241060,46274
244232,46274
145906,46274
294309,46274
277829,46274
212107,46274
171550,46273
240797,46273
17304,46273
5609,46273
156312,46273
212292,46273
220638,46273
158841,46273
7546,46273
206575,46272
170582,46272
219993,46272
286831,46272
182433,46272
208472,46272
36859,46272
142597,46271
144729,46271
268846,46271
254307,46271
263199,46271
10901,46271
273615,46270
234715,46270
56499,46270
255684,46270
24565,46270
98815,46270
9725,46270
3510,46270
247885,46269
225708,46269
142978,46269
193632,46269
156197,46269
214170,46268
254413,46268
101770,46268
230552,46268
55308,46268
169670,46268
235184,46268
269512,46267
177433,46267
184396,46267
29030,46267
275765,46267
228186,46267
46992,46267
295798,46267
277622,46267
237864,46267
229568,46267
161130,46267
186433,46267
275176,46266
280613,46266
292540,46266
239403,46266
91987,46265
221394,46265
270560,46265
245220,46264
191300,46264
50826,46264
292560,46264
150443,46264
290864,46264
188654,46264
252367,46263
220570,46263
179487,46263
263386,46263
283230,46262
213659,46262
201036,46262
216633,46262
206611,46262
131886,46262
228298,46262
219950,46262
276536,46262
6643,46261
39426,46261
265127,46261
270821,46261
263022,46261
107702,46261
211908,46260
254730,46260
257158,46260
6607,46260
176298,46260
251390,46260
98278,46260
274795,46259
135303,46259
6122,46258
64297,46258
290837,46258
270092,46258
166613,46257
204147,46257
184892,46257
251715,46257
232906,46257
166276,46257
227042,46257
215499,46257
240194,46256
13895,46256
216236,46256
258318,46256
130735,46256
205936,46256
12338,46256
260357,46256
231675,46255
265893,46255
163415,46255
270992,46255
173886,46255
251557,46255
251330,46255
257029,46254
170638,46254
246819,46254
251854,46254
4687,46254
86297,46254
205252,46254
279753,46254
247114,46254
242663,46254
92812,46253
36240,46253
258176,46253
223028,46253
42541,46252
235117,46252
213497,46252
161278,46251
169461,46251
14074,46251
24028,46251
286902,46251
204673,46251
4333,46251
169779,46250
87698,46250
175478,46250
292337,46250
276048,46250
130870,46250
171039,46250
166569,46249
4750,46249
189550,46249
245784,46249
222806,46249
275768,46249
283686,46248
125034,46248
253026,46248
156274,46248
234992,46247
139236,46247
149008,46247
198174,46247
264629,46247
261549,46247
88351,46247
200551,46247
47848,46246
7625,46246
129475,46246
214761,46246
128042,46246
101615,46246
271027,46246
237241,46246
289530,46246
115422,46245
264406,46245
223573,46245
271039,46245
502,46245
193800,46244
229826,46244
278507,46244
490,46244
246573,46244
198902,46244
157298,46244
252631,46244
118418,46244
85499,46244
119393,46244
144888,46243
136760,46243
238139,46243
283548,46243
77657,46243
198072,46243
213250,46243
163791,46243
23447,46243
156608,46242
259630,46242
252644,46242
230609,46242
293141,46242
293567,46242
61352,46242
159732,46242
184878,46242
283952,46241
136217,46241
18605,46241
2116,46241
2331,46241
250509,46241
63189,46241
255327,46241
190790,46240
254807,46240
226248,46240
277779,46240
55691,46240
152182,46240
227847,46240
220286,46240
294465,46240
102171,46239
28165,46239
231056,46239
11970,46239
181813,46239
292189,46239
204223,46239
209135,46239
215975,46238
290565,46238
279275,46238
124375,46238
212216,46237
213903,46237
227310,46237
281896,46237
44493,46237
229028,46237
156176,46237
286058,46237
149181,46237
256764,46237
245968,46237
204952,46236
294809,46236
249824,46236
208477,46235
288656,46235
266930,46235
287459,46235
21268,46235
292018,46235
239850,46235
275769,46235
257751,46235
144827,46235
152213,46235
277018,46235
267530,46234
278529,46234
180552,46234
275035,46234
218469,46233
26854,46233
258283,46233
234268,46233
246846,46233
171428,46233
2492,46233
282548,46233
268115,46233
181447,46233
150620,46232
93524,46232
263690,46232
174476,46232
271225,46232
116576,46232
171647,46232
270035,46232
282109,46231
169628,46231
125181,46231
230691,46231
74877,46231
187686,46231
210418,46231
204668,46231
280403,46230
40259,46230
147414,46230
233058,46230
206256,46230
262037,46230
230792,46230
21530,46230
74016,46230
252124,46230
225941,46229
240420,46229
90383,46229
7171,46229
265381,46229
222958,46229
222399,46229
218063,46229
260004,46229
82625,46229
254720,46229
112087,46229
150618,46229
166104,46229
62893,46229
270199,46228
191813,46228
277128,46228
188573,46228
154921,46228
284649,46227
211473,46227
278217,46227
266017,46227
274610,46227
291223,46227
281729,46227
183437,46227
46637,46227
170245,46227
122201,46227
65775,46227
283298,46226
217754,46226
224714,46226
256827,46226
2531,46226
257523,46226
236349,46226
240527,46226
257206,46226
268452,46226
255266,46225
191597,46225
157362,46225
269694,46225
187648,46225
288071,46225
200256,46225
159924,46225
21814,46225
242170,46225
187800,46224
287794,46224
181371,46224
289742,46224
6410,46223
242640,46223
127246,46223
195875,46223
289234,46223
185167,46223
482,46223
244749,46223
290871,46223
193855,46223
134128,46222
291489,46222
289043,46222
109364,46222
248397,46222
268936,46222
4186,46222
225946,46221
264969,46221
272092,46221
154144,46221
25687,46221
186441,46221
267623,46221
226019,46221
24163,46221
237953,46221
279771,46220
105073,46220
247624,46220
198430,46220
268771,46220
288276,46220
62588,46220
283162,46219
201209,46219
281688,46219
105554,46219
239968,46219
286212,46219
191909,46219
235615,46218
253706,46218
238316,46218
34464,46218
255564,46218
4672,46218
138836,46218
19625,46217
247479,46217
238589,46217
206953,46217
223855,46217
22751,46217
162922,46216
256214,46216
250215,46216
270609,46216
251558,46216
276397,46216
50859,46216
293495,46216
266183,46216
269344,46215
141603,46215
135990,46215
29562,46215
81928,46215
227820,46215
291792,46215
219364,46215
106050,46215
184669,46214
261997,46214
226921,46214
2927,46214
246489,46214
209867,46214
56017,46214
285380,46214
288779,46214
153446,46213
106246,46213
266494,46213
238288,46213
207279,46213
161082,46213
219292,46213
280787,46213
65895,46212
295782,46212
291972,46212
177198,46212
157937,46212
201936,46212
244560,46211
284226,46211
129287,46211
216998,46211
235298,46211
296105,46211
237361,46211
192411,46211
19622,46210
174742,46210
249887,46210
47722,46210
160804,46210
182010,46210
3053,46210
268851,46210
294932,46210
176961,46210
243932,46210
212346,46209
283065,46209
118750,46209
289610,46209
223795,46209
180169,46209
79831,46209
281337,46209
92156,46208
28335,46208
281893,46208
247753,46208
284231,46208
257788,46208
135598,46208
203005,46208
235223,46207
237664,46207
24143,46207
238242,46207
17833,46207
266492,46206
245207,46206
264535,46206
273704,46206
282136,46206
181519,46205
201062,46205
132399,46205
9964,46205
284248,46205
284438,46205
189506,46205
279922,46205
29519,46205
89105,46205
248577,46205
217171,46204
290908,46204
154301,46204
281418,46204
180531,46204
18553,46204
182135,46204
239580,46204
144367,46204
114095,46203
257150,46203
224840,46203
158882,46203
136024,46203
69484,46203
856,46203
112883,46203
293049,46203
29516,46203
265279,46203
203158,46202
289865,46202
282379,46202
11567,46202
243093,46202
283404,46202
33446,46202
152502,46202
252882,46201
109051,46201
259948,46201
219442,46201
51610,46201
294886,46201
162784,46201
255400,46201
181479,46201
12194,46201
40940,46201
282428,46200
262408,46200
228356,46200
215759,46200
283360,46200
160031,46200
266075,46200
108674,46200
176355,46200
232703,46199
156818,46199
239064,46199
276875,46199
185121,46199
240326,46198
130263,46198
166702,46198
289915,46198
168646,46198
280271,46198
147359,46198
83508,46198
210608,46197
219321,46197
37881,46197
173101,46197
605,46197
178947,46197
197369,46197
35830,46196
294843,46196
217889,46196
104862,46196
276263,46196
222721,46196
10593,46196
284612,46195
7807,46195
15655,46195
275975,46195
263932,46195
236925,46195
29392,46195
219010,46194
291590,46194
87497,46194
278989,46194
224558,46194
10879,46194
265841,46194
144779,46194
287167,46194
267248,46193
230356,46193
295857,46193
221530,46193
159113,46193
178244,46193
227051,46193
4126,46193
266747,46193
286314,46193
256601,46193
293885,46192
162173,46192
264475,46192
238087,46192
255489,46192
187454,46192
193317,46192
238736,46192
192115,46192
45733,46191
288263,46191
281552,46191
183960,46191
221751,46191
247120,46190
12327,46190
239062,46190
130054,46190
249841,46190
80174,46190
253535,46190
3036,46190
181694,46190
263669,46189
212752,46189
253794,46189
203723,46189
293696,46189
236301,46189
293725,46189
274354,46189
292477,46189
101489,46189
244647,46189
262625,46189
274722,46189
194163,46189
162447,46188
242690,46188
222742,46188
199376,46188
202180,46188
181193,46187
175394,46187
280151,46187
8250,46187
138284,46187
404,46187
46284,46187
155499,46187
251655,46187
204988,46187
226061,46186
239524,46186
6112,46186
215907,46186
195127,46186
296270,46186
271232,46186
37120,46186
4422,46185
679,46185
174201,46185
184341,46185
273725,46185
191145,46185
59384,46184
289909,46184
247176,46184
246491,46184
269639,46184
123678,46183
17924,46183
219217,46183
11982,46183
289263,46183
177914,46183
216771,46182
257014,46182
43139,46182
257688,46182
292165,46182
208421,46182
269133,46182
235253,46182
275390,46181
173930,46181
278894,46181
15743,46181
232538,46181
199247,46181
287472,46181
209057,46181
207289,46181
208088,46181
168444,46181
259398,46181
153783,46181
228395,46180
257912,46180
221425,46180
256464,46180
194115,46180
250740,46180
229339,46180
282836,46180
64445,46180
246669,46180
573,46180
150543,46180
284576,46179
290928,46179
147479,46179
1293,46179
235788,46179
213936,46179
229584,46178
175475,46178
213917,46178
251176,46178
291004,46178
221024,46178
250683,46178
152400,46178
230168,46178
237192,46178
130539,46178
110143,46178
189892,46177
271612,46177
96613,46177
267000,46177
134800,46177
264299,46177
982,46177
148199,46177
230308,46176
189031,46176
252166,46176
233385,46176
56297,46176
242621,46176
226963,46176
265044,46176
227599,46176
278970,46176
283470,46176
295005,46175
237813,46175
186076,46175
236600,46175
205314,46175
217272,46175
23446,46175
200026,46174
27653,46174
229601,46174
255446,46174
74219,46174
277286,46174
12976,46174
257384,46174
79251,46174
56638,46174
269490,46173
47046,46173
135309,46173
287477,46173
217333,46173
120718,46173
239173,46173
122694,46173
109816,46173
94724,46173
174841,46173
227239,46173
254817,46173
287411,46172
190920,46172
242053,46172
231832,46172
110354,46172
270178,46172
188414,46172
232753,46172
4468,46171
144867,46171
279712,46171
241109,46171
247099,46171
199452,46171
133857,46171
32845,46171
228661,46171
292916,46171
232140,46171
230288,46170
237561,46170
266993,46170
266147,46170
107056,46169
269905,46169
241333,46169
160391,46169
204086,46169
35226,46169
98713,46169
228026,46168
149627,46168
150206,46168
282110,46168
266542,46168
189433,46168
261097,46167
180617,46167
197171,46167
113913,46167
229105,46167
199634,46167
11907,46167
125696,46167
287740,46167
235212,46166
237256,46166
195142,46166
245990,46166
217516,46166
253189,46166
271086,46166
16511,46166
262153,46166
55934,46166
286090,46166
290667,46166
262202,46165
102451,46165
151605,46165
20673,46165
188140,46165
145310,46165
284925,46165
252469,46165
109607,46165
252848,46165
296436,46165
110692,46165
285965,46165
117760,46165
193358,46165
40969,46164
282518,46164
44885,46164
15561,46164
203007,46164
201858,46164
3384,46164
220109,46164
98778,46163
229819,46163
80346,46163
80770,46163
245365,46163
15776,46163
277071,46163
286042,46163
222232,46163
207606,46163
234366,46163
99005,46162
155315,46162
234131,46162
276764,46162
258014,46162
295106,46162
240239,46161
258692,46161
279155,46161
234151,46161
159461,46161
268835,46161
285552,46161
21949,46160
208912,46160
195216,46160
229676,46160
253974,46160
293902,46160
166747,46160
78232,46160
288261,46160
63165,46160
167178,46160
156260,46160
291234,46159
266226,46159
191332,46159
113684,46159
269867,46159
256778,46159
270863,46159
90619,46159
181524,46158
145863,46158
159582,46158
117735,46158
268104,46158
255911,46158
284588,46157
282601,46157
178754,46157
22962,46156
207114,46156
162218,46156
261733,46156
252695,46156
212301,46156
269389,46156
295698,46156
269816,46156
30957,46156
1804,46156
17336,46156
31803,46156
264269,46155
53815,46155
266599,46155
278350,46155
201654,46155
290763,46155
109462,46154
164410,46154
295593,46154
262356,46154
245148,46154
105930,46154
223006,46154
127,46154
281132,46154
292245,46154
203849,46154
3905,46154
244184,46153
91144,46153
197648,46153
285860,46153
182486,46153
137311,46153
88938,46153
238535,46153
252049,46153
38728,46152
292930,46152
283950,46152
206730,46152
208211,46152
121656,46152
186034,46152
217641,46152
248125,46152
256298,46152
278599,46152
79428,46152
256657,46152
165995,46152
57586,46151
231305,46151
15795,46151
258459,46151
276581,46151
30069,46151
234577,46151
24934,46151
228700,46151
54783,46150
163137,46150
259921,46150
56919,46150
230431,46150
230898,46150
160525,46150
21760,46150
288761,46150
241223,46150
241156,46150
254275,46149
159873,46149
30240,46149
252581,46149
198073,46149
4403,46149
222821,46149
152263,46149
153552,46149
19596,46149
163308,46149
289038,46148
79267,46148
155236,46148
161664,46148
224508,46148
178889,46148
286876,46148
180541,46148
49581,46148
252958,46147
228330,46147
278980,46147
29944,46147
134274,46147
37772,46147
3308,46147
230331,46147
68136,46147
162026,46147
218409,46147
140218,46147
201801,46147
218512,46146
205324,46146
202648,46146
133914,46146
129129,46146
272639,46146
229618,46146
238644,46146
247746,46146
46609,46146
240575,46145
236448,46145
216632,46145
275892,46145
11004,46145
219201,46145
245801,46145
263015,46145
254289,46145
277706,46144
125596,46144
161727,46144
131312,46144
192747,46144
208813,46144
111757,46144
251859,46144
273802,46143
280764,46143
283498,46143
249907,46143
115385,46143
270786,46143
280931,46142
230961,46142
237564,46142
276774,46142
480,46142
279163,46142
272614,46142
171208,46141
217388,46141
98848,46141
246473,46141
59692,46141
48705,46141
201720,46141
269492,46141
265628,46141
186724,46141
50638,46140
195931,46140
195144,46140
51,46140
253830,46140
249733,46140
176400,46140
158859,46140
260068,46140
236916,46140
250430,46139
9434,46139
131250,46139
213508,46139
130156,46139
67769,46139
283780,46139
237187,46139
200135,46139
195762,46138
248927,46138
228211,46138
75860,46138
207466,46138
109877,46138
267613,46138
41668,46138
36441,46138
219137,46138
18448,46138
217593,46138
237849,46138
171756,46138
132637,46138
137887,46137
219099,46137
3967,46137
287169,46137
255005,46137
218184,46137
219000,46137
210355,46137
241908,46137
286070,46136
206524,46136
217565,46136
18668,46136
151597,46136
254005,46136
253628,46136
292446,46136
105156,46136
203638,46136
267681,46135
282863,46135
52582,46135
294340,46135
294061,46135
96719,46135
281677,46135
209431,46135
276955,46135
23745,46135
25798,46134
20804,46134
266359,46134
245444,46134
50007,46134
278835,46134
162825,46133
223011,46133
282965,46133
282515,46133
189924,46133
123373,46133
42739,46133
284126,46133
290661,46133
2145,46133
207368,46133
223086,46133
175064,46133
239263,46132
212938,46132
259472,46132
241452,46132
252810,46132
129038,46132
212159,46132
38638,46132
258840,46131
195946,46131
159004,46131
273665,46131
244222,46131
6826,46131
285018,46130
152334,46130
109644,46130
294526,46130
220367,46130
31866,46130
245431,46130
182209,46130
286555,46130
282156,46130
4772,46130
201606,46130
255993,46130
284583,46129
284186,46129
193847,46129
290007,46129
236658,46129
137615,46128
165260,46128
248631,46128
206442,46128
18058,46128
213768,46128
257647,46128
32828,46128
44954,46127
244216,46127
209245,46127
90675,46127
194005,46127
286608,46127
247710,46127
192188,46127
152208,46127
205970,46126
2649,46126
131696,46126
273945,46126
269799,46126
252666,46126
117512,46126
35184,46126
271312,46126
143817,46126
112453,46125
275997,46125
219756,46125
239075,46125
24026,46125
189587,46125
178809,46125
213622,46124
257302,46124
257377,46124
220872,46124
43077,46124
267963,46124
104868,46124
250551,46124
72692,46124
237643,46124
260641,46124
288008,46124
290316,46123
262476,46123
6440,46123
280976,46123
257167,46123
295561,46123
110380,46123
241583,46123
229960,46123
177035,46122
259012,46122
219904,46122
268466,46122
149720,46122
255868,46122
284427,46122
5944,46122
258442,46122
280165,46122
148363,46121
99599,46121
4502,46121
246408,46121
261987,46121
156544,46121
207006,46121
253699,46121
219373,46121
174946,46120
152267,46120
281213,46120
163588,46120
241513,46120
73475,46120
244942,46120
260832,46120
17603,46120
249988,46120
211296,46120
12302,46119
253341,46119
294008,46119
228322,46119
141662,46119
63219,46119
189151,46119
272011,46119
124628,46119
146456,46119
294752,46119
191491,46119
291748,46118
207078,46118
296325,46118
197244,46118
259454,46118
198147,46118
167635,46118
223283,46118
3714,46118
210950,46118
13164,46118
185080,46118
178776,46117
181162,46117
102105,46117
294307,46117
283252,46117
7375,46117
24238,46117
214,46117
288511,46117
245151,46117
16174,46116
188098,46116
266687,46116
290357,46116
267308,46116
284421,46116
260128,46116
92040,46115
243020,46115
269726,46115
269503,46115
246482,46115
266617,46115
236739,46115
165428,46115
207570,46114
214967,46114
164349,46114
147750,46114
231770,46114
181438,46114
238250,46114
271863,46114
235726,46113
289904,46113
249902,46113
258215,46113
283187,46112
262911,46112
281042,46112
10031,46112
207174,46112
281756,46112
160668,46112
190014,46112
240063,46112
148347,46112
71990,46111
19943,46111
23480,46111
216285,46111
238649,46111
5455,46111
70555,46111
236090,46110
155745,46110
227801,46110
197719,46110
225905,46110
267518,46110
173826,46110
194288,46110
183408,46109
21622,46109
199116,46109
257678,46109
196669,46109
148914,46109
25450,46109
216716,46109
204729,46109
200793,46109
218510,46108
175725,46108
219425,46108
278611,46108
251519,46108
259829,46108
96456,46108
15908,46108
264508,46108
57209,46108
144559,46108
267363,46108
274385,46108
252907,46107
202059,46107
212093,46107
287783,46107
245724,46107
293450,46107
230345,46107
218257,46107
221030,46107
226841,46107
288887,46107
140930,46106
282031,46106
203739,46106
263649,46106
251078,46106
214155,46106
165070,46106
31762,46106
185918,46106
185319,46106
132143,46106
285831,46105
29135,46105
158235,46105
256017,46105
253312,46105
131685,46105
254189,46105
176116,46105
294625,46105
206142,46105
165409,46105
201388,46104
211078,46104
275546,46104
220656,46104
230727,46104
56009,46104
271647,46104
1612,46104
110029,46104
148382,46104
249372,46104
228103,46103
255045,46103
205277,46103
282175,46103
223755,46103
125085,46103
202639,46103
102973,46103
283828,46103
20295,46103
246756,46103
572,46103
214297,46103
94823,46103
129384,46103
82230,46102
24529,46102
207708,46102
194252,46102
189996,46102
85388,46102
181391,46102
286509,46102
164442,46102
224853,46102
186909,46102
294018,46102
888,46102
292788,46102
164522,46101
277838,46101
257965,46101
150318,46101
283998,46101
228334,46101
225869,46101
278862,46101
10071,46100
238062,46100
134663,46100
257270,46100
173736,46100
273504,46100
225935,46100
215778,46100
179408,46100
188437,46099
233145,46099
240157,46099
154445,46099
153402,46099
273049,46098
238439,46098
196393,46098
183875,46098
6339,46098
188061,46098
167529,46098
205654,46098
266024,46098
251347,46097
7975,46097
206813,46097
39385,46097
94390,46097
273878,46097
145956,46097
184376,46097
254034,46097
289287,46097
187579,46097
40163,46097
258807,46097
280392,46096
273411,46096
282550,46096
266224,46096
