12607,100000
6727,53537
17122,51163
88236,50506
2038,49591
101550,49513
120306,49300
169733,49284
223563,49202
73191,48862
294778,48839
32336,48823
23036,48699
174807,48623
219026,48562
36537,48499
287879,48475
196442,48472
30687,48405
134767,48319
5015,48309
129759,48278
76659,48237
11466,48197
958,48154
74176,48145
258678,48124
19029,48113
38679,48074
20085,48060
224836,48048
135086,48034
195857,47986
292503,47980
286725,47972
168868,47943
10995,47931
43314,47928
8773,47921
229785,47897
234023,47887
627,47885
141805,47879
256964,47877
295844,47868
24593,47856
21931,47850
18247,47843
115057,47830
274456,47790
229346,47782
9409,47766
7607,47760
21975,47736
48070,47734
22954,47733
15458,47720
14037,47717
26884,47694
24577,47672
64345,47668
81451,47650
241293,47637
15990,47632
173312,47615
101537,47608
201814,47590
45058,47583
108439,47580
291295,47577
39648,47567
134289,47557
156292,47554
43708,47543
173124,47527
154113,47527
18994,47510
34559,47510
4658,47507
258976,47503
44877,47484
241347,47479
232472,47467
243607,47458
5258,47456
120724,47450
239788,47445
15385,47441
178804,47440
54259,47438
108457,47436
213532,47435
227224,47431
276468,47431
276066,47430
215188,47427
262301,47425
60933,47418
170013,47415
13041,47414
26035,47413
213876,47406
219767,47404
129439,47402
13217,47388
29117,47375
256706,47364
177187,47363
92393,47355
215579,47350
186116,47349
4840,47345
59461,47338
257415,47334
79991,47320
36840,47320
293428,47313
65306,47305
40525,47296
5655,47296
247975,47277
40784,47270
148970,47263
76224,47260
1141,47255
62775,47251
226916,47246
33564,47246
3304,47243
192471,47242
265309,47235
212992,47233
236657,47232
167843,47226
19009,47223
161009,47221
240676,47210
9229,47201
83713,47189
42980,47188
247232,47187
260510,47187
69592,47185
238834,47176
6033,47174
172842,47173
8268,47173
90389,47168
23481,47167
75189,47166
182746,47164
147138,47160
122427,47156
292710,47152
15725,47149
49407,47144
210262,47131
6326,47120
218857,47112
7636,47107
118723,47102
170902,47099
252158,47093
203598,47092
11965,47092
77163,47091
98674,47078
4397,47071
176264,47068
211250,47058
60700,47057
81525,47054
1013,47052
22520,47049
55274,47049
12336,47049
95788,47047
73845,47046
3222,47046
293539,47044
253165,47040
99522,47040
281081,47039
22011,47038
198556,47034
19962,47027
67800,47026
4814,47026
200531,47019
62408,47019
34246,47011
26797,47007
27187,47004
226416,47001
231058,46996
9958,46991
2784,46986
292057,46986
274790,46978
204485,46970
4573,46964
210325,46964
66169,46963
60153,46954
149404,46952
278233,46948
78782,46946
152573,46943
42432,46943
54355,46939
262467,46934
128820,46932
292971,46931
164462,46930
78476,46929
287467,46928
42673,46927
53175,46922
24224,46922
235131,46919
55830,46919
99595,46914
28168,46912
27475,46911
263941,46908
38159,46908
96270,46901
10955,46899
67969,46899
36975,46898
25190,46890
77421,46887
196517,46886
150099,46883
224322,46880
203758,46875
204329,46875
248910,46870
171581,46868
205089,46864
88664,46860
114982,46858
206711,46854
3847,46852
218012,46841
174831,46833
76664,46825
236611,46822
159466,46822
24536,46821
72136,46817
26165,46816
282239,46812
41128,46804
209857,46803
192682,46799
232066,46799
242827,46798
48532,46797
139430,46795
23627,46788
19003,46781
7530,46779
76049,46779
215645,46779
82528,46775
68545,46773
18033,46773
174173,46772
3946,46772
82588,46771
265704,46770
247802,46770
60180,46768
3181,46767
156282,46765
260842,46765
196468,46764
165351,46760
5029,46759
266222,46758
226229,46757
115653,46754
166749,46753
100405,46752
44875,46752
29599,46746
26289,46740
205594,46739
159926,46736
149381,46735
103747,46733
82021,46730
63185,46729
138778,46729
90374,46729
6613,46728
178731,46725
139093,46725
73824,46722
16138,46722
95786,46714
263792,46713
285046,46711
223572,46711
60093,46711
244885,46711
71072,46711
82970,46710
14537,46710
48941,46709
109343,46703
226296,46701
88776,46700
251526,46699
24532,46699
165488,46695
60787,46694
197049,46693
103474,46691
118919,46690
147835,46685
167182,46683
128957,46682
160094,46681
174495,46680
38880,46679
76498,46678
6929,46678
292619,46674
247180,46672
29194,46669
202706,46669
4878,46667
22482,46666
70935,46666
10616,46663
80630,46662
216424,46662
94764,46662
175845,46659
82817,46659
196046,46658
167228,46654
114682,46653
249911,46653
243158,46652
21413,46647
559,46643
293076,46639
205186,46638
69366,46636
21375,46635
153027,46635
257248,46634
26664,46629
266056,46628
278395,46628
280945,46626
237171,46625
7833,46625
280203,46622
6430,46621
18582,46620
182997,46619
158150,46618
259292,46615
158797,46614
122329,46613
186999,46611
136982,46601
19785,46601
221109,46600
204210,46598
54233,46597
210145,46590
85637,46584
187040,46580
234533,46580
150997,46579
268319,46579
236642,46577
71825,46576
63753,46575
82760,46574
86918,46573
208,46572
16117,46570
171755,46569
77405,46568
45957,46568
146385,46568
36676,46567
15063,46567
17196,46566
110862,46562
44348,46562
173263,46561
243991,46561
196657,46558
4457,46556
247020,46554
195609,46554
92950,46554
39228,46552
188216,46552
283830,46550
8611,46550
280356,46550
18761,46549
182945,46549
105019,46546
99432,46546
275900,46546
260223,46543
265220,46542
282140,46542
97602,46542
204568,46541
251914,46540
176974,46540
225781,46537
133241,46534
37656,46530
76907,46528
11209,46528
222781,46528
201427,46526
9587,46524
258487,46522
160437,46521
166233,46520
215032,46516
95233,46515
60065,46515
101437,46513
139133,46512
5766,46512
117667,46511
28328,46510
113037,46510
147730,46507
255533,46505
242218,46505
153644,46504
5269,46501
81974,46500
215847,46500
154016,46499
189223,46497
63425,46496
295398,46492
269571,46492
93702,46490
97558,46489
48375,46488
221768,46488
123376,46487
24855,46479
234975,46478
750,46476
270893,46476
270449,46474
254856,46470
216214,46470
174514,46468
159360,46467
253452,46463
257268,46462
44845,46460
153221,46459
289151,46458
18068,46456
205219,46451
230869,46451
89210,46447
13492,46447
212551,46447
253175,46446
206660,46445
56489,46444
50104,46444
220452,46442
126942,46442
174216,46439
33743,46438
99884,46437
129982,46436
122428,46434
42775,46429
280774,46429
30883,46429
12730,46428
206701,46427
94054,46427
131121,46426
63337,46426
108549,46425
34655,46418
55034,46416
244025,46416
195728,46411
248019,46411
2556,46407
92920,46404
231963,46402
238838,46402
39500,46400
295850,46399
35979,46399
75643,46397
65549,46394
122978,46394
8,46393
6001,46390
51428,46389
264300,46388
254280,46387
64551,46385
194997,46382
295878,46380
256700,46379
286549,46378
52339,46378
179688,46376
257453,46376
159791,46376
284424,46376
180705,46376
30276,46375
144279,46372
102622,46372
185085,46371
249140,46369
77901,46369
282659,46367
49797,46367
25259,46364
102039,46364
145800,46362
132719,46362
241186,46361
261791,46359
180514,46358
21468,46358
171151,46356
73864,46356
229901,46354
182333,46353
203808,46351
263438,46351
230724,46351
125081,46350
192779,46348
4881,46348
4458,46348
147240,46347
15549,46346
66040,46346
139030,46346
157225,46345
277031,46345
110686,46343
15352,46343
212169,46342
96487,46341
198541,46340
214877,46340
103815,46339
69186,46337
289566,46337
257541,46336
19843,46334
22341,46333
40156,46332
40945,46332
93040,46331
157172,46330
130180,46330
52563,46329
11249,46328
87642,46328
286322,46327
175783,46327
256086,46326
24970,46326
137559,46326
82880,46324
174578,46323
50156,46323
9831,46323
128451,46321
194384,46320
230846,46319
5387,46318
35484,46318
8525,46317
178443,46316
157976,46315
31528,46312
245157,46309
282295,46309
233317,46308
220127,46307
161212,46307
111517,46302
56155,46301
164502,46300
70143,46300
5796,46299
76610,46298
56765,46296
26450,46295
254390,46295
216984,46294
174,46294
277481,46293
257918,46292
287577,46292
218160,46292
288402,46292
212141,46291
89897,46290
6259,46289
107,46289
282378,46288
80590,46287
82718,46286
275987,46286
244629,46285
7927,46283
167574,46281
144436,46281
27481,46280
248543,46280
72040,46279
54016,46278
89060,46278
212188,46277
72919,46275
115692,46275
119645,46272
288556,46271
148809,46271
87339,46268
197850,46268
197801,46267
226377,46267
181997,46267
210296,46265
100276,46265
182404,46264
282262,46264
128595,46263
63089,46262
278258,46259
159765,46259
271790,46258
20737,46257
293573,46257
201421,46257
63689,46255
7345,46255
88136,46255
117887,46254
219548,46253
63547,46253
215682,46253
238940,46253
38540,46252
171949,46252
247016,46251
66747,46250
11996,46250
277204,46250
218735,46248
141797,46247
213619,46247
33349,46246
287098,46244
44462,46243
258927,46243
20336,46243
249689,46243
2023,46243
222861,46240
7904,46240
63036,46238
77059,46238
280154,46238
98194,46238
201404,46237
97339,46237
26217,46236
83769,46236
184727,46235
224625,46234
267160,46234
1741,46233
34008,46233
87095,46231
170240,46231
7171,46230
236490,46230
222871,46230
144769,46229
27278,46229
129654,46225
81530,46224
223408,46224
210448,46224
233399,46223
24639,46222
67239,46222
67655,46221
101390,46220
7483,46219
254407,46219
17218,46217
98838,46217
218372,46217
75806,46216
93986,46216
230217,46216
153757,46215
221709,46215
138364,46215
292426,46214
4288,46212
117949,46212
206600,46210
105795,46209
215318,46209
235305,46209
217424,46209
249226,46208
216248,46208
18500,46207
3795,46206
234002,46205
202835,46205
182239,46205
285745,46205
114375,46202
259568,46202
105133,46202
272679,46200
294930,46199
182575,46198
85580,46197
125874,46196
22317,46196
14975,46195
147078,46194
279980,46192
226121,46191
29500,46191
60244,46191
229516,46189
73737,46189
202260,46188
242739,46186
192755,46185
217106,46183
144221,46183
246657,46182
194937,46180
52,46178
203309,46177
277798,46176
249543,46176
5354,46176
262126,46175
53930,46173
291012,46173
276446,46172
188114,46171
145819,46171
181609,46169
98522,46169
8187,46169
1090,46169
57799,46168
189607,46167
76762,46165
70398,46164
282743,46164
16641,46163
279746,46162
100943,46162
245638,46161
151879,46160
37147,46160
186859,46160
258020,46159
7691,46159
165487,46159
230714,46155
254392,46155
291319,46155
166546,46155
197701,46154
28200,46154
192293,46154
294837,46153
204498,46152
23563,46152
9630,46152
152096,46151
252768,46151
156546,46149
30685,46147
2679,46146
254089,46146
33379,46146
88171,46145
278020,46145
162095,46144
25043,46144
233137,46142
100686,46140
296456,46140
2957,46138
274507,46137
127153,46136
18309,46136
267288,46135
10175,46135
272120,46129
264179,46129
112165,46129
148519,46128
105612,46128
27441,46127
202989,46127
39698,46127
173017,46125
141000,46125
287707,46124
229170,46124
185067,46124
51983,46124
205569,46123
186192,46123
160023,46122
185965,46121
183906,46120
3422,46120
96458,46120
2001,46120
49589,46118
285270,46117
42462,46117
135817,46117
56704,46116
209415,46116
279207,46116
86184,46115
13322,46115
138872,46115
37717,46111
39076,46111
199012,46110
273445,46110
261819,46110
145751,46109
10758,46107
27798,46107
177516,46105
5222,46104
150150,46104
181412,46103
62853,46103
272586,46101
209738,46101
244395,46100
38694,46099
168526,46099
11194,46099
74624,46098
238845,46098
23870,46097
116424,46097
4511,46097
19515,46097
146208,46096
248303,46096
293396,46096
48765,46096
264968,46096
101056,46095
3735,46095
282777,46094
49882,46093
239433,46093
164498,46092
193335,46092
240825,46090
266616,46088
128374,46088
38168,46088
188779,46087
8376,46086
28046,46086
295571,46086
163277,46085
191166,46085
261102,46084
77890,46083
286989,46082
165698,46082
1356,46081
181521,46081
145684,46080
115354,46079
230369,46078
174861,46077
209351,46077
134937,46076
269511,46074
228887,46073
72273,46073
275330,46072
211582,46072
2187,46071
263844,46071
46247,46069
233242,46068
7650,46067
232194,46067
145985,46067
27576,46067
147881,46067
228681,46066
17274,46065
52416,46063
4020,46063
147505,46062
211526,46062
37778,46061
228154,46060
225850,46060
206266,46059
280357,46058
271723,46058
225440,46057
100545,46057
232438,46057
29791,46056
131172,46055
274977,46054
100126,46054
203754,46053
130128,46053
203476,46052
67528,46051
274963,46051
3061,46050
211308,46050
230026,46050
253551,46050
234353,46050
230545,46050
143667,46050
116187,46049
56117,46049
236281,46049
12167,46049
19706,46048
57980,46047
245493,46043
185484,46042
254628,46042
220477,46041
82685,46041
197763,46040
275309,46039
208501,46037
220062,46035
8801,46035
237684,46035
271913,46033
110285,46033
182813,46033
240789,46032
118305,46032
42566,46030
57195,46030
32768,46030
143393,46028
171148,46027
154272,46027
222369,46026
12309,46026
118975,46026
119299,46026
31204,46026
152947,46024
36591,46024
78634,46024
171157,46023
131364,46022
217808,46022
177436,46022
108776,46022
137463,46021
50975,46020
6411,46020
24418,46020
280554,46020
255398,46020
221002,46018
122643,46017
289830,46017
26076,46015
7468,46014
144011,46013
50053,46013
89481,46012
266004,46011
224106,46011
213514,46011
156037,46011
19235,46011
82231,46010
291868,46010
139056,46010
139084,46010
86137,46009
250172,46008
172074,46007
48205,46007
22213,46006
125652,46006
35282,46006
105883,46006
262462,46004
225217,46004
15400,46002
217999,46002
36836,46002
140885,46001
135479,46001
104383,46000
218808,46000
120049,46000
110922,46000
101239,46000
95036,45999
209961,45999
258330,45999
295442,45998
11118,45997
260983,45997
227962,45997
188796,45997
220886,45997
161461,45996
103047,45995
85448,45994
4716,45993
200525,45992
4152,45991
294226,45990
207610,45990
94653,45990
286076,45989
1951,45988
11892,45987
274001,45984
132381,45984
177894,45983
36104,45983
18211,45983
147324,45983
43604,45981
276132,45981
280728,45981
217668,45981
41650,45981
238489,45980
182965,45980
295049,45979
93587,45978
207009,45977
2045,45977
7445,45975
281708,45975
65286,45975
143724,45973
264428,45973
96946,45972
32177,45971
41551,45970
7389,45970
162864,45970
269575,45969
39079,45968
259908,45966
293808,45965
161673,45965
23923,45963
120484,45960
187261,45959
206926,45959
279976,45959
230740,45958
287903,45958
43039,45958
15138,45958
31828,45956
58155,45955
182157,45955
24844,45955
253763,45954
203102,45954
137253,45953
212465,45953
645,45953
294767,45953
153242,45952
181520,45952
112573,45952
188426,45952
256670,45952
76639,45951
186783,45951
292679,45951
211370,45950
216570,45949
12288,45946
151845,45946
182778,45946
155744,45946
84552,45945
183813,45945
13991,45945
200777,45945
74178,45944
119938,45944
174361,45943
218856,45943
244193,45942
95504,45942
139860,45942
163514,45941
278158,45939
71799,45939
145767,45938
283774,45938
192358,45938
3447,45937
278262,45937
293319,45937
3933,45936
205814,45935
200733,45934
32891,45934
78395,45933
3896,45933
266699,45933
207796,45932
231186,45932
295792,45931
157619,45931
164506,45931
158165,45931
8687,45931
13055,45930
169421,45930
164762,45929
213412,45929
202304,45929
274904,45927
213469,45926
217550,45926
106614,45925
228123,45925
21730,45925
247789,45925
219060,45925
140246,45925
238125,45925
8662,45924
14523,45924
132744,45923
183015,45923
268709,45922
140316,45922
157795,45922
11338,45922
98225,45921
132630,45921
72527,45921
159627,45919
256741,45918
7615,45918
143990,45917
279525,45917
240122,45917
271132,45916
147867,45916
231508,45916
202530,45915
118215,45914
267553,45914
255898,45914
190728,45913
250252,45913
226272,45913
226332,45913
285496,45912
88534,45912
236840,45912
189215,45911
35112,45911
272674,45911
235727,45911
99777,45911
117987,45910
210039,45909
29864,45909
148742,45909
183257,45908
46104,45907
274286,45906
157889,45905
229759,45905
39187,45904
220524,45904
65889,45903
28876,45903
88602,45903
83366,45902
24785,45902
242673,45902
145143,45901
180987,45901
219031,45901
175886,45899
258846,45899
274750,45899
174932,45898
31575,45897
207578,45896
19192,45896
117866,45896
239504,45895
63096,45894
130721,45894
8821,45893
187426,45893
283233,45893
209824,45893
136664,45891
111282,45890
91538,45889
185998,45888
87492,45887
40571,45887
34488,45886
274030,45886
4924,45886
177087,45885
1240,45884
24907,45884
62950,45883
74759,45883
266454,45882
155883,45882
149769,45881
15348,45881
62497,45880
4210,45880
266815,45880
210037,45879
130737,45879
289631,45879
248027,45878
206531,45878
257795,45878
219695,45878
244745,45878
81082,45877
22290,45876
157039,45876
55896,45876
238794,45874
162593,45874
149023,45874
135120,45873
200585,45873
228787,45873
226738,45872
42063,45871
288807,45871
204263,45871
166051,45871
19187,45870
157152,45870
219587,45870
259487,45870
225166,45869
136316,45869
159258,45869
12632,45868
207267,45868
210443,45868
246593,45868
175338,45868
181271,45867
241814,45867
234389,45867
124548,45866
81527,45866
103098,45866
186555,45866
17204,45866
235483,45866
175592,45865
256455,45864
8523,45864
57048,45864
294169,45864
1757,45863
25427,45862
81697,45861
96691,45860
57789,45860
53067,45860
155044,45859
83767,45859
52143,45858
61947,45857
62147,45857
81696,45857
2807,45856
193563,45856
151873,45855
20167,45855
26954,45854
283416,45854
254075,45854
243289,45854
261902,45853
195798,45852
2261,45852
253437,45851
213131,45850
188804,45850
288098,45850
158467,45850
19692,45849
86799,45848
187976,45847
1461,45847
81985,45847
210227,45846
18573,45846
97496,45846
192605,45846
23121,45846
217974,45845
33520,45845
3897,45845
138782,45844
15350,45844
243066,45844
249653,45842
92366,45841
284605,45841
230673,45841
92998,45841
61799,45840
242316,45840
80154,45840
107870,45839
103712,45839
168159,45838
61351,45838
164652,45838
167462,45838
282424,45837
292003,45837
225168,45837
39800,45836
289156,45836
82971,45835
137999,45834
244229,45834
35710,45834
128709,45834
133937,45833
14671,45833
58085,45833
75853,45833
190960,45833
33018,45832
265503,45832
225962,45832
141100,45831
196200,45830
244967,45829
205346,45829
6271,45828
289370,45828
271021,45827
257411,45827
189917,45826
156590,45826
201702,45826
211216,45825
296392,45825
267771,45824
288806,45823
3062,45823
204304,45823
23409,45822
28514,45822
125301,45822
70784,45822
40975,45821
111431,45821
5418,45821
210340,45821
238414,45820
258580,45819
17420,45818
135146,45818
238690,45818
250022,45818
294361,45817
209690,45817
200596,45816
140711,45816
4817,45816
285898,45816
72064,45816
240225,45815
98360,45815
259544,45814
132645,45812
220213,45812
210932,45812
282665,45811
133913,45811
128829,45810
47132,45810
141138,45810
62335,45810
38185,45808
259139,45808
223589,45808
96372,45808
146224,45808
166392,45807
154184,45807
223856,45807
8458,45807
172693,45806
117483,45805
247974,45805
291374,45804
264327,45803
172035,45803
47795,45802
3949,45802
208635,45802
118980,45802
188899,45801
9941,45801
272690,45801
153739,45800
171471,45800
283699,45800
4100,45800
165371,45799
219204,45799
239796,45798
140048,45798
246989,45797
32387,45796
97988,45796
231747,45795
50628,45794
262142,45794
107214,45793
20897,45793
237075,45793
36337,45793
82657,45792
43341,45792
76112,45792
139735,45790
146884,45790
39852,45790
209611,45789
155085,45789
178606,45788
92350,45788
266879,45788
161244,45787
288218,45787
30518,45786
170347,45785
56994,45785
143035,45784
78870,45783
123852,45783
112982,45783
238048,45782
70573,45782
63143,45780
152231,45780
94930,45780
84037,45779
288846,45779
55281,45779
45370,45779
14000,45778
270054,45777
234784,45777
101465,45776
239112,45776
96973,45775
46678,45775
194033,45775
28609,45775
38470,45774
199358,45772
7542,45771
278309,45771
72872,45771
88764,45771
285688,45770
245697,45770
220119,45770
116006,45770
5519,45769
20036,45767
215492,45766
2188,45766
11637,45766
165898,45765
153512,45765
255973,45764
55304,45764
266848,45764
78276,45763
73375,45763
282449,45763
62490,45763
84801,45762
50193,45761
258194,45761
84131,45761
244042,45761
252492,45761
107633,45761
61400,45761
240242,45760
142483,45760
169882,45759
8577,45759
29037,45759
3918,45759
121745,45758
7920,45758
223020,45757
284469,45757
252800,45757
4089,45756
106045,45756
48987,45755
72790,45755
258505,45755
158144,45755
272258,45755
59974,45754
207649,45754
146845,45754
139397,45754
230183,45754
156380,45754
157951,45754
284187,45753
249305,45753
122384,45753
9365,45753
224679,45751
64599,45750
292527,45750
219644,45749
150387,45749
5703,45749
44269,45748
245541,45748
275641,45748
234589,45748
212429,45747
213919,45747
259351,45747
141742,45746
2791,45746
204121,45746
53233,45745
274994,45745
1973,45745
142867,45745
181414,45744
292380,45744
117429,45744
245938,45744
279387,45743
163831,45743
189722,45743
277551,45743
147341,45742
38569,45742
295600,45742
134273,45741
67712,45741
286463,45741
274871,45740
239605,45739
166902,45739
98982,45739
165554,45738
119243,45738
228757,45738
61036,45738
95502,45737
172369,45737
293210,45734
220190,45734
240029,45734
163319,45734
271480,45734
250915,45734
223661,45733
255518,45732
31387,45732
295702,45732
11072,45732
127217,45732
274643,45731
237716,45731
75838,45731
33631,45731
214165,45731
267037,45730
57029,45729
293246,45728
134236,45728
207754,45727
192347,45727
277457,45726
210035,45725
241166,45725
276624,45725
278113,45725
85957,45725
275081,45725
114467,45724
25595,45724
160685,45724
139066,45723
35475,45723
133586,45723
230555,45722
294422,45722
156806,45720
92517,45720
175593,45720
294308,45720
236155,45719
86780,45719
88220,45719
20152,45718
9181,45718
48343,45718
122535,45718
16964,45718
205667,45718
172590,45717
228000,45717
152659,45717
63276,45717
53022,45717
20031,45717
94962,45716
244960,45716
217705,45715
291439,45715
66682,45714
221469,45714
28748,45714
225182,45713
213596,45713
11497,45712
260464,45712
44218,45711
198845,45709
114387,45709
239081,45709
112132,45709
163295,45708
228809,45708
273374,45707
215698,45707
86116,45706
59657,45706
290920,45706
74183,45705
259334,45705
156267,45705
43885,45705
38305,45705
255687,45704
185782,45704
250321,45703
178684,45703
232236,45703
8480,45703
208276,45703
149636,45703
237002,45702
243812,45701
279430,45701
271695,45701
216368,45700
295320,45700
163228,45700
198871,45700
219362,45700
64810,45700
222146,45700
82223,45699
10488,45699
259667,45698
168511,45698
209498,45697
263404,45697
204826,45697
54669,45696
243430,45696
228114,45696
156204,45695
12638,45695
57367,45695
270287,45694
115648,45694
190369,45694
144157,45693
173208,45692
156328,45692
117015,45692
201552,45691
80132,45691
218516,45691
20592,45690
128213,45690
223766,45690
12745,45690
112007,45689
28462,45689
115577,45688
65665,45688
126303,45688
168367,45688
236633,45688
241718,45687
200933,45687
158054,45687
278485,45687
285241,45686
72544,45686
57634,45686
159014,45685
252906,45685
157342,45685
289789,45685
241382,45684
276918,45684
193001,45683
24603,45683
230719,45683
183752,45683
15490,45683
194736,45683
271113,45682
171095,45682
249103,45682
275089,45682
282405,45682
3175,45682
262432,45681
122931,45681
237452,45681
7640,45681
77020,45681
8282,45680
23123,45680
36496,45680
286749,45679
86423,45679
159587,45678
142136,45678
11010,45678
200957,45677
19020,45677
5227,45677
208032,45677
200900,45676
181566,45676
92418,45676
279973,45676
57119,45676
114393,45675
256295,45674
268353,45674
174430,45674
36973,45673
291676,45673
100784,45673
225198,45673
26566,45673
209376,45672
13301,45672
216460,45672
261840,45672
241079,45672
169997,45671
161884,45671
195241,45671
231435,45671
7034,45671
15699,45671
5214,45670
245119,45670
43069,45670
224443,45670
235674,45669
274681,45669
274190,45669
284267,45668
20407,45668
169246,45668
77928,45668
258101,45667
204575,45667
173874,45667
149298,45667
188325,45667
190731,45667
251483,45666
243841,45665
23998,45665
17598,45664
24841,45664
119615,45664
33942,45664
164774,45663
80681,45663
236389,45663
195967,45663
61674,45662
179304,45662
295175,45662
76211,45661
128330,45661
240878,45660
281173,45660
127024,45660
20433,45659
251014,45659
255786,45659
9191,45659
187171,45658
27129,45658
60125,45658
9767,45658
69141,45657
183028,45657
178690,45657
23698,45656
232737,45656
177186,45656
148722,45655
139022,45655
4400,45654
146918,45653
40369,45653
100939,45653
177452,45653
99945,45653
59779,45653
123890,45652
132673,45652
235066,45652
229350,45651
60462,45651
182547,45651
27922,45651
161743,45650
180122,45650
6788,45650
21167,45650
189676,45650
201860,45649
155088,45649
7838,45649
2641,45649
73420,45649
19760,45648
29470,45648
131471,45647
250877,45647
243005,45647
10661,45646
288058,45646
205276,45646
102608,45645
107467,45644
210866,45644
3340,45643
296188,45643
251315,45643
240515,45643
237133,45643
78532,45642
76213,45642
172017,45641
270364,45641
273119,45641
249188,45641
148075,45640
32547,45640
237886,45640
194360,45639
15491,45639
87298,45639
33177,45639
38622,45639
152932,45639
92835,45638
13387,45638
293485,45638
242055,45638
289690,45637
37663,45636
21441,45636
291482,45635
213767,45635
111799,45635
188226,45635
166277,45635
43924,45634
8713,45634
223980,45634
233222,45634
285343,45634
78193,45634
33614,45633
282039,45633
253518,45633
10566,45633
266465,45631
275584,45631
138813,45630
104956,45630
144878,45630
101128,45629
3603,45629
281938,45629
249222,45629
137794,45629
193814,45628
63981,45628
36052,45627
227056,45627
49333,45627
276765,45627
24951,45627
51246,45627
133518,45626
253387,45626
271982,45626
223051,45626
14281,45625
9410,45625
219571,45625
125866,45624
130480,45624
241422,45624
246208,45624
20740,45624
227386,45623
290277,45622
80434,45622
209729,45622
100171,45621
35866,45621
163460,45620
150114,45620
168531,45620
258833,45619
103726,45619
116875,45619
151959,45618
256093,45618
9666,45617
221823,45617
142314,45617
104639,45617
223014,45617
256680,45617
155414,45616
191064,45616
100532,45616
260557,45616
47756,45615
274586,45614
39037,45614
150306,45614
262976,45613
128313,45613
135431,45613
198002,45613
230275,45612
239076,45612
130800,45612
10209,45611
114511,45611
249672,45610
292520,45610
182669,45609
134,45609
17487,45609
287641,45608
218818,45608
11184,45608
167369,45608
61885,45607
41146,45607
44659,45607
262594,45607
190158,45607
272068,45607
89558,45606
205767,45606
282148,45606
20444,45606
256397,45605
4174,45605
181641,45605
235877,45604
151111,45603
85080,45603
107454,45603
294371,45603
189292,45602
104141,45601
267236,45601
75144,45600
66642,45600
18290,45600
44657,45600
61467,45599
135663,45599
207627,45599
188886,45599
294729,45599
120691,45599
25407,45598
168973,45598
126687,45598
144632,45598
212753,45598
43815,45598
22275,45598
22233,45598
125208,45597
279492,45596
133723,45596
69537,45596
158755,45596
268897,45596
42690,45596
295568,45595
184208,45595
144127,45595
252147,45595
274067,45595
1651,45594
102230,45594
263047,45593
215860,45593
220961,45593
5257,45592
65699,45592
101453,45592
147440,45592
18990,45592
67441,45592
255871,45591
268317,45591
139088,45590
126385,45590
43761,45590
15764,45590
34295,45589
69840,45589
88168,45589
128128,45588
256621,45588
202555,45588
119593,45587
233510,45587
283315,45587
31361,45587
181828,45586
70371,45586
164202,45586
221137,45584
19185,45584
103778,45584
291405,45584
195432,45583
212034,45583
2816,45583
143695,45583
236228,45583
12595,45583
79224,45582
239972,45582
293278,45582
821,45582
250164,45581
56849,45581
147245,45581
7376,45580
58908,45580
259362,45580
234637,45580
91229,45580
215891,45579
41690,45579
204181,45579
46818,45578
9133,45578
249354,45578
196389,45577
237994,45577
293469,45577
148194,45577
276535,45576
240269,45575
108658,45574
38249,45574
45752,45574
126885,45574
80384,45573
157737,45573
275659,45573
255895,45572
261638,45572
198713,45572
212825,45572
54177,45572
105754,45572
89849,45571
179590,45571
146569,45570
279330,45570
270038,45570
213045,45569
6321,45569
263226,45569
109878,45568
266314,45568
287801,45567
147998,45567
137293,45566
242406,45566
273007,45565
219770,45565
68837,45565
267643,45564
55955,45564
66120,45564
111000,45564
156406,45564
999,45563
79506,45563
57071,45563
217104,45562
223206,45562
203672,45562
200598,45561
219126,45561
46731,45560
28780,45560
210246,45560
52245,45560
171092,45559
149063,45559
247712,45558
290458,45558
189723,45558
7658,45557
93691,45557
112683,45556
143062,45556
133085,45556
67429,45555
29841,45555
228998,45555
94893,45555
1065,45554
122079,45554
1845,45554
183289,45554
97141,45554
201013,45553
257017,45553
160598,45553
108700,45552
7116,45552
30455,45552
144485,45551
146928,45551
28119,45551
150052,45551
162108,45550
136513,45550
127930,45549
223384,45549
60394,45549
266263,45549
251638,45549
188022,45548
14308,45548
65305,45548
148584,45548
10475,45548
5319,45548
9147,45548
25110,45547
39822,45547
286244,45547
11094,45547
246614,45547
5566,45547
245866,45547
234312,45546
132337,45546
236573,45545
185655,45545
137409,45545
247702,45545
111380,45545
255537,45545
173677,45544
190619,45544
213947,45544
8335,45544
88715,45544
127670,45543
264975,45543
17944,45542
82217,45542
243754,45541
217489,45540
175056,45540
294174,45540
242145,45540
269958,45539
233956,45539
1126,45538
186703,45538
230949,45538
233843,45537
247478,45536
285373,45535
88064,45535
247730,45535
200015,45535
35523,45534
2156,45534
251416,45534
171822,45534
259466,45534
166812,45534
46935,45533
201447,45533
111358,45533
267061,45532
39566,45532
210209,45531
5504,45531
239672,45531
24152,45531
276413,45530
231599,45530
145704,45530
22551,45530
143337,45530
13087,45529
119746,45529
11452,45529
262123,45529
9137,45529
225026,45528
216201,45528
30983,45528
277101,45528
88884,45527
98992,45527
53414,45527
96013,45527
87690,45526
191051,45526
218787,45526
235255,45526
261601,45526
221437,45526
161557,45525
295893,45525
281868,45525
236905,45525
208869,45525
259145,45524
120430,45524
146417,45524
162000,45524
207670,45524
166568,45524
260865,45524
209392,45523
280305,45522
8403,45522
175216,45522
33831,45522
295375,45522
264086,45522
213271,45521
85032,45521
192981,45520
236088,45520
20070,45520
235,45519
178078,45519
131576,45519
16390,45518
21345,45518
247328,45518
65431,45518
227901,45517
244970,45517
56689,45517
283865,45517
120818,45517
183344,45517
4326,45517
280585,45516
115404,45516
33083,45516
287796,45516
172778,45515
261740,45515
229064,45515
254981,45515
251928,45515
104756,45514
234748,45514
229907,45514
225114,45513
8583,45513
8082,45512
253849,45512
293093,45511
111554,45511
41318,45511
234165,45510
220259,45510
268687,45510
174384,45510
214475,45510
177773,45509
8177,45509
129594,45509
73814,45509
12681,45509
266108,45508
270116,45508
293260,45508
117619,45508
176344,45508
72709,45508
7271,45508
19355,45507
238603,45507
70244,45507
22061,45507
175683,45507
52499,45506
274993,45506
89064,45506
106031,45506
32292,45506
265190,45505
65624,45505
214415,45505
71301,45504
16946,45504
92413,45504
166574,45504
273646,45504
20067,45504
246873,45504
175919,45503
262322,45503
261581,45503
155371,45503
14497,45502
165620,45502
225112,45502
23484,45501
188894,45501
188227,45501
6053,45501
54173,45500
193299,45500
134124,45499
262737,45499
279145,45499
9482,45498
104176,45498
133474,45498
181389,45498
236266,45497
24387,45497
188940,45497
229702,45497
292212,45497
7621,45497
289048,45496
33619,45496
6524,45496
4430,45495
8608,45495
19817,45495
78171,45495
265936,45495
278879,45495
161824,45495
258820,45494
253353,45494
166305,45494
242179,45494
137032,45493
49810,45493
28603,45493
113836,45493
21837,45492
21913,45492
106145,45492
147846,45492
32664,45492
135231,45491
132376,45491
157649,45491
73306,45490
35723,45490
131873,45490
233206,45490
212011,45490
158494,45489
138097,45489
9216,45489
129466,45488
9796,45488
19036,45488
98417,45488
93573,45487
284,45487
84359,45486
206243,45486
97137,45486
195236,45485
2954,45485
191556,45485
6184,45485
5753,45485
238186,45485
219643,45485
281257,45484
230628,45484
119245,45483
207752,45483
209638,45483
7924,45483
102470,45482
220375,45482
221678,45482
37531,45482
277208,45482
204429,45481
21812,45481
204504,45481
273316,45481
272352,45481
247876,45480
159193,45480
183803,45480
61784,45479
223351,45479
69976,45479
167681,45479
68801,45478
173328,45478
247083,45478
8013,45478
284873,45478
34166,45478
290170,45478
153374,45478
161091,45477
104173,45477
223267,45477
182780,45477
269068,45476
248487,45476
261219,45476
284327,45476
261539,45475
158121,45474
253107,45474
198499,45474
237213,45473
289612,45472
130923,45472
218650,45471
98770,45471
63505,45471
251293,45470
141250,45470
251886,45470
197507,45470
13524,45470
53265,45470
246702,45469
254173,45469
265615,45469
37585,45469
251246,45469
59728,45469
121760,45469
253253,45469
73543,45469
176943,45468
227551,45468
240755,45467
292924,45467
199471,45467
180182,45466
148651,45466
3270,45466
40433,45466
286571,45466
11344,45465
266928,45465
256347,45465
91214,45465
281069,45465
204164,45464
135543,45464
32662,45464
162988,45464
192698,45464
291713,45464
177062,45464
169034,45464
1247,45464
259204,45463
216222,45463
137922,45463
281741,45463
225273,45463
242163,45463
14867,45463
236218,45463
166815,45461
65293,45461
232826,45461
143718,45461
127990,45461
78530,45461
13764,45460
174264,45460
63877,45460
254853,45460
277880,45459
91421,45459
279925,45458
16109,45458
192224,45458
11638,45458
116230,45458
263811,45457
157403,45457
6760,45457
191737,45457
155637,45456
274513,45456
252061,45456
189743,45456
98485,45456
3472,45456
222667,45456
145259,45455
251511,45455
222209,45455
195322,45455
143399,45454
232640,45454
163152,45454
59884,45454
94476,45454
261483,45454
49329,45453
231994,45453
249012,45453
32391,45453
66790,45453
246186,45452
153399,45452
12701,45452
76227,45452
285474,45452
281407,45452
271069,45452
96096,45451
232867,45451
220016,45451
101868,45450
259158,45450
13038,45450
208062,45450
29963,45450
132603,45450
14788,45450
8862,45449
162484,45449
178373,45449
7441,45449
96930,45449
29202,45449
283874,45448
215185,45448
246312,45448
104963,45448
5304,45448
288878,45448
5774,45448
57859,45447
84578,45447
4069,45447
37345,45447
295661,45446
173034,45446
242490,45446
179110,45446
211519,45446
113346,45446
122716,45445
238244,45445
113537,45445
206076,45444
279917,45444
139405,45444
92579,45444
41460,45444
125523,45444
6039,45444
86565,45443
291165,45442
130416,45442
221196,45441
2889,45441
197085,45441
50940,45441
278248,45441
282823,45441
248711,45441
204901,45440
86115,45440
253784,45440
276791,45440
174738,45440
41799,45440
5661,45440
164276,45440
11815,45439
289352,45439
125629,45439
196973,45439
220887,45438
189246,45438
2682,45437
78528,45437
50061,45437
296512,45436
919,45436
196829,45436
123770,45436
246818,45436
179034,45435
76902,45435
191220,45435
246707,45435
132099,45435
279079,45435
219915,45435
23797,45434
210333,45434
54798,45434
65710,45434
66946,45434
4384,45433
244833,45433
234400,45433
117986,45433
178547,45433
170971,45432
254514,45432
165594,45432
237089,45432
215237,45432
229422,45431
174268,45431
129665,45431
160035,45431
263658,45430
221597,45430
272538,45430
152645,45430
174778,45430
291008,45429
90380,45429
10041,45429
32206,45429
262191,45429
227199,45429
282848,45429
214196,45429
39790,45429
215199,45428
80224,45428
41897,45427
79977,45427
70543,45427
245515,45427
187870,45427
136537,45427
212060,45427
11198,45427
88743,45426
219236,45426
1781,45426
283579,45425
68519,45425
245970,45425
14036,45425
166713,45424
134036,45424
296154,45424
72590,45424
62593,45424
244811,45424
49584,45424
3773,45423
124649,45423
33392,45423
71026,45423
289329,45423
235594,45423
124916,45423
219273,45423
199737,45423
196994,45422
247039,45422
61305,45422
60127,45422
84722,45421
72675,45421
18603,45421
483,45421
263539,45421
248435,45421
124786,45421
101267,45420
285491,45420
221026,45420
25145,45420
175089,45420
252560,45420
16014,45420
100836,45419
235355,45419
72110,45419
15027,45419
281041,45419
235417,45419
62851,45419
211461,45418
162470,45418
183619,45418
241175,45418
54238,45418
207147,45417
30418,45417
113301,45417
143135,45417
211919,45417
99272,45417
62157,45417
119197,45417
270571,45416
16245,45416
237596,45416
150290,45416
7827,45415
274074,45415
145787,45415
141995,45415
90205,45415
7723,45415
48293,45414
14201,45414
13320,45414
115440,45414
7553,45413
32617,45413
168591,45413
200977,45413
171815,45413
184856,45413
15098,45412
266114,45412
259917,45412
293997,45411
291521,45411
161418,45411
5259,45411
283374,45411
64788,45410
182827,45410
116834,45410
12576,45410
70069,45410
224571,45410
226563,45410
89643,45409
256887,45409
221111,45409
61418,45409
104416,45409
184388,45408
36331,45407
15809,45407
77406,45407
162010,45407
234572,45407
105530,45407
210378,45406
7090,45406
152806,45406
294092,45405
190563,45405
143738,45405
143973,45405
9006,45405
12187,45405
289303,45405
2937,45404
168964,45404
94985,45404
229530,45404
267327,45404
60518,45404
6422,45403
192625,45403
89441,45403
149988,45403
183720,45403
227485,45403
122579,45402
62084,45402
161460,45402
61859,45402
224241,45401
100335,45401
42222,45400
52287,45400
188578,45400
214696,45400
76468,45400
286308,45400
207340,45400
99469,45399
222083,45399
50393,45399
43629,45398
9263,45398
176162,45398
143140,45398
222131,45398
238827,45396
255358,45396
86752,45396
289013,45395
281754,45395
33943,45395
213314,45395
86030,45395
231079,45395
256202,45394
279585,45394
197334,45393
219713,45393
99886,45393
209350,45392
22258,45392
168394,45392
255234,45392
204457,45392
284529,45391
269308,45391
245895,45391
189276,45391
87376,45390
148614,45390
27712,45390
282489,45390
44925,45390
160000,45390
206700,45390
150106,45390
57246,45390
218230,45389
111689,45389
125183,45389
170799,45389
236297,45388
287962,45388
30288,45388
272891,45388
87720,45388
130476,45387
156529,45387
156193,45386
285205,45386
110266,45386
171521,45386
99478,45386
247279,45385
21463,45385
268782,45385
180286,45385
269560,45385
281113,45385
122480,45385
287871,45384
220611,45383
149967,45383
276383,45383
189409,45382
70412,45382
150107,45382
268356,45382
266727,45382
69232,45382
167053,45382
39945,45381
9158,45381
251448,45380
19481,45380
275252,45380
189118,45380
251131,45380
269335,45379
285604,45379
22890,45378
193209,45378
252664,45378
211789,45378
140270,45378
73533,45378
264802,45377
2210,45377
212026,45377
166450,45377
14200,45376
157370,45376
138083,45376
22555,45376
148680,45375
257419,45375
289539,45375
32992,45374
51131,45373
13019,45373
142999,45373
253049,45373
287884,45373
204533,45372
248246,45372
158177,45372
36468,45372
41129,45372
150191,45372
211289,45371
248881,45371
226106,45370
212699,45370
291383,45370
253250,45370
219879,45369
160565,45369
256690,45369
260558,45369
734,45368
37636,45368
213681,45368
19356,45368
171335,45367
227318,45367
287534,45367
198228,45367
137092,45367
49916,45366
83694,45366
48193,45366
259633,45366
169323,45366
281032,45365
188603,45365
97570,45365
195457,45365
150772,45364
29002,45364
248701,45364
223772,45364
21582,45363
145173,45363
9594,45363
205357,45363
34661,45362
220969,45362
154223,45361
100799,45361
266554,45361
52795,45361
135821,45360
235359,45360
43380,45360
270986,45360
285169,45359
283402,45359
248349,45359
196180,45358
75519,45358
131464,45357
134442,45357
80795,45356
282107,45356
223827,45356
108132,45356
285549,45355
18541,45355
15450,45355
40898,45355
187205,45354
55891,45354
258737,45354
10098,45354
199022,45353
221913,45353
266470,45353
215129,45353
265055,45353
45367,45352
239432,45352
2128,45352
13776,45351
14826,45351
83586,45351
284937,45351
104271,45351
259520,45351
177813,45350
57678,45350
25032,45350
223024,45350
5488,45350
248519,45349
228196,45349
26620,45349
229893,45348
40100,45348
167682,45348
40564,45348
47788,45348
171345,45347
154249,45347
274158,45347
2529,45347
166664,45347
19756,45347
216090,45347
186188,45347
28853,45346
86663,45346
117678,45346
122067,45346
5936,45346
32162,45345
268700,45345
26303,45345
166819,45345
54326,45345
180217,45344
205859,45344
229262,45344
238569,45344
39327,45343
53389,45343
260525,45343
251158,45343
26890,45342
207286,45342
227104,45342
282464,45341
29937,45341
117577,45341
115160,45341
257272,45341
251834,45341
22104,45340
7617,45340
79985,45340
267221,45340
198810,45340
247589,45339
272880,45339
272683,45339
234461,45339
262196,45338
22211,45338
203543,45338
265006,45338
256421,45338
26506,45338
93729,45338
267076,45337
218780,45337
160521,45337
4147,45337
266254,45337
258698,45337
204788,45337
70900,45336
72477,45336
184537,45336
21821,45336
280658,45334
30264,45334
46316,45334
7858,45334
235910,45333
277367,45333
160293,45333
1383,45332
172771,45332
227129,45332
1304,45331
52750,45331
119576,45331
207514,45331
25406,45330
11963,45330
285900,45330
201902,45330
205394,45330
131510,45330
269489,45330
230272,45330
289319,45330
286822,45330
41195,45330
135765,45330
4137,45329
239571,45329
184950,45329
158297,45329
207276,45329
294274,45328
133302,45328
290622,45328
211397,45327
280708,45327
235249,45327
291830,45327
174258,45327
280940,45327
62664,45327
69070,45327
59711,45327
31631,45327
221356,45327
150691,45326
155994,45326
233862,45326
60817,45326
285497,45326
228233,45326
223105,45326
90763,45326
3029,45325
148721,45325
88968,45325
239248,45324
9254,45324
293476,45324
187042,45324
253348,45324
237651,45324
139696,45323
275411,45323
44523,45323
16824,45323
9722,45323
276511,45322
86717,45322
134233,45322
294522,45322
153849,45322
197828,45322
175177,45322
190796,45322
216272,45322
47072,45321
68778,45321
32346,45321
79204,45321
2962,45321
274569,45321
62672,45321
291203,45321
55991,45320
288792,45320
255257,45320
248044,45320
29025,45320
11644,45320
15917,45320
104082,45320
200786,45319
219429,45319
97440,45319
285391,45319
133285,45319
207167,45319
44926,45319
65264,45319
186804,45318
210614,45318
16509,45318
168259,45318
149771,45318
126436,45318
105014,45317
281089,45317
47158,45317
195374,45317
97338,45317
68689,45316
247106,45316
75240,45316
16554,45316
216184,45316
114030,45316
8083,45315
229617,45315
171768,45315
80987,45315
10364,45315
272135,45315
201754,45315
128431,45314
294296,45314
224667,45314
50005,45314
193023,45314
209694,45314
103351,45314
226996,45313
198409,45313
280971,45313
81555,45313
276694,45313
10235,45312
242056,45312
191394,45312
295553,45312
58064,45312
289406,45312
162165,45312
23891,45312
172113,45312
85186,45311
59566,45311
255281,45311
97939,45311
288956,45311
63559,45310
185292,45310
151130,45310
47225,45310
119923,45310
51966,45310
168398,45310
281733,45310
135412,45309
291654,45309
8507,45309
262371,45308
69064,45308
160056,45308
114505,45308
126736,45308
91352,45307
151896,45307
139741,45307
7653,45307
142773,45307
271494,45307
258375,45307
195086,45307
275491,45307
220553,45306
228017,45306
116757,45306
238455,45306
35862,45306
151808,45306
29234,45306
284741,45305
11046,45305
174445,45305
85406,45305
140268,45305
132688,45304
293010,45304
188947,45304
260245,45304
242389,45304
16931,45303
237034,45303
590,45303
153160,45303
107132,45303
241127,45303
175071,45303
24865,45303
23330,45303
13400,45302
247353,45302
186702,45302
184360,45302
286125,45301
27435,45301
124273,45301
59455,45301
187256,45301
7742,45301
69910,45300
34625,45300
210685,45300
276493,45299
111167,45299
23615,45299
16489,45299
165192,45299
150825,45298
119999,45298
122680,45298
30435,45298
14166,45298
193094,45298
294,45297
3016,45297
233698,45297
131276,45297
230049,45296
135018,45296
8042,45296
222844,45296
153529,45296
283379,45296
178936,45295
268867,45295
63454,45294
170093,45294
64759,45293
18691,45293
194981,45293
277239,45293
203585,45292
325,45292
161584,45292
227724,45292
8352,45292
153383,45292
96781,45292
169058,45291
1450,45291
102127,45291
160719,45291
290885,45291
2458,45291
123958,45291
72893,45291
194577,45290
151615,45290
145886,45290
32169,45290
108859,45290
64590,45290
129844,45290
189928,45290
137344,45289
117409,45289
274865,45289
285854,45289
229900,45289
272003,45289
237824,45288
10999,45288
69381,45288
99210,45288
210613,45288
277201,45288
58216,45288
263693,45286
32841,45286
187344,45286
262430,45286
70608,45286
198428,45285
177658,45285
233463,45285
216978,45285
13858,45284
187131,45284
20353,45284
230012,45284
199080,45284
216407,45284
25822,45283
137519,45283
39288,45283
106600,45283
242465,45283
53509,45283
91093,45283
189042,45282
48962,45282
1411,45282
44323,45282
286197,45282
278018,45282
264369,45281
212525,45281
258875,45280
96915,45280
269316,45280
99590,45280
165457,45280
41403,45280
130977,45279
63387,45279
264207,45279
24182,45279
269524,45279
72914,45278
43664,45278
158599,45278
50175,45278
174731,45278
148701,45278
178865,45278
209722,45277
151146,45277
11648,45277
95304,45277
224863,45277
28766,45277
222993,45277
4227,45277
267789,45277
194515,45276
166570,45276
11977,45276
104541,45276
9690,45276
286050,45276
60234,45276
3875,45276
236637,45276
38831,45276
275292,45275
273982,45275
75645,45275
34944,45275
152054,45275
132375,45275
140749,45274
220413,45274
290032,45273
179661,45273
59805,45273
177791,45273
176099,45273
96290,45272
137652,45272
130098,45272
215763,45272
93360,45272
11161,45272
96069,45272
163850,45271
206279,45271
8402,45271
189064,45271
1577,45271
118784,45271
264448,45270
176179,45270
278660,45270
279939,45270
103135,45270
18054,45270
270910,45270
103069,45270
27759,45269
11022,45269
289380,45269
181362,45269
20616,45269
137969,45268
195111,45268
255992,45268
173460,45268
48925,45268
217833,45267
271452,45266
171832,45266
140103,45266
248503,45266
1944,45266
269908,45266
109852,45266
233668,45266
147099,45265
44843,45265
231333,45265
58214,45265
127660,45265
47428,45265
245658,45265
195410,45265
230201,45265
29319,45264
74423,45264
180732,45264
78400,45264
211662,45264
85360,45264
39492,45264
50831,45264
235042,45264
285779,45263
180115,45263
219416,45263
93356,45263
200517,45263
242128,45263
192650,45263
42330,45263
62292,45262
76916,45262
205554,45262
276259,45262
276121,45262
271005,45262
87402,45261
39124,45261
172592,45261
73947,45261
280452,45261
170594,45260
203078,45260
52297,45260
225051,45260
89167,45260
206892,45260
45666,45260
47844,45260
204199,45259
110679,45259
87050,45259
202057,45259
238857,45259
231786,45259
222428,45259
271883,45259
11672,45259
165777,45259
150352,45258
50041,45258
46655,45258
26582,45258
184609,45257
273850,45257
225669,45257
44865,45257
265289,45257
32746,45257
196429,45257
42125,45257
176663,45257
46837,45257
88677,45257
96534,45256
117220,45256
295044,45256
2082,45255
195812,45255
257324,45255
294059,45255
107829,45254
274254,45254
237612,45254
99412,45253
198202,45253
45927,45253
193109,45253
36668,45253
197968,45253
164800,45252
2700,45252
37492,45252
123540,45252
256302,45252
273901,45252
70868,45252
55720,45251
21552,45251
43818,45251
268697,45251
143199,45250
69582,45250
253729,45249
253510,45249
170668,45249
250952,45249
256851,45248
216258,45248
282655,45248
278486,45247
265953,45247
254195,45247
266950,45247
223258,45247
80669,45247
193422,45247
96222,45246
296126,45246
218664,45246
209046,45246
182807,45246
131209,45245
153194,45245
7003,45245
62041,45245
197504,45245
214833,45245
92975,45245
257930,45244
168086,45244
33404,45244
113792,45244
165806,45244
48345,45244
5213,45244
241627,45243
48260,45243
44475,45243
270303,45243
284095,45242
231057,45242
133568,45242
224618,45242
281330,45242
290715,45241
159228,45241
234255,45241
235164,45241
246023,45241
20216,45241
151691,45241
182959,45240
13671,45240
33543,45240
10469,45240
147649,45240
27683,45240
159151,45240
148541,45240
89155,45240
68841,45239
228412,45239
65297,45239
68769,45239
257057,45239
272611,45239
8902,45239
269781,45239
231905,45239
25452,45239
181125,45239
259484,45239
185243,45238
26723,45238
257290,45238
134970,45238
190309,45238
53474,45238
42341,45237
7269,45237
145804,45237
175662,45237
125675,45237
280953,45236
285770,45236
269601,45236
80045,45236
159163,45236
225647,45235
269940,45235
86104,45235
248902,45235
14057,45235
20504,45235
19297,45235
284123,45235
24788,45234
22049,45234
33444,45233
245216,45233
236739,45233
163134,45233
196333,45233
87104,45233
294208,45233
195605,45233
128889,45233
94652,45233
295918,45233
73077,45232
199962,45232
10077,45232
100160,45232
149239,45232
27096,45231
136182,45231
88389,45231
53847,45231
203470,45230
98585,45230
125591,45230
49195,45230
25034,45230
287262,45230
271839,45229
398,45229
199975,45229
280261,45229
272813,45229
231618,45229
228759,45229
80875,45228
238496,45228
254693,45228
257348,45228
67822,45227
259252,45227
127716,45227
220529,45226
214085,45226
217455,45226
122118,45226
85177,45226
170974,45226
73973,45225
135681,45225
276754,45225
28376,45225
140382,45225
127854,45225
252160,45225
165643,45224
261089,45224
103332,45224
270771,45224
271561,45224
92500,45224
223916,45224
266577,45223
8134,45223
184711,45223
169486,45223
55634,45223
213230,45223
269324,45222
215888,45222
159895,45222
287941,45222
82028,45222
294128,45222
14988,45221
193933,45221
3803,45221
69664,45221
271664,45221
125728,45221
273810,45221
86404,45221
182395,45221
125906,45221
293413,45220
86544,45220
71555,45220
17265,45220
239364,45220
9144,45220
100531,45220
222895,45219
250894,45219
173735,45219
280374,45219
212976,45218
141568,45218
112722,45218
139382,45218
115546,45218
142935,45218
281936,45217
126961,45217
30149,45217
97369,45217
92907,45217
180067,45217
248277,45216
149811,45216
124794,45216
200855,45216
4391,45215
277222,45215
279215,45215
88833,45215
278919,45214
210067,45214
268845,45214
114869,45214
144872,45214
212914,45214
85830,45214
21213,45213
57256,45213
283677,45213
278797,45213
258185,45213
77519,45213
264581,45213
255746,45213
238256,45213
260255,45212
264808,45212
63791,45212
269655,45212
53215,45212
280339,45212
143419,45212
228512,45212
244727,45211
21310,45211
37464,45211
197708,45211
289826,45211
108198,45211
243798,45211
185763,45211
21322,45211
190707,45211
159850,45210
249256,45210
117683,45210
15745,45210
287206,45210
120761,45210
269682,45210
274893,45210
145972,45210
225658,45210
192735,45209
114223,45209
5801,45209
74762,45209
118327,45209
288630,45209
88671,45209
189754,45209
247899,45209
206588,45209
247173,45208
188070,45208
265170,45208
28494,45208
198478,45207
76355,45207
188009,45207
100673,45207
53969,45207
102048,45207
68898,45207
183636,45207
119618,45206
103308,45206
29631,45206
14830,45206
205636,45206
2531,45206
295548,45206
109177,45206
173594,45205
171359,45205
5452,45205
256814,45205
280776,45205
77514,45205
21950,45205
53418,45205
106117,45205
218719,45204
250161,45204
132721,45204
206870,45204
12150,45204
185936,45204
251819,45203
255225,45203
86593,45203
102378,45202
185584,45202
129007,45202
266176,45202
105415,45202
85097,45202
90144,45201
254259,45201
11066,45201
111482,45201
9903,45201
57897,45200
177637,45200
154321,45200
280837,45200
180737,45200
23708,45200
157426,45200
163263,45200
19225,45200
103594,45199
165867,45199
5403,45199
185370,45199
18578,45199
199691,45199
223132,45199
241357,45199
2820,45198
293475,45198
129610,45198
102751,45198
270664,45198
65926,45198
230813,45198
270002,45198
248862,45197
203426,45197
285142,45197
226082,45197
13992,45197
151967,45197
3808,45197
53127,45197
225697,45197
182306,45196
169828,45196
274326,45196
179287,45196
3213,45196
287620,45195
8492,45195
233953,45195
259604,45195
120252,45195
184561,45195
190265,45195
1335,45195
182625,45195
31397,45194
289371,45194
109008,45194
46442,45193
67394,45193
203307,45193
177635,45193
48079,45193
284855,45193
195622,45192
124887,45192
69895,45192
93544,45191
249909,45191
118883,45191
234539,45191
54649,45191
10608,45191
173331,45191
254779,45190
1594,45190
84193,45190
200357,45190
120357,45190
94922,45190
174305,45189
126965,45189
6117,45189
222227,45189
14783,45189
126060,45189
130632,45189
53062,45189
132093,45189
288389,45189
65929,45189
229286,45189
219692,45189
40753,45188
22330,45188
293940,45188
167440,45187
266007,45187
179478,45187
164373,45187
282648,45187
269440,45187
87033,45187
146586,45187
279808,45187
118136,45187
293815,45187
291767,45186
73194,45186
56759,45186
85806,45186
91640,45186
294203,45186
268009,45186
194087,45185
26903,45185
94380,45185
251481,45185
129681,45185
202288,45185
248718,45185
155304,45185
157453,45185
16451,45185
181218,45185
240970,45184
11662,45184
211501,45184
15526,45183
146101,45183
264739,45183
206452,45183
177874,45183
278079,45183
128882,45183
56185,45183
29370,45183
284057,45183
128110,45183
237438,45182
245892,45182
284568,45181
106885,45181
221539,45181
225912,45181
190766,45180
287767,45180
291587,45180
275240,45180
65175,45180
245744,45180
181097,45179
95422,45179
3824,45179
18041,45178
282485,45178
270076,45178
167235,45177
273478,45177
295091,45177
243123,45177
9370,45177
218839,45177
227211,45177
156834,45177
9625,45177
133809,45177
241413,45177
281341,45176
83909,45176
201235,45176
104995,45176
268334,45176
106512,45176
227054,45176
290968,45176
104952,45176
93765,45175
114463,45175
116070,45175
245979,45175
156956,45175
281568,45175
37837,45174
240132,45174
179997,45174
206280,45173
79521,45173
74427,45173
274399,45173
279739,45173
215006,45173
288695,45173
195850,45172
74631,45172
90903,45172
167817,45172
198637,45172
72830,45172
267726,45172
4516,45172
283052,45171
161131,45171
199869,45171
15777,45171
261812,45171
59051,45171
278416,45171
133667,45171
260500,45171
162641,45171
43864,45170
153251,45170
122816,45170
260457,45170
115435,45170
195507,45170
205509,45170
280186,45170
597,45170
184688,45169
219129,45169
121769,45169
267026,45169
145419,45169
203964,45169
3009,45169
61170,45168
130930,45168
197847,45167
68395,45167
44685,45167
77635,45167
294635,45167
60023,45167
245737,45167
19198,45166
99265,45166
75735,45166
232392,45165
150931,45165
49558,45165
96068,45165
70964,45165
177249,45164
32759,45164
9617,45164
157018,45164
256414,45163
12461,45163
151742,45163
82485,45163
78261,45163
193012,45163
165680,45163
51685,45162
38303,45162
261574,45162
115246,45162
5544,45162
90889,45161
48258,45161
145381,45161
101911,45161
79987,45161
296624,45161
152472,45161
18769,45161
258324,45161
268261,45160
286116,45160
264911,45160
53830,45160
271414,45160
115326,45160
1711,45160
141639,45159
95886,45159
38686,45159
116893,45159
45050,45159
13586,45159
219228,45159
197941,45158
98927,45158
162600,45158
146474,45158
277175,45158
156796,45158
137824,45158
1917,45158
292400,45158
230147,45157
272234,45157
227947,45157
270163,45157
185308,45157
3423,45157
146493,45157
26424,45157
232197,45157
157720,45157
33162,45157
205591,45156
176486,45156
269530,45156
180784,45156
181741,45155
119955,45155
120655,45155
16818,45155
237619,45154
82976,45154
863,45154
250766,45154
217736,45154
249093,45154
179623,45154
187117,45154
144806,45154
146338,45154
59947,45153
33797,45153
45492,45153
128380,45153
89491,45153
257494,45153
49862,45153
266659,45153
295566,45152
129682,45152
214167,45152
120737,45152
282172,45152
268777,45152
248779,45152
13288,45151
254846,45151
197016,45151
18305,45151
211154,45151
277327,45151
183591,45151
282461,45150
84788,45150
193507,45150
243599,45150
248579,45150
194526,45150
260431,45150
123316,45150
208311,45149
260009,45149
190733,45149
243206,45149
29377,45149
58378,45149
255197,45148
191611,45148
77633,45148
138863,45148
150731,45148
122557,45148
174135,45148
98750,45147
117088,45147
190862,45147
205928,45147
228072,45147
40079,45146
189998,45146
21455,45146
72298,45146
10669,45146
303,45146
67893,45146
177976,45146
198531,45146
93021,45146
173062,45146
181995,45145
3182,45145
251048,45145
254825,45145
141982,45145
254812,45145
52547,45144
60602,45144
94620,45144
229490,45144
230165,45144
263411,45144
240620,45143
96132,45143
149006,45143
123898,45142
22709,45142
2077,45142
159309,45142
14032,45142
107534,45142
166947,45142
242071,45142
241790,45142
101710,45142
285320,45142
179292,45142
192917,45141
221120,45141
36214,45141
101135,45141
147782,45141
270534,45141
140237,45141
287444,45141
32377,45141
100230,45141
8753,45140
274623,45140
264100,45140
201160,45140
200709,45140
205882,45140
50674,45140
131265,45140
126862,45140
249250,45139
292473,45139
99629,45139
228367,45139
23666,45139
145963,45138
244032,45138
21639,45138
198799,45138
45687,45138
183611,45137
135295,45137
22018,45137
243528,45137
155704,45137
201347,45137
266132,45136
142704,45136
1478,45136
1148,45136
210017,45136
150845,45136
179277,45136
289945,45136
13672,45136
280450,45136
195223,45135
136671,45135
177945,45135
52169,45135
203109,45135
31605,45135
151266,45135
150709,45134
270263,45134
107609,45134
179771,45133
137777,45133
168710,45133
81008,45133
241758,45133
265819,45133
280777,45132
10916,45132
225959,45132
179518,45132
203629,45132
103019,45132
142612,45132
164538,45132
200044,45132
335,45132
209698,45131
223144,45131
294903,45131
198598,45131
104061,45131
37119,45131
212317,45131
200486,45130
152809,45130
10532,45130
16421,45130
162175,45130
34776,45130
278942,45129
6714,45129
284972,45129
109621,45129
28650,45129
173524,45129
41714,45128
212755,45128
286940,45128
269254,45128
209709,45128
149440,45128
109960,45127
137358,45127
76520,45127
265801,45127
258358,45127
225568,45126
276096,45126
245437,45126
150816,45126
231167,45125
289150,45125
177458,45125
176435,45125
266110,45125
61866,45125
224133,45125
185463,45125
165233,45124
192572,45124
129772,45124
198655,45124
200226,45124
150187,45123
187534,45123
178481,45123
271112,45123
39839,45123
189761,45123
205539,45123
280029,45123
132850,45123
268725,45122
171532,45122
237483,45122
220438,45122
28897,45121
101649,45121
150249,45121
90995,45121
193531,45121
239752,45121
100633,45121
174341,45121
26094,45121
289007,45121
19764,45120
283523,45120
178588,45120
4293,45120
253769,45120
16366,45119
22881,45119
285557,45119
68372,45119
207489,45119
158046,45119
193143,45119
276475,45119
46820,45119
129879,45119
54370,45118
62780,45118
2277,45118
40537,45118
214080,45118
37598,45118
6452,45118
14046,45117
53397,45117
52573,45117
195998,45117
117966,45117
171495,45116
284481,45116
236876,45115
293897,45115
67355,45115
60989,45115
49530,45115
231193,45115
223631,45115
128436,45115
140020,45114
20374,45114
158569,45114
197986,45114
68792,45114
48016,45114
184597,45114
237950,45114
39337,45114
291230,45114
202867,45114
294550,45114
236094,45113
275274,45113
205576,45113
201885,45113
29986,45113
272742,45113
40613,45113
221684,45112
17826,45112
293657,45112
73341,45112
44304,45112
30068,45112
61029,45112
7774,45112
9871,45112
262325,45111
8901,45111
225799,45111
237737,45111
269283,45111
4398,45111
245208,45110
280104,45110
194762,45110
247366,45110
82205,45110
293314,45110
222885,45110
159188,45109
199874,45109
282075,45109
103485,45109
70105,45109
16327,45109
63995,45109
33244,45109
255566,45109
127395,45109
220326,45108
205207,45108
108654,45108
269003,45108
149984,45108
276727,45108
103154,45108
59216,45108
162725,45108
230649,45108
264676,45108
75704,45108
192507,45108
207812,45107
291261,45107
184858,45107
189776,45107
253788,45107
4534,45107
133352,45107
76609,45107
115732,45107
252400,45106
174073,45106
200422,45106
94120,45106
208624,45106
267225,45106
248809,45106
70696,45106
226500,45105
253563,45105
7983,45105
140875,45105
92273,45105
230401,45105
35181,45105
171522,45105
59621,45105
36421,45104
202277,45104
2951,45104
1603,45104
240860,45103
203347,45103
1245,45103
35118,45103
262097,45103
1707,45103
135749,45103
70475,45103
225999,45103
103178,45102
221485,45102
259793,45102
287299,45102
86754,45102
207100,45102
142092,45102
288257,45102
266103,45102
247557,45102
674,45102
246816,45101
32283,45101
271238,45101
274982,45101
197015,45101
81944,45101
127605,45101
272380,45101
118499,45101
209489,45101
153326,45100
87290,45100
267634,45100
252652,45099
4042,45099
119640,45099
129378,45099
13304,45099
288476,45099
243921,45099
55444,45099
278917,45099
30922,45098
18022,45098
289282,45098
245710,45098
247952,45098
176635,45097
263148,45097
163265,45097
246185,45097
183529,45097
83854,45097
209022,45097
54248,45097
16181,45097
195025,45097
232426,45097
163903,45097
234066,45097
128824,45097
196430,45097
142655,45096
90837,45096
21725,45096
238141,45096
5262,45096
7852,45096
14254,45096
296008,45096
262062,45096
67303,45095
42655,45095
258773,45095
125001,45095
293308,45095
9272,45095
236240,45095
260322,45095
194116,45095
226714,45095
219881,45095
240724,45094
19940,45094
101244,45094
14075,45094
249604,45094
34228,45094
31137,45094
203717,45094
7831,45094
209010,45094
217898,45094
5560,45093
123834,45093
249889,45093
133786,45093
8132,45093
5715,45093
170343,45093
110299,45093
3503,45092
109243,45092
78295,45092
237928,45092
219683,45092
194991,45091
227721,45091
294830,45091
162740,45091
266139,45091
5701,45091
28100,45091
106222,45091
286253,45090
47493,45090
249987,45090
292687,45090
62876,45090
167647,45090
225096,45090
36061,45089
226741,45089
175361,45089
274867,45089
4262,45089
39231,45089
288513,45089
80914,45089
100593,45089
91507,45089
53441,45089
235331,45088
149210,45088
7,45088
284551,45088
280683,45088
203960,45088
15433,45087
57617,45087
153205,45087
24106,45087
132701,45087
128590,45087
17526,45086
28276,45086
206587,45086
232335,45086
150008,45086
110558,45086
274901,45086
92044,45086
9615,45086
237998,45085
3100,45085
273575,45085
287247,45085
259695,45085
97494,45085
247767,45085
232136,45085
124948,45085
90934,45085
176250,45085
256617,45084
210260,45084
156210,45084
273444,45084
10823,45084
19484,45084
14233,45084
19420,45084
158311,45084
180539,45084
259851,45083
291870,45083
104313,45083
246001,45083
160251,45083
147022,45083
228765,45083
154604,45083
9727,45082
193717,45082
294058,45082
58025,45082
62485,45082
110884,45082
261585,45082
216721,45082
188297,45082
37374,45082
228175,45081
111055,45081
88687,45081
171772,45081
162312,45081
48615,45081
222403,45081
35813,45081
67171,45081
277541,45081
122823,45081
66581,45081
51737,45081
186561,45080
57645,45080
77879,45080
107879,45080
182729,45080
104509,45080
209797,45080
58349,45079
86811,45079
13373,45079
127499,45079
138580,45079
74312,45078
131201,45078
232532,45078
197332,45078
128656,45078
282540,45078
235036,45078
167621,45077
294537,45077
170141,45077
260494,45077
213551,45077
190578,45077
255485,45076
102790,45076
265710,45076
18508,45076
20659,45076
292811,45076
132221,45076
294481,45076
268765,45076
26681,45075
187761,45075
131311,45075
61766,45075
136141,45075
221673,45075
25023,45075
10341,45074
125363,45074
270527,45074
216538,45074
253943,45074
192722,45074
14563,45074
257140,45074
273591,45073
171204,45073
255864,45073
32901,45073
162654,45073
252803,45073
216068,45073
2501,45073
230588,45073
9239,45073
159340,45072
13834,45072
190629,45072
34276,45072
61798,45072
133710,45071
181921,45071
132709,45071
27826,45071
53017,45071
264861,45071
210680,45071
281734,45070
171573,45070
281015,45070
279404,45070
272180,45070
122513,45070
258531,45070
215646,45070
9965,45070
249482,45070
238014,45070
191965,45070
249452,45070
12041,45070
286771,45070
232051,45069
247504,45069
110028,45069
183343,45069
237908,45069
37199,45069
147682,45068
173528,45068
107185,45068
20797,45068
5202,45068
24605,45068
235651,45068
89033,45068
14409,45068
229333,45068
100883,45067
120303,45067
184646,45067
259367,45067
189918,45067
288287,45067
2311,45067
30262,45067
154831,45066
21548,45066
168559,45066
247084,45066
194002,45066
237624,45066
224675,45066
254381,45065
68659,45065
215837,45065
96130,45065
91865,45065
271991,45065
232545,45065
216121,45065
229668,45064
98275,45064
35363,45064
75656,45064
173851,45064
11309,45064
168762,45064
20376,45064
172460,45064
252596,45064
3920,45063
