1301,100000
787,59859
1687,54001
582,53155
2093,52837
2288,52800
23667,52697
1037,51722
57185,51644
29175,51548
2418,51301
3923,51192
11982,51001
9240,50808
4672,50785
1870,50696
1692,50374
5396,50338
197,50293
15786,50262
20460,50193
221657,50180
9917,50172
20075,50061
19685,50052
762,49925
604,49905
2179,49874
5992,49855
1317,49807
4389,49689
165662,49671
605,49655
2356,49651
512,49640
9342,49557
4360,49473
108247,49443
1459,49435
11834,49416
953,49365
136,49335
103322,49259
8556,49247
17074,49246
9224,49237
2758,49166
15823,49155
301,49133
10879,49132
6333,49130
2228,49125
1753,49095
9963,49076
4482,49062
24425,49035
7678,49027
30957,48995
156038,48941
3981,48923
15584,48920
3274,48863
270226,48862
1510,48845
18058,48796
14771,48780
53292,48759
22393,48738
921,48736
5047,48693
276020,48687
9657,48686
35983,48665
41502,48655
10506,48646
75223,48645
4468,48623
3024,48611
14928,48606
18215,48584
5655,48578
10399,48542
100757,48490
115158,48488
39183,48483
171818,48482
740,48457
7222,48455
126474,48435
4483,48427
431,48405
250980,48393
10076,48388
126440,48387
177,48381
82218,48377
7607,48375
8367,48370
4813,48369
151109,48353
3976,48352
35110,48344
119624,48337
4021,48330
6736,48328
1239,48302
49581,48301
296234,48290
19779,48285
879,48267
2721,48256
3151,48239
15328,48218
124604,48214
7125,48213
236790,48208
21139,48197
6389,48194
93922,48170
14544,48125
22688,48105
9505,48099
88214,48091
192039,48089
13741,48074
37216,48070
20457,48065
20606,48056
256214,48054
39940,48043
6778,48042
141446,48036
7843,48035
3709,48033
13406,48030
12226,48015
32,48008
146191,48007
13524,48003
1464,47994
2660,47992
28688,47991
10858,47986
5890,47980
54785,47971
293585,47965
111545,47963
126202,47954
90509,47937
26854,47935
6363,47926
5243,47924
223285,47882
17714,47882
292311,47874
8391,47873
24496,47872
292018,47858
276997,47852
15505,47847
150744,47843
238259,47834
48348,47830
5842,47825
16891,47811
1308,47809
2746,47809
7535,47789
166173,47786
2538,47784
8280,47773
183773,47769
2478,47764
88142,47764
41416,47749
191021,47746
856,47739
282733,47739
8637,47730
218969,47708
8864,47706
5534,47703
18177,47701
287986,47700
32422,47699
245925,47695
2976,47684
32317,47683
290360,47676
12532,47669
289310,47667
8659,47659
243835,47658
285186,47654
207830,47650
22692,47650
194987,47646
134888,47644
31977,47632
18841,47625
137756,47623
216401,47623
84275,47617
42233,47611
273683,47602
15990,47600
112572,47594
275920,47592
165972,47591
5742,47588
25455,47587
13066,47584
203880,47580
6486,47577
6890,47574
272478,47572
5284,47569
276193,47567
99160,47559
1236,47556
12326,47554
251651,47552
295514,47551
211532,47551
2184,47547
33873,47544
34593,47542
186982,47524
20299,47520
279612,47519
273543,47513
112736,47511
295123,47505
120946,47501
1906,47497
23445,47494
214017,47473
80510,47471
201547,47457
14539,47448
917,47447
292862,47432
25123,47432
166602,47430
24412,47428
273829,47420
248821,47416
5645,47414
178324,47410
152311,47409
48623,47401
33503,47397
14760,47390
255928,47388
10234,47388
11562,47385
5270,47381
39043,47379
284834,47377
229315,47376
208244,47366
2120,47365
32276,47360
30069,47357
26782,47356
111462,47356
280410,47349
233795,47343
455,47341
3822,47340
140637,47335
557,47335
1268,47334
278242,47328
24748,47325
276643,47324
235775,47320
289357,47317
7478,47316
57033,47313
223633,47305
47200,47302
42626,47297
88904,47296
169992,47292
35486,47291
233870,47288
60954,47283
249261,47271
1076,47269
1091,47267
28830,47265
33344,47264
160813,47263
47445,47261
9385,47259
26231,47254
193485,47247
188304,47245
277309,47243
188841,47242
27030,47242
207681,47241
573,47240
18297,47239
201606,47239
12132,47238
5503,47236
235498,47233
5408,47233
225861,47231
28483,47231
137910,47225
251121,47223
16763,47222
286160,47219
34384,47218
289196,47217
7440,47216
203894,47212
269693,47212
274608,47211
13775,47210
105248,47206
30499,47205
292399,47200
223985,47199
9234,47199
5823,47198
292608,47193
10625,47192
85312,47188
65250,47188
159245,47186
288276,47185
175555,47183
51561,47174
6968,47173
71504,47172
283949,47171
253541,47170
249768,47167
205248,47164
270099,47162
259285,47161
262361,47161
225107,47158
216492,47155
41374,47153
43688,47152
204826,47152
166200,47151
83990,47151
31718,47149
261901,47147
291758,47144
4259,47140
273176,47138
145497,47135
39706,47134
236940,47130
7636,47127
4731,47119
161568,47116
183218,47115
87661,47111
267259,47111
27917,47107
6175,47104
161380,47103
46551,47101
269273,47100
29473,47099
246444,47098
32970,47097
225547,47096
26477,47096
293478,47094
34464,47094
291656,47092
217790,47091
170052,47090
257144,47090
156444,47090
38767,47089
260562,47087
166702,47085
4202,47085
22873,47079
1000,47076
435,47069
16496,47069
281418,47066
221071,47065
20051,47062
251041,47061
54236,47059
2551,47058
58364,47055
162217,47052
20796,47051
1344,47050
291372,47046
6390,47046
238849,47045
76236,47043
201184,47043
252957,47042
264835,47042
243114,47040
4885,47037
26260,47036
225161,47035
103792,47034
244963,47032
268856,47031
19447,47030
51532,47030
87628,47023
249827,47023
11296,47023
135129,47020
214313,47018
36790,47018
121472,47017
137623,47015
208310,47013
281544,47010
130931,47010
202317,47009
34862,47005
54025,47003
269041,47002
37675,47001
224138,46999
57641,46997
248410,46997
253759,46996
25318,46995
239500,46993
24465,46993
140367,46990
147877,46989
173856,46988
9310,46987
103250,46986
235702,46985
135342,46983
263932,46981
50575,46978
244467,46976
123531,46975
82604,46973
172737,46972
283436,46971
91175,46969
4143,46969
41036,46968
4998,46964
17995,46964
1390,46958
282737,46958
4801,46957
185689,46956
261097,46953
150444,46949
106990,46948
199713,46947
238847,46945
48189,46945
270491,46942
211209,46940
170019,46937
230573,46936
58491,46935
41,46935
290732,46933
70959,46932
166390,46931
230577,46931
65018,46931
226556,46929
973,46927
124731,46925
85663,46919
273902,46917
50499,46915
30003,46915
10969,46914
197244,46908
183456,46908
276655,46907
22480,46907
16124,46904
4749,46903
214040,46903
284017,46900
260263,46899
6272,46899
261758,46898
262287,46898
276097,46897
266166,46896
253970,46896
283800,46894
139621,46894
214461,46893
128918,46893
229980,46891
295141,46888
245790,46885
237126,46885
222783,46884
215895,46884
219542,46883
29393,46882
111295,46880
46397,46880
22605,46879
218165,46876
134100,46875
289933,46874
22029,46872
212578,46868
252057,46867
256166,46865
4197,46863
50365,46862
182035,46858
182872,46855
207647,46855
50919,46853
269562,46852
244385,46852
26523,46851
213127,46850
244074,46848
98309,46847
274117,46847
163051,46847
9360,46845
187495,46843
252469,46841
11254,46841
22970,46839
268184,46838
249965,46837
173627,46835
21328,46834
62399,46832
269573,46832
271333,46832
6585,46831
260649,46831
294296,46830
199839,46830
62905,46829
34189,46828
184184,46825
225347,46823
71694,46823
292051,46823
116824,46822
266255,46822
292569,46822
138,46821
138081,46821
154789,46821
10494,46821
3740,46821
160769,46820
273357,46816
11056,46815
295567,46815
284773,46815
29030,46811
20679,46810
4487,46806
39247,46806
1110,46806
197152,46797
22224,46797
251319,46794
292481,46793
137893,46792
272299,46792
73362,46792
135568,46791
122509,46791
238679,46788
283828,46781
296482,46780
46255,46780
266094,46772
44020,46772
43908,46770
292329,46770
22022,46769
276388,46768
223450,46767
39864,46766
247139,46766
279042,46765
238189,46764
112987,46762
238837,46762
181865,46760
39047,46759
285746,46759
504,46758
171577,46756
211767,46755
237591,46755
205152,46753
100599,46751
238433,46751
10613,46749
108608,46748
236779,46747
164259,46746
198922,46746
4558,46746
27001,46744
228566,46742
267381,46742
262500,46742
294307,46742
236726,46740
14953,46737
186076,46736
2419,46735
138528,46735
96259,46734
40278,46734
66945,46729
289972,46729
519,46728
76402,46728
98713,46727
26356,46726
242791,46725
50246,46724
290498,46723
287950,46723
231021,46721
257575,46720
276137,46720
86001,46719
290557,46718
289361,46717
268710,46717
107487,46716
242016,46716
1166,46714
247581,46713
214210,46710
243568,46707
282592,46706
137522,46701
18380,46701
232712,46699
44176,46699
285690,46699
197972,46698
94974,46698
110162,46697
143458,46696
170609,46696
176290,46695
213888,46694
247097,46693
220267,46691
14708,46691
272261,46691
9819,46690
46188,46690
170448,46689
18483,46688
238953,46687
280484,46687
78207,46685
108563,46685
172188,46684
168292,46683
182568,46682
279691,46682
251241,46681
15418,46680
231177,46679
228898,46678
205185,46678
280910,46677
17117,46677
54600,46676
253473,46675
14537,46673
3315,46672
20144,46672
16838,46671
12458,46670
30562,46669
238413,46669
81743,46669
264626,46668
69111,46667
11722,46665
20277,46665
294340,46664
41352,46664
240404,46664
114124,46663
271497,46663
207604,46662
216,46662
252297,46662
11023,46661
149913,46661
249488,46659
198121,46659
194446,46658
233569,46656
231055,46655
230306,46654
1575,46654
281489,46653
164681,46652
283781,46649
213307,46649
205158,46649
2815,46649
179982,46648
155897,46647
164241,46646
277569,46645
271214,46643
17054,46643
195468,46643
102479,46642
252972,46642
14646,46642
225681,46641
39684,46641
189376,46641
196379,46640
2559,46640
5550,46639
834,46637
255366,46636
20845,46633
214306,46632
124759,46632
147917,46631
1559,46630
264913,46630
3708,46630
250408,46630
158172,46628
260509,46625
245101,46625
293405,46624
68551,46624
139284,46622
241344,46621
12082,46619
294780,46618
226831,46617
250954,46616
221030,46616
182185,46614
144665,46611
256901,46609
130577,46609
284722,46609
272294,46609
2531,46608
282357,46608
291367,46607
156632,46606
109932,46604
270786,46604
288710,46604
102039,46602
242132,46602
295782,46602
223043,46601
95385,46600
165561,46600
81356,46600
292748,46599
18599,46597
129463,46597
286768,46596
194605,46594
275352,46593
139586,46593
586,46592
19199,46591
295704,46591
277017,46590
13289,46590
199259,46589
261945,46587
264155,46586
56862,46584
224959,46584
234439,46584
282084,46577
265253,46575
35387,46575
286365,46574
248429,46574
73389,46574
286267,46574
253463,46572
8058,46572
268890,46572
280148,46572
209421,46570
263043,46570
122811,46570
15585,46568
255707,46567
1879,46567
47025,46566
232239,46563
265330,46562
264593,46561
2197,46561
236215,46558
11158,46558
214714,46558
231484,46556
129289,46555
132016,46555
281841,46555
222401,46554
152937,46554
124025,46553
266930,46552
114858,46552
268116,46551
263352,46551
270670,46550
160723,46549
34687,46549
55587,46549
130275,46549
276130,46548
39994,46547
239453,46547
294301,46546
227388,46546
228976,46546
2837,46545
26492,46545
12160,46545
263777,46544
208504,46544
256042,46543
184739,46542
244376,46541
248824,46540
258670,46540
117780,46539
26915,46539
200534,46538
184667,46536
93760,46536
2319,46534
275033,46534
272841,46534
171067,46534
206275,46534
255857,46533
228692,46533
73244,46532
46688,46531
279248,46531
97162,46527
276214,46526
238349,46525
225376,46525
231429,46524
291264,46523
290493,46522
288278,46522
117174,46519
15519,46518
127624,46518
267566,46518
5283,46515
5457,46515
27995,46515
7283,46515
288759,46514
61225,46512
281413,46511
78110,46511
244373,46510
126651,46510
176927,46510
186602,46509
260737,46509
224590,46509
246793,46509
243806,46508
165057,46508
123462,46508
179166,46507
22129,46507
2329,46507
6826,46507
295190,46505
196641,46502
290183,46502
289633,46502
284838,46501
110203,46499
290350,46498
68831,46498
62177,46497
280636,46497
284265,46494
201151,46493
249276,46493
7539,46490
247670,46490
127445,46489
178352,46489
234098,46489
193904,46488
222145,46487
33441,46486
4605,46485
281308,46485
208030,46484
162552,46483
254232,46482
290688,46481
49268,46481
168825,46480
169770,46480
294404,46479
11995,46479
194126,46476
16888,46475
284695,46475
282419,46473
177490,46473
280807,46472
277281,46471
24743,46469
114021,46469
662,46469
181162,46467
10607,46467
51327,46466
198221,46465
277014,46465
77693,46465
226628,46464
217980,46464
264237,46463
340,46463
6054,46463
245956,46463
286641,46462
132061,46462
282531,46461
24312,46461
20770,46460
218868,46460
274799,46460
54560,46459
269648,46459
182490,46458
186910,46458
198430,46458
18273,46457
278652,46456
159585,46456
275605,46455
248891,46455
215676,46453
276720,46452
271582,46451
218781,46451
258732,46451
284911,46450
264547,46450
227744,46450
116095,46448
147224,46447
86219,46447
211471,46445
290193,46444
227195,46444
225419,46443
19085,46443
72833,46443
277005,46443
180687,46442
74150,46442
82903,46441
266005,46439
113372,46439
229152,46439
2786,46438
164426,46438
174568,46438
146808,46437
37018,46437
214941,46437
2305,46436
186257,46436
80147,46436
268376,46435
264556,46435
31843,46434
218409,46434
267110,46433
274509,46433
208939,46432
290661,46431
100901,46428
20997,46428
219076,46427
13767,46426
220386,46425
187965,46425
263249,46424
159675,46424
229256,46421
202361,46421
64783,46421
197319,46420
89211,46420
226326,46420
10481,46418
47433,46418
292779,46417
278736,46417
263965,46417
280106,46416
255100,46415
272577,46415
230537,46414
66455,46413
249364,46413
4759,46412
25152,46412
267168,46411
244576,46410
8086,46409
252080,46409
254181,46408
61748,46407
244642,46407
115549,46407
267668,46407
287918,46407
16170,46406
17833,46405
188898,46404
180787,46403
60851,46403
12833,46402
270189,46402
191353,46401
173566,46401
264759,46399
207716,46396
261371,46396
39176,46396
287968,46395
198106,46393
140639,46392
259907,46392
231597,46392
235358,46392
289815,46390
4765,46390
3144,46390
247418,46389
17383,46389
95268,46388
295578,46388
42262,46387
79748,46386
206636,46385
267524,46384
214273,46384
189786,46383
141252,46383
200230,46383
9,46383
175709,46383
136381,46383
187480,46383
171693,46382
230150,46382
4948,46381
206762,46381
263483,46380
131042,46380
188282,46379
244888,46377
110400,46377
272463,46377
295039,46377
228900,46376
25086,46376
289208,46376
292863,46375
262475,46375
2450,46374
16126,46374
152332,46374
79109,46374
246789,46373
293675,46373
227998,46373
288813,46373
198570,46373
293177,46372
209043,46372
291550,46372
22902,46371
268348,46371
226962,46371
198812,46371
114819,46370
33533,46370
208313,46369
225910,46369
250256,46369
227346,46367
210870,46367
130521,46366
239620,46365
142356,46365
260956,46365
110117,46364
229518,46364
60243,46363
242707,46363
158117,46361
215989,46361
191444,46359
207691,46359
27927,46358
8224,46357
295798,46357
169806,46357
275435,46357
82026,46357
141064,46356
263151,46356
180248,46356
196661,46356
206052,46355
217021,46355
121157,46355
213203,46355
263795,46354
143856,46352
136124,46352
245403,46352
138990,46351
254059,46350
249307,46350
22308,46350
11151,46349
233321,46349
152635,46349
191027,46349
153668,46349
155806,46349
11720,46349
70142,46348
291479,46348
285805,46348
189352,46348
293566,46348
154975,46347
286763,46347
288660,46347
239017,46346
265018,46345
105287,46345
123257,46345
82523,46345
293221,46344
233266,46344
11457,46344
200165,46344
282494,46343
293805,46343
222610,46343
170666,46342
13049,46341
107137,46341
198004,46340
210301,46340
254690,46340
127223,46339
267294,46339
203985,46338
284827,46338
52092,46338
69838,46337
247965,46337
264162,46337
251379,46337
19031,46336
287327,46336
213813,46336
234406,46336
45092,46336
170526,46336
265445,46335
248,46335
231696,46335
147296,46335
108715,46334
22809,46333
293199,46333
36747,46333
47604,46332
96707,46332
111615,46330
81493,46329
162070,46329
264174,46329
220957,46328
209134,46327
265354,46327
221141,46327
198428,46327
26564,46326
154224,46325
232636,46325
148528,46325
15838,46325
295575,46325
172775,46324
105417,46324
217149,46324
26157,46324
216466,46323
143631,46322
275922,46322
127321,46322
262104,46321
7978,46320
260459,46320
224342,46320
205365,46320
19878,46319
275088,46318
251126,46318
183540,46318
254703,46317
114171,46317
232981,46316
242480,46316
43599,46315
287756,46314
293326,46313
246321,46313
141289,46312
118464,46312
134483,46312
113055,46312
226841,46312
170610,46312
184473,46311
6903,46310
277964,46310
285645,46310
125009,46310
223881,46309
136164,46309
213550,46308
7846,46308
79276,46307
222582,46307
92726,46307
268192,46307
56919,46305
258200,46305
246168,46304
138396,46304
288384,46303
207471,46303
1093,46302
100441,46302
255340,46302
45528,46302
185378,46302
212936,46301
7011,46301
201284,46299
7924,46299
273344,46299
260326,46298
118641,46296
246205,46296
1320,46296
242685,46295
233693,46295
262139,46295
14611,46294
281213,46294
89493,46292
259442,46292
9517,46292
210780,46291
2913,46291
276397,46290
149283,46290
26044,46290
126406,46289
80657,46289
289755,46289
269270,46288
42581,46288
216325,46288
294008,46288
269902,46287
233333,46287
221276,46287
229401,46287
228993,46286
108591,46286
279520,46286
98244,46285
20690,46285
80457,46285
282756,46284
590,46284
152923,46283
12941,46283
156126,46283
215647,46282
291030,46282
207174,46281
14975,46280
12433,46280
134249,46279
13769,46278
214373,46278
265889,46278
107992,46277
294113,46277
29254,46276
231340,46275
146910,46274
228140,46274
48795,46274
94955,46273
272755,46271
149334,46271
230338,46271
160027,46271
28577,46271
212131,46270
97504,46270
172724,46270
243054,46270
241576,46270
7760,46269
266286,46269
145539,46269
205489,46269
285435,46268
16576,46268
282670,46268
207606,46268
152401,46267
13430,46266
279103,46266
46389,46266
291759,46265
129814,46265
280759,46264
288113,46264
211777,46263
291305,46263
41633,46262
205606,46262
292193,46262
290708,46262
198269,46261
205747,46261
96681,46261
180482,46260
230238,46260
241892,46260
172597,46260
64886,46259
295769,46259
230164,46259
201185,46259
276744,46259
288906,46259
213273,46258
265783,46258
205418,46258
234535,46258
51845,46258
280240,46256
195606,46256
180137,46256
214288,46256
288788,46255
289599,46254
127478,46254
211044,46254
8153,46254
274709,46254
268637,46254
31733,46254
88006,46253
167451,46252
210761,46252
293000,46252
276138,46251
78233,46251
116800,46250
127006,46250
20488,46250
178121,46250
285184,46250
203643,46249
267865,46249
265270,46248
212341,46248
156608,46248
5167,46247
157114,46247
248762,46247
140868,46246
61810,46246
65655,46246
255922,46246
184852,46245
271620,46245
241049,46245
272090,46245
201974,46244
150534,46244
162447,46243
15970,46243
252924,46243
24440,46242
229254,46242
275499,46242
21280,46242
12472,46242
198330,46242
152135,46242
59000,46242
243254,46241
277032,46241
2645,46241
141374,46241
209625,46241
266825,46241
39741,46240
67114,46240
256375,46239
178371,46238
193305,46238
282597,46238
209228,46237
273659,46237
56192,46236
247023,46236
1866,46235
205935,46233
98211,46233
125532,46232
56537,46232
199609,46232
287478,46232
12076,46232
16882,46231
190920,46231
248308,46231
290358,46231
223987,46231
41725,46230
98563,46229
223993,46229
234284,46229
192619,46228
262828,46228
278805,46228
235047,46227
280122,46226
37937,46226
93779,46225
254493,46225
241834,46225
272216,46225
289754,46224
81454,46223
25265,46223
223787,46223
275683,46222
217883,46222
191754,46221
206046,46221
59045,46221
40800,46220
178603,46220
138971,46220
1290,46220
245197,46219
293487,46219
283629,46219
266626,46219
76990,46219
227429,46218
281155,46218
225446,46218
244624,46218
111312,46218
231338,46218
209299,46218
183978,46217
269330,46216
191844,46215
8834,46215
164092,46215
280709,46215
214130,46214
262315,46214
248474,46214
186219,46213
214328,46213
179352,46213
234521,46212
165314,46212
242977,46212
128579,46211
7463,46211
102514,46211
40175,46211
95780,46209
293385,46209
201846,46209
287678,46208
12898,46208
242998,46208
175940,46207
289981,46206
103432,46206
245933,46206
212655,46205
296202,46205
284275,46204
115389,46204
289211,46204
34433,46204
214055,46203
217293,46203
287962,46203
31063,46203
15149,46202
273032,46202
222004,46202
206747,46201
196774,46201
116607,46201
64256,46201
215857,46200
12729,46200
278105,46200
289056,46200
96683,46200
12271,46199
36346,46199
290805,46198
121819,46198
5276,46196
147813,46196
105554,46195
163342,46195
258873,46195
276259,46195
271344,46195
64404,46194
201578,46194
174573,46193
261359,46193
213870,46193
15229,46193
226397,46193
282035,46193
279078,46191
277936,46191
244637,46191
214709,46191
277352,46190
221199,46190
228,46190
183493,46189
255808,46189
216264,46189
171598,46188
9233,46188
196137,46188
76695,46188
246680,46188
47959,46188
104888,46187
3030,46187
199209,46186
287763,46186
130901,46185
61886,46185
139221,46185
292723,46185
9414,46184
280671,46184
251611,46184
160399,46184
205061,46183
183672,46183
270041,46182
189768,46181
21545,46181
237717,46181
291864,46181
275329,46181
253155,46181
247267,46180
13671,46180
184344,46180
212607,46179
99910,46179
235173,46178
200409,46178
231662,46178
144595,46178
235155,46177
168657,46176
34251,46176
162626,46176
231744,46176
239064,46175
251128,46175
67593,46174
103783,46174
94514,46174
178699,46174
205733,46174
252662,46174
14461,46174
247133,46173
224706,46173
234453,46172
226005,46172
238266,46171
174238,46171
202342,46171
255077,46170
215554,46170
238105,46170
287026,46170
55069,46169
263958,46168
16552,46168
2519,46168
266036,46168
9350,46168
3251,46168
192155,46168
251096,46167
264346,46167
211967,46166
116124,46166
223770,46164
271556,46163
122670,46163
223927,46163
242635,46163
2858,46162
249796,46162
262234,46162
167769,46162
71786,46162
193872,46162
255937,46162
225470,46162
168111,46161
161788,46161
133062,46161
293969,46161
1541,46160
231443,46160
248374,46160
36224,46159
258180,46158
88042,46158
237280,46157
116099,46157
259930,46157
234936,46157
126909,46156
211152,46156
36632,46156
223671,46155
269566,46155
292446,46154
227410,46154
144440,46154
67606,46154
121986,46154
121021,46154
111979,46153
192540,46153
293766,46153
255751,46153
285056,46153
247276,46152
25228,46152
233463,46152
269485,46152
73207,46151
16987,46151
8470,46151
209112,46151
160632,46150
285597,46150
205433,46149
16943,46149
227956,46149
266301,46149
269497,46149
242616,46149
32194,46148
216603,46148
173121,46148
171782,46148
150700,46147
290953,46147
232621,46147
200258,46147
137583,46147
13150,46146
152713,46146
223519,46145
285197,46145
15465,46145
194106,46145
234106,46144
236521,46144
269612,46143
281541,46143
216598,46143
176490,46142
232520,46142
246544,46142
273889,46142
276926,46141
105043,46141
1735,46141
262508,46141
192562,46140
289455,46140
278843,46140
124700,46140
181020,46139
290282,46139
195435,46139
182760,46138
192856,46138
203787,46137
33914,46137
246193,46136
214937,46136
276040,46136
23434,46136
244264,46136
278896,46135
4818,46135
162195,46135
179252,46134
261837,46133
52221,46133
272537,46132
296477,46132
246374,46132
122390,46131
277363,46131
213950,46130
270535,46130
275937,46129
12995,46129
156176,46129
255019,46129
166678,46129
267716,46129
282598,46129
188573,46127
224540,46127
237840,46127
109687,46127
5131,46126
243064,46125
3072,46125
266502,46125
38561,46124
87486,46124
211543,46123
178736,46123
266024,46123
98765,46122
242202,46122
131717,46122
15172,46122
116611,46122
244431,46122
1861,46121
260044,46121
3308,46120
134361,46119
242905,46119
279025,46119
12400,46119
172168,46119
118921,46119
204000,46119
293518,46119
226304,46118
212586,46118
260671,46118
73098,46117
288764,46117
185680,46115
160337,46115
14500,46115
193805,46115
230939,46115
289802,46114
290297,46114
272106,46114
259869,46114
5500,46114
8891,46113
2487,46113
251060,46112
172822,46112
191550,46112
31410,46112
191370,46111
207641,46111
229954,46110
208350,46110
130892,46110
288389,46110
239047,46109
147009,46109
24274,46109
149929,46109
128295,46109
4090,46109
227912,46108
214593,46108
204733,46107
6134,46107
290628,46106
14169,46106
99951,46106
224530,46106
41008,46106
283876,46106
250091,46104
186024,46104
200263,46104
228090,46104
255809,46103
34716,46103
39873,46102
119800,46102
103119,46102
232359,46102
197087,46101
170842,46101
285149,46101
5085,46101
194131,46101
284916,46100
271838,46100
136193,46100
223578,46100
239630,46100
294143,46099
197866,46099
261581,46099
99264,46099
218801,46099
166242,46098
19188,46098
81738,46097
227616,46097
16709,46097
217719,46094
282251,46094
210509,46094
891,46094
272750,46094
57565,46094
51183,46094
17608,46094
7487,46093
256673,46093
208207,46093
4132,46093
259507,46092
32894,46092
225534,46092
266621,46092
285603,46092
247108,46091
147799,46091
254227,46091
88694,46091
246308,46091
283321,46090
244840,46090
3997,46090
207574,46089
223970,46089
711,46089
288456,46089
276755,46089
228932,46088
257581,46087
190490,46086
277134,46086
188982,46086
182619,46086
183748,46086
143484,46085
246107,46084
263224,46084
196120,46084
257502,46083
43941,46083
70574,46083
256743,46083
218623,46083
270575,46083
289584,46082
197522,46082
61399,46082
156500,46082
237747,46082
20093,46082
214015,46082
190054,46082
256379,46081
116994,46081
2563,46081
224302,46081
139002,46080
141537,46080
266338,46080
227032,46080
291223,46080
198166,46080
285426,46080
96080,46079
145318,46079
291790,46079
124822,46079
270401,46078
290698,46078
244846,46078
283385,46077
272416,46077
252745,46077
91322,46077
207064,46076
244469,46076
161478,46076
235001,46076
252414,46076
113560,46075
120203,46075
171139,46075
271471,46075
238835,46075
249635,46075
109973,46074
127724,46073
202166,46073
226825,46073
242863,46073
247607,46073
260647,46073
88189,46073
146813,46072
222005,46072
26779,46071
220803,46071
290205,46071
171193,46071
261022,46071
77801,46070
175700,46070
282636,46069
290966,46069
233254,46069
36068,46069
159162,46068
159897,46068
255159,46068
35076,46068
225077,46068
174630,46068
293941,46068
209386,46067
60277,46067
185027,46067
257877,46067
21662,46066
187861,46066
8693,46066
219774,46066
176557,46066
257988,46066
74502,46066
188831,46066
236479,46066
255446,46065
283468,46065
200672,46065
120020,46065
175780,46064
190013,46064
266834,46064
101122,46064
26432,46064
253491,46064
289073,46063
274080,46063
242253,46063
122983,46063
254950,46063
223301,46062
70348,46062
221765,46062
277379,46061
202366,46061
142376,46061
276017,46060
741,46060
185848,46060
47077,46060
135946,46059
267688,46059
187522,46058
158793,46058
239989,46058
234688,46058
267561,46058
248687,46057
232283,46056
215628,46056
108614,46056
278629,46055
223179,46055
252374,46055
93772,46055
155912,46055
294990,46054
162294,46054
204006,46053
283305,46053
110095,46053
199678,46052
190361,46051
54795,46051
169673,46050
1184,46050
208248,46050
238341,46049
192668,46049
46722,46049
276670,46049
270649,46049
131466,46049
209898,46049
243275,46048
260597,46048
145214,46048
24529,46048
270274,46048
286520,46048
130123,46047
291659,46047
288935,46047
265945,46047
268798,46047
239538,46046
9475,46046
204047,46046
249850,46046
276473,46046
166469,46045
294886,46045
198977,46045
257511,46045
88357,46044
262085,46043
273204,46043
268436,46042
22615,46042
288302,46042
150119,46042
278055,46041
227904,46041
284707,46041
60426,46041
283133,46041
248961,46041
104355,46040
31591,46039
291440,46038
17506,46038
227464,46038
272609,46037
287496,46037
9955,46037
243377,46037
123725,46036
275696,46036
275575,46036
260927,46036
129784,46035
269417,46035
282120,46035
207101,46035
286801,46034
165924,46034
121284,46034
56865,46033
46089,46033
181769,46033
278545,46033
256736,46032
249082,46032
234499,46032
168931,46032
25163,46031
241159,46031
16383,46031
27994,46030
5067,46030
27601,46030
278451,46030
161664,46029
152598,46029
221639,46029
124387,46029
287973,46029
128685,46028
169408,46027
5343,46027
221977,46027
272924,46027
259408,46027
74959,46027
65314,46027
267696,46027
77206,46026
30375,46026
191878,46025
222158,46025
166898,46025
274164,46024
158959,46024
227179,46023
26941,46023
115567,46023
54800,46023
247440,46023
1798,46022
250588,46022
184601,46022
194708,46022
183402,46022
181239,46021
4232,46021
51563,46020
176948,46020
291779,46019
159381,46019
129283,46019
188352,46019
187789,46018
271084,46018
213183,46018
208727,46017
254583,46017
236167,46017
215441,46017
275235,46017
227186,46016
33641,46016
2812,46015
288985,46015
245596,46015
57594,46015
86659,46014
201209,46014
148540,46014
262088,46014
294577,46014
292732,46013
15017,46013
279410,46013
261717,46013
89141,46013
10611,46012
294266,46011
215171,46011
288137,46011
54497,46011
249540,46011
200998,46011
87853,46010
35665,46010
121615,46010
288071,46010
11230,46010
204435,46010
246340,46010
115339,46010
265299,46010
257014,46009
274114,46009
232271,46008
145380,46008
286696,46008
269251,46008
258779,46008
251110,46007
262406,46007
156016,46007
278760,46007
268819,46007
281940,46006
233773,46006
231738,46006
270798,46006
19,46006
262847,46006
125086,46006
240128,46005
193090,46005
285126,46005
280247,46005
258301,46005
260397,46005
12870,46004
287740,46004
8703,46003
256382,46003
284476,46003
1749,46003
35517,46003
150786,46002
230119,46002
151303,46002
119063,46001
257300,46001
202052,46001
283569,46000
246116,46000
230567,46000
281881,46000
289412,46000
213517,45999
13578,45999
150958,45999
199670,45999
24968,45999
287408,45998
147679,45998
275761,45998
219906,45998
53506,45997
262445,45997
348,45996
204738,45996
87078,45996
173564,45995
14668,45995
295344,45995
9353,45995
134258,45995
154057,45995
1012,45994
101709,45994
23002,45994
218001,45994
230312,45994
278888,45994
189385,45994
20219,45993
158337,45993
275061,45993
193637,45993
251203,45993
114844,45993
83184,45992
265071,45992
278381,45992
153151,45991
195450,45991
256991,45991
133857,45991
237142,45990
194669,45990
263490,45990
205937,45990
258796,45990
279151,45989
200711,45989
173325,45989
6584,45989
96360,45988
157352,45988
180181,45988
229089,45988
105514,45988
135182,45988
572,45987
286747,45987
128188,45987
293532,45987
238101,45986
199447,45986
190849,45986
138710,45986
199263,45986
192127,45986
268115,45985
146607,45985
290901,45985
165071,45985
85388,45984
202798,45984
54100,45984
257405,45984
89705,45984
156198,45983
79369,45983
210793,45983
254189,45983
166484,45983
211562,45982
205659,45982
67781,45982
231097,45982
221962,45982
22441,45981
284411,45981
217032,45981
293435,45981
257106,45981
237981,45980
66258,45980
229278,45980
255560,45979
179745,45979
145975,45979
253303,45979
204198,45979
255076,45978
176039,45978
38039,45978
275781,45978
246403,45977
182410,45977
24472,45977
18857,45976
283618,45976
210091,45976
244713,45976
15517,45975
179585,45975
186595,45975
191045,45975
137275,45975
75979,45975
162456,45975
280387,45974
35087,45974
132373,45973
150495,45973
198509,45973
88225,45973
285495,45973
258328,45973
224559,45972
19078,45972
243803,45972
263754,45972
43586,45972
231454,45972
28165,45972
287927,45972
25451,45972
139244,45972
246797,45971
209971,45971
207909,45971
294702,45971
247027,45971
208577,45971
38358,45971
275645,45971
292047,45970
212868,45970
256764,45970
116563,45969
246443,45969
68084,45969
196503,45969
14645,45969
283702,45968
91069,45968
293063,45967
209518,45966
247132,45966
233161,45966
194266,45966
197565,45966
278343,45965
289982,45965
160145,45965
127176,45964
114212,45964
155515,45964
31614,45964
221480,45963
81655,45963
258160,45963
211871,45963
16600,45963
272148,45963
92559,45963
217148,45962
291083,45962
271676,45962
37335,45961
242951,45961
104629,45961
232901,45961
227561,45960
275603,45960
62787,45960
37345,45959
155475,45959
76926,45959
201536,45958
241511,45958
123563,45958
253206,45958
271126,45958
6045,45958
283689,45957
184870,45957
270657,45956
218555,45956
198080,45956
223795,45956
277306,45955
269010,45955
209212,45955
197243,45954
225905,45954
201099,45954
167906,45954
202015,45954
258726,45954
254651,45953
146772,45953
197336,45952
231824,45952
188394,45952
5012,45951
216451,45951
287114,45951
69201,45951
266162,45950
472,45949
10636,45949
236314,45949
242646,45949
10135,45949
289931,45948
33921,45948
176167,45948
290763,45948
288840,45947
295432,45947
223923,45947
64066,45947
34407,45947
227134,45947
286473,45946
286022,45946
283114,45946
220113,45946
206704,45946
45579,45945
241046,45945
252472,45945
121997,45945
1563,45945
209352,45945
98973,45944
96196,45944
264977,45943
31152,45943
291924,45943
197404,45943
291104,45943
13422,45943
291942,45943
182147,45943
161473,45942
209137,45942
271031,45941
51,45941
39358,45941
236832,45941
223195,45940
282845,45940
262233,45940
296138,45940
63844,45940
288665,45940
233476,45940
17392,45939
164948,45939
268994,45939
265771,45939
286443,45939
296489,45939
246380,45939
161853,45939
266838,45938
232834,45938
223220,45938
224475,45938
214469,45938
284721,45937
51655,45937
51769,45937
261003,45936
154240,45936
209213,45936
262015,45935
105691,45935
11793,45934
292663,45934
464,45934
218095,45934
277113,45934
268938,45934
267056,45933
288273,45933
179091,45933
29815,45933
15408,45933
227265,45933
1049,45932
232572,45932
199183,45932
68752,45932
34827,45932
257773,45932
217951,45931
286070,45931
279407,45930
16440,45930
255411,45930
60573,45929
283771,45929
211899,45929
63666,45928
242073,45928
284035,45928
231164,45928
220261,45928
222237,45928
96736,45927
258800,45927
87599,45927
279944,45926
191902,45926
258629,45926
172832,45926
295730,45926
288727,45926
23624,45926
212508,45926
88973,45926
139318,45925
1177,45925
228892,45925
223464,45925
270480,45925
181041,45925
247580,45925
86848,45924
28407,45924
211745,45924
293647,45924
54690,45924
28768,45923
224149,45923
219158,45923
219256,45923
263177,45923
245948,45923
82457,45923
260710,45922
254855,45921
253330,45921
100655,45921
74173,45921
8672,45921
66047,45920
29985,45920
151578,45920
182149,45920
256791,45919
182053,45919
260258,45919
277490,45919
243747,45919
51824,45919
226488,45918
276783,45918
157314,45918
273849,45918
162133,45918
218418,45917
158278,45917
267142,45917
283891,45917
246063,45916
270515,45916
292720,45916
279624,45916
214117,45916
34351,45915
296150,45915
6607,45914
91499,45914
238070,45913
112183,45913
19588,45912
225453,45911
279161,45911
139395,45911
64717,45911
279121,45910
279175,45910
192473,45910
121258,45910
215834,45910
127956,45909
256397,45909
4318,45908
271690,45907
18304,45907
6709,45907
138857,45907
259974,45907
182120,45906
10492,45906
186154,45906
101394,45906
270402,45905
208932,45905
21256,45905
217921,45905
293307,45905
289354,45905
190049,45904
254755,45904
239957,45904
21792,45904
105902,45904
85429,45904
92045,45904
263740,45903
204061,45903
164005,45903
113681,45903
160340,45903
26284,45902
95577,45902
53990,45902
91560,45902
252476,45902
235401,45902
25084,45902
249666,45901
182817,45901
164843,45901
288800,45901
65855,45901
269164,45900
122663,45900
217097,45900
12367,45900
206468,45900
270985,45900
189390,45899
240489,45899
113672,45899
206893,45899
179130,45899
227193,45899
258035,45899
177018,45898
221648,45898
206303,45898
116134,45898
128821,45898
258906,45898
114036,45897
292679,45897
267321,45897
233877,45897
141692,45897
168064,45896
208598,45896
250418,45896
294527,45896
98376,45896
139353,45896
50587,45896
163378,45895
228633,45895
278193,45895
266087,45895
287650,45894
124541,45894
9822,45894
19365,45894
35575,45893
146677,45893
197890,45893
276967,45893
94265,45892
89637,45892
170314,45892
57762,45892
257356,45892
213368,45892
240941,45891
755,45891
262384,45891
55099,45891
100606,45891
14996,45891
239808,45891
212818,45891
18559,45890
279783,45890
94843,45890
42715,45890
192097,45890
263193,45890
114346,45889
145720,45889
293787,45889
232151,45888
265516,45888
130794,45888
277438,45888
290691,45888
198306,45888
42134,45888
122525,45887
70854,45887
269194,45887
190904,45887
181056,45887
278768,45886
219867,45886
205590,45886
291590,45886
206714,45885
232133,45885
269198,45885
280033,45885
225659,45885
31572,45884
13476,45884
183170,45884
218756,45884
268200,45884
41071,45884
113091,45884
289699,45884
139928,45883
80797,45883
90410,45883
100902,45883
32110,45883
227984,45883
173865,45882
154303,45882
245436,45882
152676,45882
21700,45882
152457,45882
192480,45881
3597,45881
281653,45881
264867,45880
112085,45880
244277,45880
160541,45880
231136,45879
161958,45879
269598,45879
16064,45879
117084,45879
266735,45879
296550,45879
20104,45879
289485,45878
231210,45878
239425,45878
51599,45878
72037,45878
275725,45878
151928,45877
212587,45877
141075,45877
44825,45876
283770,45876
236612,45876
233227,45876
198094,45876
288657,45876
20671,45876
87211,45876
186667,45875
274255,45875
169562,45875
180389,45875
294428,45875
259771,45875
70961,45875
166757,45875
274062,45875
251357,45874
293978,45874
200398,45874
278149,45874
295966,45874
249790,45873
70895,45873
3400,45873
36583,45873
180234,45873
233440,45873
231122,45873
196714,45873
263758,45872
191363,45872
209215,45871
102741,45871
286625,45871
283669,45871
162470,45871
277031,45871
63420,45871
209337,45870
163213,45870
245835,45870
291026,45870
156728,45870
45695,45870
119819,45870
264424,45869
41222,45869
163860,45869
103423,45869
269155,45869
285667,45869
176694,45869
250431,45868
27223,45868
274115,45868
131608,45868
259894,45868
134191,45867
231033,45867
109155,45867
238541,45866
214641,45866
185851,45866
148883,45866
71058,45866
24996,45866
293927,45866
223868,45865
223299,45864
194648,45864
213768,45864
46187,45864
148811,45864
289906,45863
202674,45863
224781,45863
129006,45863
25519,45863
179031,45862
60728,45862
249665,45862
224170,45862
157656,45862
180708,45862
145721,45862
236751,45862
271035,45861
258956,45861
177245,45861
211332,45860
160586,45860
128812,45860
23662,45860
48477,45860
245237,45860
215291,45860
292113,45860
200493,45860
291122,45859
187002,45859
290522,45859
222397,45859
274333,45859
263633,45858
231608,45858
109385,45858
258777,45858
285301,45858
257273,45858
168238,45857
236764,45857
201500,45857
256160,45857
261399,45856
194938,45856
15809,45856
162799,45856
256105,45856
3108,45856
129169,45856
27483,45856
288361,45855
77768,45855
245089,45855
246901,45855
7134,45855
273421,45854
285537,45854
122922,45854
205339,45853
6515,45853
287694,45853
221707,45853
252258,45853
166644,45853
278244,45853
103562,45852
200831,45852
261734,45852
180165,45852
227697,45852
114562,45852
278488,45852
215146,45851
259182,45851
93501,45851
59735,45851
170401,45851
204466,45851
296280,45851
192547,45851
11272,45850
263641,45850
118771,45850
274617,45849
278955,45849
234148,45849
83207,45848
259809,45848
172547,45848
54120,45848
125321,45847
291298,45847
90278,45847
203900,45847
158602,45847
233500,45846
218560,45846
2689,45846
277380,45846
236980,45846
270002,45846
239462,45845
285026,45845
143851,45845
256464,45845
138284,45845
246275,45844
236563,45844
192840,45844
293401,45844
293514,45843
238652,45843
241979,45843
210711,45843
291632,45842
197211,45842
280660,45842
6001,45842
287919,45842
293849,45841
131314,45841
151958,45841
206955,45841
263666,45841
292344,45841
160068,45840
293668,45840
258003,45840
160963,45840
292673,45840
40193,45839
252172,45839
275771,45839
246429,45839
31856,45838
275765,45838
162035,45838
125869,45838
262764,45838
239800,45838
183112,45837
243823,45837
32364,45837
257032,45837
237859,45836
238807,45836
281423,45836
142165,45836
114570,45836
118536,45836
280403,45835
46479,45835
158884,45835
164487,45835
265790,45834
232469,45834
241519,45834
86128,45834
98837,45834
1,45833
293530,45833
40952,45833
224747,45833
293702,45833
133041,45832
270999,45831
73525,45831
146247,45831
122765,45831
46220,45830
277544,45830
135624,45830
20625,45830
187415,45830
41435,45830
199050,45830
243067,45830
229960,45829
243010,45829
155210,45829
250170,45829
189875,45829
284166,45829
245048,45829
107175,45829
63694,45828
252939,45828
163463,45828
253454,45827
251615,45826
262576,45826
37274,45826
116485,45826
15431,45826
75041,45825
275975,45825
23316,45825
191812,45825
282408,45824
15060,45824
4422,45824
210112,45824
207050,45824
32477,45824
277166,45824
287570,45824
27867,45823
160152,45823
6862,45823
246305,45823
245143,45823
225823,45822
139913,45822
273718,45822
257399,45822
271421,45822
235422,45821
182261,45821
204604,45821
258610,45820
11350,45820
216037,45820
193,45820
234309,45820
197927,45819
215275,45819
188585,45819
185134,45819
23465,45819
210119,45819
49168,45819
208993,45818
177586,45818
118672,45818
228078,45818
32868,45818
273500,45817
143862,45817
241799,45817
39346,45817
231898,45817
227023,45817
20552,45817
3849,45816
69518,45816
151732,45816
269462,45816
288742,45816
285312,45816
283870,45816
265860,45816
3885,45816
271792,45816
296496,45815
10847,45815
244463,45815
21152,45815
174235,45815
249974,45814
125917,45814
288819,45814
38170,45814
164763,45814
117875,45814
291482,45814
288822,45813
149734,45813
286723,45812
70270,45812
279185,45812
169225,45812
5960,45812
261915,45811
8883,45811
281517,45811
281321,45811
125048,45811
239367,45811
238276,45811
263840,45811
217685,45811
295892,45811
234335,45810
18269,45810
291230,45809
245885,45809
280877,45808
249309,45808
231740,45808
161174,45808
195844,45808
191047,45808
194216,45808
195022,45807
215921,45807
274936,45807
155177,45807
123906,45807
251735,45807
215551,45806
121901,45806
203773,45806
169627,45806
179259,45806
258782,45805
282629,45805
86106,45805
259162,45805
240253,45805
198990,45805
279800,45805
67894,45805
181519,45804
11969,45804
200902,45804
245372,45804
118738,45804
215389,45803
233397,45803
218738,45803
101643,45803
214983,45803
228295,45802
215352,45802
270256,45802
212602,45802
54562,45801
276026,45801
235581,45801
209235,45801
289265,45801
139476,45801
143949,45801
234532,45801
125180,45800
201474,45800
237496,45800
127790,45800
27380,45800
279725,45800
124204,45800
228615,45800
43521,45799
126740,45799
150923,45799
195359,45799
223952,45798
46831,45798
239640,45798
244949,45798
259908,45798
238256,45798
170863,45798
22448,45797
169628,45797
224121,45797
234484,45797
233935,45797
4961,45797
99336,45797
7867,45796
262862,45796
257286,45796
283276,45796
31890,45796
250803,45796
295778,45796
129261,45796
15136,45795
146596,45795
187969,45795
143375,45795
155979,45795
272013,45795
266124,45795
289887,45795
263642,45795
155172,45794
123857,45794
136762,45794
261051,45794
290374,45794
154847,45794
204369,45794
262542,45794
195178,45794
202022,45793
280784,45793
75244,45793
270492,45793
274000,45792
238640,45792
41442,45791
238922,45791
146209,45791
166782,45791
159477,45791
236448,45790
249521,45790
129749,45790
154546,45790
253549,45789
31536,45789
265609,45789
223002,45789
142856,45789
234102,45788
78788,45788
233915,45788
233118,45788
205064,45788
162685,45788
249959,45787
267509,45787
170598,45787
200724,45787
178671,45787
274057,45786
290749,45786
219583,45786
200026,45786
247941,45785
198349,45785
3590,45785
283239,45784
182062,45784
61002,45784
36053,45784
197314,45784
197307,45784
5944,45783
249340,45783
159644,45783
63295,45783
170887,45783
281732,45783
16998,45783
106053,45782
203941,45782
292123,45782
279179,45782
271503,45781
251478,45781
290189,45781
230818,45781
294811,45781
167288,45781
210447,45781
179821,45781
243934,45781
239682,45781
209290,45781
28997,45781
244821,45781
259323,45780
146962,45780
3993,45780
159041,45780
228173,45780
279662,45780
146581,45780
285030,45779
94838,45779
692,45779
108699,45779
91144,45779
280610,45779
118395,45779
132853,45779
237980,45778
148686,45778
106199,45777
294463,45777
78002,45777
8767,45777
89084,45777
41612,45777
294061,45777
230398,45776
277073,45776
265407,45776
235903,45776
192384,45776
220729,45776
119376,45776
269816,45775
280688,45775
231290,45775
219035,45775
36646,45774
288515,45774
282860,45774
272944,45774
193454,45774
276815,45774
252810,45774
217672,45774
197174,45774
277557,45774
184056,45774
59807,45774
242640,45774
6704,45773
292330,45773
238097,45773
266929,45773
217611,45773
98174,45773
8210,45773
196418,45773
12186,45773
204430,45773
49457,45773
272762,45773
173795,45772
230497,45772
167297,45772
255361,45772
269195,45772
171524,45772
292716,45772
245694,45772
251950,45771
55823,45771
197209,45771
74908,45771
84423,45771
195877,45770
257889,45770
129831,45770
181147,45770
206023,45770
190165,45769
178234,45769
24347,45769
35946,45769
99759,45769
282594,45769
187946,45769
261271,45769
3037,45768
210234,45768
229971,45768
183015,45768
172902,45767
119043,45767
240413,45767
213231,45766
260613,45766
238621,45766
228803,45766
201507,45766
176400,45766
211063,45766
254951,45766
266050,45765
234129,45765
48507,45765
285958,45765
272420,45765
179938,45764
97232,45764
201056,45764
212841,45764
177485,45764
290107,45764
241793,45764
209783,45764
244941,45763
264468,45763
223207,45763
234578,45763
258945,45763
277094,45763
75172,45763
251873,45763
282579,45762
265141,45762
179568,45762
184330,45761
291504,45761
259339,45760
190416,45760
148641,45760
251919,45760
18302,45760
29811,45759
192988,45759
67775,45759
170638,45759
185287,45759
295570,45759
235133,45759
79877,45759
267674,45758
248376,45758
269541,45758
223139,45758
160674,45758
160283,45758
110099,45758
258605,45758
197903,45758
13093,45758
214329,45757
259012,45757
231794,45757
275381,45757
219390,45757
193328,45757
269597,45756
222191,45756
252128,45756
230980,45756
222867,45756
215135,45756
146778,45755
290126,45754
185301,45754
240089,45754
281763,45754
290505,45754
85579,45753
183361,45753
285557,45753
190119,45753
212288,45753
224103,45753
110587,45753
259242,45752
113860,45752
98934,45752
777,45752
80143,45752
29881,45752
264339,45752
266298,45752
209339,45752
235360,45752
271472,45752
191246,45752
244738,45751
136820,45751
156745,45751
268207,45751
222731,45751
227746,45751
226058,45751
57857,45751
262277,45751
11164,45751
283713,45751
138310,45750
25967,45750
258384,45750
243368,45750
47414,45749
243635,45749
79917,45749
252176,45748
10682,45748
152077,45748
250442,45747
261303,45747
283446,45747
208900,45747
240708,45747
251306,45747
109488,45747
152522,45747
130454,45746
103106,45746
283522,45746
123601,45746
288683,45746
232796,45746
269448,45745
125043,45745
259895,45745
75213,45745
42925,45744
105926,45744
174973,45744
267161,45744
291554,45744
229128,45744
205434,45744
242668,45743
112677,45743
264390,45743
226530,45742
219257,45742
148067,45742
217768,45742
248114,45742
222703,45742
264371,45742
267276,45741
228684,45741
7871,45741
182729,45741
250429,45741
200169,45741
247475,45740
3692,45740
276524,45740
219328,45740
227438,45740
276023,45739
210591,45739
261895,45739
146983,45739
178385,45738
235753,45738
254880,45738
226536,45738
115631,45738
151435,45738
80769,45738
228540,45738
185762,45737
254665,45737
172281,45737
285043,45737
3750,45737
88255,45736
20117,45736
139748,45736
269129,45735
21949,45735
86388,45735
234577,45735
241181,45735
133070,45735
295857,45734
127124,45734
229377,45734
170498,45734
276941,45734
257886,45734
139620,45733
247082,45733
256333,45733
207259,45733
236312,45733
221883,45733
185397,45732
54657,45732
103672,45732
259490,45732
268003,45732
156999,45732
228724,45731
210911,45731
183173,45731
267094,45731
80885,45730
155589,45730
197252,45729
180059,45729
32817,45729
290253,45729
272465,45729
256026,45728
161377,45728
257351,45728
237324,45728
233275,45728
213101,45728
112711,45728
60287,45727
18434,45727
224315,45727
153498,45727
100849,45726
234407,45726
164160,45726
269158,45726
140261,45726
281842,45726
30071,45726
251624,45726
149304,45726
156610,45725
116778,45725
259049,45725
206865,45725
244020,45725
247192,45725
240775,45725
294977,45725
246368,45724
205785,45724
35296,45724
179803,45724
214619,45724
245297,45724
232053,45724
208516,45724
289019,45723
253975,45723
2634,45723
228363,45723
212882,45723
131199,45723
125847,45723
270913,45723
287475,45722
285364,45722
153625,45722
237670,45722
10242,45722
149494,45722
163109,45721
177549,45721
81444,45720
14549,45720
272994,45720
150584,45720
255203,45720
295418,45720
214574,45719
266740,45719
273412,45719
193046,45719
230010,45718
277864,45718
32859,45718
292059,45718
109819,45718
170263,45718
283339,45718
208962,45718
123914,45718
6574,45718
220947,45718
261299,45718
64504,45717
185759,45717
201014,45717
7730,45717
16362,45717
261584,45716
135277,45716
194456,45715
295531,45715
293763,45715
159570,45715
38999,45715
190189,45715
213372,45714
291097,45714
15627,45714
198840,45714
6350,45714
295076,45714
199366,45714
92100,45714
274320,45714
2259,45714
227576,45713
249404,45713
168128,45713
6728,45713
219778,45713
96970,45713
28983,45713
114967,45713
205993,45712
213123,45712
244432,45712
27048,45712
291650,45712
252547,45712
226363,45712
162066,45712
133382,45711
264896,45711
204732,45711
241036,45710
1105,45710
239772,45710
235888,45709
3399,45709
223990,45709
146622,45708
96150,45708
287640,45708
51045,45708
157919,45708
12924,45708
153058,45708
210199,45708
176187,45708
192423,45707
26874,45707
274690,45707
245310,45707
260371,45707
294204,45707
213359,45706
88580,45706
164687,45706
113799,45706
221450,45706
252774,45705
251661,45705
238481,45705
262258,45705
35735,45705
126881,45705
293884,45705
32681,45705
191204,45705
242207,45705
285078,45704
269469,45704
275490,45704
229618,45704
243098,45703
261632,45703
44806,45703
62375,45703
275205,45703
152109,45703
255412,45703
224749,45702
263558,45702
179396,45702
171725,45702
236011,45702
212395,45702
267543,45702
3056,45702
46797,45702
282608,45702
13108,45702
283905,45701
264906,45701
190631,45701
7854,45701
275678,45701
212328,45701
75987,45700
168371,45700
284317,45700
134544,45700
170500,45700
153106,45700
25426,45700
32448,45700
67984,45700
2089,45700
205558,45700
296093,45700
5814,45700
290576,45699
52833,45699
289423,45699
258314,45699
284230,45699
287011,45699
189150,45699
150232,45698
187261,45698
222630,45698
8793,45698
286573,45698
178462,45697
102023,45697
139454,45697
195102,45697
25103,45697
147012,45697
183298,45697
277502,45697
197602,45697
46792,45697
15953,45697
169604,45697
197082,45696
171160,45696
83697,45696
67918,45696
1761,45696
293357,45696
279107,45696
141716,45696
250655,45696
141254,45696
240024,45696
131797,45696
25863,45696
18893,45696
61585,45696
194303,45695
195048,45695
118416,45695
266525,45695
212714,45695
194402,45695
10752,45695
13286,45695
228548,45694
17664,45694
293822,45694
89298,45694
251908,45694
266863,45694
57528,45694
231349,45694
273804,45694
7441,45693
156961,45693
219944,45693
238510,45693
231114,45693
205734,45693
290155,45693
72272,45693
204963,45693
954,45692
182256,45692
169334,45692
169047,45692
201995,45691
288693,45691
157259,45691
76720,45691
224915,45691
49656,45691
251633,45691
143539,45691
151047,45691
295719,45691
274341,45691
207729,45691
272087,45691
10810,45690
255795,45690
220927,45690
137873,45690
55390,45690
72754,45690
5470,45689
23659,45689
156574,45689
161852,45689
180774,45689
278189,45689
2863,45689
280316,45688
288479,45688
153917,45688
1502,45688
194041,45688
154281,45688
280422,45688
200718,45687
158045,45687
290434,45687
80192,45687
237094,45687
251887,45687
81639,45687
279527,45687
234849,45687
194685,45686
129019,45686
225384,45686
76840,45686
293887,45686
124620,45686
105562,45686
148184,45686
240601,45685
60653,45685
246782,45685
238692,45685
224557,45685
278757,45685
18337,45685
223134,45685
227496,45685
202570,45685
160421,45685
122564,45685
137292,45684
238419,45684
245969,45684
163440,45684
139825,45684
97348,45684
282523,45684
174287,45684
198360,45684
157296,45684
55568,45683
285791,45683
8483,45683
279814,45683
235609,45683
249575,45682
34482,45682
85424,45682
164319,45682
187456,45682
262311,45682
2379,45682
205197,45682
160099,45681
93400,45681
193323,45681
248441,45681
253230,45681
236380,45681
265646,45681
196330,45681
271946,45681
206952,45681
154293,45680
41413,45680
269038,45680
282958,45680
63336,45680
272255,45679
170103,45679
118029,45679
20578,45679
25412,45679
144143,45679
293778,45678
272740,45678
29888,45678
108501,45678
257435,45678
278865,45678
221682,45677
278505,45677
675,45677
265689,45677
5570,45677
154193,45677
8366,45677
238258,45677
234715,45677
205744,45676
233206,45676
190303,45676
192874,45676
187044,45676
234413,45676
190436,45676
239579,45675
174705,45675
74736,45675
177230,45675
77218,45675
230231,45675
171807,45675
202174,45674
280755,45674
290931,45674
143914,45674
292347,45674
29353,45674
273875,45674
199946,45674
151224,45673
32510,45673
221661,45672
134650,45672
110817,45672
48148,45672
283953,45672
214747,45672
263058,45672
150685,45672
242446,45671
284579,45671
33376,45671
156711,45671
225802,45671
213473,45671
134932,45671
107017,45671
226846,45670
284461,45670
216371,45670
262372,45670
175878,45670
55126,45670
135138,45670
180428,45670
250438,45670
167152,45670
87257,45670
240993,45669
222315,45669
262419,45669
8025,45669
63299,45669
266217,45669
257519,45669
126285,45669
190427,45669
201839,45669
204791,45669
160534,45669
272258,45668
285034,45668
274784,45668
62738,45668
72071,45668
292375,45668
250658,45668
291299,45668
160987,45668
291600,45667
22843,45667
47588,45667
270504,45666
73354,45666
176811,45666
262248,45666
126853,45666
123721,45666
244358,45666
285020,45666
127258,45665
10350,45665
21420,45665
281493,45665
22730,45665
136217,45664
263755,45664
209573,45664
190317,45664
122971,45663
209338,45663
208368,45663
283890,45663
282641,45663
6033,45663
232604,45662
6426,45662
246080,45662
255918,45662
188347,45662
171769,45661
30667,45661
281898,45661
214255,45661
225538,45661
139402,45661
282384,45661
143101,45661
253604,45661
280566,45660
122337,45660
84844,45660
83635,45660
213052,45660
158794,45660
296429,45660
235481,45660
146027,45660
174137,45660
222714,45659
251938,45659
91976,45659
45857,45659
268566,45659
192870,45658
283883,45658
268738,45658
169012,45658
246704,45658
276989,45658
207541,45658
87819,45658
253476,45658
101467,45658
144124,45658
147827,45658
254359,45657
216989,45657
124680,45657
179519,45657
152224,45657
34470,45657
207521,45657
137842,45656
131604,45656
295070,45656
243193,45656
10882,45656
86496,45655
166008,45655
125736,45655
277119,45655
291270,45655
236846,45654
252908,45654
252848,45654
113843,45654
38230,45654
277318,45654
253994,45654
15655,45654
136750,45653
4161,45653
188990,45653
216370,45653
60959,45653
207061,45653
161220,45653
295211,45653
167431,45652
279993,45652
160622,45652
215673,45652
236866,45652
150657,45652
248051,45652
211861,45651
144396,45651
274950,45651
272010,45650
25114,45650
290860,45650
165544,45650
230076,45650
257302,45649
23706,45649
279924,45649
165222,45649
230833,45649
272654,45649
164826,45649
249784,45649
158685,45648
252353,45648
202785,45648
120232,45648
1476,45648
268290,45647
248409,45647
16367,45647
285641,45647
194527,45647
146824,45647
4102,45647
186852,45646
208020,45646
95162,45646
118854,45646
49244,45646
274851,45646
238749,45646
229811,45645
243280,45645
213508,45645
293406,45645
233594,45645
15917,45645
271809,45645
216292,45645
139305,45645
166346,45645
279538,45644
293036,45644
262257,45644
159742,45643
224460,45643
12057,45643
176322,45643
285750,45643
225059,45642
58565,45642
178702,45642
247700,45641
264601,45641
113764,45641
156933,45641
159183,45641
254198,45641
280618,45640
148105,45640
266817,45640
229503,45640
209375,45640
296341,45640
118319,45640
122232,45639
278623,45639
259428,45639
26439,45639
87224,45639
262867,45639
102791,45639
230057,45639
82471,45638
78904,45638
87529,45638
179235,45638
270136,45638
31722,45637
279259,45637
157738,45637
129407,45637
247399,45637
236505,45637
276750,45636
236341,45636
20867,45636
278576,45636
38224,45636
9504,45635
172098,45635
65278,45635
62634,45635
175831,45635
205630,45635
262653,45635
85201,45635
263459,45634
28620,45634
258687,45634
285553,45633
262625,45633
263997,45633
214550,45633
133136,45633
56858,45632
109106,45632
167275,45632
261609,45632
240046,45632
206753,45632
292356,45632
196763,45631
248562,45631
232703,45631
74683,45631
178616,45631
263281,45631
157299,45631
264766,45631
283538,45631
293186,45631
282375,45630
252079,45630
36741,45630
204581,45630
292219,45630
17923,45630
249409,45630
150066,45630
214489,45630
107797,45630
152960,45629
245878,45628
228469,45628
100869,45628
223135,45627
189803,45627
185681,45627
124358,45627
191409,45627
47624,45627
288989,45627
224662,45627
217398,45627
282349,45626
113684,45626
259763,45626
290427,45626
206004,45626
290944,45626
8681,45626
275844,45626
163256,45625
14365,45625
247310,45625
288884,45625
273049,45624
143782,45624
247348,45624
241717,45624
108193,45623
80475,45623
19956,45623
219109,45623
236411,45623
201156,45623
134155,45623
198264,45623
5931,45622
257067,45622
273202,45622
16528,45622
205463,45622
205410,45621
45407,45621
258396,45621
292932,45621
254129,45621
161774,45621
154301,45621
274013,45621
254556,45621
211164,45621
179554,45621
8631,45621
242486,45621
230494,45620
263441,45620
295313,45620
220128,45620
4923,45620
242481,45619
36504,45619
206586,45619
59418,45619
199751,45619
132741,45619
274343,45619
225842,45619
174565,45618
191610,45618
258149,45618
3285,45618
227641,45618
60471,45618
236098,45618
238710,45618
262540,45618
37758,45618
265159,45618
178261,45617
201586,45617
273535,45617
283509,45617
101004,45617
254191,45617
250322,45617
31801,45616
286923,45616
232295,45616
18942,45616
76507,45616
217622,45616
219484,45616
290578,45616
218723,45615
272627,45615
101184,45615
213854,45615
280909,45615
79765,45615
1165,45615
245395,45615
88029,45615
132643,45615
62319,45614
165578,45614
250891,45614
6516,45614
285788,45614
181489,45614
35819,45614
18207,45614
125370,45614
47437,45614
169052,45613
271910,45613
219081,45613
202814,45613
277254,45613
144621,45613
187462,45613
201457,45613
194426,45613
193358,45613
22760,45612
289973,45612
222460,45612
244709,45612
127423,45612
121628,45612
232730,45612
291713,45612
164683,45611
203131,45611
19963,45610
277322,45610
77869,45610
33578,45610
195128,45610
282013,45610
23519,45610
109650,45610
184269,45610
281830,45610
26551,45610
87845,45610
181244,45610
241562,45609
251176,45609
262076,45609
251871,45609
288914,45609
269520,45609
150827,45608
149698,45608
119594,45608
165695,45608
25579,45607
4146,45607
35073,45607
285978,45607
187505,45607
199960,45607
284126,45607
220586,45607
9048,45606
162856,45606
21377,45606
64065,45606
165278,45606
134603,45605
240325,45605
219088,45605
78269,45605
48411,45605
177297,45605
216535,45605
65578,45605
170022,45605
100447,45605
2055,45605
230878,45605
16864,45605
203072,45604
56987,45604
163974,45604
214495,45604
296266,45604
164836,45604
154557,45603
185402,45603
16052,45603
215269,45603
60065,45603
282360,45603
121821,45603
125921,45603
277866,45603
107471,45603
124364,45603
132334,45602
268448,45602
1180,45602
60331,45602
239539,45602
223646,45602
256183,45602
200716,45602
155300,45602
277402,45602
190529,45602
224481,45602
2620,45602
216704,45601
271988,45601
220751,45601
126728,45601
142485,45601
19850,45601
187564,45601
282000,45601
249346,45601
175410,45601
207249,45601
191556,45600
289476,45600
252216,45600
191725,45599
277383,45599
238316,45599
284093,45599
62932,45599
11689,45599
57612,45599
264426,45599
112012,45599
209568,45598
199582,45598
23670,45598
176829,45598
133443,45598
17266,45598
205913,45598
135882,45597
57028,45597
3586,45597
220022,45597
46630,45597
96746,45597
102015,45597
226896,45597
235656,45597
263110,45597
219430,45597
8460,45596
15472,45596
162061,45596
169926,45596
285684,45596
194157,45596
248123,45596
286358,45596
262369,45595
143527,45595
107200,45595
251859,45595
134504,45595
92892,45595
288500,45595
250986,45595
37528,45595
263829,45595
265092,45595
125377,45595
48092,45595
291844,45594
6127,45594
3871,45594
6701,45593
129162,45593
239155,45593
214232,45593
224528,45593
6739,45593
119224,45593
237889,45593
38311,45593
242718,45593
144469,45593
184277,45593
286058,45593
141356,45593
273309,45592
43539,45592
213293,45592
258759,45592
209330,45592
124725,45592
192724,45591
271150,45591
251884,45591
48645,45591
258112,45590
25938,45590
143497,45590
190244,45590
1242,45590
155726,45590
13412,45589
178070,45589
136757,45589
296504,45589
285680,45589
271915,45589
196228,45589
208809,45589
267216,45589
134047,45588
272115,45588
9142,45588
252578,45588
126508,45588
3372,45588
30572,45588
258648,45587
127054,45587
291577,45587
163509,45587
195089,45587
198485,45587
168919,45587
112501,45587
125849,45587
276539,45587
40837,45587
6154,45587
205712,45586
179591,45586
296359,45586
48731,45586
249977,45586
100464,45586
190084,45586
114924,45586
242848,45586
205737,45585
243147,45585
256795,45585
676,45585
169281,45585
278033,45585
30838,45585
138329,45585
198818,45585
296026,45585
201054,45584
190452,45584
218700,45584
208316,45584
193320,45584
122989,45584
159384,45584
78404,45583
217793,45583
178322,45583
163903,45583
275491,45583
94319,45583
177393,45583
203473,45583
216254,45583
163528,45583
242505,45582
243605,45582
152275,45582
222942,45582
243423,45582
19014,45582
235383,45582
198968,45582
191332,45582
35535,45582
177062,45582
8796,45582
266145,45581
225126,45581
145045,45581
163628,45581
249026,45581
203209,45581
258131,45581
181016,45581
131096,45581
142721,45580
296190,45580
201917,45580
40395,45580
57854,45580
295907,45580
54093,45580
200972,45579
121865,45579
652,45579
107691,45579
162515,45579
248893,45579
272455,45579
128965,45579
236902,45579
247445,45579
286868,45579
154120,45578
139170,45578
34116,45578
177777,45578
223418,45578
289382,45578
142871,45577
93593,45577
211121,45577
126765,45576
296105,45576
216107,45576
23038,45576
21711,45576
245983,45576
224257,45576
174905,45575
220565,45575
152943,45575
11177,45575
276462,45575
57374,45575
282222,45575
269047,45575
254451,45575
212794,45574
226451,45574
233601,45574
16630,45574
17553,45574
237193,45574
273958,45573
142513,45573
225739,45573
112428,45573
250237,45573
210814,45573
263993,45573
260345,45573
146021,45572
223419,45572
184922,45572
247652,45572
205440,45572
281416,45571
118125,45571
27932,45571
189450,45571
73639,45571
27739,45571
117740,45571
205225,45570
253294,45570
277331,45570
6932,45570
92861,45570
38389,45570
18175,45570
199730,45570
225853,45569
82671,45569
262866,45569
69977,45569
325,45569
266155,45569
150937,45569
192173,45569
2079,45569
291496,45569
10593,45568
163520,45568
66048,45568
136804,45568
170536,45568
289843,45568
10237,45568
233106,45568
117834,45568
87498,45568
21515,45568
218209,45568
12632,45568
284108,45567
281357,45567
185127,45567
264173,45567
32941,45567
149008,45567
25037,45567
208994,45567
259931,45566
34995,45566
257922,45566
279622,45566
116473,45566
203877,45566
3767,45566
204986,45566
192044,45566
292023,45566
114259,45566
32216,45566
70031,45566
248244,45565
119654,45565
222255,45565
139196,45565
54082,45565
264837,45565
105007,45565
53979,45565
292263,45565
270683,45565
256556,45564
235131,45564
118790,45564
115483,45564
222192,45564
255144,45564
275083,45564
180730,45564
272748,45564
99525,45564
292126,45564
194486,45563
146259,45563
258193,45563
206954,45562
33270,45562
23797,45562
217012,45562
203071,45562
149190,45562
280398,45562
227486,45562
145418,45562
161233,45561
259934,45561
10107,45560
225359,45560
13952,45560
139965,45560
286752,45560
292457,45560
176149,45560
238573,45560
237258,45560
23119,45559
68262,45559
290483,45559
140880,45559
31532,45559
255911,45559
249603,45559
179595,45559
181155,45559
294918,45559
160107,45558
165240,45558
264862,45558
267740,45558
99828,45558
247579,45558
231471,45557
235362,45557
195875,45557
259039,45557
136931,45557
115699,45557
85240,45557
27629,45556
251739,45556
296111,45556
9916,45556
293962,45556
150229,45556
415,45555
177624,45555
18865,45555
251847,45555
217077,45555
217301,45555
151201,45555
208294,45555
164182,45555
249373,45554
226670,45554
59557,45554
150882,45554
69309,45554
87727,45554
271945,45554
229085,45554
215583,45554
201896,45553
92772,45553
181413,45553
280040,45553
290231,45553
80231,45553
187509,45553
