1308,100000
161,55566
2758,54441
9113,53108
2389,50969
233202,50766
4197,50752
136,50187
730,50174
301,50145
879,49874
197,49779
472,49719
480,49553
32,49445
1180,49412
359,49271
4558,49087
119,49064
4318,48981
4360,48875
687,48828
4021,48689
1239,48674
585,48599
2120,48580
4921,48549
2721,48531
1510,48478
7125,48462
834,48454
512,48425
120,48367
1075,48356
44686,48242
665,48226
3226,48226
2531,48213
582,48184
77298,48184
4731,48138
1431,48125
2506,48082
22480,48073
711,48057
2976,48043
2797,48027
3779,48020
3871,48017
6603,48010
6739,48003
973,47969
2746,47967
6533,47952
1517,47950
1306,47931
8062,47930
7678,47912
708,47911
3822,47908
490,47837
5396,47814
1301,47809
32681,47808
6125,47785
6389,47759
2379,47756
72321,47740
537,47717
44,47715
16888,47701
418,47680
5047,47651
750,47641
9072,47636
13422,47632
7843,47631
3315,47630
21139,47626
445,47625
264,47567
10071,47567
7770,47539
1124,47524
972,47506
32828,47495
3151,47473
10234,47471
79169,47444
4849,47434
856,47427
3841,47426
2450,47389
4534,47382
2538,47352
11420,47350
652,47349
124862,47330
30375,47326
431,47326
0,47325
5163,47314
46188,47301
6686,47296
5276,47293
5243,47292
5582,47283
2212,47275
1202,47261
244125,47225
4818,47222
1010,47222
312,47208
2239,47207
31515,47195
6272,47194
194018,47188
64606,47188
2319,47186
2597,47184
5230,47160
2104,47155
2184,47134
32317,47132
339,47115
6333,47115
356,47103
5534,47083
7976,47080
12532,47073
6023,47067
11893,47064
1236,47058
4602,47055
19878,47030
3709,47022
11459,47022
2551,47013
2858,47011
265045,46997
402,46981
3613,46974
2356,46974
1000,46966
1187,46949
121902,46945
1494,46938
4202,46933
1735,46931
455,46929
10186,46928
299,46925
440,46925
36406,46917
12082,46905
16496,46904
1682,46899
38203,46896
787,46896
413,46891
238413,46881
9224,46879
250384,46874
171,46874
2889,46869
184005,46866
178556,46850
4657,46846
993,46838
211827,46828
2255,46819
164836,46815
744,46811
262508,46811
265840,46811
249362,46805
3114,46801
258670,46793
8685,46793
14961,46782
682,46776
921,46772
11969,46771
12320,46767
48756,46758
5843,46749
5503,46748
3384,46744
8086,46739
222840,46727
247362,46724
2197,46721
169135,46719
278561,46717
247090,46715
53224,46714
648,46708
27488,46704
273227,46695
3020,46691
2131,46689
216125,46688
176811,46688
289324,46687
253027,46682
3541,46682
34120,46672
158176,46671
138952,46669
6516,46666
3849,46656
13066,46652
1091,46651
8058,46650
1166,46649
294340,46645
253359,46644
138,46641
330,46640
3357,46638
171639,46637
14269,46633
265399,46631
16622,46630
51,46627
281763,46625
25265,46621
266024,46607
265253,46604
163,46600
159462,46600
29175,46599
9266,46596
2092,46584
14953,46578
2660,46578
2135,46577
84275,46570
33921,46567
181550,46567
1381,46563
15881,46563
21280,46562
153690,46547
179614,46544
3894,46544
8556,46544
2006,46543
23667,46540
151571,46537
3586,46533
193893,46531
219683,46531
319,46530
103322,46529
34525,46528
211028,46526
9904,46525
136914,46524
1047,46522
4599,46521
100418,46520
219339,46519
177,46516
42102,46513
196503,46509
176110,46506
26981,46504
1320,46500
2418,46500
261399,46499
57390,46496
134812,46496
295632,46495
1317,46493
1725,46491
557,46488
289198,46483
293508,46481
976,46480
16036,46478
117628,46476
4483,46475
223795,46471
225496,46471
213888,46462
5408,46459
42281,46459
87211,46455
280980,46453
2873,46453
165720,46452
16954,46450
3135,46449
3030,46446
294886,46444
1395,46440
2670,46434
180476,46431
7871,46423
73480,46423
15527,46422
217495,46418
29811,46417
191561,46415
108247,46413
1577,46407
293668,46407
259988,46403
17714,46398
274464,46398
80027,46398
273390,46397
294413,46396
19593,46386
209783,46384
1242,46382
2616,46381
122933,46379
281983,46379
285142,46378
13704,46377
201066,46376
3207,46375
33394,46375
54690,46374
954,46372
245083,46371
6882,46371
6948,46366
5066,46365
7730,46364
15136,46364
7440,46362
51327,46358
6955,46356
6807,46356
57406,46355
9716,46354
295966,46353
18269,46351
8306,46350
3407,46350
207146,46349
635,46346
16719,46345
296491,46344
13075,46343
31156,46341
247750,46339
294553,46337
357,46336
52415,46334
7703,46334
37406,46333
5076,46330
4915,46329
255203,46329
288389,46328
4295,46327
10051,46325
185138,46321
13550,46319
161082,46314
93922,46313
188864,46313
295909,46313
277421,46313
7353,46311
20283,46310
188695,46308
5050,46308
6822,46301
151345,46300
276097,46300
8276,46296
573,46296
290291,46296
23846,46294
27305,46292
254623,46291
57594,46291
226058,46289
228932,46288
12997,46287
149052,46282
4525,46279
235492,46276
280518,46271
294353,46268
4672,46267
290908,46267
7199,46262
30330,46260
9,46259
2419,46258
27917,46257
128765,46253
195368,46248
294307,46248
295798,46245
3410,46244
234535,46244
251587,46242
264395,46241
13186,46239
234284,46238
268495,46236
4143,46236
4722,46236
287092,46235
825,46234
186629,46233
188352,46230
188964,46229
12026,46222
605,46219
129168,46219
217694,46218
23259,46218
8555,46217
64223,46216
290269,46212
160747,46212
12941,46211
2040,46210
3072,46210
253852,46210
5500,46206
283298,46203
10255,46202
26873,46201
214407,46199
18296,46199
3656,46198
12326,46197
60954,46194
9360,46191
260140,46190
227634,46189
43688,46189
18273,46188
435,46186
12132,46186
230455,46186
64040,46186
3470,46185
81661,46182
176461,46180
248581,46176
1036,46175
236778,46175
290385,46174
263196,46174
7750,46173
14603,46173
201216,46171
199647,46171
121124,46170
6574,46168
82233,46168
37350,46165
200443,46158
285351,46156
9855,46153
276473,46152
260848,46150
5655,46150
171612,46150
182508,46149
12679,46149
4734,46149
41,46148
675,46147
3961,46146
2474,46145
740,46145
246406,46141
278055,46141
104782,46140
243154,46138
4482,46137
138284,46136
134544,46136
1687,46135
978,46135
4036,46134
221696,46134
5951,46133
7278,46132
199107,46132
209826,46131
238078,46130
5823,46126
146251,46124
252755,46123
290893,46123
286997,46119
18380,46116
1870,46113
130462,46113
90821,46110
23010,46109
108699,46109
253404,46109
30069,46108
1770,46108
193869,46108
241071,46106
99759,46105
119475,46104
251447,46104
14685,46104
1796,46104
276758,46104
171818,46100
216571,46100
212496,46100
263975,46099
5012,46099
209573,46099
3981,46098
2951,46098
233752,46097
46341,46095
110203,46095
209117,46095
15725,46095
194435,46094
325,46094
25614,46092
130675,46091
217790,46090
241265,46089
240445,46088
258794,46087
110187,46084
12762,46084
7495,46083
6778,46082
233941,46082
26186,46079
504,46079
6481,46079
252059,46077
50278,46074
288653,46074
165930,46074
257696,46074
124440,46072
150786,46071
2781,46069
227977,46068
267855,46066
13314,46066
275352,46065
210696,46065
57857,46063
6872,46061
27392,46061
32474,46060
16511,46060
274999,46060
12906,46059
222057,46059
174973,46058
9372,46058
260814,46057
57185,46056
4146,46055
252882,46053
276005,46053
223670,46053
282353,46053
216104,46053
66087,46053
285847,46051
204738,46051
290073,46050
4772,46050
1765,46049
281002,46049
233527,46049
222251,46049
192673,46048
208846,46044
232538,46043
172085,46043
394,46043
295514,46042
252810,46041
293722,46041
282349,46040
260108,46040
9963,46039
273543,46036
279913,46036
290434,46035
277569,46035
292619,46035
262444,46033
1105,46033
29173,46033
291758,46032
5420,46031
259759,46029
60669,46028
3004,46027
217947,46027
13393,46027
186252,46026
14741,46025
200263,46025
285750,46025
267068,46021
256991,46021
1432,46021
282942,46020
251960,46020
282903,46019
275813,46019
278677,46018
283959,46017
2673,46015
388,46014
197903,46013
243001,46012
147478,46012
10474,46011
176403,46011
225309,46006
271780,46004
207121,46004
12482,46004
199960,46003
203880,46002
200019,46002
292263,46002
232520,46001
271453,46001
117514,45999
221594,45999
169988,45999
270849,45998
11562,45996
237220,45996
200672,45995
3274,45994
172724,45994
178735,45994
260499,45993
287224,45992
6095,45991
192619,45988
220938,45988
24995,45988
35621,45988
88441,45987
6134,45987
234129,45986
245142,45986
199839,45985
281607,45984
244264,45984
10837,45984
259727,45984
288865,45983
294404,45983
268684,45983
292832,45983
263110,45982
292732,45981
289029,45980
277428,45980
274057,45978
274101,45977
8834,45977
231136,45976
271106,45975
273881,45974
275631,45974
281161,45973
256214,45973
293427,45971
215834,45971
136762,45970
147985,45970
40453,45969
12892,45968
151732,45968
261868,45968
17074,45966
281202,45966
224730,45965
2403,45965
2269,45965
214015,45964
226831,45963
9692,45963
281635,45961
6153,45959
13767,45959
285414,45958
273875,45958
238202,45958
187428,45957
253427,45957
757,45955
284374,45953
183773,45952
10506,45952
261709,45951
284058,45951
216492,45951
277307,45950
23612,45949
3173,45948
16778,45947
179586,45947
39311,45947
185380,45947
10304,45946
99634,45945
264759,45945
242858,45944
277864,45944
6875,45944
4419,45944
33,45942
211397,45942
1810,45941
1464,45940
31,45940
3088,45939
293310,45939
117760,45938
280519,45937
35486,45937
76990,45936
283171,45936
28059,45936
2179,45934
210870,45934
10237,45933
11577,45933
39706,45933
226017,45933
240891,45932
281725,45932
98041,45932
262021,45932
8693,45932
245832,45931
7517,45931
1664,45930
267952,45930
77657,45930
19,45929
62,45928
273936,45928
278105,45926
52260,45924
22469,45924
74713,45923
6607,45923
211474,45922
2645,45921
284093,45921
272404,45920
262307,45920
286695,45920
294889,45920
6626,45920
14216,45919
257826,45918
279303,45918
272284,45917
199509,45916
182657,45915
266308,45914
283406,45913
12211,45913
291628,45913
229507,45912
281392,45912
285426,45912
3042,45912
262675,45910
296519,45909
2986,45909
192236,45909
215825,45908
2073,45908
241769,45907
167638,45906
101914,45906
275673,45906
27782,45905
8030,45904
277942,45904
275717,45903
210793,45902
20489,45900
22873,45898
171144,45898
212752,45897
6932,45897
256330,45896
71562,45896
14575,45895
241519,45895
41416,45894
213549,45894
289811,45892
225276,45892
186497,45892
2665,45891
249503,45891
254951,45888
22921,45887
141583,45887
3817,45887
292984,45887
137271,45887
7197,45887
120269,45886
231466,45886
237374,45886
203534,45886
284439,45886
255716,45886
2316,45886
250598,45885
263015,45884
31376,45884
233277,45884
259289,45883
208472,45882
245933,45881
293036,45881
283326,45881
263407,45880
6175,45880
219025,45878
221114,45878
295789,45877
3283,45877
274610,45876
142415,45876
228976,45876
5461,45876
292881,45875
226308,45873
150329,45871
275423,45870
251492,45869
293576,45869
11058,45868
8539,45868
247674,45868
238402,45867
114259,45867
232210,45866
59436,45866
279753,45866
2349,45865
61548,45864
279569,45863
202490,45863
141374,45863
112428,45862
183733,45862
2653,45861
4608,45861
287141,45860
194938,45859
238024,45859
251868,45859
280371,45859
272285,45859
266755,45859
207249,45859
16345,45858
47652,45857
241382,45857
145514,45857
49747,45857
140507,45857
296624,45857
270753,45856
257922,45856
253100,45855
2271,45855
197539,45855
251238,45855
5859,45853
15563,45853
174810,45853
285935,45852
196763,45852
242569,45852
257496,45852
8592,45851
249246,45850
13537,45850
263437,45850
292502,45849
677,45848
142698,45848
1110,45848
98580,45848
4528,45847
270660,45846
39071,45846
228632,45846
266284,45846
1005,45844
49682,45844
276033,45844
252306,45844
4673,45844
281817,45843
4655,45842
233751,45841
239486,45840
258726,45840
6287,45840
237950,45840
236361,45839
269646,45838
271728,45837
8672,45837
253026,45837
7796,45836
30773,45836
283702,45836
236430,45836
294219,45835
20900,45834
4086,45834
181701,45833
65177,45833
86823,45832
207703,45831
207479,45830
141305,45829
231210,45829
11475,45829
254870,45829
287886,45828
9621,45828
295254,45827
277758,45827
217774,45827
105451,45826
288884,45826
6126,45825
278876,45825
12160,45824
236314,45824
121983,45824
229464,45823
2031,45823
233325,45823
275731,45822
4487,45821
283741,45821
285969,45821
287296,45820
276292,45819
293047,45819
10399,45817
275837,45817
256287,45817
134124,45815
3178,45815
234806,45815
864,45814
49998,45812
260880,45812
274496,45812
282749,45811
24496,45811
269341,45811
261406,45811
258666,45811
268199,45810
21083,45810
288710,45810
249196,45809
125649,45809
222165,45808
115,45808
31713,45807
263929,45807
282167,45807
258447,45806
951,45805
9342,45805
275169,45805
190614,45805
12711,45805
143365,45804
10944,45804
285577,45803
289501,45803
22441,45803
247718,45803
4022,45803
154120,45802
244821,45802
5514,45802
340,45802
208993,45801
295218,45800
283321,45799
119654,45798
35081,45798
20467,45797
840,45796
26356,45796
9917,45796
236039,45795
15727,45795
276881,45795
252832,45795
13741,45794
5716,45794
211209,45794
99525,45794
287794,45793
165335,45791
165561,45791
241841,45790
3467,45790
202008,45790
133062,45789
87739,45788
264542,45787
188492,45786
285324,45785
43330,45785
206845,45784
245403,45784
266642,45783
231041,45783
261899,45783
6033,45782
88596,45782
258969,45782
158430,45782
136432,45782
277379,45781
273408,45781
12229,45781
284177,45781
203785,45780
270146,45780
801,45777
261723,45776
293995,45776
22095,45776
248016,45775
61866,45775
21405,45775
209552,45775
223331,45774
264572,45774
259634,45774
265188,45774
296093,45773
223706,45773
20867,45773
269119,45773
201154,45772
232035,45771
266365,45771
230729,45771
181020,45770
273772,45770
94754,45770
258154,45770
126754,45769
271436,45768
160700,45768
296325,45767
263490,45767
287038,45767
11472,45766
291579,45766
8057,45766
277557,45766
187905,45765
169850,45763
172240,45763
223344,45763
258563,45763
169926,45762
239078,45761
4161,45761
257356,45761
3619,45761
4468,45760
586,45760
284037,45760
250761,45760
255918,45759
206700,45758
185397,45758
293606,45758
99322,45757
2627,45757
288207,45757
293285,45757
289040,45756
272674,45756
70154,45756
256852,45756
285698,45756
184473,45755
2519,45755
169398,45755
149008,45754
230739,45754
247925,45753
9042,45753
222783,45753
279545,45753
36741,45752
5520,45752
107414,45752
108050,45752
275101,45751
258258,45750
238976,45750
38746,45750
14294,45750
15599,45750
251176,45750
256596,45750
257480,45749
217011,45748
11402,45747
216573,45746
226317,45746
32794,45745
2228,45745
216,45745
200325,45745
75011,45745
1190,45745
238571,45744
255486,45744
129403,45744
2522,45744
230411,45742
161530,45742
282617,45742
165864,45742
86888,45741
228375,45741
175473,45740
241400,45740
134154,45739
269029,45739
9498,45738
172897,45738
252774,45737
112054,45737
293653,45737
10066,45737
189007,45736
283669,45736
26490,45735
195760,45735
86512,45735
180879,45734
272673,45734
165987,45734
278591,45732
201916,45732
169379,45732
28093,45731
215554,45731
272104,45731
255327,45731
39868,45731
266422,45730
6665,45730
4478,45730
284226,45730
4248,45730
190566,45729
178420,45729
183468,45729
41748,45729
14515,45728
215442,45728
266118,45728
32423,45728
7222,45728
1627,45728
22162,45728
227790,45727
258332,45727
158310,45727
268670,45726
7636,45726
222011,45726
292272,45726
289400,45726
121704,45726
244641,45726
781,45725
186991,45725
229069,45725
172682,45724
214308,45724
265924,45724
208406,45724
265120,45723
15149,45723
130144,45723
138802,45722
254159,45722
273921,45722
217398,45722
264867,45722
265513,45721
253083,45721
123568,45721
271880,45720
3345,45720
218107,45720
240400,45720
236095,45719
254120,45719
88405,45719
103104,45718
234472,45718
21515,45718
243932,45718
142364,45717
217757,45717
268932,45717
7467,45716
192583,45715
152345,45715
207271,45715
165537,45715
281922,45715
243979,45714
292465,45713
144921,45713
273327,45711
188684,45710
193163,45710
33532,45710
282962,45710
247469,45708
284237,45707
278177,45707
210013,45707
271537,45706
250163,45706
236506,45706
240246,45706
236594,45704
7283,45704
174965,45704
222105,45703
217737,45703
286257,45703
230493,45703
207677,45701
241535,45700
2863,45700
165979,45700
252476,45700
173869,45700
225705,45700
205277,45700
190036,45699
248352,45699
280636,45699
160612,45699
240046,45698
42064,45698
4420,45698
189022,45698
2860,45698
153307,45697
337,45696
7441,45695
231851,45695
255652,45694
275781,45694
236824,45693
278158,45693
176383,45693
265092,45693
94823,45692
272110,45691
258562,45691
292149,45691
24026,45691
181101,45690
293141,45690
280132,45689
204752,45689
7330,45689
262542,45689
24768,45689
271946,45689
139825,45688
58505,45688
291057,45688
198511,45688
137189,45687
288779,45687
249699,45687
227720,45687
275499,45686
251282,45686
60474,45686
231575,45686
269710,45686
255647,45686
2288,45686
293367,45686
62375,45685
1852,45684
43985,45684
227023,45684
290730,45683
233343,45682
177686,45682
294658,45681
15823,45681
216346,45680
255797,45680
295132,45679
236275,45679
259149,45679
245152,45679
232712,45679
181336,45678
265290,45678
247746,45678
94496,45678
55587,45678
86825,45677
60293,45677
240797,45677
271508,45677
163964,45676
288523,45676
75437,45676
209859,45676
217999,45676
104381,45675
30987,45675
9062,45675
235083,45674
12502,45674
281417,45674
285510,45674
260737,45673
189150,45673
296277,45673
244765,45672
119650,45671
57612,45670
234888,45670
234410,45670
248793,45670
172262,45670
242068,45669
186191,45669
2913,45669
154049,45668
231177,45668
41725,45668
267494,45667
263893,45667
264892,45667
225977,45667
190828,45666
213193,45666
274287,45666
88462,45666
239627,45666
47137,45666
256816,45665
3395,45665
70205,45665
212879,45664
142019,45663
254493,45663
129850,45663
237514,45663
288726,45663
464,45662
294059,45662
232942,45661
282816,45661
277437,45661
7593,45661
209007,45660
55208,45660
278013,45659
282596,45659
286752,45658
191573,45658
160588,45658
23851,45658
203173,45658
46281,45658
139694,45658
152804,45657
217714,45656
286904,45656
182647,45656
257999,45655
249424,45655
37388,45655
193053,45654
200804,45654
277893,45653
227667,45653
190888,45653
225727,45653
232975,45653
495,45652
115078,45652
244232,45652
207044,45651
199206,45651
271086,45651
246027,45650
137893,45650
143117,45650
61927,45650
90642,45649
177393,45649
291676,45649
3740,45649
261161,45649
18177,45649
6585,45648
254892,45648
227933,45647
33092,45647
225090,45646
16089,45646
248034,45646
250673,45646
276491,45646
257555,45646
253124,45645
262405,45645
248821,45645
119800,45645
201056,45645
292018,45644
277585,45644
252963,45644
279227,45644
197866,45644
249367,45644
209631,45643
242944,45643
29142,45643
147075,45643
270732,45643
89376,45643
8,45642
25202,45642
226580,45642
264544,45642
267648,45642
9636,45642
242279,45642
256239,45641
39837,45641
8024,45641
227626,45641
282363,45641
240469,45640
12841,45640
211600,45640
267267,45640
1248,45639
287461,45639
6819,45638
260039,45638
10170,45638
8304,45637
294898,45637
6897,45637
237150,45637
260710,45636
53764,45635
186244,45635
296139,45635
10630,45635
5569,45634
1168,45634
191258,45634
35783,45634
263495,45633
229283,45633
17077,45632
279154,45632
259562,45631
218738,45631
263501,45631
276941,45631
2169,45631
252830,45630
239989,45630
230324,45630
198922,45630
288004,45630
242156,45629
215090,45629
243436,45629
262195,45629
166469,45628
264665,45628
197927,45628
29396,45628
260845,45628
572,45627
209235,45627
286883,45627
277101,45626
20637,45626
89105,45626
206319,45626
272016,45626
264850,45625
222346,45625
156931,45625
271249,45625
59557,45625
269981,45625
190452,45624
53506,45624
209871,45624
238779,45624
118590,45623
167041,45623
152311,45622
179864,45621
210051,45621
119539,45621
3558,45621
230316,45620
294392,45620
271497,45620
37459,45619
278629,45619
16367,45619
264841,45618
259708,45618
207050,45618
3329,45616
227615,45616
188802,45616
133,45615
237698,45615
174778,45614
277509,45614
249796,45614
82229,45614
283263,45614
3767,45613
147163,45613
26968,45613
264151,45613
88214,45613
5992,45612
147137,45612
280269,45612
102599,45612
65582,45611
268828,45611
151224,45611
34895,45611
258892,45611
38449,45610
253690,45610
6242,45610
272244,45610
62437,45609
291195,45609
115634,45608
239314,45608
20477,45608
99896,45607
293277,45607
292201,45607
195535,45607
92823,45606
264582,45606
254940,45606
225167,45606
289981,45605
112736,45605
278680,45605
290278,45605
23264,45605
221325,45605
31536,45604
294435,45604
106378,45604
4806,45604
202109,45603
171912,45603
191905,45603
231913,45603
154604,45602
136625,45602
155610,45602
210034,45602
215778,45601
152476,45601
273663,45601
2828,45601
7263,45600
237442,45600
87143,45599
146303,45599
263755,45599
161274,45599
170460,45599
277923,45598
228734,45598
25065,45598
292293,45598
108175,45598
248281,45597
145806,45597
293884,45597
293525,45597
230116,45597
277075,45596
227912,45596
280403,45596
155852,45595
138217,45595
186432,45594
234061,45594
26854,45594
270320,45594
256926,45594
13605,45594
3244,45593
162141,45592
238684,45592
204199,45592
170038,45592
249789,45591
7499,45591
253656,45591
229590,45591
140756,45590
270090,45590
254035,45590
139066,45590
285685,45590
15545,45589
186358,45589
80018,45588
160784,45588
134354,45587
186731,45587
855,45587
136569,45587
151109,45587
260068,45586
183978,45586
288447,45586
96300,45586
181970,45585
253213,45585
268856,45585
289724,45585
112672,45584
227222,45584
125009,45584
1931,45583
284080,45583
256750,45583
275485,45583
288581,45583
291048,45582
26159,45582
221372,45582
179845,45582
66945,45581
257502,45581
225767,45581
200696,45581
193937,45580
252033,45580
293962,45579
152475,45579
274654,45579
181141,45579
207681,45578
8883,45578
252604,45578
250395,45577
192547,45577
142906,45577
265407,45576
199273,45576
9310,45576
256078,45575
158841,45575
1472,45575
234337,45575
284036,45574
290114,45574
201528,45574
19830,45574
154753,45574
274357,45573
268800,45572
233630,45572
244084,45572
276720,45572
218756,45572
159183,45572
283720,45571
226570,45571
34791,45571
1906,45570
228110,45570
126645,45570
207058,45570
137999,45570
238256,45570
154975,45570
181417,45570
286106,45569
269375,45569
241793,45569
2786,45569
224662,45569
10492,45569
260480,45568
266717,45568
2329,45568
248644,45568
244353,45567
210922,45567
215923,45567
276921,45566
180207,45566
199676,45565
283383,45565
209709,45565
60856,45565
275920,45565
282091,45564
166479,45564
20571,45563
247133,45563
222460,45563
295344,45563
290155,45563
259122,45562
280874,45562
163893,45562
21757,45562
108086,45562
272385,45562
264508,45562
296459,45561
274784,45561
276706,45561
44229,45560
139920,45560
173013,45560
248409,45559
246158,45559
24282,45559
234436,45559
285557,45559
191878,45558
183825,45558
261717,45557
199829,45557
214422,45557
249495,45557
222044,45557
283687,45557
191387,45557
3202,45557
263459,45557
271208,45557
268972,45556
295622,45556
245511,45556
168834,45556
277826,45554
259164,45554
68084,45554
245558,45554
215869,45553
252446,45553
3510,45553
253161,45552
245131,45552
233468,45552
208972,45552
263359,45552
169595,45552
67363,45552
150927,45552
24162,45551
285818,45551
151068,45550
256245,45550
4423,45550
265787,45550
277492,45549
260335,45549
3413,45548
8715,45548
262445,45548
266258,45548
1834,45548
272911,45548
240101,45547
285221,45547
117455,45547
38581,45547
210173,45547
221681,45547
204201,45547
270065,45546
109496,45546
5491,45545
178699,45545
171926,45545
273501,45545
275108,45544
240597,45544
3539,45544
100472,45543
190069,45543
97720,45542
240128,45542
210192,45542
223822,45542
191873,45542
275465,45542
225158,45542
291550,45542
256674,45542
261359,45541
4535,45541
208684,45541
11209,45541
201896,45541
213361,45541
296157,45540
290126,45540
246169,45540
4137,45540
282897,45540
256176,45539
275042,45539
243092,45539
266904,45539
295214,45539
82230,45538
257283,45538
267483,45538
232418,45538
126385,45538
150636,45537
281677,45537
235400,45537
15404,45537
268844,45537
296373,45537
203686,45537
231502,45537
282204,45537
201422,45537
279407,45537
206068,45536
295924,45536
263832,45536
118125,45536
239712,45535
2068,45535
282320,45535
148312,45535
217596,45535
11151,45535
159537,45535
285474,45535
224140,45533
275606,45533
180044,45533
196368,45533
214878,45533
255258,45533
238341,45533
67559,45533
211891,45532
255296,45532
278339,45532
196480,45531
271215,45531
222491,45531
274483,45531
240041,45530
277059,45530
284406,45530
217221,45530
251810,45530
187131,45530
243632,45530
3422,45529
185848,45529
5842,45529
235184,45529
26896,45529
251714,45529
244267,45529
248353,45529
12472,45529
288276,45528
265200,45528
284722,45528
51519,45528
291130,45528
211054,45528
272917,45528
75488,45527
192875,45527
272148,45527
277995,45527
5024,45527
293407,45527
287997,45526
240709,45526
266001,45525
133784,45525
287944,45525
261823,45524
285183,45524
257194,45524
272966,45524
272510,45524
15990,45524
90874,45523
15487,45523
112572,45523
206114,45523
199036,45523
157677,45523
26426,45523
129110,45523
150700,45523
375,45522
277108,45522
8730,45522
227700,45522
287058,45522
246398,45522
286373,45522
294512,45521
187760,45521
35483,45521
102317,45521
140987,45520
286730,45520
66792,45520
7834,45520
207034,45520
190003,45520
261588,45520
115393,45520
40853,45519
6681,45519
51027,45518
265499,45518
137393,45518
281260,45518
267798,45518
169702,45517
257912,45517
270869,45517
12152,45517
230612,45517
168802,45517
60657,45517
195996,45517
140829,45517
151726,45516
213056,45516
248918,45516
2698,45515
218369,45515
62858,45515
246397,45515
265184,45515
209943,45515
109714,45515
15332,45515
64653,45514
30135,45514
145756,45514
294198,45513
129624,45513
256753,45513
54322,45513
8951,45513
530,45513
290661,45513
249163,45513
289963,45512
229566,45512
253216,45512
281898,45512
272345,45511
286473,45511
228760,45511
1344,45511
207269,45511
1491,45511
5749,45510
33376,45510
13720,45510
173509,45510
257795,45510
228126,45509
269185,45509
239538,45509
248157,45509
278427,45509
289833,45509
24707,45509
177799,45508
252216,45508
86758,45508
290551,45508
257909,45507
129208,45507
44156,45507
114538,45507
294001,45507
34836,45507
218433,45506
270820,45506
180482,45506
190634,45506
108310,45506
271256,45506
197575,45505
248290,45505
5581,45505
287930,45505
283286,45505
296010,45504
294296,45504
281061,45504
45501,45504
228298,45504
273328,45504
252070,45504
234691,45503
190490,45503
33344,45503
459,45502
191990,45502
274607,45502
150229,45502
10589,45502
134258,45501
295065,45501
239354,45501
240531,45501
199586,45500
2321,45500
305,45500
275386,45499
274125,45499
169581,45499
50764,45499
255932,45499
11939,45499
268396,45499
233215,45499
235885,45499
260533,45498
62172,45498
8864,45498
229855,45498
184895,45498
246668,45497
133768,45497
48878,45497
271987,45497
231786,45497
1222,45497
256490,45497
3311,45496
196152,45496
209331,45496
269129,45496
275049,45496
227859,45495
238591,45495
159315,45495
214408,45494
272796,45494
284707,45494
76643,45494
31064,45494
244600,45494
291367,45494
282547,45494
180320,45494
148117,45494
291301,45493
290952,45493
271703,45493
279324,45493
275437,45493
253033,45493
212772,45493
280765,45493
271942,45493
275004,45493
144758,45492
261410,45492
178550,45492
180043,45492
254467,45491
261870,45491
264984,45491
263630,45491
255532,45491
204844,45491
265628,45490
50302,45490
164522,45489
94925,45489
408,45489
153295,45489
145282,45489
256087,45489
217664,45489
225681,45489
222156,45488
293000,45488
290058,45488
139454,45488
260066,45487
256905,45487
198086,45487
127436,45487
174745,45487
274550,45487
214299,45487
238295,45487
295197,45486
254648,45486
110859,45486
285034,45486
3309,45486
192320,45485
168563,45485
175984,45485
249048,45485
279182,45485
107744,45485
291325,45485
294883,45485
130016,45484
236469,45484
327,45484
264340,45484
87529,45484
145135,45484
237381,45483
3161,45483
60426,45483
5887,45482
170479,45482
39653,45482
281113,45482
274410,45481
288914,45481
198858,45481
249349,45481
295149,45481
281172,45481
272013,45480
280220,45480
135330,45480
7765,45479
65250,45479
247734,45479
138815,45479
205153,45479
36159,45479
257078,45479
44438,45479
210763,45479
56152,45478
9545,45478
295943,45478
28997,45478
224546,45477
201948,45477
79820,45477
265018,45476
123181,45476
212851,45476
286554,45476
46551,45476
284785,45476
28688,45476
242612,45476
291614,45476
273433,45476
260885,45476
223863,45476
245037,45474
3082,45474
215270,45474
239393,45474
273368,45474
228692,45474
207,45474
261168,45474
147284,45474
259772,45474
66242,45473
1333,45473
274469,45473
269235,45473
264837,45473
62097,45473
172337,45473
249942,45473
264683,45473
203189,45473
295252,45472
271628,45472
6547,45472
289954,45472
237708,45472
51619,45472
94757,45472
274887,45471
133501,45471
249710,45471
294957,45471
56697,45471
287039,45471
267595,45470
259515,45470
283176,45470
231288,45470
141550,45470
291223,45470
292821,45470
256058,45470
235588,45469
245948,45469
198476,45469
292375,45469
223642,45469
223079,45469
236501,45468
232591,45468
1373,45468
10559,45468
290628,45468
284591,45468
55776,45467
295076,45467
237742,45467
270263,45467
11431,45467
261341,45467
195689,45467
8489,45467
294399,45466
205634,45466
206929,45466
49875,45466
256041,45466
247998,45466
278193,45466
269010,45466
33876,45466
200797,45466
237365,45465
241751,45465
271837,45465
290700,45465
204319,45465
12,45465
287972,45465
269503,45464
173725,45464
291456,45464
206995,45463
221125,45463
278969,45463
237911,45463
267543,45463
241181,45463
162321,45462
250907,45462
105802,45462
283041,45462
216563,45462
193554,45462
283776,45462
226633,45462
47176,45462
191384,45461
264931,45461
277031,45461
295073,45461
269861,45461
280137,45461
248483,45461
285213,45461
276528,45461
279396,45461
6206,45461
2672,45460
295662,45460
159732,45460
278655,45460
258232,45460
223099,45460
265212,45459
258503,45459
256689,45459
275915,45459
289896,45459
295008,45459
259323,45458
203393,45458
76766,45458
235203,45458
80023,45458
252080,45458
81158,45457
7803,45457
26941,45457
251739,45457
11477,45457
279800,45457
235417,45456
124710,45456
158482,45456
275394,45456
253792,45456
162971,45455
281284,45455
121789,45455
66987,45455
179360,45454
201858,45454
129021,45454
185618,45454
22328,45453
165890,45453
287973,45453
190361,45453
284579,45453
215732,45453
171698,45453
3130,45453
367,45452
243273,45452
269089,45452
12020,45452
253186,45452
225407,45452
174119,45451
287421,45451
105988,45451
283254,45451
222029,45451
1173,45451
252076,45451
152109,45451
222288,45450
111595,45450
283569,45450
181173,45450
250002,45450
268436,45450
196848,45450
227754,45450
289645,45449
172013,45449
974,45449
199396,45448
179281,45448
247853,45448
215420,45448
184864,45448
102034,45448
4677,45448
286189,45448
162129,45447
286663,45447
295449,45447
264425,45447
264835,45447
296135,45447
296280,45447
168171,45447
226678,45447
254468,45447
111772,45446
205989,45446
168257,45446
40163,45446
255649,45446
269969,45446
135129,45446
295162,45446
196339,45446
222488,45446
258484,45446
296202,45446
264981,45445
257364,45445
288871,45445
290651,45445
202181,45445
4383,45444
217252,45444
143973,45444
46831,45444
226770,45444
143773,45444
33085,45443
280671,45443
21889,45443
281892,45443
5677,45443
199797,45443
162942,45443
237552,45443
266076,45443
285186,45443
293426,45443
58867,45443
285790,45442
286395,45442
208664,45442
215980,45441
282387,45440
230389,45440
52454,45440
109687,45440
251615,45440
122922,45440
261485,45440
89571,45440
262468,45440
272302,45440
295316,45440
289707,45439
2301,45439
32822,45439
285097,45439
264408,45438
233438,45438
216810,45438
185053,45438
286006,45438
282601,45438
255784,45437
106679,45437
247662,45437
271522,45436
228329,45436
6330,45436
100195,45436
170329,45436
935,45436
296299,45435
1926,45435
241581,45434
281700,45434
14668,45434
267374,45434
196663,45434
259525,45434
157378,45434
268598,45434
245677,45434
265870,45433
250466,45433
228456,45433
243389,45433
200886,45433
202161,45433
256019,45433
286248,45433
172431,45433
125361,45432
181584,45432
277375,45432
294931,45432
267339,45432
293561,45431
141158,45431
283910,45431
280267,45430
238250,45430
240914,45430
191377,45430
28768,45430
60477,45430
48528,45429
291424,45429
269740,45429
290318,45429
194212,45429
289697,45429
234716,45429
203220,45428
78,45428
287834,45428
275761,45428
159148,45428
277213,45428
245148,45428
230357,45428
163767,45428
257259,45428
283357,45428
250882,45428
208209,45427
120533,45427
265580,45427
158737,45427
239441,45427
196261,45427
247897,45427
119860,45427
226692,45426
220193,45426
281041,45426
291095,45426
188573,45426
255911,45426
222084,45426
278198,45425
269671,45425
219905,45425
210600,45425
45514,45425
176085,45425
280578,45425
23394,45425
293435,45424
253910,45424
250431,45424
280562,45424
281262,45424
273404,45424
207755,45424
291713,45424
239451,45424
292400,45424
161477,45423
196247,45423
221874,45423
262979,45423
19712,45423
23201,45423
258101,45423
237148,45422
271868,45422
239344,45422
225427,45422
44600,45422
253429,45421
5270,45421
156605,45421
288887,45421
264947,45421
255587,45421
268681,45420
248179,45420
212514,45420
282023,45420
266950,45420
67078,45419
150697,45419
90619,45419
187537,45418
8567,45418
282348,45418
127638,45418
278286,45418
293365,45418
243122,45418
218327,45418
246605,45418
17310,45418
279431,45417
219983,45417
219816,45416
211458,45416
219872,45416
265658,45416
15786,45415
60377,45415
2774,45415
255020,45415
225048,45415
243635,45415
179061,45415
227145,45415
238259,45415
9094,45414
213052,45414
139244,45414
213237,45414
134680,45414
73525,45414
240225,45414
261973,45414
251096,45414
232166,45413
29702,45413
214849,45413
146793,45413
233618,45413
240615,45413
290813,45412
14947,45412
837,45412
268378,45412
206090,45412
199071,45412
191673,45412
267236,45412
255465,45412
12076,45412
249989,45412
123955,45412
39256,45412
162690,45412
208894,45412
251812,45412
265818,45411
6148,45411
171782,45411
216384,45411
259887,45411
278478,45411
295437,45411
155676,45410
204963,45410
237154,45410
209748,45410
2177,45410
251241,45409
295617,45409
15655,45409
75477,45409
223183,45409
33210,45409
244270,45409
144074,45409
261336,45409
295787,45409
287678,45408
1622,45408
295090,45408
176375,45408
267561,45408
175828,45408
294400,45408
270903,45407
253585,45407
274629,45407
256272,45407
246422,45407
173172,45406
270255,45406
158941,45406
213230,45406
276868,45406
147706,45406
213871,45406
188434,45405
85626,45405
232466,45405
69831,45404
263440,45404
252259,45404
17115,45404
259308,45404
110698,45404
188134,45404
242975,45404
216279,45404
265484,45403
229518,45403
285208,45403
13853,45403
28620,45403
221657,45403
200783,45402
149853,45402
105204,45402
283319,45402
52770,45401
11377,45401
267963,45401
212279,45401
63632,45401
255455,45401
291249,45401
184277,45401
134719,45401
239194,45401
162659,45401
1470,45400
171943,45400
288802,45400
218388,45400
258583,45400
87864,45400
288178,45400
46829,45400
277370,45400
292242,45399
260974,45399
286516,45399
211135,45399
294425,45399
207239,45399
199459,45399
224807,45399
282577,45398
13688,45398
270695,45398
233939,45398
163911,45398
285124,45398
140550,45398
223817,45397
282,45397
229150,45397
215430,45397
190680,45396
293167,45396
180812,45396
249439,45396
139120,45396
281432,45396
56316,45396
257758,45395
144635,45395
237635,45395
62696,45394
179781,45394
137544,45394
210957,45394
180034,45394
212758,45394
184551,45394
243132,45394
204778,45394
26564,45394
203807,45394
38358,45394
295179,45393
277941,45393
155819,45393
290517,45393
200124,45393
288030,45393
4269,45393
82724,45393
228572,45392
23747,45392
13971,45392
131401,45392
12302,45392
279866,45392
244888,45392
78076,45392
228,45392
193265,45392
247445,45392
292301,45392
291746,45392
1004,45391
272805,45391
234118,45391
109485,45391
167814,45391
276349,45391
187671,45391
197833,45391
264406,45391
216663,45391
186886,45391
220016,45391
159034,45391
247399,45390
204665,45390
257260,45390
19513,45390
265328,45390
160622,45390
294049,45390
84423,45390
264620,45390
125917,45389
222574,45389
249792,45389
214844,45389
281638,45389
265604,45389
280775,45389
271670,45389
244540,45389
15979,45389
250978,45388
52092,45388
233652,45388
219853,45388
9594,45388
106383,45387
162040,45387
264316,45387
282115,45387
236215,45387
222634,45387
62690,45387
229162,45387
111285,45386
291899,45386
139754,45386
214410,45386
3225,45386
295225,45386
196812,45386
55307,45386
282130,45385
197884,45385
89667,45385
221030,45385
282332,45385
285428,45385
237932,45385
37865,45385
240646,45384
232289,45384
208211,45384
296035,45384
163155,45384
109939,45384
273899,45383
248274,45383
249125,45383
20877,45383
146508,45383
285967,45383
295521,45383
241717,45382
184107,45382
289170,45382
287511,45382
191035,45382
25353,45382
221648,45382
246962,45382
229564,45381
288515,45381
248262,45381
178390,45381
21078,45381
255349,45381
242041,45381
292802,45381
161128,45381
268192,45381
235293,45381
257192,45381
249959,45381
276708,45381
205353,45381
236578,45381
271366,45380
202390,45380
207465,45380
81883,45380
97080,45380
179261,45380
268851,45380
296165,45380
155720,45380
185368,45380
120067,45380
164328,45380
246688,45380
42338,45380
188404,45380
285220,45380
294309,45379
270331,45379
275863,45379
294054,45379
238535,45379
257276,45379
208714,45378
279715,45378
53583,45378
3655,45378
267879,45378
189439,45378
137615,45378
276737,45378
261311,45378
233963,45378
131311,45378
279395,45378
199644,45378
233068,45377
245150,45377
288158,45377
253924,45377
221199,45377
227750,45377
157318,45377
238951,45376
226483,45376
131574,45376
276687,45376
4039,45376
163652,45376
215307,45376
254438,45376
183979,45376
293628,45376
140771,45376
201347,45376
260940,45376
201124,45375
251168,45375
20552,45375
248794,45375
290253,45375
105468,45375
176574,45375
172446,45375
247192,45375
292784,45375
277198,45375
292986,45374
254244,45374
282230,45374
220806,45374
225628,45374
28609,45374
93540,45374
200774,45374
1692,45374
67640,45374
265984,45374
291845,45374
195449,45373
88784,45373
274835,45373
193254,45373
251861,45373
239660,45372
245885,45372
52986,45372
55721,45372
253957,45372
279781,45372
195242,45372
249308,45372
294441,45372
294430,45372
263423,45372
255460,45372
201586,45372
153158,45372
275604,45372
183803,45372
7108,45372
185319,45371
256100,45371
267790,45371
181079,45371
103815,45371
81904,45371
262172,45371
232513,45371
284323,45371
250971,45371
255097,45371
250404,45371
274362,45370
156748,45370
255953,45370
282615,45370
273653,45370
15683,45370
244966,45370
17499,45370
152521,45370
247996,45369
216800,45369
280096,45369
205433,45369
140249,45369
203254,45369
209351,45368
284884,45368
258759,45368
150172,45368
207901,45368
238749,45368
262235,45368
136629,45368
129047,45368
163349,45368
180499,45367
245025,45367
6879,45367
259969,45367
18372,45367
259421,45367
234238,45367
158520,45367
274258,45367
257474,45367
215536,45367
7092,45367
260030,45367
289990,45367
275373,45367
130633,45367
250430,45366
187811,45366
254738,45366
286995,45366
237591,45366
213448,45366
294675,45365
9412,45365
144632,45365
198772,45364
182184,45364
234829,45364
73718,45364
166265,45364
6045,45364
183993,45364
284186,45364
284133,45364
55334,45364
210841,45364
186980,45363
188268,45363
293372,45363
228566,45363
245259,45363
221506,45363
295459,45362
252799,45362
248387,45362
176790,45362
199872,45362
288522,45362
244445,45362
1883,45361
272519,45361
126919,45361
293731,45361
3308,45361
283264,45361
276799,45360
237203,45360
251765,45360
226653,45360
228900,45360
210272,45360
1137,45360
217281,45360
211801,45360
205849,45359
148382,45359
292165,45359
292028,45359
96342,45359
234802,45358
32378,45358
228450,45358
293274,45358
185276,45358
132617,45358
223418,45358
192,45358
116274,45358
14975,45357
273834,45357
204992,45357
3204,45357
291308,45357
136513,45357
225380,45357
281890,45357
262,45357
246394,45356
191284,45356
267045,45356
85312,45356
227429,45356
271730,45356
240434,45355
190230,45355
94715,45355
170014,45355
276555,45355
32010,45355
907,45354
18201,45354
130082,45354
256924,45354
290585,45354
275135,45354
233154,45354
213556,45354
217501,45354
245372,45354
284232,45354
227607,45354
255366,45353
282660,45353
248093,45353
288724,45353
86297,45353
219583,45353
239535,45353
4605,45353
231110,45352
239682,45352
229161,45352
129409,45352
26260,45352
34593,45352
120946,45352
74317,45352
279055,45351
266486,45351
172306,45351
246588,45351
2137,45351
223940,45351
222806,45351
100564,45351
219698,45351
253498,45351
252539,45351
190030,45351
139714,45350
768,45350
148991,45350
185735,45350
208689,45350
215218,45350
260978,45350
204545,45350
89845,45350
38767,45350
217591,45349
272255,45349
251551,45349
146962,45349
2039,45349
259921,45349
244801,45349
239946,45348
267180,45348
18483,45348
89493,45348
36749,45348
270199,45348
254692,45348
3976,45348
138961,45348
206168,45348
224170,45348
162556,45348
252105,45348
289548,45348
222146,45347
272731,45347
194866,45347
222733,45347
259894,45347
184646,45347
227992,45346
376,45346
292298,45346
192730,45346
242915,45346
179935,45346
281783,45346
217197,45346
11542,45346
262434,45345
209304,45345
102499,45345
272412,45345
125696,45345
245459,45345
103589,45345
17242,45345
224617,45345
244573,45345
198390,45345
116871,45345
10900,45345
277234,45344
252666,45344
295792,45344
16548,45344
4149,45344
27802,45344
37537,45344
248577,45344
189171,45343
209457,45343
6906,45343
231647,45343
268131,45343
276050,45343
8855,45343
295174,45343
246679,45343
236032,45343
270373,45343
235876,45343
21792,45342
230351,45342
24312,45342
156886,45342
283690,45342
273803,45342
270542,45342
72963,45342
288102,45342
284465,45342
14544,45342
245395,45342
288571,45342
194532,45341
295650,45341
235212,45341
271180,45341
241756,45341
162217,45341
178098,45341
258530,45340
252646,45340
259732,45340
267326,45340
276268,45340
201379,45340
53570,45340
186795,45340
144948,45340
248993,45340
292811,45340
2093,45340
240038,45339
286809,45339
270143,45339
70068,45339
113684,45339
67418,45339
290360,45339
26566,45339
276524,45339
207476,45339
236784,45339
217768,45338
239672,45338
275926,45338
292284,45338
58208,45338
144396,45338
186589,45338
259461,45338
240460,45337
260444,45337
250089,45337
286983,45337
250526,45337
244949,45337
230573,45337
286204,45336
119230,45336
245331,45336
277589,45336
224479,45336
4369,45336
212808,45336
180218,45335
242997,45335
211997,45335
265004,45335
252699,45335
241148,45334
14708,45334
207685,45334
243922,45334
199530,45334
214857,45334
253128,45334
210107,45334
246166,45333
206307,45333
181189,45333
286436,45333
242425,45333
262048,45333
101702,45333
51276,45333
286646,45333
101795,45333
111615,45333
227410,45332
289497,45332
281893,45332
278961,45332
228416,45332
33083,45332
270528,45332
178197,45331
273485,45331
9414,45331
203435,45331
289836,45331
173630,45331
78106,45330
286637,45330
277870,45330
291346,45330
205598,45330
258807,45330
292625,45329
283228,45329
200984,45329
245748,45329
242022,45329
137523,45329
258473,45329
296366,45329
157940,45329
275125,45329
184631,45328
110037,45328
237621,45328
20,45328
114975,45328
293659,45328
261097,45328
148883,45328
275709,45328
282062,45328
241576,45328
218248,45328
249116,45328
290648,45327
286130,45327
220466,45327
19158,45327
195770,45327
227276,45327
260101,45327
163856,45326
265587,45326
159920,45326
270716,45326
84651,45326
268569,45326
268150,45325
203707,45325
112498,45325
160710,45325
1722,45325
252161,45325
189051,45325
59471,45325
161664,45324
245171,45324
30179,45324
244628,45324
227480,45324
53671,45324
227034,45324
201384,45324
9505,45323
278755,45323
201126,45323
64282,45323
239731,45323
127445,45323
129568,45323
5790,45323
218884,45322
192775,45322
49870,45322
150990,45322
210395,45322
288962,45322
176969,45322
154301,45322
246374,45322
202144,45321
159638,45321
274168,45321
293663,45321
110457,45321
133662,45321
236417,45321
286015,45321
32702,45321
136697,45320
291335,45320
284959,45320
280431,45320
642,45320
261818,45320
242812,45320
283594,45320
213569,45320
10076,45320
191738,45320
266147,45320
212473,45319
286512,45319
260690,45319
1280,45319
278720,45319
225243,45319
248611,45319
38204,45319
277006,45319
205105,45319
248524,45319
259829,45319
238814,45319
238626,45319
161452,45319
295185,45319
214226,45318
220826,45318
82121,45318
270870,45318
197025,45318
177229,45318
68666,45318
255181,45318
293325,45318
211471,45317
264898,45317
221590,45317
156572,45317
280191,45317
64770,45317
273208,45317
266892,45317
248694,45317
232730,45317
277945,45317
127194,45317
240429,45317
196548,45317
267251,45316
247004,45316
280792,45316
249108,45316
125851,45316
170095,45316
2108,45316
242690,45315
253036,45315
191210,45315
274144,45315
200981,45315
594,45315
140963,45315
289246,45314
289481,45314
68885,45314
6613,45314
168338,45314
213799,45314
200150,45314
215570,45314
227128,45314
83174,45314
276827,45313
158620,45313
140061,45313
244287,45313
252345,45313
187451,45313
118957,45313
127836,45313
234319,45313
12057,45313
159054,45313
221765,45313
265827,45312
264818,45312
287952,45312
181137,45312
276047,45312
14684,45312
204273,45312
1928,45312
134348,45312
293107,45312
233268,45312
248504,45312
246798,45312
21742,45311
206910,45311
234119,45311
276763,45311
278472,45311
236954,45311
186964,45310
1951,45310
147717,45310
277337,45310
205004,45310
220638,45310
196622,45310
203616,45309
250280,45309
271326,45309
158685,45309
5946,45309
151681,45309
252083,45309
245771,45309
116090,45308
115483,45308
66718,45308
3471,45308
212695,45308
2625,45308
201578,45308
210739,45308
147229,45308
292108,45308
216427,45308
138073,45308
161115,45307
121013,45307
102736,45307
100479,45307
293909,45307
206345,45307
296388,45307
257519,45307
251293,45307
293228,45306
220957,45306
211756,45306
267871,45306
3850,45306
282384,45306
137490,45306
236822,45306
27867,45306
477,45306
247954,45305
93277,45305
13578,45305
18121,45305
249869,45305
262248,45305
10995,45305
6524,45305
274441,45305
51532,45305
250692,45304
234242,45304
202217,45304
218366,45304
276255,45304
261945,45304
273754,45304
292805,45304
288043,45304
146229,45304
230124,45304
222948,45303
2546,45303
191057,45303
36613,45303
162774,45303
190192,45303
193551,45303
202154,45303
271120,45303
234920,45302
188660,45302
282034,45302
164647,45302
193692,45302
157690,45302
211915,45302
292288,45302
255340,45302
285439,45301
148642,45301
202953,45301
193,45301
193328,45301
274868,45301
178783,45301
226402,45300
195383,45300
252152,45300
147724,45300
195949,45300
243308,45300
140951,45300
51033,45300
272727,45300
8025,45300
5606,45300
262972,45299
253330,45299
270560,45299
197865,45299
207513,45299
292957,45299
238770,45299
291504,45299
224121,45299
181806,45299
230398,45299
917,45299
197128,45298
242799,45298
6203,45298
227932,45298
185340,45298
289263,45298
191613,45298
263273,45298
278304,45298
189660,45298
268883,45298
63666,45297
277750,45297
190135,45297
284393,45297
58032,45297
211728,45296
288935,45296
248716,45296
241004,45296
1011,45296
224278,45296
218510,45296
32792,45296
97476,45296
73938,45296
179717,45296
29006,45295
278888,45295
3641,45295
9568,45295
278505,45295
279172,45295
262702,45295
255524,45295
277529,45294
286960,45294
280048,45294
15234,45294
282222,45294
258424,45294
174565,45294
170600,45294
245220,45294
52679,45294
195639,45294
8256,45294
237506,45294
159876,45294
264750,45294
171406,45294
193705,45293
262720,45293
617,45293
201209,45293
41958,45293
32379,45293
240379,45293
7813,45293
250642,45293
205340,45293
172775,45293
157096,45293
67963,45293
210995,45292
285180,45292
228313,45292
271990,45292
52533,45292
72504,45292
292723,45292
283621,45292
29529,45291
246797,45291
56112,45291
246403,45291
75607,45291
9196,45291
271738,45291
1076,45291
244347,45291
293966,45290
280284,45290
267680,45290
242898,45290
204193,45290
217858,45290
174378,45290
11633,45290
132345,45290
228630,45290
285892,45289
293902,45289
169239,45289
203142,45289
254412,45289
268561,45289
224348,45289
271654,45289
295769,45289
100846,45288
38357,45288
10602,45288
262411,45288
281651,45288
255926,45288
223484,45288
216654,45288
202868,45288
294321,45288
16124,45288
249276,45288
263554,45288
10456,45288
65398,45287
224167,45287
278937,45287
263389,45287
281965,45287
203,45287
256737,45287
164185,45287
225824,45287
252578,45286
203184,45286
169068,45286
245577,45286
17239,45286
277707,45286
161309,45286
225383,45286
214373,45286
260199,45285
287831,45285
262408,45285
218924,45285
215897,45285
259127,45285
9864,45285
241223,45285
215097,45285
276289,45285
28390,45285
103923,45284
189935,45284
177190,45284
130139,45284
79757,45284
290708,45284
119688,45283
247882,45283
72905,45283
60917,45283
212074,45283
163415,45283
244593,45283
276185,45283
278800,45283
190712,45283
160660,45282
203312,45282
231929,45282
240088,45282
207880,45282
197852,45282
230910,45282
8221,45282
6821,45282
219975,45282
283928,45282
2574,45282
1792,45281
151231,45281
271264,45281
88131,45281
269534,45281
282958,45280
248818,45280
46447,45280
266189,45280
146908,45280
157778,45280
1504,45280
192420,45280
249103,45279
202492,45279
256444,45279
284104,45279
249893,45279
272879,45279
160607,45279
272969,45279
291294,45279
162925,45279
131312,45279
216470,45279
147417,45279
2720,45279
282563,45279
229960,45279
252377,45279
295397,45278
147166,45278
37413,45278
295106,45278
243437,45278
287032,45278
199751,45278
240953,45277
226583,45277
120192,45277
49662,45277
230967,45277
190200,45277
292787,45277
261327,45277
234214,45277
269181,45277
242738,45277
237256,45277
243653,45277
270402,45276
34376,45276
282040,45276
248992,45276
234579,45276
212914,45276
194446,45276
259491,45276
247852,45276
248529,45276
282327,45276
257203,45276
3145,45276
179876,45276
209003,45275
152819,45275
214216,45275
198044,45275
228010,45275
227855,45275
295593,45275
28490,45275
100757,45275
271362,45275
229035,45275
278190,45275
289532,45275
152468,45275
109330,45275
51107,45274
281128,45274
226104,45274
286377,45274
160769,45274
272808,45274
181220,45274
219780,45274
239729,45274
291361,45274
259767,45274
288273,45273
283130,45273
251121,45273
98309,45273
871,45273
235967,45273
62722,45273
2723,45273
197440,45273
284856,45273
228469,45272
192384,45272
249662,45272
238928,45272
20060,45272
284931,45272
283713,45272
141908,45272
281478,45272
268022,45272
240151,45272
279518,45272
117856,45272
25092,45271
128173,45271
293555,45271
32838,45271
9550,45271
215088,45271
222377,45271
132107,45271
202980,45271
291598,45271
160107,45271
235898,45270
232437,45270
283598,45270
258127,45270
4998,45270
112677,45270
158386,45270
292025,45270
44425,45270
254190,45269
180110,45269
232119,45269
293326,45269
218054,45269
233604,45269
250307,45269
273345,45269
193358,45269
160601,45269
186786,45269
32209,45269
128722,45269
146083,45269
208757,45269
5550,45269
269793,45269
215644,45268
177934,45268
230306,45268
267506,45268
261370,45268
273304,45268
257877,45268
219950,45268
46498,45268
200330,45268
5876,45268
157295,45267
78098,45267
216960,45267
287907,45267
35114,45267
137769,45267
105233,45267
260825,45267
163983,45267
288840,45267
167528,45267
232053,45267
270713,45267
114467,45267
232152,45267
212402,45266
214566,45266
193444,45266
295223,45266
275716,45266
239758,45265
286967,45265
57777,45265
281189,45265
172290,45265
280375,45265
181858,45265
200285,45265
255291,45265
287594,45265
144749,45265
283447,45264
85860,45264
247841,45264
136021,45264
140542,45263
261568,45263
2467,45263
192456,45263
278746,45263
373,45263
237747,45263
28483,45263
264862,45263
209223,45262
22165,45262
266013,45262
251481,45262
236995,45262
286123,45262
261107,45262
273794,45262
268573,45262
113995,45262
183441,45261
11299,45261
293656,45261
8361,45261
265820,45261
23052,45261
29393,45261
260524,45261
267657,45261
191111,45261
250315,45261
278825,45261
199564,45261
200092,45261
198107,45261
280444,45260
186503,45260
270609,45260
156655,45260
286392,45260
206321,45260
224666,45260
198943,45260
78623,45260
293184,45260
106883,45260
203869,45260
259499,45260
94125,45260
204664,45259
1290,45259
167262,45259
184658,45259
169762,45259
270612,45259
163428,45259
228347,45259
289666,45259
11895,45259
291234,45259
73570,45259
243203,45259
252073,45259
117010,45258
141782,45258
202895,45258
238040,45258
240487,45258
153597,45258
235546,45258
289742,45258
289265,45258
225335,45258
278824,45258
271452,45258
262104,45258
149478,45258
210372,45257
192740,45257
295710,45257
141720,45257
90413,45257
292359,45257
286723,45257
288255,45257
234600,45257
14041,45257
2258,45257
260927,45256
192944,45256
239263,45256
214789,45256
159644,45256
288543,45256
203542,45256
270657,45256
285599,45256
152934,45256
154619,45256
254426,45255
260567,45255
218072,45255
162416,45255
292439,45255
258859,45255
285518,45255
106010,45255
203609,45255
79874,45255
240325,45255
12991,45255
265127,45255
288740,45255
79592,45255
216306,45254
168941,45254
122800,45254
282627,45254
244738,45254
55838,45254
267791,45254
206988,45254
259993,45254
204395,45254
149611,45254
160027,45254
269260,45254
264440,45254
272224,45254
274953,45254
213922,45254
276302,45253
230289,45253
157887,45253
187044,45253
248008,45253
170026,45253
292126,45253
149186,45253
205422,45253
138218,45253
252304,45253
293002,45253
212057,45253
159064,45253
235121,45253
85790,45252
216777,45252
269660,45252
197854,45252
279743,45252
110362,45252
252343,45252
218236,45252
60846,45252
287123,45252
293523,45252
250019,45251
144124,45251
287577,45251
290688,45251
216030,45251
286127,45251
184060,45251
257711,45251
256121,45251
188575,45250
225541,45250
191380,45250
174234,45250
2802,45250
254652,45250
176014,45250
208259,45250
293662,45250
271238,45250
239403,45250
252682,45250
538,45250
292302,45250
136932,45249
264764,45249
276131,45249
127993,45249
249326,45249
116038,45249
231186,45249
268520,45249
3963,45248
180730,45248
199894,45248
289228,45248
174332,45248
243119,45247
236968,45247
247171,45247
272891,45247
239387,45247
264138,45247
264641,45247
286175,45247
238398,45247
195322,45247
269713,45247
228103,45246
92631,45246
287245,45246
4735,45246
142378,45246
140563,45246
283744,45246
264758,45246
44800,45246
134337,45246
171142,45246
231484,45246
287359,45246
295029,45245
140067,45245
259882,45245
6026,45245
256296,45245
277119,45245
287199,45245
142387,45245
254318,45245
167283,45245
166590,45244
4770,45244
217491,45244
285624,45244
214288,45244
240486,45244
217810,45244
186870,45244
20295,45244
104304,45244
139349,45244
242019,45243
201192,45243
26741,45243
287302,45243
290194,45243
241304,45243
262151,45243
217851,45243
238691,45243
266394,45242
213601,45242
155413,45242
22224,45242
57896,45242
179445,45242
188652,45242
186237,45242
291417,45242
287252,45242
218657,45242
269504,45242
236819,45242
196692,45242
274244,45242
280054,45241
179487,45241
279468,45241
184276,45241
276849,45241
203325,45241
290171,45241
260678,45240
43656,45240
179595,45240
235058,45240
217198,45240
284123,45240
130565,45240
164763,45240
236908,45240
296445,45240
266598,45240
266573,45240
254611,45240
291951,45239
250517,45239
288024,45239
289250,45239
41409,45239
288673,45239
40571,45239
214775,45239
203383,45238
274406,45238
96895,45238
254868,45238
189508,45238
223572,45238
253991,45238
223374,45238
92792,45238
275376,45238
17513,45237
280828,45237
205294,45237
123121,45237
117603,45237
77044,45237
216575,45237
292032,45237
261510,45237
274352,45237
200139,45237
214116,45237
284022,45236
294625,45236
206004,45236
279103,45236
291434,45236
160253,45236
10373,45236
247475,45236
219174,45236
169044,45236
19199,45236
247028,45236
146338,45236
150744,45235
15301,45235
294012,45235
259635,45235
295560,45235
229467,45235
232342,45235
231132,45235
196360,45235
290968,45235
294977,45235
152467,45235
220308,45235
174553,45235
61926,45235
206866,45235
267292,45234
130931,45234
294082,45234
10533,45234
291261,45234
118113,45234
261541,45234
17506,45234
257731,45234
245679,45234
263170,45234
226841,45234
191811,45234
60706,45234
281869,45234
231963,45233
285511,45233
210381,45233
227438,45233
294576,45233
238167,45233
290374,45233
285056,45233
234149,45233
197568,45233
163109,45233
90096,45233
228033,45233
276121,45233
278241,45232
246042,45232
213144,45232
815,45232
291174,45232
168773,45232
181759,45232
218716,45232
294314,45232
211653,45232
194140,45232
269894,45232
80580,45232
133802,45232
89619,45231
207407,45231
140959,45231
295234,45231
218969,45231
192668,45231
4168,45231
11230,45231
3795,45231
195737,45231
23535,45231
246291,45230
218687,45230
292224,45230
32210,45230
244079,45230
293183,45230
208012,45230
14985,45230
218169,45230
25659,45229
264469,45229
277977,45229
171647,45229
12052,45229
252023,45229
204010,45229
164033,45229
284558,45229
251390,45229
280623,45228
263639,45228
225376,45228
227600,45228
269889,45228
245365,45228
234972,45228
1184,45228
289809,45228
263290,45228
173339,45228
215383,45228
224905,45228
264267,45227
17861,45227
180903,45227
182857,45227
590,45227
268815,45227
275797,45227
283597,45227
211377,45227
286229,45227
291754,45227
189766,45226
259717,45226
283509,45226
241865,45226
66486,45226
294475,45226
261469,45226
255042,45226
277161,45226
48867,45226
215382,45226
169796,45226
99895,45225
273572,45225
277869,45225
7846,45225
44415,45225
277838,45225
281853,45225
157317,45225
232636,45225
173390,45225
28784,45225
238982,45225
244923,45225
26157,45225
269133,45224
152937,45224
239549,45224
874,45224
76949,45224
262537,45224
24545,45224
253315,45224
288945,45224
237193,45224
261273,45224
210646,45224
296009,45223
294384,45223
219059,45223
264922,45223
155260,45223
186463,45223
247551,45223
238956,45223
230273,45223
230373,45223
264784,45223
77245,45223
173720,45223
156141,45223
249097,45223
273716,45223
238566,45223
235726,45223
72193,45223
252786,45222
223649,45222
204879,45222
191508,45222
208265,45222
220401,45222
237051,45222
177751,45222
281532,45222
234194,45221
83501,45221
132869,45221
76206,45221
151411,45221
4994,45221
38568,45221
261596,45221
107250,45220
271962,45220
291101,45220
293565,45220
92655,45220
250296,45220
259319,45220
100882,45220
184602,45220
177042,45220
232703,45220
275196,45220
289957,45219
135571,45219
173233,45219
169459,45219
278981,45219
260587,45219
112183,45219
229989,45219
230807,45219
252698,45219
269366,45219
248858,45219
253608,45219
247657,45219
217558,45219
269836,45218
147618,45218
75611,45218
269051,45218
279661,45218
108453,45218
36259,45218
123531,45218
136845,45218
124758,45218
17054,45218
237543,45218
155301,45217
892,45217
124409,45217
174993,45217
119560,45217
18653,45217
48330,45217
290716,45217
36825,45217
149347,45217
185997,45217
294301,45217
2640,45217
224512,45217
1866,45217
276645,45216
187942,45216
213837,45216
242636,45216
114562,45216
34027,45216
129468,45216
244220,45216
60699,45216
245976,45216
242318,45215
92303,45215
186893,45215
16075,45215
256994,45215
240420,45215
287316,45215
252628,45215
261689,45215
209359,45215
238504,45215
31744,45215
175767,45214
89654,45214
248505,45214
195941,45214
238055,45214
260631,45214
256592,45214
148980,45214
277222,45214
295625,45214
285872,45214
279875,45213
162582,45213
232009,45213
237634,45213
29064,45213
135002,45213
153037,45213
267067,45213
283805,45213
131078,45213
286078,45212
103119,45212
257977,45212
224431,45212
173199,45212
232621,45212
81065,45212
289615,45212
1978,45212
277351,45212
222875,45212
253203,45211
260695,45211
233464,45211
158687,45211
290469,45211
44504,45211
235020,45211
263638,45211
257130,45211
139058,45210
171670,45210
287986,45210
295193,45210
238178,45210
99546,45210
78788,45210
97147,45210
130639,45210
191075,45210
146837,45210
260345,45209
289147,45209
245089,45209
265682,45209
156335,45209
205009,45209
266060,45209
233724,45209
108887,45209
254289,45209
178619,45209
291871,45209
249377,45208
293102,45208
238365,45208
218137,45208
239777,45208
295861,45208
240983,45208
266166,45208
246803,45208
282782,45208
296359,45208
256963,45208
180822,45208
263316,45207
13273,45207
248004,45207
217985,45207
279337,45207
57664,45207
239944,45207
261274,45207
237564,45207
290277,45207
225490,45207
288556,45206
262717,45206
213631,45206
32859,45206
129170,45206
137833,45206
213625,45206
283391,45206
45099,45206
224508,45206
272960,45206
197261,45206
177449,45206
211562,45206
241331,45206
213434,45205
192887,45205
176961,45205
226044,45205
252319,45205
231440,45205
163513,45205
267240,45205
274490,45205
276855,45205
282783,45205
240207,45205
282592,45205
283108,45204
226838,45204
223991,45204
151003,45204
269485,45204
19549,45204
278683,45204
171574,45204
254255,45204
12441,45204
138100,45204
12956,45204
211027,45203
143834,45203
155222,45203
294891,45203
240142,45203
183375,45203
244741,45203
258629,45203
174693,45203
266693,45203
224838,45202
176384,45202
220768,45202
98815,45202
270287,45202
51060,45202
197503,45202
213914,45202
15811,45202
272252,45202
109497,45202
50606,45201
160862,45201
264394,45201
282817,45201
35370,45201
234856,45201
193739,45201
16998,45201
18329,45201
296478,45201
218453,45201
162839,45201
212947,45201
257420,45200
140803,45200
232097,45200
294896,45200
227155,45200
146299,45200
181914,45200
245760,45200
295490,45200
40886,45200
192658,45200
280756,45200
136173,45200
53016,45200
278592,45200
229923,45200
199003,45200
258443,45200
159924,45199
295462,45199
283082,45199
241812,45199
249936,45199
206954,45199
228344,45199
138268,45199
206837,45199
104815,45199
260080,45198
117283,45198
192151,45198
180242,45198
288220,45198
276693,45198
226163,45198
234276,45198
40278,45198
280140,45198
150230,45198
292180,45198
204514,45198
253993,45198
144600,45198
248138,45198
82404,45198
229759,45198
287380,45197
281978,45197
30417,45197
144892,45197
168797,45197
194326,45197
220447,45197
262766,45197
195920,45197
73477,45197
251557,45197
282156,45197
283749,45197
265222,45197
162860,45197
250422,45196
292745,45196
127019,45196
140370,45196
240401,45196
248266,45196
159880,45196
21762,45196
125292,45196
279764,45196
19882,45196
192883,45196
10001,45196
273049,45195
255446,45195
281870,45195
265209,45195
247983,45195
278067,45195
214161,45195
243806,45195
267403,45195
290474,45195
246496,45195
274456,45195
173175,45195
260332,45195
285000,45195
20997,45195
86404,45194
220523,45194
207079,45194
161870,45194
255959,45194
277620,45194
1212,45194
248555,45194
140059,45194
145692,45194
259398,45194
240260,45193
292330,45193
206123,45193
248442,45193
210487,45193
170076,45193
282648,45193
97367,45193
218272,45193
124686,45193
7752,45193
200638,45193
181110,45193
294486,45193
247120,45193
6642,45193
245544,45192
261699,45192
253096,45192
203507,45192
279788,45192
245763,45192
270297,45192
275363,45192
282399,45192
160080,45192
151340,45192
285580,45192
182578,45192
220680,45191
207766,45191
291304,45191
272177,45191
267413,45191
183112,45191
106992,45191
139733,45191
1310,45190
293715,45190
221976,45190
270388,45190
266681,45190
291338,45190
62306,45190
189690,45190
185574,45190
148363,45190
162825,45190
19625,45190
232782,45190
294337,45190
270824,45190
116120,45189
292969,45189
200979,45189
135138,45189
210866,45189
191341,45189
249339,45189
42509,45189
269105,45189
155331,45189
283971,45189
58062,45188
185850,45188
164918,45188
5579,45188
289866,45188
5670,45188
275492,45188
206498,45188
156686,45188
271298,45188
178862,45188
44268,45188
293639,45187
262789,45187
214546,45187
1459,45187
267072,45187
260058,45187
232165,45187
281485,45187
90747,45187
262242,45187
203904,45187
760,45187
126197,45187
263965,45187
286855,45187
162836,45187
280964,45187
211507,45187
277819,45187
273890,45187
289812,45187
209584,45187
139739,45187
158884,45187
234211,45187
293815,45186
288985,45186
253597,45186
28309,45186
221010,45186
270937,45186
166291,45186
6283,45186
