13483,100000
280744,49904
218241,49898
291142,49632
23163,49620
283811,49495
242116,49479
5565,49459
5595,49399
257200,49331
33984,49330
158776,49327
13345,49311
12265,49285
218227,49280
25217,49276
15940,49264
125815,49163
64772,49124
179195,49062
233547,49019
50154,49016
26657,49013
267316,49012
17097,48957
7756,48894
123025,48885
34565,48881
211391,48773
8365,48766
136335,48757
256326,48721
191338,48681
149169,48679
206153,48677
287734,48650
235425,48598
198345,48593
207400,48584
100613,48573
59496,48555
267487,48546
172878,48485
224758,48473
231759,48473
159963,48432
125295,48429
226595,48413
279987,48397
271178,48391
69889,48389
245209,48369
145156,48337
265314,48293
227427,48282
93468,48259
12821,48230
295594,48183
266545,48174
215929,48173
64029,48158
5686,48156
2606,48153
272615,48139
152378,48133
105694,48127
217747,48122
1801,48111
4033,48098
186236,48097
11584,48089
94516,48084
156142,48072
91957,48061
262052,48052
154976,48026
91529,48000
17249,47997
246505,47996
192178,47978
284587,47947
253126,47936
161385,47911
200863,47906
215777,47900
219686,47876
218346,47851
120675,47850
15548,47839
266557,47831
115488,47823
236597,47823
231095,47822
81531,47803
272256,47800
266989,47800
251814,47795
137861,47791
230799,47789
132097,47789
3185,47784
21764,47784
213221,47765
245358,47762
39989,47746
140769,47741
255452,47738
162814,47732
5593,47716
168031,47715
53137,47707
296370,47696
185888,47692
199385,47691
271815,47689
54727,47681
217994,47679
178233,47672
87057,47668
268365,47665
115952,47664
102395,47658
6608,47649
33451,47647
19196,47647
180348,47644
16269,47644
273727,47637
21460,47634
164256,47631
88418,47626
294011,47625
171195,47624
259658,47622
227748,47617
10710,47610
170779,47602
169933,47599
279474,47585
285458,47584
271740,47546
265611,47545
11326,47544
226277,47543
266575,47537
217713,47522
246413,47520
256021,47510
255766,47495
175653,47494
184964,47486
223840,47464
232039,47462
40203,47456
14022,47453
182389,47440
132681,47438
50791,47437
278871,47436
116112,47434
85008,47424
184690,47423
166258,47405
101475,47388
255421,47387
49308,47378
31050,47377
227812,47377
30514,47365
29099,47362
208397,47353
242216,47351
230954,47350
52283,47348
278226,47335
201870,47334
73510,47332
260432,47327
193326,47324
58162,47316
156413,47316
242463,47315
287281,47308
3385,47308
234412,47299
207350,47299
205171,47294
166119,47293
93232,47284
31499,47283
281969,47281
234198,47280
263537,47277
268979,47276
229780,47273
266765,47260
29574,47258
194295,47258
38481,47249
235059,47249
254393,47240
120852,47228
194859,47227
91167,47225
40462,47224
237657,47223
26252,47218
74933,47207
262180,47207
40553,47205
69019,47190
89912,47187
83351,47181
260785,47179
236258,47176
13998,47173
26626,47169
74754,47160
78686,47159
255497,47158
192057,47155
230136,47153
3066,47153
72387,47142
243840,47140
160429,47139
217331,47137
419,47133
262916,47121
138236,47119
16412,47118
257641,47113
234296,47109
194710,47109
51642,47106
102965,47104
245254,47103
237754,47102
180062,47098
279188,47097
22636,47097
42469,47093
282546,47092
24507,47091
287701,47089
216611,47089
263118,47086
295273,47075
65424,47074
25453,47074
234041,47074
235403,47073
200159,47066
48834,47054
122203,47051
142625,47049
57035,47041
293064,47037
200803,47032
225417,47027
26264,47025
254572,47016
259357,47015
35368,47014
173466,47012
247647,47011
183593,47010
119323,47001
18511,47001
1058,46998
74108,46998
166298,46989
60961,46988
45979,46987
28556,46979
436,46979
279869,46979
162241,46972
70750,46970
289702,46969
276609,46968
160701,46963
92681,46954
240106,46951
108450,46948
192196,46948
11825,46947
176136,46947
206433,46946
203271,46941
14316,46939
53663,46939
67854,46936
218061,46934
158330,46934
143201,46931
250453,46930
175354,46930
10480,46930
33938,46929
170606,46928
85686,46924
104872,46920
45686,46914
67814,46913
12277,46910
259099,46907
177878,46904
223102,46901
258308,46900
292641,46891
60599,46888
249848,46883
14279,46876
36614,46873
180463,46872
140125,46872
290167,46871
100820,46868
35701,46865
249296,46863
241753,46863
155949,46861
279245,46861
152869,46860
48703,46858
250873,46858
101854,46856
243353,46856
295307,46853
84438,46849
248159,46848
144043,46848
292606,46846
214465,46834
226703,46831
168346,46824
187602,46816
262246,46815
283270,46813
228792,46813
206185,46812
144343,46811
72479,46810
234466,46809
189361,46808
235763,46808
11330,46806
270121,46805
124210,46802
260065,46802
274930,46801
224983,46799
71923,46794
193496,46792
43271,46790
13595,46790
5506,46787
202698,46786
272452,46786
289943,46786
212770,46783
222735,46782
59183,46781
212836,46777
11596,46776
294104,46774
264025,46772
167948,46771
238000,46770
130394,46769
202451,46768
285899,46768
264940,46766
15414,46759
208107,46759
58053,46758
114523,46757
293936,46752
4632,46747
280192,46747
284036,46746
37486,46745
64969,46745
66734,46737
77540,46735
32870,46731
237478,46731
215843,46724
208637,46719
231757,46716
77949,46716
160471,46716
282760,46712
112700,46709
17861,46707
258711,46706
272786,46703
51973,46699
68517,46699
258750,46690
8315,46689
164064,46689
269100,46688
205315,46688
175351,46683
36739,46682
48552,46679
162763,46679
43647,46679
167191,46677
30338,46677
280141,46676
62518,46676
26825,46674
130214,46672
193509,46670
7825,46669
203357,46667
282229,46667
45972,46661
278806,46661
261519,46660
278041,46656
253501,46653
192503,46650
145195,46650
46562,46649
254882,46649
41683,46646
81558,46646
11095,46641
16223,46638
176354,46635
38187,46632
285811,46630
110038,46629
180335,46629
269229,46624
163574,46624
142736,46619
206764,46617
20924,46616
241864,46615
8052,46614
289177,46612
166249,46612
166289,46611
223595,46610
289500,46609
124091,46605
113998,46605
168948,46603
127118,46603
284156,46601
283268,46601
154248,46600
234603,46598
270384,46598
165498,46589
61189,46581
129806,46579
252229,46577
292499,46574
233525,46571
226955,46571
247459,46568
177937,46568
42039,46567
171230,46565
212959,46562
20982,46561
254132,46560
219607,46558
54142,46556
12190,46556
290625,46551
250593,46551
47581,46547
279200,46547
241332,46547
13838,46546
144038,46545
229934,46545
118846,46544
283575,46542
280287,46540
151194,46538
19528,46538
219822,46538
218341,46537
159702,46537
127672,46535
275918,46533
82730,46531
292958,46526
15274,46526
272985,46524
221460,46523
263036,46522
261770,46522
230892,46521
247830,46520
59894,46519
205086,46519
234833,46519
126112,46518
165276,46516
263004,46516
3284,46515
242470,46514
133149,46512
203090,46510
105045,46510
217266,46508
23383,46507
69945,46506
288946,46499
268927,46497
179040,46497
121132,46497
218587,46495
205640,46494
14281,46491
202697,46490
164872,46490
46043,46489
212022,46489
209310,46487
204556,46485
122711,46482
221117,46480
249003,46479
176152,46477
61046,46477
141073,46475
217941,46474
158789,46473
250775,46473
92999,46470
165146,46467
62947,46466
227700,46464
164062,46463
220585,46459
94049,46456
266845,46456
238515,46456
221152,46449
229461,46448
51173,46448
248568,46448
265406,46446
158680,46446
235334,46440
171019,46440
251656,46439
291018,46436
134083,46435
8803,46435
204799,46435
220120,46433
173243,46432
199707,46431
14305,46430
29719,46428
59068,46427
9750,46426
164118,46426
273643,46426
263715,46423
18572,46421
292585,46420
233405,46417
288093,46415
268014,46415
39816,46414
128430,46414
53268,46414
254717,46414
12081,46413
67195,46411
244304,46409
21080,46408
259016,46408
231217,46403
60710,46403
45315,46401
216877,46398
269026,46396
62884,46396
281625,46393
102266,46393
143471,46390
278112,46388
284545,46386
260331,46386
253059,46386
271749,46382
282327,46382
285682,46381
91081,46381
54216,46379
142099,46379
63045,46378
61307,46378
235112,46378
201664,46373
33573,46371
204273,46371
240977,46368
163178,46367
90491,46366
196406,46365
155638,46364
116030,46364
169417,46362
192782,46362
156859,46361
206194,46361
231886,46359
251430,46359
29555,46359
51727,46359
114394,46358
101544,46358
288352,46357
127468,46356
283562,46352
117588,46351
170982,46350
152370,46350
228544,46350
184079,46348
250896,46348
199489,46347
188619,46344
141889,46344
186725,46343
110787,46342
269643,46341
150102,46336
25638,46336
265180,46332
105527,46331
288009,46331
264871,46331
229354,46329
271410,46328
97412,46328
217752,46328
235771,46326
215113,46326
241571,46324
286683,46324
20745,46320
139411,46317
146727,46315
293119,46314
201467,46314
266000,46311
252064,46310
193060,46309
65114,46308
223022,46308
94071,46304
296485,46304
157774,46302
202358,46301
118481,46299
54596,46297
241022,46291
178096,46291
11705,46289
252764,46287
180921,46284
294179,46284
108366,46283
151729,46283
277066,46283
225354,46275
219516,46275
293206,46274
117646,46272
74757,46271
295276,46269
113086,46269
271470,46268
39809,46262
103709,46261
280157,46261
214553,46259
222085,46258
134919,46258
144201,46255
219181,46252
278313,46250
255952,46250
294604,46248
291065,46248
256291,46246
291544,46246
89997,46246
241957,46244
243487,46243
296058,46242
276260,46241
296426,46240
254542,46240
291693,46240
185550,46237
295642,46236
67298,46236
216792,46236
245699,46234
95552,46234
106590,46233
39251,46233
189058,46233
47870,46232
156026,46232
43802,46231
259415,46231
208522,46230
278411,46230
145203,46229
294173,46229
285928,46228
38191,46226
172022,46226
209306,46225
248041,46222
142904,46222
257056,46221
257521,46219
6926,46219
186888,46217
259653,46216
145832,46216
235787,46212
223852,46211
194185,46211
267046,46211
124767,46210
173122,46209
171996,46209
200471,46209
20242,46209
39766,46209
110588,46208
45188,46207
207585,46206
249622,46197
249580,46196
6959,46195
173486,46195
253767,46194
87551,46193
19345,46193
231145,46192
13481,46192
238408,46191
33476,46191
278389,46189
76658,46189
196084,46188
222566,46187
293282,46187
183083,46187
3773,46183
28447,46183
281343,46180
167868,46179
55938,46179
247358,46178
151720,46178
222534,46176
184587,46176
214308,46176
129731,46175
229405,46175
15890,46174
51333,46174
35787,46171
49056,46170
269746,46169
242765,46169
21066,46166
266285,46164
193263,46163
138727,46161
146831,46161
136136,46160
91574,46159
200250,46155
241858,46155
124906,46153
122402,46152
62416,46152
46570,46151
94540,46150
285995,46150
55469,46147
214770,46146
220370,46146
182072,46145
227538,46144
249973,46144
44965,46141
149806,46141
249118,46137
254177,46136
178396,46136
179782,46136
15629,46136
261437,46135
74058,46135
71178,46135
213082,46134
166539,46132
202191,46132
282497,46130
279565,46130
83203,46129
122523,46129
136319,46128
241233,46127
265057,46126
144875,46126
113929,46125
161277,46124
43801,46123
183200,46123
248947,46123
164039,46121
250802,46121
21190,46120
186217,46119
121034,46119
204622,46117
158627,46115
239700,46114
221058,46114
141899,46112
38700,46111
194787,46110
192078,46110
194725,46110
175280,46109
256754,46106
294383,46104
266905,46104
220857,46103
211510,46102
118767,46102
265862,46101
46384,46101
148410,46100
185232,46100
232674,46098
152341,46098
178410,46098
263175,46098
208814,46093
118013,46093
250825,46091
190418,46091
115244,46090
273831,46089
264214,46087
198682,46087
226836,46086
213885,46084
294532,46083
29059,46083
295898,46082
216879,46081
180973,46080
121584,46079
168716,46078
185644,46077
55035,46076
137588,46076
26934,46073
211120,46073
277226,46072
208670,46072
183830,46072
157189,46071
159615,46067
269772,46066
272108,46066
289367,46065
289711,46065
103842,46065
109647,46063
104586,46062
254148,46060
286781,46060
47924,46059
83363,46059
87888,46058
156232,46058
92200,46057
235917,46056
210153,46056
152103,46056
101254,46053
90504,46053
236262,46053
295468,46052
283390,46052
284657,46051
102922,46051
232011,46050
15567,46050
296431,46049
46052,46049
169470,46048
284008,46048
171789,46048
69569,46046
152946,46045
197289,46044
279005,46044
286518,46043
245588,46041
104352,46040
274703,46040
264564,46040
97855,46040
282983,46038
236508,46037
159342,46036
280012,46035
205778,46034
63424,46033
88819,46031
169995,46031
186951,46031
37041,46030
221769,46030
129089,46029
268222,46028
254111,46026
141517,46026
268617,46025
295903,46025
196205,46024
118602,46024
241803,46024
281264,46024
291247,46023
265026,46022
271655,46020
111679,46019
135930,46017
35695,46016
2327,46016
26020,46016
252075,46013
145897,46011
130352,46011
133928,46010
227232,46009
289895,46007
209355,46007
236036,46007
282664,46006
47957,46003
20171,46002
195412,46002
154672,46002
247547,46002
189754,46002
256771,46001
282095,46000
16092,45996
168148,45996
111854,45996
167477,45995
64999,45994
141625,45994
197664,45993
189540,45992
204885,45991
290753,45991
267153,45989
235188,45988
231424,45988
256390,45987
153978,45987
251901,45986
271784,45986
39737,45985
91729,45983
189645,45983
230394,45983
179239,45982
106828,45980
49493,45978
222159,45977
250096,45977
145652,45976
25306,45975
279813,45972
238821,45971
291611,45969
124832,45969
256581,45967
154576,45966
186042,45965
187507,45965
289920,45965
261400,45965
20530,45964
109087,45963
268230,45962
43520,45961
208789,45961
153204,45958
9550,45958
225800,45957
293988,45957
55807,45956
33395,45954
210839,45954
286073,45954
238562,45954
155159,45954
116332,45953
98802,45953
295741,45952
177554,45950
154528,45948
179065,45947
103595,45947
173588,45946
215522,45946
264207,45945
231386,45945
267089,45945
3355,45945
195644,45945
294330,45944
24451,45943
218858,45943
1052,45941
213589,45940
122806,45940
262038,45939
167286,45939
104759,45938
157539,45936
144231,45935
248173,45935
75317,45935
153775,45935
110854,45934
2564,45934
250191,45933
263659,45932
112078,45931
197194,45931
134652,45931
179892,45930
112089,45930
274629,45928
227930,45927
111021,45926
164978,45921
133931,45920
260341,45920
191697,45920
222935,45919
215961,45918
185544,45917
185593,45916
21554,45916
99252,45915
136176,45915
175908,45914
282322,45914
256738,45914
256476,45914
32626,45914
237685,45913
166578,45911
237900,45911
238221,45909
238702,45909
22800,45908
152532,45908
275718,45907
215232,45907
230050,45906
257637,45906
261240,45906
296070,45905
36149,45904
151129,45904
170256,45903
249857,45902
98615,45902
81312,45902
88137,45900
212667,45900
113961,45900
225066,45900
255902,45900
237489,45898
44364,45896
245276,45895
161670,45894
256626,45893
234000,45893
262008,45893
235895,45893
293040,45893
47131,45893
262904,45893
237763,45892
121506,45892
208137,45891
264901,45891
78945,45890
224396,45890
287424,45889
47198,45887
201257,45886
23272,45885
280294,45885
145344,45885
117045,45884
287766,45883
126532,45883
211341,45882
175898,45881
244928,45881
84308,45880
238797,45878
256108,45877
176016,45877
168487,45876
218525,45874
17430,45874
110707,45872
222814,45872
17565,45872
265558,45872
291064,45871
172416,45871
44140,45871
12888,45870
195803,45870
158247,45869
181148,45869
267792,45869
284214,45867
20506,45867
185873,45866
121883,45866
29119,45865
230839,45865
54644,45865
209828,45865
289912,45865
123004,45864
139408,45863
28516,45861
53571,45861
25643,45858
100286,45858
168135,45858
290907,45857
269898,45857
265758,45857
169618,45856
213721,45855
174935,45854
272849,45854
205065,45853
247430,45852
81198,45852
175546,45851
34757,45850
78712,45849
70253,45849
213836,45848
53066,45847
294031,45847
156796,45846
15074,45845
204978,45845
197659,45845
261772,45844
41302,45844
172166,45843
153467,45843
229937,45843
192364,45842
284423,45842
57277,45842
260391,45841
153555,45841
290213,45841
280018,45841
106138,45840
155560,45838
173218,45838
55748,45837
268096,45834
218529,45831
216658,45831
146816,45831
274972,45830
41912,45829
221296,45827
57602,45827
246291,45826
76801,45826
250543,45825
292361,45823
272025,45823
42209,45822
280246,45822
158517,45822
266761,45821
269975,45820
220033,45819
189287,45819
12130,45819
41550,45819
154564,45818
233309,45817
18624,45817
212707,45816
276113,45815
206665,45815
296040,45814
185252,45814
219287,45812
292640,45811
238347,45811
57993,45810
254013,45810
180539,45809
8514,45808
184479,45806
162837,45805
177238,45805
66474,45804
156852,45804
17972,45803
177881,45802
19971,45800
89688,45800
249231,45800
290367,45800
273518,45798
246615,45798
282948,45797
148788,45797
12262,45797
184441,45797
230399,45797
113920,45796
269680,45796
117120,45795
261585,45795
182546,45793
251264,45792
116731,45792
193944,45792
165616,45792
18586,45791
207310,45791
34582,45790
15815,45789
116497,45788
253045,45787
265684,45787
263563,45787
268871,45786
138766,45785
109523,45784
166380,45782
135498,45781
206327,45781
99877,45780
152846,45780
132559,45779
163402,45779
110001,45779
19260,45779
245759,45779
159528,45779
260464,45779
242143,45779
21325,45779
261434,45777
250501,45776
82763,45776
94865,45776
251949,45775
167724,45774
289488,45773
291875,45772
255012,45768
56930,45767
229331,45767
226323,45766
53922,45765
231922,45763
276253,45763
73733,45762
270172,45761
124555,45760
124300,45760
156214,45760
126014,45760
151174,45759
108965,45759
35724,45758
254507,45757
245932,45756
149392,45756
147992,45756
178906,45753
248986,45753
262066,45753
216872,45752
191553,45752
160540,45751
115335,45751
167669,45751
97202,45749
168616,45748
263982,45748
72236,45747
14585,45747
185434,45747
288390,45746
86064,45746
146025,45745
248306,45745
179267,45744
228655,45743
199669,45743
285371,45741
273669,45741
3171,45740
7124,45740
43195,45740
208357,45739
290700,45738
64761,45738
107075,45736
242852,45735
50057,45735
289866,45735
24041,45734
231543,45734
207752,45734
218327,45734
217905,45734
179841,45733
275587,45733
22027,45733
262655,45733
277355,45732
185984,45731
266463,45731
32405,45731
106245,45731
41875,45730
226902,45729
10313,45729
282057,45728
96078,45728
342,45728
61671,45728
132856,45727
190214,45727
176628,45727
57525,45726
267953,45726
97036,45725
286120,45725
60639,45725
227449,45724
106017,45724
209594,45723
237233,45723
235755,45722
99936,45722
273542,45722
290146,45721
114163,45721
294188,45720
278926,45720
290275,45717
199735,45716
147736,45716
27426,45716
264375,45716
197906,45715
112518,45715
22976,45715
202373,45715
52917,45714
213269,45714
170509,45714
217389,45712
212785,45712
271702,45712
289366,45712
15936,45711
287742,45711
69579,45708
262588,45708
272445,45708
173005,45708
21104,45707
2897,45707
218357,45706
193176,45706
266389,45706
104188,45706
164404,45705
238877,45705
57517,45703
69721,45703
168382,45703
65252,45703
80472,45703
236513,45702
205407,45702
124430,45702
256609,45701
92845,45701
293363,45700
227574,45700
145811,45700
3156,45698
158476,45698
195509,45697
213232,45697
287668,45696
113384,45696
253621,45696
287622,45695
171615,45695
188167,45694
184528,45694
199737,45694
241512,45694
158181,45694
227263,45694
116348,45693
230966,45693
262710,45691
176124,45690
158503,45690
266854,45690
113572,45689
284800,45689
293139,45689
21816,45689
127492,45688
289027,45687
75424,45687
154567,45687
196455,45686
280769,45686
285272,45685
243637,45685
27665,45684
105536,45684
60760,45683
211144,45683
152314,45683
234391,45683
225569,45682
278581,45681
47929,45681
179791,45680
113824,45679
27243,45679
141868,45678
200771,45678
193731,45677
235002,45677
54049,45676
285266,45676
25760,45676
272797,45676
225135,45676
23852,45675
218105,45675
54977,45675
243470,45674
212432,45673
184999,45673
235760,45671
282841,45671
130294,45671
286472,45669
294838,45668
128864,45668
130731,45668
125586,45667
84727,45666
225713,45666
143546,45666
112569,45666
110727,45666
20482,45665
141406,45664
241506,45664
277246,45664
196712,45663
273289,45661
290610,45660
277819,45660
278705,45660
246499,45659
249447,45659
240117,45658
95096,45658
287412,45658
229072,45657
13431,45657
68169,45657
115275,45656
256636,45655
198882,45655
170268,45654
193189,45654
261596,45653
46393,45653
155885,45653
47583,45651
63370,45650
139489,45650
129886,45649
272078,45649
164107,45648
269170,45648
241224,45647
235387,45647
102159,45647
148761,45647
151957,45646
289481,45646
272742,45645
276590,45643
289174,45643
167615,45643
133614,45642
267837,45642
63460,45642
291359,45642
21451,45641
5367,45640
151988,45640
202302,45639
25303,45639
294576,45638
262813,45638
234354,45637
42312,45636
226867,45636
248003,45635
61194,45635
174347,45635
278698,45635
282214,45634
235708,45633
224491,45632
224265,45632
10043,45632
36445,45632
252647,45632
49795,45631
249716,45631
238980,45631
263739,45630
18871,45630
289960,45629
209223,45629
270258,45629
110610,45629
210792,45628
179483,45627
282090,45627
283196,45627
276004,45627
253776,45626
267022,45625
43199,45625
30315,45625
202580,45624
271560,45624
151562,45624
284052,45624
116101,45624
293375,45623
196987,45622
269474,45622
287561,45620
102419,45620
2352,45620
159372,45619
234529,45619
147705,45617
296068,45617
195224,45615
65564,45615
899,45614
233108,45614
280589,45613
204110,45613
190913,45612
211760,45611
10685,45610
33359,45609
220328,45609
277329,45609
223873,45608
291095,45608
222549,45608
203820,45608
270292,45608
26901,45607
272971,45607
74393,45607
120606,45607
151436,45606
108162,45606
91749,45606
34447,45606
294843,45606
180515,45606
218127,45605
56527,45605
80841,45605
226582,45604
173401,45604
202227,45603
113288,45602
25147,45602
96231,45602
169237,45601
265252,45601
206816,45600
154788,45600
45227,45600
178100,45599
144460,45599
172328,45599
23389,45599
74953,45598
240376,45598
210252,45598
62799,45597
130362,45597
1270,45596
100403,45596
32524,45595
227678,45595
217989,45594
263190,45594
41268,45593
9437,45593
26069,45592
39920,45592
281082,45592
144725,45591
235828,45591
19633,45591
74662,45590
275662,45590
57168,45590
221853,45589
98711,45589
158305,45589
252247,45586
72491,45586
254453,45585
237505,45585
66921,45584
223300,45584
15665,45584
235186,45584
59535,45584
192003,45584
227120,45583
274530,45583
241298,45583
158035,45582
240449,45581
288776,45580
155283,45580
25637,45580
186927,45579
283188,45579
255300,45579
243876,45578
227597,45578
213694,45578
194512,45578
230733,45577
124352,45576
50710,45576
35740,45576
139483,45576
181996,45576
17914,45575
179900,45575
58158,45574
266097,45574
127685,45573
193522,45573
263264,45571
148376,45571
224393,45570
278951,45568
274840,45568
254972,45568
147580,45567
239695,45566
216062,45566
238973,45566
248442,45565
291945,45565
278669,45565
182400,45565
124141,45564
179177,45563
252120,45563
208457,45562
169138,45562
231836,45562
215785,45561
257837,45560
52785,45560
177363,45559
192882,45558
213147,45558
116905,45558
292215,45557
200469,45555
240080,45555
76125,45554
260521,45554
270826,45554
41086,45554
3214,45553
23353,45553
191535,45552
269889,45552
278961,45551
92628,45550
22078,45550
186922,45548
142603,45548
288866,45548
21657,45547
57539,45547
256539,45547
172246,45547
45176,45546
70243,45545
67449,45545
256840,45544
250718,45544
56016,45544
193595,45544
2504,45543
253701,45543
177946,45543
148968,45542
53426,45542
84317,45542
158963,45542
206471,45541
64648,45541
290924,45541
175303,45540
279322,45540
88713,45540
68934,45540
162909,45540
8744,45540
178995,45539
184549,45539
117145,45539
100947,45538
131114,45538
241839,45538
291269,45538
61118,45537
279049,45537
214532,45536
73753,45536
217938,45535
105720,45534
259778,45534
238504,45533
79327,45533
155582,45533
273773,45533
28828,45532
246921,45532
63252,45532
15639,45532
240689,45531
274310,45531
227522,45531
122747,45531
246559,45530
276060,45528
31635,45527
13409,45527
138094,45527
8148,45527
129164,45526
264997,45526
50717,45526
208747,45526
133982,45525
126674,45525
168962,45525
138359,45524
110392,45524
250757,45524
200518,45523
26710,45523
73665,45522
24879,45522
226594,45521
163866,45521
148373,45520
154279,45520
271430,45520
209668,45520
132497,45519
180336,45519
149335,45519
293737,45519
246982,45519
123839,45519
256038,45519
220129,45518
184302,45518
259409,45517
116882,45517
174579,45517
233836,45517
105932,45516
165664,45516
217443,45515
157035,45515
69526,45515
172885,45514
62199,45514
202147,45514
295779,45513
269878,45513
172886,45513
286167,45513
213110,45512
142615,45511
232879,45511
185024,45511
34280,45509
290878,45509
157989,45509
196409,45509
37306,45508
249246,45508
10920,45507
275956,45507
142330,45507
84992,45507
38287,45507
118725,45506
68165,45506
11411,45505
199949,45505
262987,45504
253196,45504
272040,45504
214738,45504
283789,45504
150435,45503
152642,45503
283478,45502
12669,45501
127657,45500
106886,45500
179228,45499
195621,45499
224720,45499
188589,45498
47392,45498
4547,45498
131330,45496
62994,45496
243664,45495
189906,45495
15161,45493
237399,45493
38617,45492
35278,45492
249502,45491
174701,45491
96128,45491
207786,45490
134039,45489
54786,45488
138296,45488
78180,45487
45495,45487
204176,45487
95558,45487
259019,45487
219438,45486
226146,45486
121796,45486
178740,45486
50937,45485
291895,45485
195499,45485
37160,45485
295598,45484
164117,45484
249094,45484
139803,45484
139615,45483
233200,45483
261361,45483
31350,45483
76198,45482
255095,45481
85376,45481
258534,45480
180003,45480
96790,45480
59362,45479
268747,45479
197371,45479
264712,45479
105169,45479
44368,45478
222722,45478
82434,45477
194639,45477
240762,45477
56502,45477
295814,45476
47183,45475
223021,45475
284005,45475
133018,45474
72356,45474
189174,45473
216843,45472
101005,45472
281271,45472
286312,45472
239762,45471
199775,45470
2196,45470
45401,45470
176907,45470
124253,45470
100578,45470
141410,45469
229556,45469
259308,45469
58048,45469
102566,45469
170551,45469
193897,45468
193906,45468
263112,45468
289194,45467
43611,45467
167679,45467
59860,45467
19157,45466
260063,45466
233478,45466
274803,45466
237554,45466
160488,45466
55193,45464
177302,45464
262414,45463
33553,45463
254733,45462
29115,45462
170917,45462
215218,45462
141294,45462
259987,45461
159978,45461
257117,45461
91288,45460
78390,45460
31683,45460
246246,45459
56837,45458
199918,45458
291741,45458
149115,45458
180329,45458
214458,45458
255661,45457
66680,45457
260085,45457
215588,45456
42844,45455
107923,45455
161201,45455
273695,45454
294024,45453
21040,45453
133138,45453
180332,45452
226901,45452
257966,45452
227136,45451
9635,45451
262154,45450
162190,45450
287676,45449
49752,45449
14879,45449
209036,45448
120815,45448
290555,45448
39394,45448
178803,45447
84527,45447
131546,45445
262019,45445
220405,45445
268704,45445
229433,45444
269271,45444
146387,45443
225773,45442
214456,45442
252321,45441
34901,45441
291105,45441
147437,45441
253608,45440
115219,45440
275514,45439
180653,45439
5917,45438
180561,45438
36043,45438
199516,45438
180988,45437
229090,45436
281550,45435
256866,45435
37532,45435
290754,45434
134696,45434
49475,45433
101339,45433
28560,45433
260984,45433
250942,45432
130989,45432
80773,45432
195566,45432
179052,45432
191840,45431
35646,45430
208694,45430
9880,45430
215112,45429
189094,45429
87135,45428
73326,45428
184408,45428
159890,45427
101234,45426
251082,45426
62067,45426
283251,45425
149731,45425
41821,45425
203911,45425
154460,45425
294429,45424
259366,45424
193784,45423
32463,45423
43285,45423
98668,45423
215228,45423
219229,45422
82185,45422
217434,45422
236221,45422
84241,45421
238126,45421
254744,45421
310,45420
258006,45420
271540,45420
242443,45419
153507,45419
99302,45419
212182,45419
52761,45419
22839,45418
257227,45418
236121,45418
205517,45418
35334,45417
196186,45417
274781,45417
69363,45416
235980,45416
204337,45416
211451,45416
190779,45416
229393,45416
53983,45416
69883,45415
220518,45415
222848,45415
254485,45414
211523,45414
103239,45414
241575,45414
284507,45414
293179,45414
267858,45414
197297,45413
280630,45412
14623,45412
146481,45411
26775,45411
36554,45411
21098,45411
242817,45410
219482,45410
1332,45410
22236,45410
213049,45409
177275,45409
275689,45408
229984,45408
294046,45408
199267,45408
200792,45407
221776,45406
143505,45406
236333,45406
228347,45406
89716,45406
253170,45405
231426,45405
273702,45405
173972,45405
61476,45404
128781,45404
209580,45404
29559,45404
281485,45403
133332,45403
31748,45403
245198,45403
98905,45403
279205,45402
105596,45402
188499,45402
231245,45401
40848,45401
131410,45401
191920,45401
190661,45401
121430,45400
103349,45400
92438,45400
275634,45400
13631,45400
270126,45399
197414,45399
208618,45398
258543,45398
252454,45397
24702,45397
293677,45397
18470,45397
100065,45396
267191,45396
76373,45396
154831,45396
175489,45395
103061,45395
148365,45395
57828,45395
64728,45395
264818,45394
39731,45394
124907,45394
48566,45394
272479,45394
32439,45394
84523,45393
259906,45393
14506,45393
251958,45393
135696,45393
213961,45392
157863,45392
166369,45391
269267,45391
27162,45391
237688,45391
90430,45391
210579,45391
164741,45391
252832,45390
222531,45390
249379,45389
88248,45389
37832,45389
199363,45387
243417,45387
253730,45387
47733,45387
211898,45387
36023,45387
276235,45386
81060,45386
71136,45386
118605,45385
214927,45385
201788,45385
19127,45385
283102,45384
279033,45384
115482,45384
171000,45383
213395,45383
36462,45383
175863,45382
42796,45382
145848,45382
233529,45382
279093,45381
260994,45380
10615,45380
291125,45379
13303,45379
282005,45379
162199,45378
292310,45378
292898,45378
8126,45378
157481,45377
65277,45377
277045,45377
278482,45376
164346,45376
182468,45376
275717,45375
16906,45375
249718,45375
220770,45375
101817,45375
263333,45375
103109,45374
86949,45374
129572,45374
250523,45373
110784,45373
21324,45373
184687,45372
72258,45372
69122,45372
19690,45372
216677,45371
270486,45371
241514,45370
62794,45370
281060,45370
286910,45369
120766,45369
194876,45369
37779,45369
8826,45368
57335,45368
112163,45368
293609,45368
262529,45368
217689,45368
246298,45367
218462,45367
256856,45367
74923,45366
212001,45366
202239,45364
175204,45364
57462,45364
191345,45364
128148,45363
55667,45363
166739,45363
249875,45363
118645,45363
195392,45362
67565,45362
121921,45362
170049,45362
212382,45362
248064,45361
19247,45361
181975,45361
239080,45361
144448,45360
209962,45359
286691,45358
235653,45358
190480,45358
116088,45358
61502,45357
19231,45357
222410,45357
230059,45357
33094,45357
173745,45356
204205,45356
241977,45355
252471,45355
292514,45354
85348,45354
84644,45354
187120,45354
262675,45354
294638,45353
118256,45353
235913,45353
157743,45353
247540,45353
241914,45352
22618,45352
281821,45352
89765,45351
103062,45351
209059,45351
118363,45350
198814,45350
31304,45350
199253,45349
18416,45349
78671,45348
155919,45347
288010,45347
268721,45347
279764,45347
147605,45346
276209,45346
37715,45345
225821,45345
295786,45344
93778,45344
248321,45344
89926,45344
199033,45344
290885,45344
260499,45343
139178,45343
280970,45343
278076,45343
235514,45343
27839,45342
130840,45342
146908,45342
40475,45342
189935,45341
109585,45341
216964,45341
273975,45340
105159,45340
156190,45340
237769,45339
169347,45339
215224,45339
200186,45338
256661,45338
147087,45338
150634,45338
223698,45338
186493,45337
243946,45337
94003,45337
77228,45337
94110,45336
36232,45336
10633,45336
202288,45336
202024,45336
237056,45336
212886,45335
58143,45335
183340,45335
141244,45334
243435,45334
69881,45334
253997,45333
20133,45333
95099,45333
291799,45333
165456,45333
189959,45333
102649,45333
227544,45332
208059,45332
275152,45332
282832,45332
117202,45331
168597,45331
243631,45331
281387,45331
26086,45330
284262,45330
270654,45330
12806,45330
240593,45329
240038,45329
133916,45329
276100,45329
218414,45329
32644,45328
229789,45328
201174,45328
187154,45328
254865,45328
47714,45327
123950,45327
120847,45327
47007,45327
190696,45326
30988,45326
118867,45325
113413,45325
293035,45324
88247,45324
109179,45324
27848,45324
267777,45323
34667,45323
243069,45322
241552,45322
24120,45322
243312,45321
268250,45320
229155,45320
192093,45320
167791,45320
244327,45320
172379,45319
134318,45319
25650,45319
163613,45319
254090,45319
236808,45318
252182,45318
186438,45318
105789,45317
110937,45317
259069,45317
99069,45317
216538,45316
221798,45316
280845,45316
164940,45316
263960,45316
171908,45316
237170,45316
244802,45315
264982,45315
8091,45314
234760,45314
73497,45314
258422,45314
250281,45314
45628,45314
239007,45313
118956,45313
274686,45313
156403,45313
233664,45312
75049,45312
284520,45312
38149,45311
268045,45311
180592,45311
97870,45311
97024,45311
174468,45310
22821,45310
160495,45310
85562,45310
137626,45309
172437,45309
174560,45308
39201,45307
73529,45307
88699,45307
241202,45307
192699,45306
227661,45305
232368,45305
254210,45305
109600,45305
176494,45304
255513,45304
113408,45304
41722,45303
16588,45303
174487,45302
284996,45302
292024,45301
187675,45301
256544,45301
278251,45301
117181,45301
215993,45301
258824,45301
209444,45301
269811,45300
149455,45300
21782,45300
269432,45300
20119,45300
199088,45299
191859,45299
192347,45298
35677,45298
279519,45298
54723,45297
88303,45297
269900,45297
209662,45297
203039,45296
280669,45296
21012,45295
286437,45295
165088,45295
195538,45294
222037,45294
85827,45293
292924,45293
276493,45293
245259,45293
252946,45293
197367,45293
144535,45293
129538,45292
275624,45292
272047,45292
224433,45292
15461,45292
272846,45292
255788,45292
1678,45291
248145,45291
221944,45291
100052,45290
189511,45290
211251,45290
249443,45290
4654,45290
277660,45290
258375,45290
263252,45289
13803,45289
214362,45289
209748,45289
277337,45288
233421,45288
234638,45288
215133,45287
164628,45287
111183,45287
179254,45286
195449,45286
1855,45286
78545,45286
19181,45286
74352,45286
85052,45285
131564,45285
216326,45285
152454,45285
247201,45285
260168,45285
218793,45285
197165,45284
195126,45284
87699,45284
79176,45284
286545,45283
222439,45283
191099,45283
204408,45283
34404,45283
208783,45283
291889,45282
180239,45282
116505,45282
229598,45280
158944,45279
28853,45279
238495,45279
253689,45279
187667,45279
284063,45279
178954,45279
239193,45278
261713,45278
94027,45277
259962,45277
4108,45277
16350,45277
152963,45277
253718,45277
261345,45277
38741,45277
107276,45277
198068,45277
280661,45276
170624,45276
41477,45276
163319,45276
108997,45275
230542,45275
273483,45275
167486,45275
249806,45274
29078,45274
203825,45274
245255,45274
168308,45274
264247,45274
259922,45273
223854,45273
284761,45272
90162,45272
224207,45272
202803,45272
64318,45272
190429,45272
166580,45271
294467,45271
222820,45271
19964,45271
228264,45271
296080,45271
265848,45270
208675,45270
179719,45270
222795,45270
260716,45270
120529,45270
260611,45269
286210,45269
231232,45269
109728,45269
3180,45269
91283,45269
65753,45269
126582,45268
233598,45268
242524,45267
201641,45267
254562,45266
70557,45266
147335,45266
224224,45265
28416,45265
140991,45265
138133,45265
167354,45265
158734,45265
278246,45265
24566,45264
226585,45263
116398,45263
84340,45263
162986,45263
287248,45263
274988,45263
79406,45263
218523,45263
119064,45262
191937,45262
280178,45262
222393,45261
248149,45261
153759,45261
182196,45261
141061,45261
96113,45260
134279,45260
23248,45260
247295,45259
263662,45259
226283,45259
175594,45259
269985,45259
209230,45259
244803,45259
107012,45259
276133,45259
99920,45259
265480,45258
286478,45258
204555,45258
273062,45258
11269,45258
240496,45258
170964,45258
270248,45257
229088,45257
172174,45257
46164,45257
114798,45257
33363,45256
233627,45256
169228,45255
184736,45255
208170,45254
254476,45254
23311,45254
32142,45254
154937,45254
287535,45254
30172,45254
294387,45253
122651,45253
190832,45253
27992,45253
134242,45253
271625,45252
175146,45252
36444,45252
247531,45252
169117,45252
32455,45252
129400,45251
282235,45251
267296,45251
166486,45250
278123,45250
171215,45250
224226,45250
112710,45249
139588,45249
254646,45249
177593,45248
8723,45247
3670,45247
189842,45247
102136,45246
211056,45246
197803,45246
255062,45246
184901,45246
15284,45246
202628,45246
270112,45245
214786,45244
252899,45244
255046,45243
267921,45243
190994,45243
167080,45242
285606,45242
136747,45241
193427,45241
52290,45241
200284,45241
25486,45240
233694,45240
107306,45240
281571,45240
285331,45240
110606,45240
274977,45240
231698,45240
282560,45240
155166,45239
153313,45239
271303,45239
234285,45238
154313,45238
252713,45238
94419,45238
74853,45238
266786,45238
52615,45238
185034,45238
68106,45238
271943,45238
256496,45237
91173,45237
293014,45236
73951,45236
43433,45236
199769,45236
184381,45236
125627,45236
275145,45235
83153,45235
259448,45235
48660,45235
97227,45234
144354,45234
24922,45234
277649,45234
35853,45234
69097,45233
212779,45233
114909,45233
245993,45233
178910,45232
130319,45232
110142,45232
190485,45231
133704,45231
150682,45230
146327,45229
11897,45229
106808,45229
90815,45229
229486,45229
200260,45228
32198,45228
246462,45228
192029,45227
98331,45227
51759,45227
162941,45227
168132,45227
30582,45227
199174,45227
176059,45226
178923,45226
289459,45226
260139,45226
222220,45225
209617,45225
196913,45225
112151,45225
180142,45225
22079,45224
217762,45224
185383,45224
224843,45223
174094,45223
53772,45223
3439,45223
17798,45223
105419,45223
288938,45223
221839,45223
278391,45223
223267,45223
44471,45222
247365,45221
212243,45221
114964,45221
97145,45221
66511,45221
136173,45220
266859,45220
284453,45220
17700,45220
267164,45220
237641,45220
266818,45220
38487,45219
15804,45219
187841,45219
271452,45219
248019,45219
208656,45219
1955,45218
108566,45218
196028,45218
292284,45218
177618,45217
237398,45217
217261,45217
295288,45217
85873,45217
255329,45217
53976,45217
30050,45217
23212,45216
265916,45216
158532,45215
29726,45214
69817,45214
58103,45214
204249,45214
270573,45214
101180,45213
15819,45213
233379,45213
293382,45212
106423,45212
181203,45212
75981,45212
293581,45211
261023,45211
87625,45211
249414,45211
129427,45211
166982,45210
262255,45210
285452,45210
248002,45210
243826,45210
213165,45210
130467,45210
5042,45209
246753,45209
10691,45209
264408,45209
232220,45209
49631,45209
17156,45208
148523,45208
222849,45208
197825,45208
138209,45208
146153,45208
159112,45207
29150,45207
41557,45207
202442,45206
158506,45206
15318,45205
93015,45205
65572,45205
251525,45205
148726,45204
198941,45204
276181,45204
89822,45204
61273,45204
281136,45203
17170,45203
113146,45203
291817,45203
123473,45203
108035,45203
36292,45203
274287,45203
45788,45202
224777,45202
31114,45202
280938,45202
210111,45201
237931,45201
50732,45201
292855,45201
273265,45200
279467,45200
27791,45200
142057,45199
270006,45199
258438,45199
110777,45199
15425,45199
292289,45199
14571,45199
62637,45198
41706,45198
97879,45198
7836,45197
64621,45197
212570,45197
184914,45197
185465,45196
35200,45195
186379,45195
207992,45195
252568,45195
275177,45195
90735,45195
50192,45194
145583,45194
168409,45194
271175,45194
181827,45194
270709,45194
285168,45194
288616,45194
208498,45194
283252,45193
216497,45193
153509,45193
170885,45193
286143,45193
222379,45192
27913,45192
276190,45192
217339,45192
50381,45192
200180,45191
280703,45191
289741,45191
109555,45191
203701,45191
162067,45191
258966,45190
213150,45190
259237,45190
106784,45190
133942,45190
186142,45189
215970,45189
86986,45189
79671,45189
28868,45189
109707,45189
206381,45189
207029,45188
219004,45188
260623,45187
63629,45187
199441,45187
37564,45187
197508,45186
280844,45186
186775,45186
284529,45186
254955,45185
271935,45185
79071,45184
284221,45184
225959,45184
18186,45184
178520,45184
119698,45184
290913,45183
249751,45183
121081,45182
290433,45182
159024,45182
267844,45182
241337,45182
17381,45181
181905,45180
164620,45180
6817,45180
180835,45180
145795,45180
60970,45180
25450,45180
55379,45180
216813,45179
167609,45179
265955,45179
147890,45179
32494,45179
254475,45179
168372,45178
253169,45178
272448,45178
249440,45178
14361,45178
184521,45177
20574,45177
158715,45176
151211,45176
195287,45176
73047,45176
213493,45176
43051,45176
208667,45175
293055,45175
135712,45175
114532,45174
38335,45174
108990,45174
204529,45174
144204,45174
259724,45173
180262,45173
123372,45173
150030,45173
269280,45173
223774,45173
281802,45173
3305,45172
290437,45172
211469,45171
158490,45171
174264,45171
259186,45170
210595,45170
152281,45170
23738,45170
285355,45170
257524,45169
185683,45169
192407,45169
157201,45169
27890,45169
246461,45168
214525,45168
35261,45168
184658,45168
178110,45167
248603,45167
16996,45167
242591,45167
265918,45167
268877,45167
237051,45166
153192,45166
224552,45166
281043,45165
41541,45165
112531,45165
98632,45165
281417,45165
243910,45165
290893,45165
291867,45165
289350,45165
102743,45165
1115,45164
138503,45164
281737,45163
223228,45163
126487,45163
244142,45163
32760,45163
149231,45163
269576,45163
218849,45163
292629,45162
8506,45162
63247,45162
10074,45162
212911,45162
127076,45161
103042,45161
101108,45161
163502,45161
185793,45161
198060,45161
86783,45160
239211,45160
277577,45159
289238,45159
139903,45159
249915,45159
244680,45158
132470,45158
170507,45158
206421,45157
27176,45157
37090,45157
161382,45157
197907,45156
230307,45156
129854,45156
102390,45156
214702,45156
86910,45156
75732,45156
146164,45156
140518,45156
282141,45155
265865,45155
272097,45155
153085,45155
238748,45155
159555,45155
226545,45155
63900,45154
175937,45154
210294,45154
84134,45154
163387,45154
241544,45154
168968,45154
212513,45153
257104,45153
39607,45153
221405,45153
231135,45153
238411,45152
203675,45152
55054,45152
258242,45152
167774,45152
150327,45152
154623,45152
238976,45151
211799,45151
30984,45151
268504,45151
279345,45150
90514,45150
177945,45150
195895,45150
134210,45150
194096,45150
148620,45150
273136,45149
251429,45149
181411,45149
98310,45149
220713,45148
3288,45148
146503,45148
136001,45148
22965,45147
101651,45147
106474,45147
93294,45147
287712,45147
101374,45146
233357,45146
23367,45146
238716,45145
225165,45145
131007,45145
162165,45145
175429,45145
269397,45145
10342,45145
87483,45145
88536,45144
288260,45144
180532,45144
44522,45143
40742,45143
224939,45143
240047,45143
187793,45143
289521,45142
169724,45142
12748,45142
215728,45142
115159,45142
40818,45142
276887,45142
248073,45142
175431,45142
48829,45141
249130,45141
259189,45141
226002,45141
194379,45141
252794,45141
229228,45141
276531,45141
172989,45141
163499,45141
215338,45141
261341,45141
226252,45140
72370,45140
175762,45140
238162,45140
284541,45140
242562,45140
19897,45139
277289,45139
281766,45139
4411,45139
37891,45139
207900,45138
164359,45138
199103,45138
181316,45137
123084,45137
91785,45137
137070,45137
31130,45137
15371,45137
272873,45136
182878,45136
248392,45136
269665,45136
188727,45136
99584,45136
228401,45135
30748,45135
218737,45135
107210,45135
284604,45135
170774,45135
207846,45135
257082,45135
285324,45134
273164,45134
234552,45134
283614,45134
222916,45134
241070,45133
19077,45133
246365,45133
250286,45133
249799,45133
116300,45132
204144,45132
147816,45132
258561,45132
164147,45132
290197,45131
164119,45131
43850,45131
263841,45131
63511,45131
14557,45130
27345,45130
293322,45129
276604,45129
118262,45128
265039,45128
239258,45128
100626,45128
131915,45128
6341,45127
45592,45127
292213,45127
162804,45126
10261,45126
159893,45126
114344,45126
130051,45126
271115,45126
258652,45125
90614,45125
215350,45125
110359,45125
281329,45125
149439,45125
291138,45125
109135,45124
102239,45124
245593,45124
46322,45124
51698,45124
92588,45124
244411,45124
20448,45123
222226,45123
57551,45123
293606,45123
87003,45123
249452,45123
188340,45122
184531,45122
28168,45122
228202,45122
209060,45122
232372,45122
129907,45121
79508,45121
109659,45121
263710,45121
166895,45121
144932,45120
202359,45120
89627,45120
254856,45120
234724,45119
178290,45119
289394,45119
13278,45119
238212,45119
238898,45118
20860,45118
236501,45118
252276,45118
183183,45118
236361,45118
176140,45117
271377,45117
199951,45116
185179,45116
223967,45116
80557,45116
276159,45116
224955,45116
262888,45116
93898,45116
156387,45115
219300,45115
198111,45115
232565,45115
254978,45115
115839,45115
271623,45115
251366,45115
244064,45114
137333,45114
39761,45114
46351,45114
213152,45114
214889,45114
139635,45114
209167,45113
252733,45113
21726,45113
97043,45113
259390,45113
224646,45112
195462,45112
206220,45112
223588,45112
100318,45112
98393,45111
265759,45111
92132,45111
91023,45111
2050,45111
148762,45111
189954,45111
289593,45110
202851,45110
97510,45110
262558,45110
287195,45110
61200,45110
200289,45109
38573,45109
123236,45109
68729,45108
283463,45108
9170,45108
229127,45108
65337,45108
206338,45108
31797,45108
41613,45108
119035,45108
42232,45107
201089,45106
1358,45106
291263,45106
72170,45106
295421,45105
111553,45105
202415,45105
245408,45105
236037,45105
15040,45105
2982,45104
261159,45104
193658,45104
120869,45103
65365,45103
226028,45103
152458,45103
264664,45102
256889,45102
86880,45102
7348,45102
215274,45102
250456,45101
207869,45101
273195,45101
236651,45101
175114,45101
283017,45101
288675,45100
289365,45100
282681,45100
129153,45100
88719,45100
288712,45100
160935,45100
156042,45100
32096,45100
1829,45099
251289,45098
137946,45098
219396,45098
164958,45098
141016,45098
209329,45098
168539,45098
196740,45097
250307,45097
272079,45097
163679,45097
26699,45097
285612,45097
131393,45097
163898,45097
137750,45097
49580,45096
147345,45096
288983,45096
200821,45096
269813,45096
98303,45096
80515,45096
153908,45095
7759,45095
267040,45095
160473,45094
14137,45094
86131,45094
249899,45094
207648,45094
30716,45094
234014,45094
106274,45093
143656,45093
220069,45093
285843,45093
219455,45092
271996,45092
206617,45092
12860,45092
12362,45092
293097,45092
144421,45092
54539,45091
22076,45091
229469,45091
201867,45091
230879,45091
207575,45090
244412,45090
223369,45090
122903,45090
104035,45090
266139,45089
191659,45089
101354,45089
281007,45089
8983,45088
163015,45088
237668,45088
222970,45088
2573,45087
172153,45087
269316,45086
253941,45086
26362,45086
232804,45086
36305,45086
253024,45086
127920,45086
73979,45085
85910,45085
67976,45085
184764,45085
275730,45085
146997,45085
276957,45085
58220,45085
122718,45085
160894,45084
8497,45084
16234,45084
179847,45084
105137,45084
24419,45083
79686,45083
245773,45083
197750,45082
232028,45082
283727,45082
97188,45082
12564,45082
284713,45082
58841,45082
251133,45081
87237,45081
269128,45081
141054,45081
133217,45081
111238,45081
152006,45080
138881,45080
125552,45080
150367,45080
246017,45080
27468,45079
180250,45079
293619,45079
159952,45079
260228,45079
166471,45078
284718,45078
106445,45078
212496,45078
138406,45078
35697,45078
21498,45077
45136,45077
20662,45077
251180,45077
9981,45077
174179,45077
255621,45076
224606,45076
254693,45076
19158,45076
66161,45076
37577,45076
109070,45075
185234,45075
201567,45075
283742,45074
276206,45074
254998,45074
171535,45073
32271,45073
237556,45073
289665,45073
129238,45072
43718,45072
233482,45072
251573,45072
87146,45071
134947,45071
138439,45071
191978,45071
11579,45071
108266,45071
284759,45071
176197,45070
403,45070
50546,45070
13596,45070
240961,45070
4557,45070
196842,45070
99906,45070
274881,45070
82463,45070
195701,45070
24559,45069
179851,45069
223344,45069
174502,45069
194589,45069
27578,45069
279330,45069
168451,45068
41963,45068
293881,45068
153082,45068
270287,45068
134019,45068
248247,45068
238507,45067
59946,45067
184466,45067
162278,45067
204867,45067
257480,45067
74799,45067
239851,45067
232875,45067
230617,45066
266647,45066
128480,45066
172104,45066
132966,45066
269764,45066
120275,45066
128498,45065
262970,45065
224382,45064
286635,45064
200324,45064
227365,45063
138843,45063
170369,45063
91573,45063
124965,45063
293721,45063
37013,45062
271970,45062
184233,45062
17366,45062
219115,45062
8549,45062
177627,45062
157604,45062
10443,45062
22330,45061
272361,45061
110067,45061
225640,45061
147798,45060
92238,45060
282529,45060
64586,45059
91805,45059
7351,45059
191113,45059
261693,45058
213096,45058
206594,45058
138701,45058
59830,45058
228126,45058
289791,45058
238834,45058
14590,45058
61508,45058
72147,45057
253116,45057
218723,45057
243375,45057
236422,45056
175806,45056
165065,45056
278638,45056
163079,45056
18973,45056
179035,45056
133715,45055
72139,45055
260972,45055
240579,45055
250826,45055
169051,45055
282977,45055
287357,45055
263427,45054
218522,45054
244141,45054
276903,45053
216125,45053
169540,45053
186424,45053
106154,45052
194053,45052
254182,45052
266727,45052
89032,45052
266534,45052
139960,45052
213688,45052
226311,45052
70992,45051
221862,45051
22914,45051
7946,45051
133944,45051
89267,45051
75438,45050
108434,45050
95899,45050
127374,45050
47019,45050
242969,45050
151514,45050
173892,45049
37711,45049
256603,45049
266980,45049
2451,45049
192778,45049
175767,45049
260308,45048
237449,45048
50184,45048
155001,45048
161525,45048
230049,45048
218874,45048
35824,45048
238480,45047
83949,45047
70011,45047
118368,45046
186630,45046
221791,45046
283391,45046
111638,45045
274229,45045
295456,45045
235350,45045
219724,45045
284409,45045
53675,45045
76095,45045
95508,45045
233543,45045
181553,45045
128973,45044
241007,45044
281455,45044
203173,45043
144371,45043
285709,45043
291485,45043
283863,45042
143190,45042
208263,45042
187211,45042
183676,45042
3783,45042
148615,45042
121385,45041
239002,45041
118496,45041
248520,45041
44991,45041
37876,45041
285163,45040
236140,45040
278804,45040
230294,45040
192850,45040
210825,45040
270091,45040
223215,45040
231826,45040
247746,45039
25612,45039
221677,45039
26911,45039
8281,45039
237448,45039
111826,45039
286772,45039
91135,45038
166337,45038
111166,45038
295362,45038
228444,45038
283590,45038
263791,45038
17115,45038
295664,45038
81153,45038
253176,45037
207757,45036
272652,45036
179049,45036
59464,45036
209590,45036
238248,45036
137208,45036
190956,45035
21986,45035
52812,45035
230620,45035
288530,45035
131856,45033
270417,45033
101344,45033
189976,45033
264431,45033
144979,45033
14097,45033
151272,45033
266231,45033
134262,45032
281791,45032
120750,45032
127057,45032
215601,45032
176996,45032
228372,45032
129816,45032
191940,45031
89958,45031
261877,45031
97965,45031
214254,45031
117215,45031
45418,45031
136685,45031
151234,45031
239492,45031
281826,45031
268702,45031
216160,45030
18310,45030
187272,45030
288678,45030
48972,45030
293477,45029
153443,45029
135821,45029
79749,45029
10257,45029
206124,45028
38349,45028
94367,45028
169605,45028
149837,45028
193458,45028
292465,45028
185109,45028
149969,45028
140871,45028
184495,45027
229918,45027
292753,45027
172691,45027
165927,45027
63379,45027
258499,45027
275196,45026
121653,45026
260008,45026
20585,45026
217880,45026
268105,45026
132551,45026
77292,45025
35656,45024
228253,45024
170316,45024
78911,45024
158497,45023
268408,45023
253509,45023
131636,45023
252137,45023
169341,45023
38826,45023
237998,45022
192013,45022
215767,45022
150666,45022
205642,45022
184578,45022
166646,45022
235104,45021
290902,45021
169713,45021
103434,45021
218634,45021
78684,45021
201616,45020
288464,45020
210378,45020
132283,45020
45425,45020
274978,45020
182000,45020
85452,45020
221368,45019
274414,45019
40036,45019
228071,45019
251741,45018
78034,45018
33713,45017
187914,45017
205881,45016
187695,45016
225778,45016
283693,45016
146298,45016
202736,45016
237113,45016
286276,45016
247393,45016
186934,45016
288229,45015
266235,45015
36732,45015
238312,45015
278137,45015
220298,45014
117444,45014
223183,45014
284500,45014
137528,45014
270038,45014
282576,45013
168481,45013
49252,45013
117412,45013
213570,45013
259481,45013
68909,45013
50491,45013
14958,45013
103881,45013
171008,45012
183353,45012
281288,45012
204274,45012
19390,45012
234550,45012
264993,45012
181976,45012
18824,45011
173948,45011
204691,45011
286496,45011
132785,45011
274666,45011
68774,45011
25296,45010
271610,45010
18074,45010
279230,45010
50726,45010
177833,45010
52972,45010
102970,45010
96996,45010
136088,45010
296320,45010
257066,45010
65871,45010
80501,45010
283148,45010
58855,45009
77725,45009
209672,45009
115836,45009
55639,45009
264131,45009
45178,45008
212270,45008
172568,45008
194881,45008
234816,45008
221218,45008
189408,45008
31477,45007
28973,45007
283193,45007
248716,45007
91706,45007
207753,45007
255778,45007
218982,45007
203502,45007
254813,45007
215010,45006
143872,45006
180414,45006
233195,45006
252373,45006
243842,45006
185145,45005
230246,45005
252538,45005
99768,45005
88027,45005
271244,45005
259354,45005
221250,45004
280901,45004
230848,45004
257517,45004
266995,45004
181456,45004
163844,45003
52373,45003
122423,45003
190833,45003
18583,45003
198591,45003
240338,45003
216610,45003
155169,45003
36990,45003
269518,45003
219868,45002
71678,45002
208739,45002
149595,45002
92111,45002
216931,45002
213864,45002
27807,45002
238579,45001
67831,45001
253297,45001
135825,45001
224603,45001
125208,45000
292185,45000
180148,44999
158541,44999
153090,44999
189779,44999
77728,44999
156065,44999
233154,44998
167490,44998
88140,44998
63395,44998
178662,44998
231258,44998
248726,44997
223298,44997
103283,44997
209640,44997
178033,44996
90611,44996
138076,44996
51194,44996
84058,44996
251858,44995
180807,44995
277997,44995
288591,44995
179103,44995
141513,44994
232148,44994
207856,44994
244692,44994
239145,44993
288965,44993
73413,44993
63427,44993
146638,44993
286911,44992
35256,44992
67220,44992
82549,44992
90748,44992
133905,44992
76240,44992
80466,44992
106763,44992
280683,44992
226091,44992
276128,44991
130507,44990
204608,44990
245386,44990
217744,44990
153794,44990
56384,44990
257141,44989
187996,44989
5682,44989
214579,44989
277995,44989
85581,44989
115007,44989
28964,44988
1302,44988
241707,44988
192609,44988
241369,44987
24520,44987
206799,44987
286286,44987
266429,44987
116868,44987
99342,44987
250240,44986
197034,44986
257009,44986
131617,44986
77944,44985
278971,44985
185463,44985
33497,44984
284499,44984
140471,44984
30959,44984
197219,44984
238144,44984
217347,44984
16066,44984
141189,44983
60330,44983
194715,44983
43103,44983
199227,44982
76376,44982
190882,44982
4932,44982
25898,44982
282949,44981
239913,44981
271225,44981
77575,44981
183785,44981
268859,44980
236607,44980
91992,44980
220911,44980
29371,44980
217960,44980
61612,44980
121522,44979
13210,44979
238002,44979
286576,44979
11481,44978
240889,44978
146795,44978
43654,44978
146072,44978
230008,44978
268691,44978
209599,44978
86632,44978
176769,44978
47106,44977
296509,44977
278304,44977
151044,44977
182489,44977
69075,44977
255302,44977
196590,44977
96399,44976
40565,44976
244070,44976
79863,44976
228422,44976
18063,44976
282339,44975
82078,44975
26468,44975
246175,44975
199583,44975
243331,44975
274176,44975
282050,44974
27612,44974
2874,44974
194755,44974
37681,44974
163693,44974
152688,44974
245701,44974
239176,44974
268123,44974
43402,44974
105677,44974
158135,44974
177760,44973
187680,44973
147783,44973
103696,44973
173716,44973
283297,44973
96247,44972
149083,44972
124167,44972
254122,44972
129348,44972
252265,44972
146659,44972
224633,44972
105037,44972
15441,44972
203645,44972
7265,44972
261990,44972
205927,44971
133180,44971
115168,44971
252512,44971
58513,44971
71774,44971
274292,44970
276195,44970
72131,44970
60893,44970
136660,44970
89341,44970
293062,44970
142323,44970
35092,44970
62879,44970
117050,44969
71527,44969
32791,44969
67642,44969
292410,44969
284742,44969
235744,44968
269324,44968
86313,44968
116218,44968
252786,44967
158877,44967
96581,44967
270176,44967
131566,44966
266978,44966
109561,44966
238283,44966
23317,44966
176390,44966
66947,44965
216028,44965
180919,44965
153205,44965
207428,44965
47806,44965
91438,44965
202228,44965
40215,44964
6653,44964
245744,44964
138125,44964
94276,44964
194304,44964
189172,44964
264810,44964
189501,44963
259420,44963
170684,44963
211874,44963
111605,44963
184994,44963
205063,44963
167704,44963
249898,44963
180443,44962
58115,44962
82674,44962
291434,44962
125685,44962
22574,44962
219003,44962
182335,44962
142509,44962
130849,44962
182037,44961
124861,44961
44324,44961
231925,44961
162570,44961
25754,44961
203484,44961
80817,44961
242387,44960
203889,44960
161238,44960
85181,44960
59531,44960
42599,44960
92664,44960
102564,44960
46207,44960
212526,44960
134340,44959
89427,44959
290577,44959
260883,44959
280055,44959
228208,44959
5793,44959
210133,44958
240565,44958
192459,44958
55278,44957
53076,44957
289101,44957
234417,44957
72378,44957
191795,44957
71638,44957
218980,44957
260565,44957
265306,44957
191433,44957
152026,44957
252020,44956
240004,44956
164668,44956
65776,44956
281782,44956
277405,44956
106412,44956
159133,44956
38373,44956
276512,44955
275728,44955
145220,44955
109498,44955
24293,44954
61375,44954
165528,44954
281808,44954
17371,44954
270465,44953
287266,44953
121401,44953
211892,44953
253692,44953
204327,44953
171545,44952
230353,44952
276543,44952
165676,44952
59981,44952
72129,44952
242326,44952
226414,44951
217646,44951
276324,44951
9884,44951
192468,44951
34630,44951
13057,44951
98618,44951
263406,44951
142784,44950
251911,44950
167074,44950
220315,44950
28503,44950
271678,44949
19769,44949
210479,44949
189246,44949
220845,44949
86526,44949
90237,44949
166586,44949
223701,44948
232643,44948
161633,44948
278465,44948
52184,44948
195640,44948
239988,44948
279877,44948
243257,44948
261711,44948
55764,44947
290736,44947
161001,44947
61362,44947
289975,44946
215169,44946
218696,44946
79663,44946
198960,44946
268288,44946
273468,44946
46983,44946
235031,44946
170568,44946
199698,44945
206966,44945
29837,44945
143529,44945
137134,44945
235438,44945
241408,44945
270304,44945
93459,44944
138977,44944
191974,44944
257998,44944
11527,44944
125262,44944
39505,44944
157272,44943
2840,44943
36946,44943
141155,44943
275519,44943
20086,44943
10090,44942
241497,44942
31171,44942
142972,44941
240173,44941
186654,44941
220254,44941
40887,44941
234974,44941
269725,44941
28946,44941
88200,44941
274234,44941
279641,44940
160443,44940
29455,44940
239665,44940
278683,44940
224546,44940
37457,44940
139079,44940
188046,44939
169367,44939
112238,44939
7004,44939
278234,44939
24610,44939
270995,44939
234415,44938
75464,44938
2598,44938
296054,44938
25351,44938
215727,44938
55642,44938
78133,44938
17730,44938
250577,44938
206629,44937
227505,44937
191419,44937
250878,44937
51070,44937
184395,44936
137605,44936
160308,44936
261424,44936
28590,44936
21086,44936
116981,44936
274207,44935
256182,44935
266041,44935
274038,44935
258554,44935
22808,44935
28413,44935
248804,44934
82252,44934
115786,44934
224591,44934
289422,44933
222178,44933
31010,44933
260659,44933
157171,44933
78470,44933
240808,44933
26635,44932
172615,44932
87505,44932
2512,44932
166255,44932
232167,44931
276746,44931
162962,44931
222224,44931
133412,44931
157385,44930
64821,44930
263954,44930
59958,44930
255348,44930
288360,44930
273467,44930
31208,44930
201719,44930
284404,44930
163091,44930
227402,44929
264317,44929
255699,44929
293924,44929
158205,44929
284575,44929
47979,44929
255247,44929
209566,44929
172296,44929
216055,44929
251545,44928
154707,44928
68778,44928
216201,44928
108145,44928
274069,44928
184432,44927
80996,44927
12544,44927
269314,44927
131956,44927
106974,44926
269427,44926
241338,44926
163444,44926
203928,44926
208568,44925
273982,44925
213050,44925
225650,44925
88096,44925
217014,44925
14040,44925
260901,44925
15444,44925
291468,44925
213443,44925
50027,44924
11959,44924
249272,44924
130299,44924
168745,44924
288724,44924
55858,44924
93764,44924
276652,44924
37596,44924
74168,44924
243477,44924
280830,44924
223322,44924
107242,44923
205844,44923
173912,44923
271023,44923
28194,44923
255313,44923
68821,44923
125734,44923
186252,44922
115437,44922
159828,44922
195763,44922
208071,44922
22739,44922
236468,44922
260132,44922
1044,44921
57455,44921
268267,44921
164600,44921
257078,44921
180834,44921
10704,44920
49338,44920
110026,44920
137087,44920
247403,44920
56329,44920
90303,44919
120112,44919
188895,44919
281055,44919
284198,44919
14861,44919
237815,44919
65608,44919
231829,44919
3959,44919
99688,44918
264864,44918
11782,44918
141848,44918
229225,44918
146330,44918
259970,44918
257472,44918
27342,44917
8751,44917
278101,44917
276933,44917
182406,44917
37477,44917
204230,44917
218724,44917
207222,44917
230835,44917
284501,44917
16343,44917
187867,44916
45822,44916
278428,44916
49285,44916
288471,44916
240039,44916
122512,44916
163588,44915
245544,44915
23179,44915
131218,44915
239331,44915
268863,44915
71049,44915
67661,44915
190018,44914
294798,44914
271375,44914
235842,44914
273688,44914
176850,44914
288653,44913
44478,44913
270285,44913
116593,44913
75842,44912
218596,44912
31624,44912
192622,44912
7507,44912
285976,44912
207076,44912
194827,44911
22355,44911
234026,44910
223027,44910
238234,44910
258542,44910
3093,44910
190579,44910
229125,44910
255342,44910
189308,44910
257139,44909
85357,44909
111069,44909
252253,44909
149490,44909
206691,44908
283552,44908
160950,44908
170554,44908
275478,44908
114222,44908
176739,44907
115357,44907
34733,44907
216552,44907
168729,44907
125979,44907
181132,44907
6441,44907
45463,44907
284217,44907
4260,44907
147453,44906
177964,44906
30412,44906
121337,44905
137976,44905
175221,44905
240029,44905
81971,44905
275838,44905
276382,44905
39191,44904
100203,44904
283570,44904
189353,44904
183302,44904
285565,44904
89968,44904
260166,44904
267209,44904
184996,44904
250303,44904
279282,44903
270457,44903
244225,44903
22863,44903
200491,44903
232437,44903
84264,44903
281159,44903
181098,44903
265412,44902
237945,44902
136836,44902
12829,44902
277966,44902
61248,44902
116783,44902
292269,44901
271919,44901
162790,44901
19048,44901
144418,44901
152369,44901
228846,44901
243975,44901
95337,44901
276371,44901
295379,44901
195544,44900
205657,44900
110280,44900
73630,44900
115341,44900
195715,44900
146241,44900
31017,44900
269972,44899
154007,44899
166603,44899
60723,44899
71767,44898
295822,44898
186671,44898
260657,44898
162608,44898
210394,44898
120841,44898
56087,44897
263070,44897
63687,44897
19828,44897
290085,44897
279745,44897
16559,44897
277661,44897
213943,44896
233681,44896
129957,44896
15578,44896
58107,44896
247693,44896
169207,44896
3637,44896
253825,44895
217534,44895
292714,44895
83790,44895
268004,44895
232044,44895
127181,44895
33639,44895
16867,44895
37012,44895
74864,44895
145529,44894
134842,44894
188553,44894
154223,44894
244144,44894
235721,44894
206312,44894
280363,44893
97101,44893
160106,44893
13939,44893
218673,44893
273858,44893
261273,44893
190687,44893
214325,44893
194586,44893
107465,44893
44254,44893
29139,44892
189932,44892
257694,44892
260587,44892
247839,44892
154128,44892
200826,44892
34913,44892
294602,44892
230027,44891
197815,44891
232097,44891
50695,44891
278685,44890
26927,44890
284537,44890
39042,44890
22797,44890
219488,44890
74564,44890
121251,44890
18858,44890
238175,44890
222476,44890
281882,44890
60570,44890
52075,44890
65054,44890
231790,44890
183702,44890
286121,44889
85534,44889
158686,44889
196194,44889
246661,44889
209015,44889
135080,44888
256518,44888
98678,44888
276315,44888
222710,44887
105458,44887
3295,44887
267017,44887
246301,44887
132868,44887
270513,44887
200108,44887
250679,44887
213752,44886
125492,44886
203287,44886
12123,44886
250758,44886
89463,44886
147573,44886
65151,44886
24655,44885
268528,44885
193068,44885
276868,44885
164255,44885
149769,44885
202452,44885
57080,44885
28687,44884
77177,44884
236598,44884
67945,44884
287058,44884
188575,44883
242331,44883
219811,44883
287070,44883
60429,44883
231332,44882
250460,44882
32483,44882
185197,44882
261397,44882
219220,44882
131556,44882
146451,44882
81538,44882
123746,44882
249138,44882
112713,44882
77122,44882
228424,44881
247299,44881
220362,44881
90775,44881
31284,44881
224584,44881
32428,44881
17589,44881
118930,44881
234358,44880
152976,44880
287238,44880
184260,44880
77735,44879
293937,44879
189000,44879
122417,44879
37871,44879
258820,44879
250033,44879
235785,44879
159909,44879
3893,44878
253442,44878
109609,44878
102617,44878
282673,44877
262273,44877
150293,44877
110277,44877
153819,44877
288522,44877
216004,44877
72909,44877
239716,44877
255114,44876
253256,44876
277347,44876
285055,44876
207494,44876
171291,44876
230463,44876
237854,44876
68153,44876
33208,44876
265232,44876
