138,100000
1510,56960
11230,54427
2620,53749
7807,52643
340,52643
1626,52513
2660,52175
608,52050
7703,52044
6955,51870
14049,51769
3203,51483
41,51115
1541,51063
1725,50958
1320,50950
2321,50784
6363,50723
1239,50723
1857,50690
11818,50609
7843,50595
1287,50477
2179,50387
834,50373
197,50361
464,50227
604,50204
2356,50059
2860,50035
1180,50027
195128,50017
7283,49982
582,49970
3024,49913
5683,49886
22730,49853
9142,49818
38304,49799
953,49720
19,49717
5243,49706
40003,49692
4259,49678
5842,49643
3740,49593
64287,49539
23002,49523
7418,49515
1380,49503
52263,49483
2379,49444
287816,49430
1687,49409
921,49386
17044,49372
3029,49364
3315,49341
2746,49329
46188,49325
224798,49265
512,49255
256243,49247
31320,49234
15149,49205
9113,49200
51310,49158
248,49153
10909,49148
5408,49107
9632,49096
7784,49079
27995,49051
9053,49043
1682,49030
44270,49019
25455,49014
9310,48989
413,48979
771,48937
7975,48933
39183,48897
24155,48878
2825,48858
256435,48848
1928,48835
10506,48834
13918,48810
3637,48805
126068,48782
250980,48731
84631,48730
1861,48725
177,48722
973,48710
2538,48706
2271,48675
110162,48665
1879,48655
7909,48652
4,48647
472,48634
5895,48633
280102,48632
20552,48617
6614,48614
4003,48606
187480,48582
91651,48570
762,48563
6877,48563
273924,48561
3614,48549
10176,48539
16528,48531
4137,48517
675,48517
8024,48514
13550,48509
4483,48506
39763,48505
295,48502
118993,48492
247229,48489
4197,48480
17074,48479
292519,48477
289,48477
17186,48474
106985,48467
279267,48464
10940,48463
1166,48460
123857,48459
11365,48424
1145,48414
111173,48401
208244,48397
247108,48390
9627,48377
92724,48373
2092,48364
22441,48357
1978,48355
36741,48348
205314,48344
252743,48341
15087,48340
294472,48336
184,48330
4360,48326
170418,48322
2478,48320
3590,48315
58,48308
11164,48306
8793,48299
240842,48297
4734,48288
238402,48276
243491,48270
271988,48268
283323,48263
9953,48260
24312,48258
15714,48256
14159,48250
1304,48243
1306,48238
26915,48237
140507,48235
105324,48230
193377,48228
286155,48226
5946,48223
2329,48219
37,48212
4202,48207
265068,48196
10694,48192
4487,48179
12226,48178
6626,48175
169992,48172
59467,48170
289047,48167
229021,48163
284837,48156
18843,48152
1870,48151
175064,48141
272473,48140
114261,48136
8731,48134
7796,48134
3204,48108
3969,48094
205494,48093
74349,48081
252977,48078
35950,48075
3550,48075
4806,48059
189,48057
11679,48045
259299,48042
13312,48030
1187,48014
188034,48002
273829,48000
282991,48000
77582,47986
7678,47985
4673,47975
26044,47972
272042,47967
207897,47963
219971,47957
38381,47954
1872,47953
68100,47941
268905,47940
24692,47935
236916,47935
9224,47928
7991,47927
288669,47923
3342,47922
165972,47920
193268,47911
45985,47911
9342,47910
301,47906
172991,47905
13754,47902
270215,47902
7266,47902
293443,47900
256791,47899
263605,47891
3824,47890
256887,47876
67593,47870
289124,47867
207546,47856
28313,47853
0,47852
40272,47851
55308,47845
42546,47844
186325,47842
103863,47842
2976,47838
120289,47837
557,47836
265497,47834
259205,47833
15519,47827
228211,47822
39411,47821
10063,47817
198601,47816
68557,47816
260527,47814
16719,47808
8518,47804
118177,47803
85977,47801
8934,47797
730,47797
270473,47795
258727,47794
195875,47792
112736,47792
296088,47789
280598,47784
288557,47782
266409,47780
5785,47778
11358,47774
165057,47772
8871,47772
105930,47771
4657,47771
262931,47771
237430,47771
261773,47765
181638,47763
21139,47762
9278,47760
6074,47755
7441,47754
171387,47752
37182,47752
20679,47749
20340,47746
34593,47743
77332,47743
13751,47735
1222,47733
6739,47731
247656,47729
19574,47727
213562,47726
236824,47721
222346,47721
34037,47718
7404,47717
36346,47715
106007,47706
128684,47705
15898,47696
4524,47692
39142,47688
15266,47685
55176,47684
287913,47682
169649,47681
257575,47679
12417,47678
204272,47677
4605,47676
18427,47673
293339,47669
268327,47667
9072,47665
22605,47664
9458,47662
224460,47662
203008,47661
18334,47660
12132,47660
31535,47658
279878,47654
128637,47653
92156,47651
291754,47648
223450,47648
815,47648
159004,47647
8086,47646
67340,47645
139714,47645
141412,47643
266964,47643
227845,47642
240296,47639
292863,47639
270139,47634
43970,47634
172862,47632
205915,47629
10496,47626
255797,47625
254539,47624
8868,47619
11969,47618
4417,47618
2288,47618
4318,47614
225688,47613
114187,47605
102770,47599
21157,47599
208594,47594
31896,47593
279601,47591
6665,47591
6175,47590
54566,47590
293188,47585
83338,47583
285860,47576
27409,47575
205659,47573
179327,47572
133691,47571
247469,47571
257708,47571
175456,47569
9867,47567
2419,47564
252846,47564
11549,47564
17697,47562
249553,47562
250673,47560
284157,47559
237965,47558
21706,47556
101385,47556
223036,47555
234777,47553
2184,47551
3422,47551
279461,47550
269816,47549
165184,47547
11537,47544
168707,47542
57185,47541
264541,47540
166116,47537
193695,47537
260199,47536
170517,47536
246420,47534
4813,47532
261774,47531
42332,47530
260615,47529
22638,47529
235825,47528
266206,47527
88110,47524
227903,47523
270422,47521
273097,47520
2551,47520
265374,47519
118902,47519
47077,47518
289138,47516
51483,47515
232325,47515
287445,47513
99153,47513
88480,47511
44128,47508
281725,47508
3363,47508
2954,47507
282981,47504
154923,47503
240829,47502
175108,47502
97063,47501
280371,47501
181371,47500
357,47499
1502,47499
47185,47499
186463,47497
38908,47497
65478,47497
24968,47496
295260,47493
38123,47490
292608,47490
16374,47489
2802,47487
801,47480
12194,47479
719,47477
6007,47473
20467,47472
220734,47470
52199,47469
156500,47467
208548,47467
291702,47467
23679,47463
36024,47462
288084,47461
15060,47460
204484,47458
1276,47457
210199,47457
12232,47452
180482,47451
5520,47450
261731,47450
2212,47446
285274,47445
51197,47444
76541,47444
276337,47444
162871,47442
5337,47442
202861,47437
11431,47435
289391,47434
2812,47424
1296,47422
253427,47419
169971,47418
24726,47417
46601,47417
200793,47415
266166,47415
249490,47414
7235,47410
120089,47409
224304,47408
292686,47407
287958,47402
234101,47401
159105,47401
223614,47400
229173,47399
5890,47396
34633,47395
186719,47395
2522,47394
290874,47392
233126,47390
22760,47389
255662,47389
274045,47387
113491,47386
243623,47381
217149,47380
185691,47379
228692,47378
200902,47378
258165,47378
282597,47377
267530,47375
138554,47373
255547,47369
100869,47369
153724,47367
5645,47367
234339,47365
275804,47364
271150,47364
34253,47363
57008,47363
3871,47360
73531,47360
123461,47360
275015,47359
230609,47356
244600,47356
185589,47355
87845,47354
280880,47353
257771,47348
276780,47347
262764,47347
13066,47345
37840,47343
260289,47343
15505,47342
89960,47341
239224,47339
255808,47339
261869,47338
262293,47338
260668,47338
294349,47337
266613,47337
41889,47334
16879,47334
202008,47333
136,47333
263953,47332
25720,47329
8734,47328
224685,47328
1241,47328
271531,47328
215938,47323
178337,47323
279328,47322
20195,47321
152311,47321
39152,47317
4143,47317
245457,47317
170654,47315
47414,47315
74079,47313
57641,47311
4482,47310
259149,47310
2144,47310
23418,47309
27355,47308
9765,47304
277792,47304
275891,47301
187221,47300
165405,47298
200718,47297
39394,47297
238128,47296
39706,47296
286361,47294
284117,47293
272807,47292
183971,47292
292540,47292
55,47291
198834,47289
225954,47288
266108,47288
157332,47285
224714,47284
10146,47284
330,47282
113113,47280
84665,47279
359,47278
3316,47278
17661,47278
18215,47277
251196,47277
156722,47276
3612,47275
213226,47274
103286,47273
279612,47272
270985,47271
147137,47271
277382,47269
272758,47269
9594,47268
289199,47268
78637,47264
284014,47264
216233,47264
11472,47262
272708,47262
17943,47261
269616,47260
289040,47258
231858,47258
220618,47257
11176,47257
279155,47256
155314,47254
34967,47254
1671,47253
3079,47251
272299,47250
253098,47248
12101,47246
29557,47246
9865,47245
269834,47245
268532,47244
59339,47243
267264,47243
1083,47241
294143,47239
256449,47238
217202,47237
6686,47235
186830,47235
150644,47234
153279,47234
4731,47233
8930,47232
271967,47232
130298,47230
294095,47230
711,47229
178444,47229
87727,47228
245607,47228
79222,47227
295422,47226
12721,47224
142756,47223
264744,47222
78004,47222
54590,47221
186163,47221
229043,47221
287963,47219
269423,47219
282631,47218
232257,47218
293356,47217
281655,47215
286042,47214
109658,47213
275146,47213
6532,47212
234849,47211
147165,47209
44699,47208
139838,47207
227605,47207
150484,47206
235966,47205
222778,47204
162662,47204
166173,47203
14708,47202
1563,47201
77869,47201
18640,47197
180911,47197
180280,47195
258452,47194
10593,47193
283920,47193
251846,47193
105270,47192
219952,47192
241462,47192
241551,47191
213940,47191
50007,47191
54100,47190
652,47190
82624,47190
267372,47189
294665,47187
260409,47187
79156,47185
37274,47184
286541,47184
5284,47184
227222,47183
201383,47181
22038,47180
177922,47180
286806,47179
225231,47179
229518,47178
238728,47178
66347,47178
82230,47178
266224,47177
283377,47177
293392,47177
13711,47175
288223,47175
27775,47175
223291,47175
132563,47174
240630,47172
18605,47172
96654,47172
281680,47171
13940,47171
117061,47170
246444,47169
248169,47169
49682,47168
7128,47168
139395,47167
11475,47167
119594,47166
240098,47166
248242,47165
207009,47165
20179,47164
19085,47163
200081,47163
13285,47162
537,47162
200686,47160
206365,47160
268031,47159
13422,47158
283736,47157
158469,47156
226431,47156
268864,47155
27351,47155
286732,47154
258007,47154
74683,47153
11637,47152
231914,47151
49684,47150
161145,47147
27048,47147
161380,47144
150813,47144
234900,47142
121172,47142
279900,47142
234035,47142
196312,47142
54657,47141
275787,47140
2627,47140
266858,47139
219596,47139
179075,47139
252680,47139
296340,47139
126150,47138
269333,47138
212324,47138
18789,47138
189571,47138
193369,47137
284285,47137
22688,47137
252409,47137
4826,47137
219813,47137
96000,47136
50638,47136
609,47135
13042,47135
271273,47135
141504,47134
154306,47134
280402,47131
144039,47130
281069,47129
110611,47129
33502,47128
161209,47128
282733,47127
3053,47126
6199,47123
174384,47122
43716,47122
66792,47121
251644,47120
15252,47119
293566,47119
15713,47119
263110,47118
34023,47117
435,47117
26941,47117
61029,47116
206235,47115
12057,47115
3395,47114
268760,47114
121493,47114
131362,47113
164409,47113
8783,47113
156621,47109
118883,47107
225438,47107
140645,47106
59100,47106
275223,47105
17718,47105
13068,47105
295537,47104
7317,47104
246709,47103
274856,47102
179263,47102
289586,47101
246779,47101
246570,47100
231964,47099
230816,47098
264032,47096
4742,47096
194987,47096
15786,47094
193747,47094
4231,47093
28137,47091
14,47091
154884,47091
244398,47091
282802,47090
147075,47090
13888,47090
7079,47088
233673,47088
73294,47088
79413,47087
228332,47087
289028,47086
234294,47086
65034,47086
176674,47085
240759,47085
10752,47084
269390,47083
249824,47082
165468,47082
62319,47082
228050,47082
20571,47082
25588,47081
222943,47081
9607,47080
193518,47079
281606,47079
240236,47079
280403,47078
225771,47078
241908,47076
261194,47076
283230,47075
262793,47075
146720,47074
276002,47073
149474,47072
18175,47072
118043,47072
217586,47072
15551,47071
7,47070
20938,47070
53506,47070
268144,47070
223713,47069
178229,47069
8145,47067
6853,47067
187237,47067
240609,47067
250256,47067
13741,47067
190287,47066
265118,47066
218963,47066
127337,47065
6283,47065
252956,47064
188021,47064
41036,47063
283360,47062
287444,47061
291780,47061
292560,47061
135373,47059
41547,47059
155178,47059
237187,47058
11272,47055
240673,47054
241439,47054
77094,47053
280359,47052
164842,47052
21949,47051
173832,47051
229833,47050
228362,47049
262534,47049
24028,47049
81493,47049
18626,47046
79470,47045
10693,47045
142600,47045
4669,47044
11343,47044
172248,47044
286045,47044
70303,47043
252357,47043
23856,47042
246020,47042
292979,47041
258023,47040
237134,47040
200973,47038
235609,47038
1105,47038
238903,47038
190238,47037
162894,47035
106618,47035
258512,47035
296444,47034
201540,47034
61392,47034
89367,47034
101517,47033
224966,47033
268480,47033
295070,47032
60573,47032
212758,47031
27740,47030
289571,47030
230744,47029
250791,47029
239319,47028
1941,47026
59807,47025
225704,47024
284064,47024
189920,47023
236660,47023
7103,47022
153269,47022
33338,47021
229074,47021
203955,47020
207000,47020
257365,47019
255355,47017
18618,47016
40839,47014
21399,47014
184503,47014
59498,47013
15823,47013
204538,47013
242692,47012
82917,47012
172843,47012
196196,47011
8666,47011
282133,47010
209842,47010
18259,47009
223348,47008
20010,47008
48774,47006
50587,47006
265114,47005
9994,47004
63801,47002
248227,47002
222374,47002
213720,47002
164716,47001
199345,47001
176362,47001
175035,47000
278743,47000
22066,46999
269059,46999
238145,46998
231923,46998
252433,46997
162391,46996
62209,46995
194058,46995
217790,46994
295338,46993
137380,46993
66987,46993
246571,46993
278064,46993
254807,46993
89640,46992
12507,46992
6875,46992
61022,46991
196302,46991
281794,46991
126079,46991
40297,46989
26589,46989
173121,46988
209609,46988
202672,46988
260303,46988
37266,46988
282518,46988
8961,46988
34562,46987
12026,46986
11254,46986
127726,46986
235676,46986
280984,46985
279870,46984
201503,46984
271476,46983
24465,46983
236211,46983
251582,46982
257088,46982
255287,46981
218681,46981
176777,46981
181096,46981
296566,46981
175006,46980
209823,46980
20050,46979
18554,46979
11676,46978
110821,46978
11939,46977
266984,46977
286957,46977
238851,46976
167761,46976
160572,46975
25123,46974
270609,46974
252916,46973
162553,46973
34464,46972
183990,46971
224902,46969
93032,46969
161990,46968
257176,46968
238271,46968
237832,46968
294118,46968
279796,46967
60917,46967
232133,46966
197974,46965
162204,46965
193396,46965
260444,46965
185080,46965
9270,46964
273252,46964
283404,46964
280470,46964
3963,46963
290604,46963
11834,46963
18347,46963
251258,46963
111295,46962
236790,46961
214039,46960
156345,46959
292018,46959
214146,46959
123267,46959
222050,46959
82622,46958
53984,46958
6803,46957
262162,46957
222945,46957
142391,46956
2120,46956
240920,46955
97528,46954
198199,46954
252716,46953
273991,46953
296478,46953
13084,46952
161,46952
14684,46952
264896,46952
287956,46952
61007,46951
240482,46950
278042,46949
234575,46949
201731,46948
220402,46948
39688,46947
27944,46947
97384,46947
242094,46946
267856,46945
976,46945
4412,46945
52285,46944
119796,46941
11420,46941
180978,46939
24653,46939
223739,46938
259367,46938
254962,46938
173945,46937
285358,46937
200263,46937
30240,46936
239186,46935
20845,46935
148063,46934
231670,46934
294027,46934
279366,46934
265046,46934
58205,46934
229638,46933
8855,46933
20953,46933
22129,46932
225326,46931
258913,46931
293362,46930
174024,46930
179932,46930
222437,46930
224149,46929
212534,46928
177395,46927
292809,46927
230630,46926
288441,46926
47775,46924
3241,46924
13160,46924
153051,46923
254503,46923
218635,46923
138757,46922
159245,46922
198367,46922
244063,46921
290574,46921
271980,46920
270011,46920
147910,46919
22426,46919
60075,46918
136918,46917
294654,46917
231985,46917
1248,46916
7092,46916
208127,46914
239238,46914
217565,46914
6064,46914
5944,46913
49920,46913
281170,46913
211228,46912
120548,46910
282106,46909
6486,46909
208525,46909
2519,46908
248814,46907
39758,46907
17833,46907
208030,46907
25513,46906
236275,46906
250093,46906
131999,46905
268282,46904
112329,46904
261021,46902
15862,46901
295811,46900
13340,46900
248390,46900
280143,46899
84844,46898
274424,46898
229572,46897
15418,46897
288197,46896
267960,46896
245108,46896
1325,46896
383,46895
106700,46895
293567,46894
248987,46893
1104,46893
18290,46893
59396,46893
52575,46892
291279,46891
178966,46891
254320,46891
290383,46890
192672,46890
58966,46890
204614,46889
200901,46889
15022,46888
265809,46888
2031,46887
240703,46887
217383,46886
34117,46886
19425,46886
256589,46885
290945,46885
236954,46885
206986,46885
231021,46883
282568,46882
290844,46881
181560,46880
249121,46879
235398,46879
177066,46879
29392,46878
159251,46877
281626,46877
187169,46876
259586,46876
288224,46876
193868,46876
255117,46876
66093,46876
293044,46875
167960,46875
210720,46875
8019,46874
7375,46874
291198,46874
271252,46873
255101,46872
205033,46871
283498,46870
215282,46870
273099,46870
2279,46869
9857,46869
247600,46869
10234,46868
248370,46868
39988,46868
245477,46868
150525,46868
74253,46868
31189,46867
241223,46867
194949,46867
504,46867
248397,46867
227804,46866
110657,46866
268558,46866
259941,46866
20997,46866
158380,46865
203858,46865
10607,46865
24429,46865
187990,46864
1464,46864
294268,46864
45971,46863
247765,46863
9662,46863
164993,46863
232654,46862
147216,46862
147876,46862
1765,46862
239653,46862
270428,46861
154536,46861
55447,46861
135524,46860
249054,46860
218935,46860
155328,46859
276784,46859
274257,46859
262283,46859
233752,46858
220063,46857
11908,46857
3166,46857
2858,46856
290931,46855
7516,46855
273876,46854
193145,46854
157298,46853
287051,46853
241395,46853
50246,46852
284461,46852
283714,46852
5870,46852
289786,46852
198840,46852
251367,46851
129614,46851
259291,46850
284826,46850
4040,46849
37995,46849
194353,46849
165912,46848
252810,46848
24803,46848
146910,46848
242109,46848
227410,46847
279381,46847
51033,46847
233870,46847
168689,46846
3151,46845
201196,46845
234978,46844
230393,46843
217451,46842
220267,46842
231138,46840
158350,46839
31547,46839
213342,46839
273411,46839
135677,46838
115382,46838
153591,46837
69756,46837
113952,46836
66604,46836
16155,46835
52003,46835
267572,46835
6004,46835
160608,46833
43953,46833
18411,46833
219425,46832
879,46832
249037,46832
265420,46832
151134,46832
217813,46831
237655,46830
10837,46830
224863,46828
288651,46828
181875,46827
294360,46826
184261,46826
251616,46826
165850,46825
293536,46825
84334,46825
40135,46825
234444,46824
232665,46824
25778,46824
285620,46823
291529,46822
1301,46821
6011,46821
281277,46821
161595,46821
182064,46820
158562,46820
148202,46820
176328,46820
165070,46819
267682,46818
149012,46817
169019,46816
134128,46816
267474,46815
227927,46815
223352,46815
180476,46814
103526,46814
269138,46814
279555,46813
104862,46813
65997,46813
283541,46813
287553,46812
105289,46812
3882,46812
157003,46812
210349,46811
57033,46811
154066,46811
275765,46810
261262,46810
12681,46810
261447,46809
196489,46809
231212,46809
6440,46808
227499,46808
239968,46808
290496,46808
169988,46807
268792,46807
257487,46806
102244,46806
102380,46806
176131,46805
256213,46805
271312,46805
164227,46805
80712,46803
180167,46803
59312,46803
287011,46802
185502,46802
62015,46802
244061,46802
84346,46802
291004,46801
123079,46799
385,46798
292931,46798
203548,46798
32236,46797
283516,46796
111151,46796
279275,46795
266494,46795
246846,46795
223822,46795
180916,46795
150547,46795
295819,46795
284562,46794
17597,46794
290282,46794
19779,46794
70467,46794
204738,46794
282739,46793
212856,46793
292072,46792
160462,46792
257496,46791
285680,46791
5534,46790
264957,46790
279199,46789
260705,46789
278634,46789
268435,46788
204685,46787
40940,46787
70963,46786
784,46785
172348,46784
271049,46784
388,46783
231832,46782
190842,46782
170338,46782
255005,46782
178121,46782
205877,46782
139965,46781
234577,46781
283538,46779
290585,46779
71517,46779
27009,46779
187474,46779
7873,46778
274508,46778
27882,46776
35483,46776
145568,46775
189950,46774
296135,46774
282170,46773
235171,46773
127826,46773
244154,46773
264423,46772
242577,46772
217471,46772
24783,46772
7818,46771
240404,46771
274970,46771
260752,46771
264291,46770
177005,46770
257425,46770
11142,46770
248236,46769
91641,46769
10654,46769
264406,46768
257434,46768
227994,46768
192306,46768
174334,46768
23788,46768
280778,46768
196204,46768
47834,46767
119961,46767
267008,46767
176400,46766
77528,46766
18865,46766
269964,46765
87945,46765
7478,46765
265841,46765
219938,46765
95175,46764
282360,46764
271465,46762
181334,46762
292123,46762
35082,46761
209770,46760
268782,46760
251829,46760
13377,46759
196651,46759
207734,46759
244559,46759
196574,46758
129146,46758
134383,46758
246547,46757
126760,46756
7381,46756
3885,46756
15279,46756
256044,46755
120902,46755
217416,46754
5828,46754
283800,46753
18019,46753
219982,46753
139882,46752
133200,46752
200342,46752
94464,46752
166340,46751
134109,46751
288369,46750
183715,46749
178063,46749
1076,46749
23716,46748
253455,46748
18058,46747
154713,46746
12916,46746
19463,46745
9487,46745
192135,46745
254522,46745
5945,46745
168289,46744
214448,46743
39346,46743
271095,46743
225150,46743
262544,46743
286753,46742
259841,46741
172801,46741
240095,46741
154,46741
269469,46741
218121,46740
258307,46740
210955,46739
142763,46739
212610,46739
23445,46739
249038,46738
42354,46738
155565,46738
110553,46738
289020,46737
204246,46735
194984,46735
48189,46735
1317,46734
188385,46734
282048,46734
225287,46734
36107,46734
84154,46733
171358,46733
96256,46733
33555,46733
81928,46732
16499,46732
163190,46732
63295,46732
35665,46731
284318,46731
246610,46731
290908,46730
250524,46730
273611,46730
246418,46729
286885,46729
4558,46729
181,46729
290481,46728
159332,46728
42233,46728
243132,46727
53265,46727
127052,46727
273778,46727
184669,46727
17087,46726
187378,46726
258318,46726
226405,46725
63619,46725
289642,46725
263514,46725
11783,46725
275165,46724
190586,46724
39510,46724
281717,46723
241469,46723
260128,46723
285900,46723
152,46723
10879,46723
46668,46723
288491,46723
239283,46722
252602,46722
196621,46722
511,46721
287054,46721
150090,46721
33873,46721
218870,46721
27867,46720
180106,46720
2531,46719
253838,46719
277826,46718
200667,46718
260266,46718
293530,46718
256124,46717
198631,46717
2142,46717
285826,46716
119223,46716
3567,46716
27549,46716
226508,46715
158841,46715
253699,46715
23579,46714
273958,46714
277120,46714
254525,46713
152346,46713
127663,46713
259352,46713
184453,46713
220529,46711
237521,46711
248197,46711
251285,46710
89247,46709
78785,46709
236570,46708
28810,46708
213094,46707
139710,46707
241061,46707
217836,46707
25191,46706
175826,46705
222895,46705
283173,46705
278616,46705
131652,46703
134888,46703
76073,46702
247408,46702
241991,46701
186799,46701
238419,46701
274775,46701
17608,46701
140363,46700
197924,46700
66906,46700
150444,46699
254529,46699
204142,46699
10669,46698
177300,46698
162922,46697
276178,46697
2759,46697
2599,46697
290626,46697
219875,46697
256991,46696
275325,46695
283526,46695
235927,46695
281283,46695
182,46694
25045,46694
189480,46693
136843,46693
155340,46693
252363,46693
264191,46692
152960,46692
88042,46692
197883,46692
263050,46692
292806,46692
3709,46691
8897,46690
282982,46690
288300,46690
246778,46690
203055,46690
101706,46689
6607,46688
159269,46688
163051,46688
215421,46687
155499,46687
234620,46687
204402,46686
87449,46686
97119,46685
111139,46685
279161,46685
288989,46685
265067,46685
290458,46684
232,46684
194760,46684
290407,46683
72373,46683
286317,46683
98848,46683
101178,46683
296628,46683
96136,46683
129261,46682
181283,46682
222729,46682
245835,46681
29974,46681
24896,46681
93780,46680
134736,46680
249534,46680
218108,46680
284787,46679
290493,46679
265037,46679
32,46678
1505,46678
12482,46678
249906,46677
263796,46677
147491,46677
81734,46676
27769,46676
294548,46676
86847,46675
173023,46675
2257,46675
195316,46675
232050,46675
268307,46674
193222,46674
255611,46674
102846,46673
59298,46673
68136,46672
17380,46672
293273,46672
77172,46672
1588,46670
128532,46670
246376,46670
216704,46670
290135,46670
219933,46669
225626,46669
277543,46669
97476,46669
68139,46669
151946,46668
154026,46667
267285,46667
7499,46667
187789,46667
173942,46667
238189,46666
198237,46666
41502,46666
98724,46666
214073,46665
227769,46665
226658,46665
156307,46665
154921,46664
135343,46664
48263,46664
76200,46663
213892,46663
136071,46663
112568,46663
43542,46663
161427,46663
251682,46662
10725,46662
225667,46662
229341,46662
232636,46662
223636,46662
189537,46661
18372,46661
218117,46661
247495,46661
210859,46660
161278,46659
94136,46659
270863,46659
72913,46659
284398,46657
198286,46657
225740,46657
274335,46656
261915,46656
264759,46656
173134,46656
226107,46656
232554,46655
73227,46655
232388,46655
968,46655
265797,46655
102106,46654
275978,46654
62151,46654
269671,46653
2213,46653
179580,46653
251565,46653
210418,46652
47793,46652
231824,46651
190714,46651
4146,46651
272584,46651
268078,46650
42172,46650
167431,46650
269640,46650
27392,46650
287388,46649
6816,46649
131109,46649
283249,46649
294718,46648
176947,46648
109462,46648
145157,46648
150685,46648
179815,46647
278674,46647
263787,46647
288321,46647
183759,46647
282018,46646
136488,46645
45629,46645
285369,46645
114648,46644
191532,46644
258582,46644
5035,46644
276893,46644
14198,46643
248581,46643
217388,46643
250097,46643
150009,46643
115820,46642
290255,46642
246473,46642
241086,46642
1308,46641
24812,46641
132800,46641
260721,46641
1110,46640
87631,46640
225869,46640
3114,46640
229651,46640
198319,46639
2863,46639
197366,46639
3308,46639
107275,46639
183430,46639
76863,46638
241452,46638
31158,46637
289139,46637
220217,46637
72498,46637
295842,46636
295807,46636
264136,46636
174028,46636
222460,46636
274004,46635
176939,46635
263856,46635
60468,46635
246893,46634
14011,46634
132637,46634
219321,46634
231961,46633
294809,46633
169966,46633
192793,46633
348,46633
272384,46633
51327,46632
96095,46632
54775,46632
141035,46632
186483,46631
266523,46630
281933,46630
68221,46630
194486,46630
92583,46629
177991,46629
277936,46629
278864,46629
263314,46628
283050,46628
284973,46628
122577,46627
39907,46627
207887,46627
280931,46626
283479,46625
171548,46625
64108,46625
166041,46625
156737,46624
261247,46624
176814,46624
244932,46624
289622,46624
179634,46623
217758,46623
289797,46623
276282,46623
141897,46623
279317,46622
170408,46622
45902,46622
231136,46622
155829,46622
63420,46621
246472,46621
191573,46620
48285,46620
57663,46620
282965,46619
215834,46619
292337,46619
154246,46618
88351,46618
168095,46618
207812,46618
29484,46618
265741,46617
148217,46616
201848,46616
32032,46615
265784,46615
282829,46615
222630,46615
90383,46615
10914,46615
266233,46614
257875,46614
230758,46613
273781,46613
262679,46613
87363,46613
291187,46613
173886,46612
177207,46611
10953,46611
278664,46611
73831,46610
131588,46610
6321,46610
47192,46609
232963,46609
56494,46609
281799,46609
284539,46609
112380,46609
58102,46608
211902,46608
5343,46608
223375,46608
253847,46607
248623,46607
194558,46607
264661,46607
255071,46606
251223,46606
296036,46606
19625,46605
248961,46605
291168,46605
276529,46604
223597,46604
288674,46604
74441,46604
282260,46604
28184,46604
289732,46604
261989,46604
271855,46604
50575,46603
166032,46603
120373,46603
271561,46603
170695,46602
36714,46602
241414,46602
209760,46602
233024,46602
4687,46602
17741,46601
15321,46601
207347,46601
59000,46601
1979,46601
247171,46600
47604,46600
244140,46600
283065,46599
17369,46599
226058,46599
135841,46598
212452,46598
131482,46598
114817,46598
219684,46597
122497,46597
237788,46597
257193,46597
51565,46596
99264,46596
147467,46596
207641,46596
11055,46596
267366,46596
49581,46595
296550,46595
241331,46595
292318,46595
195002,46595
32622,46594
145521,46594
141446,46594
245573,46594
5582,46593
175468,46593
4039,46593
157081,46593
257912,46592
211119,46592
70826,46592
241039,46592
73362,46592
294752,46591
235548,46591
273012,46591
182183,46591
201074,46591
166077,46590
253922,46590
252446,46590
251677,46590
115465,46589
189713,46589
277334,46589
172799,46588
89703,46588
289909,46588
135626,46588
282818,46588
88873,46588
292382,46587
7841,46587
145434,46587
291320,46587
13524,46586
130,46586
36596,46586
295155,46585
170131,46585
206649,46585
90278,46585
215117,46585
198818,46584
146734,46584
8654,46584
21221,46584
19388,46584
187686,46584
106598,46584
235494,46584
198150,46583
291631,46583
260263,46583
290036,46583
93127,46583
14926,46582
275379,46582
239580,46582
146592,46582
156733,46582
287927,46581
112677,46581
223028,46581
242217,46581
294657,46581
215082,46581
59542,46581
269304,46580
176051,46580
284840,46580
190736,46580
16170,46580
28484,46579
26356,46579
46630,46579
206955,46579
6033,46578
90381,46578
88904,46578
171024,46578
87153,46578
254771,46578
294190,46578
19556,46578
283539,46578
278506,46578
282881,46577
270102,46577
111277,46577
209069,46577
116324,46577
11350,46577
233436,46577
226269,46576
132461,46575
85663,46575
43154,46575
10145,46575
4422,46575
94759,46575
268680,46575
229821,46575
63149,46575
276110,46574
264360,46574
254412,46574
185488,46574
181631,46574
262088,46574
49035,46573
253049,46573
290238,46573
85755,46572
222855,46572
293870,46571
5276,46571
195812,46570
277757,46570
95039,46570
90509,46569
230288,46569
199851,46568
275316,46568
179880,46568
211491,46567
69838,46567
263481,46567
1753,46567
284126,46566
477,46566
123880,46566
278986,46566
5550,46565
286951,46565
284932,46565
290434,46564
105348,46564
69267,46564
158187,46564
32684,46564
90682,46563
9997,46563
173777,46563
7509,46563
288901,46562
28764,46562
131660,46562
83804,46562
145059,46562
266418,46562
281666,46561
195881,46561
236751,46561
23665,46561
175376,46560
278723,46560
264552,46560
178552,46560
254695,46560
68335,46560
167136,46560
114999,46559
245612,46559
28595,46559
263805,46559
12585,46559
259872,46559
204409,46559
180810,46559
135916,46559
280712,46558
54428,46558
295810,46558
188304,46558
208626,46558
270080,46558
1470,46558
282633,46557
250903,46557
295721,46557
193927,46557
281954,46556
174740,46556
5678,46556
233493,46556
227954,46555
132567,46555
107650,46555
93613,46555
295076,46555
188098,46555
294899,46555
145227,46555
1965,46554
145514,46554
11862,46554
222199,46554
10021,46554
207409,46553
262729,46553
208298,46553
274299,46553
261452,46553
26853,46552
31718,46552
186171,46552
245589,46552
37772,46551
11824,46551
274844,46551
279231,46551
247479,46550
237332,46550
286486,46550
102323,46549
249743,46549
148082,46549
276908,46549
193335,46548
282966,46548
95991,46548
284679,46548
180608,46548
3836,46548
185174,46547
285496,46547
2487,46546
259519,46546
28086,46546
275202,46545
63384,46545
572,46545
69245,46545
269654,46544
157622,46544
259309,46544
177380,46544
137901,46543
154444,46543
216492,46543
186561,46543
48645,46543
289627,46543
49873,46543
287429,46542
4528,46542
1696,46542
216063,46542
73948,46541
227862,46541
114254,46540
9021,46540
61423,46540
53697,46540
203270,46540
27802,46540
257011,46540
276998,46540
209520,46540
20948,46539
162203,46539
224039,46538
149386,46538
24774,46538
89184,46538
257523,46538
283069,46538
219628,46538
94356,46537
286342,46537
181868,46537
1242,46537
245548,46537
278645,46537
24506,46536
232955,46536
224853,46536
283806,46536
204977,46535
247655,46535
272222,46535
294546,46535
188792,46535
244852,46535
7353,46535
180386,46535
215780,46535
151013,46535
208603,46535
284175,46534
69529,46534
126696,46534
293026,46534
51551,46534
107395,46534
255530,46534
84652,46533
72488,46533
31064,46533
7587,46533
283508,46532
174937,46532
35946,46532
196104,46532
277829,46532
221126,46532
278454,46532
292954,46531
105593,46531
236872,46531
45073,46531
249476,46531
211588,46531
280998,46531
211836,46530
5503,46530
40780,46530
245161,46529
199530,46529
287925,46529
181447,46529
281074,46528
15955,46528
11158,46528
250740,46528
79465,46528
161085,46528
173443,46527
257926,46527
258002,46527
2806,46526
220528,46526
257738,46526
278478,46526
218433,46526
86956,46526
22055,46526
159473,46526
247333,46525
18049,46525
151437,46525
253341,46525
253396,46524
11709,46524
190490,46524
69173,46523
192562,46523
153818,46523
267896,46523
4403,46523
211351,46523
196444,46522
178867,46522
1314,46522
220725,46522
251796,46522
10900,46522
279347,46522
1154,46522
165544,46521
83234,46521
26875,46521
252907,46521
246666,46520
265628,46520
193541,46519
269344,46519
265805,46519
249417,46518
294255,46518
15253,46517
148933,46517
169842,46517
27508,46517
1553,46517
44188,46517
242751,46517
244793,46516
25798,46516
228995,46516
5289,46516
133236,46515
228743,46515
5916,46515
204899,46515
7371,46514
231690,46514
236720,46514
275832,46514
232261,46514
251241,46514
292096,46514
21700,46514
140296,46513
15649,46513
248228,46513
134212,46513
232315,46513
138654,46513
258805,46513
271676,46512
283862,46512
126269,46512
146051,46511
262572,46511
270257,46511
95385,46511
200899,46511
252581,46511
254992,46510
233302,46510
19797,46510
49673,46510
247645,46510
176704,46510
84692,46510
16345,46509
159358,46509
431,46509
295097,46508
221928,46508
161727,46507
251354,46507
180403,46507
254937,46507
267202,46507
211553,46507
132942,46507
236081,46507
23362,46506
99823,46506
152530,46506
11463,46506
269373,46505
27269,46505
216257,46505
217898,46504
290492,46504
194352,46504
245174,46504
85996,46504
259655,46504
605,46503
192965,46503
90874,46503
133707,46503
274806,46503
14544,46503
200430,46503
231918,46502
38301,46502
95962,46502
107848,46502
53996,46502
31747,46502
175123,46501
194634,46501
117174,46501
174367,46501
57777,46501
252796,46500
9448,46500
225708,46500
257940,46499
244433,46499
208248,46499
77218,46499
53846,46499
222184,46498
267292,46498
13809,46498
11383,46498
130109,46497
143345,46497
104021,46497
221377,46497
5260,46497
267005,46497
62679,46496
228985,46496
111037,46496
149718,46495
170199,46495
134088,46495
289877,46495
288277,46495
270927,46494
120121,46494
182805,46494
162740,46494
15584,46493
296552,46493
255318,46493
21409,46493
280201,46493
31847,46493
244562,46493
30134,46492
78256,46492
118805,46492
6389,46492
378,46491
223121,46491
36018,46491
76759,46491
262047,46491
251468,46490
201465,46489
235120,46489
189768,46489
122551,46488
295560,46488
257730,46488
255790,46487
280456,46487
9352,46487
216,46487
201715,46486
225176,46486
64255,46486
290974,46486
97416,46486
283905,46486
239056,46485
73188,46485
259243,46485
224543,46485
231775,46485
250408,46485
187091,46485
7667,46485
277359,46485
263155,46485
250823,46485
59747,46484
291917,46484
253698,46484
253282,46484
26146,46484
171809,46484
270667,46484
295373,46483
4284,46483
2089,46483
255911,46483
10886,46483
160698,46482
137597,46482
130263,46482
235536,46482
48175,46481
178143,46481
238852,46481
161994,46481
277767,46481
180450,46481
22370,46481
170038,46481
284818,46480
165387,46480
222654,46480
109314,46479
171305,46479
245266,46479
242073,46479
86565,46479
74312,46479
253050,46479
273207,46479
58980,46479
29336,46479
153847,46478
185272,46478
119624,46477
213556,46477
194131,46476
163323,46476
264827,46476
259479,46476
151056,46476
153682,46475
15787,46475
12533,46475
289588,46475
58766,46475
236025,46475
24245,46475
162046,46475
127308,46474
252049,46474
110311,46474
157565,46474
269559,46474
219233,46474
256179,46474
10611,46473
189437,46473
103562,46473
53006,46472
30409,46472
50509,46471
258748,46471
294084,46471
259216,46471
286634,46471
176689,46471
183994,46471
233385,46470
259888,46470
262890,46470
237094,46470
88142,46470
286398,46469
143104,46469
245196,46469
277275,46468
151669,46468
280048,46468
107937,46468
206214,46468
210879,46468
79011,46467
252304,46467
24958,46467
238998,46466
208064,46466
160229,46466
115401,46466
21058,46465
161021,46464
127000,46464
255058,46464
82026,46464
54182,46464
210716,46463
41102,46463
279121,46463
213723,46462
268559,46462
4591,46462
241127,46462
294453,46462
258632,46461
24026,46461
281649,46461
152853,46461
196060,46460
277724,46460
109725,46460
287580,46460
291143,46460
23038,46460
139911,46460
3714,46460
261746,46460
293815,46459
278652,46459
205374,46459
105575,46459
195659,46458
281205,46458
45400,46458
233576,46458
196664,46458
261267,46458
2913,46458
127243,46458
27246,46458
276403,46457
3974,46457
181561,46457
10494,46457
23662,46457
258181,46457
189151,46457
79730,46456
187787,46456
220619,46456
294068,46456
290421,46456
255905,46456
248123,46456
193608,46455
30828,46455
157828,46455
60293,46455
65600,46455
292041,46454
197047,46454
295230,46454
232572,46454
102338,46454
261675,46454
285553,46454
68571,46453
41531,46453
220898,46453
39349,46453
165335,46452
16763,46452
105987,46452
293534,46451
272844,46451
71070,46451
242467,46450
193358,46450
206837,46450
254578,46450
240020,46450
7607,46449
81377,46449
232716,46449
211777,46449
251504,46449
150294,46448
1004,46448
197429,46448
33684,46448
135619,46447
217257,46447
134705,46446
237299,46446
258629,46446
22751,46446
221751,46445
270373,46445
153622,46445
214566,46445
176899,46445
182980,46445
293385,46445
98644,46445
294428,46444
258120,46444
274416,46444
65788,46444
286599,46444
240763,46444
224357,46443
1866,46443
19941,46443
105498,46443
5167,46443
196710,46443
296564,46442
278542,46442
245921,46442
140592,46442
50939,46442
257373,46441
92616,46441
4389,46441
228303,46441
27065,46441
252789,46440
239839,46440
212065,46440
220413,46440
280660,46440
233347,46440
480,46440
182358,46440
217289,46439
221608,46439
281999,46439
2797,46438
157522,46438
186991,46438
242248,46438
272688,46438
268645,46438
163537,46437
5655,46437
229521,46437
215440,46437
204306,46437
281896,46436
34327,46436
232710,46436
198694,46436
137707,46436
54816,46436
290552,46436
194285,46435
291652,46435
183194,46435
247566,46435
211357,46435
215065,46435
130577,46434
174371,46434
54736,46434
27668,46433
256008,46433
247883,46433
156918,46433
273319,46433
149185,46433
2305,46433
270630,46432
191248,46432
286303,46432
166910,46432
222528,46431
216808,46431
222840,46430
29811,46430
6319,46430
132061,46430
276823,46430
182372,46430
168952,46430
119866,46430
33389,46430
490,46430
276618,46429
295513,46429
253090,46429
282784,46429
25668,46429
259722,46429
30957,46428
13289,46428
2157,46428
214240,46427
294115,46427
294702,46427
99458,46427
200672,46427
34189,46426
219532,46426
239263,46426
278623,46426
126562,46426
9376,46426
17604,46426
243552,46425
91208,46425
288280,46425
147749,46425
142698,46425
156870,46425
64636,46424
215399,46424
288071,46424
286945,46424
292245,46424
162721,46423
163061,46423
293036,46423
72419,46423
8693,46423
223536,46423
232676,46423
146463,46423
208974,46423
140099,46423
37227,46422
271513,46422
239827,46422
22915,46422
4749,46422
17239,46422
292814,46421
311,46421
70205,46421
283648,46421
223733,46421
85524,46420
270362,46420
290030,46420
238345,46420
35530,46420
277692,46420
97338,46420
208022,46420
180855,46420
89369,46420
257619,46419
3448,46419
235867,46419
4168,46419
283780,46418
273434,46418
135671,46418
224360,46418
17071,46418
234897,46418
282956,46418
257150,46417
104689,46417
203178,46417
290110,46417
252683,46417
282139,46417
205111,46417
176030,46417
45426,46417
293742,46417
275620,46416
129423,46416
281084,46416
242162,46416
137696,46416
216536,46415
218643,46415
223891,46415
249680,46415
245151,46414
282351,46414
261337,46414
209669,46414
184800,46413
264882,46413
7222,46413
32335,46413
271969,46413
14064,46413
24990,46413
102448,46413
261128,46413
20688,46413
152108,46412
3923,46412
148524,46412
281353,46412
212650,46412
116891,46412
251652,46412
289808,46412
190068,46412
269867,46412
257500,46412
143491,46412
128918,46412
160844,46411
270525,46411
223490,46411
140147,46411
56987,46410
157431,46410
239972,46410
188451,46410
264883,46410
14195,46409
236358,46409
293723,46409
222664,46409
777,46409
246701,46408
143191,46408
126097,46408
273832,46408
193815,46408
165600,46408
57510,46408
4160,46408
289944,46407
179950,46406
271308,46406
18326,46406
272577,46406
24040,46406
7427,46406
149423,46406
113479,46405
163747,46405
224888,46405
275807,46405
252663,46405
755,46405
293191,46405
258469,46405
161648,46405
160700,46404
217871,46404
246442,46404
288848,46404
209803,46404
279112,46404
292130,46404
110354,46404
202181,46404
104615,46403
285120,46403
279459,46403
279148,46403
293141,46403
129933,46402
10481,46402
282945,46402
73305,46402
132039,46402
171382,46401
176511,46401
26222,46400
142303,46400
288318,46400
272886,46400
286770,46400
231844,46400
216582,46399
15033,46399
223003,46398
265785,46398
244924,46398
283569,46397
18340,46397
198097,46397
2450,46397
45667,46397
257511,46397
99491,46396
122092,46396
279599,46396
86253,46396
246819,46396
237256,46396
238640,46396
216794,46395
229426,46395
287314,46395
197171,46395
254442,46395
224317,46395
157677,46394
116015,46394
47724,46394
34124,46394
226017,46393
281339,46393
196020,46393
12532,46393
194465,46393
23588,46393
47824,46393
261371,46393
13188,46393
295976,46392
280636,46392
139126,46392
166089,46392
227658,46392
167088,46392
122235,46392
158338,46392
55377,46392
204015,46392
16489,46391
272081,46391
13557,46390
9963,46390
296270,46390
34904,46390
267248,46390
206097,46390
182955,46390
291590,46390
14961,46389
138056,46389
228827,46389
40691,46388
2006,46388
241690,46388
143492,46388
292523,46388
213740,46388
286867,46388
178917,46387
216285,46387
105947,46387
260274,46387
254240,46387
162901,46387
267808,46386
153961,46386
240767,46386
215422,46385
143884,46385
253281,46385
285508,46385
22138,46385
183687,46384
226388,46384
147870,46384
219764,46384
77868,46383
5174,46383
155981,46383
208940,46383
197498,46383
211726,46383
295088,46383
270118,46383
151770,46383
149959,46383
145884,46382
274527,46382
723,46382
210019,46382
131734,46382
199389,46382
185184,46381
277919,46381
176545,46381
164822,46381
136524,46381
237953,46381
33119,46381
19622,46381
275906,46381
259576,46380
227079,46380
279975,46380
227184,46380
82424,46380
295617,46379
253906,46379
1255,46379
176110,46379
289093,46379
256699,46379
228722,46379
279520,46379
290284,46378
194590,46378
241236,46378
227758,46378
187971,46378
16124,46378
190421,46378
39970,46378
124445,46378
198407,46378
173719,46377
20288,46377
197216,46377
209792,46377
78108,46377
283438,46377
229754,46377
112640,46377
250627,46376
170094,46376
158430,46375
41236,46375
274921,46375
49544,46375
64307,46375
138580,46375
296093,46375
145669,46375
11412,46374
215240,46374
255232,46374
96797,46374
292180,46373
225008,46373
296137,46373
195171,46373
174267,46373
253787,46373
276734,46372
105972,46372
227119,46372
190209,46371
294394,46371
290949,46371
105136,46371
284688,46370
102116,46370
231467,46370
150250,46370
190153,46370
166355,46370
160176,46370
33921,46370
258694,46370
2116,46370
238120,46369
154551,46369
223758,46369
179778,46369
281599,46369
23519,46369
31536,46368
274354,46368
119131,46368
251300,46368
135675,46368
7617,46367
154301,46367
291405,46367
102984,46367
149337,46367
42755,46367
202624,46367
268998,46367
282541,46367
187669,46367
147693,46367
214469,46366
1268,46366
205685,46366
123301,46366
154418,46366
269389,46366
132438,46366
59438,46366
255993,46366
92939,46365
229356,46365
284338,46365
270056,46365
255382,46365
281469,46365
217051,46365
130341,46365
212731,46365
32510,46364
197262,46364
125762,46364
64265,46364
28257,46364
229982,46364
179430,46364
258269,46364
262778,46363
179874,46363
225910,46363
202618,46363
5396,46362
164745,46362
267340,46362
184897,46362
283908,46361
248410,46361
273985,46361
180529,46361
211723,46361
245717,46361
48623,46361
269868,46361
221743,46360
37898,46360
120656,46360
115153,46360
213579,46360
169346,46360
167850,46360
1906,46359
244893,46359
125317,46359
7166,46357
253186,46357
255640,46357
21747,46357
132124,46357
247894,46357
4161,46357
251712,46357
275030,46357
233844,46357
287662,46357
209912,46356
1761,46356
115530,46356
111387,46356
227439,46356
85468,46356
97787,46356
113802,46356
207,46356
2375,46356
3449,46356
28309,46355
147205,46355
265244,46354
250818,46354
153567,46354
238614,46354
28022,46354
234791,46353
246940,46353
226791,46353
278576,46353
222992,46352
74067,46352
189077,46352
2319,46352
14788,46352
65300,46352
167888,46351
78527,46351
20690,46351
227342,46351
196523,46350
227228,46350
129445,46350
292711,46350
261798,46350
124455,46349
97370,46349
255138,46349
205164,46349
276478,46349
275952,46348
25548,46348
83537,46347
214063,46347
163628,46347
38576,46347
254406,46347
11414,46347
265331,46347
273956,46346
262129,46346
198058,46346
199340,46346
191404,46346
282381,46346
82313,46346
99636,46346
60557,46346
267400,46345
124357,46345
17985,46345
201133,46345
263765,46345
202722,46345
17784,46344
24425,46344
41008,46344
83874,46344
147,46344
181691,46344
175194,46344
27700,46344
101445,46344
37720,46343
244553,46343
291752,46343
32942,46343
31008,46342
202959,46342
234753,46342
145706,46342
261213,46342
263726,46341
192260,46341
245373,46341
282632,46341
279700,46340
272311,46340
276008,46340
6951,46340
31903,46340
150692,46339
234521,46339
131789,46339
88759,46338
215684,46338
77850,46338
269484,46338
180044,46338
1310,46338
275888,46338
264837,46337
287567,46337
253369,46337
179026,46337
33175,46337
242849,46337
280076,46337
223759,46337
251184,46337
14360,46337
271216,46337
200131,46337
186076,46337
574,46337
223406,46336
221738,46336
256295,46336
248841,46336
84276,46336
26100,46336
154994,46335
2815,46335
327,46335
292491,46334
260864,46334
181692,46334
274733,46334
89073,46334
276348,46334
286270,46334
293668,46333
67075,46333
255692,46333
275377,46333
151979,46333
267308,46333
289599,46332
238393,46332
136212,46332
154895,46332
228419,46332
54120,46332
199943,46332
279771,46332
88006,46331
250803,46331
7934,46331
10630,46331
29030,46331
181536,46330
129050,46330
7798,46330
19109,46329
240933,46329
50347,46329
82641,46329
206400,46329
58852,46329
1559,46329
9600,46328
267749,46328
257806,46328
108784,46328
217452,46327
256827,46327
81944,46327
147359,46327
218355,46327
68754,46327
241679,46327
242362,46327
257832,46327
130182,46326
247582,46326
256743,46326
228492,46326
209987,46326
264582,46326
8314,46325
3460,46325
198254,46325
139756,46325
284728,46325
173276,46324
231409,46324
151290,46324
267025,46324
288130,46324
16174,46324
45173,46324
46875,46324
256995,46324
158303,46324
287107,46323
29516,46323
957,46323
294300,46323
248483,46323
283893,46323
29233,46322
72330,46322
278789,46322
118125,46322
265136,46322
105292,46322
224692,46322
221602,46322
262585,46321
4015,46321
210719,46321
228188,46321
259156,46321
232660,46320
22411,46320
56862,46320
19967,46320
293828,46320
286300,46319
275825,46319
244240,46319
200989,46319
17923,46319
23659,46319
280229,46319
1971,46319
30995,46319
100887,46318
268137,46318
153499,46318
268197,46318
241836,46318
282154,46317
183773,46317
256143,46317
292126,46317
212532,46317
1236,46317
267817,46317
207965,46317
256686,46317
295487,46316
29243,46316
143055,46316
28767,46316
270008,46316
171516,46316
287453,46316
82821,46316
268719,46316
43360,46316
225802,46316
164948,46315
286143,46315
260860,46315
133514,46315
221183,46315
182857,46314
79831,46314
136453,46313
143755,46313
253227,46313
283342,46313
282747,46313
260996,46313
107911,46313
193046,46312
257809,46312
10189,46312
256421,46312
248345,46312
261426,46312
252852,46311
253546,46311
71164,46311
205383,46311
211168,46311
42768,46311
281547,46310
169955,46310
22064,46310
132744,46310
189524,46310
57586,46310
294309,46310
257251,46309
272664,46309
34729,46309
174904,46309
12453,46309
196282,46309
271604,46309
289009,46309
291489,46308
246904,46308
123342,46308
241266,46308
55024,46308
282462,46308
188124,46308
287038,46308
259242,46307
248763,46307
12320,46307
7867,46306
27361,46306
192741,46306
8567,46305
274276,46305
276920,46305
230397,46305
131726,46305
17677,46304
274496,46304
186067,46304
220545,46304
198523,46303
105802,46303
213140,46303
15715,46303
255002,46303
272159,46303
56537,46303
255782,46303
147901,46303
2506,46303
224249,46303
262188,46302
280196,46302
14046,46302
188129,46302
14975,46302
51055,46301
12350,46301
295445,46301
257052,46301
9958,46301
14475,46301
59045,46300
242594,46300
221494,46300
223755,46300
634,46300
108637,46299
24813,46299
259148,46299
264161,46299
207563,46299
14800,46299
286275,46298
261423,46298
76670,46298
278479,46298
283967,46297
146793,46297
285646,46297
269760,46297
56017,46297
152522,46297
287555,46297
214053,46296
252207,46296
245580,46295
265527,46295
108242,46295
111791,46295
191042,46294
183738,46294
257682,46293
167618,46293
238352,46293
52937,46293
186524,46293
197545,46292
60707,46292
270096,46292
57594,46292
214037,46292
294101,46292
272225,46292
204009,46291
282804,46291
264260,46291
111423,46291
286223,46291
171260,46291
276997,46291
271506,46290
72957,46290
235581,46290
220541,46290
12997,46290
29135,46290
168935,46290
251859,46290
270821,46289
9181,46289
227090,46289
129390,46289
262456,46289
246323,46289
194667,46289
106718,46288
156089,46288
84655,46288
275691,46288
288684,46287
265747,46287
31755,46287
216531,46287
238276,46287
78849,46287
243423,46286
243077,46286
10600,46286
32285,46286
95503,46286
168650,46286
140194,46286
91976,46286
278193,46286
240816,46285
263855,46284
72731,46284
175798,46284
193740,46284
166885,46284
276676,46284
214219,46284
287185,46284
10650,46284
209593,46283
14838,46283
113326,46283
65394,46283
153639,46283
181945,46282
109385,46282
115602,46282
248178,46282
253695,46282
166707,46282
291802,46282
209879,46282
209151,46281
293511,46281
182993,46281
208996,46280
207284,46280
145532,46280
122040,46280
225742,46280
16962,46280
3052,46279
262287,46279
252052,46279
157466,46279
130752,46279
277474,46278
131233,46278
223832,46278
280935,46278
21640,46278
251489,46278
44838,46277
228065,46277
190370,46277
37271,46276
111882,46276
192649,46276
281001,46276
285874,46276
152792,46276
259588,46276
68276,46276
285645,46276
249656,46275
252791,46275
253762,46275
243706,46275
30874,46275
97028,46274
193317,46274
11333,46274
227476,46274
95641,46274
287259,46274
260077,46273
296306,46273
180349,46273
9183,46273
264071,46272
19078,46272
8224,46272
163235,46272
205531,46272
290769,46272
18599,46272
204789,46272
241464,46272
142181,46272
36433,46271
281973,46271
246700,46271
27366,46271
43683,46271
244463,46271
226330,46271
290967,46271
266666,46270
84831,46270
171026,46270
266968,46270
1367,46270
61225,46270
250444,46270
51467,46269
261071,46269
222609,46269
148252,46269
290561,46269
168495,46269
222438,46269
170318,46269
271496,46269
205914,46268
267200,46268
228896,46268
261520,46268
36802,46268
283771,46267
139781,46267
145127,46267
264946,46267
47313,46267
5783,46267
231254,46267
42009,46267
189446,46267
202629,46267
105934,46266
173995,46266
152042,46266
188910,46266
137030,46266
114259,46265
254113,46265
251872,46265
223063,46265
65988,46265
72603,46264
235089,46264
201631,46264
218238,46264
135576,46264
269158,46264
292263,46264
139722,46264
115199,46264
168881,46263
244339,46263
23302,46263
247844,46263
118576,46263
204374,46263
234324,46263
234499,46263
210086,46262
282049,46262
158332,46262
217224,46262
146640,46262
227919,46262
214059,46262
10625,46262
271780,46261
50560,46261
217774,46261
5868,46261
96577,46261
294340,46261
204888,46261
273593,46261
276284,46260
68008,46260
264185,46260
207495,46260
52553,46260
6481,46259
34610,46259
249817,46259
229987,46259
256237,46259
192921,46259
226142,46259
247343,46259
201917,46259
263245,46259
11253,46259
51279,46258
236061,46258
213947,46258
214966,46258
232312,46258
262662,46258
248518,46257
182486,46257
241498,46257
221567,46257
116818,46257
121979,46257
187192,46257
285919,46257
162368,46257
202391,46257
135506,46257
284193,46256
209403,46256
22152,46256
275267,46256
184363,46255
214273,46255
181443,46255
184354,46255
238341,46255
212316,46255
188174,46255
47201,46255
165161,46255
265409,46255
120976,46254
219611,46254
63050,46254
295114,46254
220978,46254
252493,46254
102599,46254
202782,46254
251033,46254
122408,46254
171039,46254
291762,46253
23010,46253
107434,46253
247665,46253
227055,46253
258136,46253
148499,46253
80269,46253
226317,46253
274718,46253
63041,46253
255666,46253
116511,46252
279922,46252
223866,46252
80821,46252
227644,46252
295966,46252
33767,46252
179225,46252
179677,46252
229447,46252
22124,46251
262782,46251
217027,46251
201981,46251
291938,46250
20460,46250
171849,46250
164040,46250
264593,46250
18650,46250
233527,46250
290661,46250
135818,46250
143651,46249
204795,46249
191905,46249
110429,46249
83508,46249
25999,46249
292698,46249
180244,46248
2145,46248
108529,46248
30179,46248
80966,46248
253306,46248
188998,46248
255180,46248
276029,46247
141693,46247
34560,46247
185481,46247
10432,46247
289643,46247
37749,46247
295660,46247
21662,46247
107613,46247
278476,46247
163588,46247
221564,46247
102226,46247
246057,46246
246430,46246
241922,46246
152400,46246
236375,46246
20176,46246
233630,46246
143939,46245
221643,46245
201444,46245
265004,46245
171519,46245
143527,46245
203905,46245
241682,46245
235197,46244
46843,46244
215692,46244
78031,46243
7978,46243
291786,46243
9751,46243
158685,46243
150827,46242
254698,46242
244388,46242
59114,46242
106858,46242
120522,46242
239625,46242
214367,46241
204775,46241
219805,46241
172195,46241
7171,46241
269254,46241
204668,46241
79416,46240
262756,46240
284573,46240
241011,46240
254201,46240
101623,46240
114773,46239
256813,46239
139887,46239
167263,46239
149420,46239
238822,46239
4534,46239
69895,46239
72682,46238
48717,46238
33345,46238
185759,46238
163612,46238
178902,46238
191106,46238
275390,46237
226825,46237
194176,46237
237579,46237
167623,46237
187522,46237
220445,46237
90069,46236
270658,46236
237595,46236
238668,46235
130286,46235
270391,46234
212265,46234
295048,46234
196099,46233
207297,46233
7760,46233
220767,46233
13108,46233
146200,46233
35000,46233
289514,46233
273197,46233
127157,46233
156218,46233
135417,46233
197336,46232
154120,46232
158159,46232
39864,46232
244157,46232
254556,46232
206056,46232
180401,46232
263637,46232
226430,46232
83146,46232
248968,46232
115274,46231
290158,46231
249781,46231
94100,46231
48586,46231
286225,46231
84440,46231
58582,46231
244576,46231
245221,46231
295060,46230
66955,46230
250558,46230
41581,46230
285559,46230
269217,46230
246425,46229
245551,46229
162423,46229
77711,46228
251168,46228
100640,46228
71712,46228
17332,46228
170371,46228
236994,46228
255203,46228
158030,46228
284411,46227
170594,46227
165082,46227
146872,46227
264802,46227
88147,46227
19623,46227
289815,46227
265715,46227
14670,46226
125251,46226
1395,46226
215842,46226
295728,46225
187415,46225
229921,46225
113860,46225
147701,46225
195070,46225
253213,46225
193367,46225
155669,46225
120460,46225
2370,46225
168314,46225
165464,46224
6256,46224
255598,46224
164006,46224
201126,46224
250389,46224
248645,46224
284579,46224
2033,46224
182557,46223
253214,46223
195670,46223
58386,46223
105926,46223
278136,46223
30838,46223
195535,46223
278996,46223
208750,46223
287472,46223
236202,46223
31002,46223
265896,46223
259539,46222
140112,46222
232854,46222
262616,46222
232727,46222
277667,46222
2611,46222
236908,46222
200520,46221
47624,46221
230956,46221
200268,46221
277383,46221
19680,46221
132151,46221
216654,46221
267033,46221
283801,46221
19235,46220
197652,46220
288679,46220
245960,46220
151385,46220
2559,46220
183791,46219
23325,46219
185478,46219
260516,46219
6736,46219
288168,46219
203622,46219
183433,46219
262356,46219
287640,46219
2223,46219
279852,46219
66945,46219
134041,46218
25224,46218
208038,46218
283973,46218
202693,46218
118870,46217
247887,46217
163325,46217
24130,46217
212511,46217
272522,46217
249353,46217
26599,46217
10805,46216
262425,46216
266257,46216
36532,46216
279787,46216
281101,46215
195667,46215
29519,46215
119776,46215
158713,46215
209902,46214
204826,46214
283686,46214
5758,46214
271670,46214
158535,46214
191814,46214
268434,46214
152115,46214
273328,46214
224416,46214
11907,46213
264168,46213
27680,46213
3855,46213
2383,46213
198422,46213
128553,46213
57735,46213
20604,46212
16573,46212
201318,46212
2889,46212
159425,46212
174761,46212
204922,46212
242621,46211
170952,46211
228736,46211
221112,46211
264390,46211
278333,46211
162317,46211
293850,46210
213819,46210
230657,46210
226177,46210
3727,46210
87698,46210
165874,46210
95850,46210
40670,46210
263054,46209
213822,46209
117095,46209
117385,46209
290667,46209
8762,46208
286995,46208
241287,46208
234144,46208
67930,46208
268404,46208
276723,46208
177393,46208
186828,46208
181357,46208
77838,46208
137307,46208
268310,46207
205364,46207
246455,46207
181229,46207
1075,46207
255455,46207
179272,46207
242068,46207
238558,46207
177342,46207
7636,46206
2575,46206
239334,46206
209284,46206
49964,46206
87661,46205
284919,46205
2758,46205
215967,46205
184668,46205
272726,46205
286269,46205
212322,46204
209426,46204
287253,46204
9917,46204
264439,46204
221208,46204
12983,46204
245983,46204
233538,46204
160804,46203
14668,46203
244588,46203
225861,46203
191377,46202
187044,46202
175291,46202
270791,46202
292695,46202
205120,46202
175725,46202
33913,46202
139229,46202
85029,46202
146962,46202
12708,46202
292573,46201
119187,46201
194400,46201
99280,46201
275423,46201
104782,46201
191348,46201
37255,46201
276216,46201
275009,46201
269358,46201
288967,46201
293624,46201
143528,46201
89289,46200
88902,46200
270539,46200
202984,46200
164479,46200
132439,46200
261694,46199
57057,46199
15198,46199
179071,46199
209667,46199
284793,46199
68972,46199
156976,46199
166744,46198
9027,46198
245141,46198
68874,46198
105840,46198
171326,46198
34100,46198
288895,46198
231915,46197
9460,46197
270611,46197
162547,46197
113821,46197
260613,46197
241559,46197
213218,46197
23826,46197
173050,46196
294061,46196
234746,46196
261819,46196
118432,46196
243955,46196
212714,46196
218781,46195
120946,46195
210384,46195
230548,46195
239553,46195
250589,46195
192889,46195
208178,46195
202379,46194
23203,46194
195338,46194
27074,46194
271753,46194
292195,46194
167226,46194
53597,46194
3178,46194
167357,46194
123486,46194
83770,46193
150251,46193
181684,46193
262450,46193
80457,46193
293495,46192
169369,46192
140804,46192
262719,46192
174622,46192
102908,46192
163550,46192
276790,46192
109856,46192
183598,46192
49677,46192
231430,46191
79350,46191
155505,46191
47445,46191
267537,46191
428,46191
39995,46191
223037,46191
14685,46191
236601,46191
237610,46190
15962,46190
96158,46190
232219,46190
287095,46190
892,46190
86333,46190
216163,46190
238696,46190
257231,46190
31150,46190
139667,46190
211274,46190
267498,46189
278761,46189
250391,46189
145933,46189
188107,46189
259348,46189
81454,46189
224788,46189
230309,46189
173239,46188
223836,46188
24707,46188
296041,46188
38998,46188
207058,46188
207476,46188
251548,46188
198577,46188
194163,46187
239831,46187
267223,46187
234162,46187
199869,46187
285942,46187
138463,46187
251446,46187
277490,46186
223809,46186
258260,46186
144010,46186
269532,46186
220716,46186
102360,46186
154819,46185
184473,46185
186031,46185
27591,46185
27837,46185
202639,46185
212777,46185
206043,46185
232933,46185
71003,46185
195414,46185
96075,46185
201430,46184
34915,46184
201227,46184
67000,46183
248040,46183
239068,46183
128747,46183
37625,46183
159643,46183
19987,46183
11793,46183
1067,46183
134608,46182
263965,46182
146682,46182
268891,46182
217032,46182
181438,46182
177566,46181
274080,46181
47039,46181
192238,46181
161612,46181
182185,46181
132123,46181
211070,46181
68548,46181
200640,46180
270286,46180
251182,46180
242440,46180
295527,46180
22542,46179
73547,46179
286371,46179
261097,46179
66693,46179
109557,46179
245833,46179
119090,46179
160897,46179
165517,46178
72787,46178
277579,46178
30316,46178
240421,46178
3019,46178
231652,46178
224183,46177
212570,46177
245785,46177
235337,46177
257062,46177
245592,46177
246368,46177
6611,46177
288342,46177
3144,46177
289890,46177
207545,46177
215862,46176
78761,46176
229282,46176
208999,46176
268833,46176
120661,46176
267265,46176
130845,46176
150050,46176
111228,46176
89862,46176
218338,46175
43077,46175
121487,46175
131424,46175
9657,46175
166996,46175
129314,46175
233945,46174
273946,46174
236981,46174
264924,46174
210836,46174
164271,46174
71008,46174
150205,46174
205896,46174
157010,46174
176515,46174
263220,46173
294784,46173
163012,46172
96443,46172
261899,46172
255389,46172
98179,46172
268726,46172
89994,46172
126971,46172
213420,46172
36718,46171
195218,46171
29839,46171
238576,46171
294886,46171
4805,46171
276764,46171
123007,46171
180686,46171
181663,46171
265889,46171
266868,46171
185918,46171
184574,46171
215148,46171
101696,46171
40522,46170
272666,46170
46813,46170
73565,46170
250219,46170
270989,46170
57378,46169
239804,46169
79928,46169
78233,46169
249515,46169
7379,46169
273392,46169
32506,46169
290880,46168
206666,46168
272106,46168
274184,46168
46485,46168
284773,46168
190213,46168
189819,46168
224750,46168
245412,46168
283337,46168
113531,46167
43956,46167
60654,46167
292215,46167
198216,46167
187540,46167
289799,46167
51647,46167
255015,46167
216470,46167
86173,46167
247670,46166
129033,46166
182108,46166
38638,46166
236171,46166
186241,46166
246646,46166
258306,46165
229113,46165
256373,46165
103065,46165
45804,46165
198555,46165
202994,46165
292880,46165
163192,46165
150470,46165
210851,46165
48966,46165
271526,46165
212267,46164
243555,46164
251176,46164
3606,46164
3578,46164
262885,46164
267374,46164
180804,46164
237221,46164
288279,46164
147642,46164
163170,46163
69717,46163
243790,46163
225731,46163
4885,46163
169926,46163
204322,46162
141746,46162
201649,46162
181614,46162
13314,46162
25993,46162
258504,46162
158609,46162
295286,46162
102034,46162
267518,46162
236045,46162
262678,46161
198990,46161
121293,46161
264579,46161
75523,46161
264840,46161
152290,46160
221942,46160
285045,46160
17803,46160
185035,46160
132376,46160
247283,46160
269791,46159
181559,46159
28084,46159
21026,46159
280377,46159
279061,46159
286000,46159
240841,46159
34299,46159
274426,46159
183478,46159
274016,46159
165968,46159
152236,46158
5500,46158
19954,46158
209837,46158
274784,46158
243117,46158
216076,46158
266633,46158
293532,46158
104194,46157
168128,46157
288055,46157
1100,46157
136762,46157
214004,46157
286277,46157
270938,46157
272273,46157
229359,46156
67959,46156
126713,46156
209105,46156
25118,46156
26551,46156
241434,46156
223784,46155
179156,46155
88669,46155
233826,46155
70887,46155
280049,46155
142161,46155
208088,46155
208321,46155
286297,46155
278660,46155
286906,46154
137445,46154
185305,46154
3777,46154
217214,46153
241095,46153
50848,46153
165217,46153
120741,46153
218784,46153
248493,46153
73807,46153
287788,46153
173741,46153
274304,46153
161843,46153
270211,46152
144069,46152
294916,46152
50706,46152
258067,46152
164237,46152
168092,46152
85388,46152
137300,46152
229115,46152
258424,46152
257710,46152
254307,46152
192035,46151
160637,46151
216731,46151
142844,46151
82686,46151
290131,46151
106686,46151
218103,46151
241857,46151
223828,46150
261117,46150
272416,46150
273159,46150
283568,46150
30831,46150
69484,46150
294577,46150
214090,46149
222144,46149
2907,46149
223382,46149
23783,46149
50518,46149
35735,46149
236539,46149
51015,46149
259766,46149
287658,46149
257287,46149
39945,46149
149591,46148
160921,46148
73049,46148
290139,46148
150509,46148
266046,46148
291717,46148
113986,46147
179459,46147
226409,46147
251984,46147
129029,46147
210189,46147
48183,46147
132762,46147
159991,46147
68515,46147
245207,46147
142430,46147
110704,46147
268574,46147
5992,46146
286970,46146
29189,46146
152150,46146
267850,46146
286768,46146
266542,46146
103472,46145
255587,46145
241494,46145
114619,46145
2285,46145
164240,46145
292311,46144
23170,46144
21025,46144
125162,46144
290108,46144
29638,46144
87034,46144
1629,46144
210282,46144
237410,46144
112589,46144
290482,46144
206618,46144
71752,46144
137425,46144
240948,46143
