1404,100000
22673,52653
180047,52425
125602,51907
19308,51906
29006,51894
288047,51736
22602,51309
2220,51231
963,51174
213964,51161
224033,51129
18266,51019
66490,50879
54063,50867
115256,50802
234428,50801
21233,50799
189577,50728
228571,50701
49974,50635
68939,50631
101548,50609
171567,50600
108380,50597
144674,50564
18656,50478
215504,50474
191512,50467
71340,50441
58803,50434
1905,50387
60762,50360
52156,50358
4912,50344
4204,50262
10706,50253
200509,50230
233093,50227
295026,50207
16691,50194
116408,50157
141983,50151
100374,50136
4205,50126
74310,50052
122404,50042
17389,50030
155046,49992
960,49968
266026,49943
171496,49938
615,49929
108708,49928
16611,49924
46515,49914
80494,49905
37091,49868
161844,49868
149814,49834
25267,49831
35281,49813
9214,49796
7578,49784
100789,49781
257744,49711
239278,49690
210748,49664
279324,49637
223451,49634
267506,49627
182313,49599
17698,49587
54281,49547
263551,49538
141299,49534
217511,49525
178517,49517
91,49463
239137,49462
255049,49450
10183,49444
137423,49444
25391,49428
292661,49424
245384,49397
72650,49381
31049,49376
74401,49368
148231,49367
162127,49362
199438,49345
91267,49330
264111,49312
75241,49309
109827,49266
60368,49247
244548,49246
5929,49246
115989,49245
190035,49233
61407,49213
5705,49203
14722,49201
19546,49186
68569,49178
192061,49176
249043,49172
166062,49143
254638,49139
92822,49137
171831,49134
79151,49132
73237,49122
279500,49122
78167,49119
956,49114
47873,49108
128,49108
22026,49104
80631,49100
5791,49097
120682,49092
85311,49090
43529,49083
22642,49082
63807,49080
38926,49055
30273,49047
5590,49040
101661,49039
38816,49038
13391,49017
193183,49016
241123,49010
150325,48987
239522,48979
124312,48974
264557,48969
258762,48969
227539,48958
22315,48958
173990,48955
162071,48949
21180,48944
214812,48941
164161,48939
106163,48928
221832,48925
175090,48920
164007,48919
237529,48909
110369,48907
19610,48907
124697,48900
224057,48899
266318,48895
21043,48883
28436,48876
10902,48870
157915,48865
155144,48860
226598,48843
217254,48843
79268,48840
32132,48831
38992,48828
96810,48825
148910,48816
104204,48814
10225,48813
23013,48812
144321,48812
265242,48809
121058,48804
251837,48796
11109,48784
31961,48779
38909,48777
74133,48771
290983,48768
229880,48765
114548,48760
37439,48760
260427,48758
45411,48756
60946,48754
290849,48751
60182,48742
107819,48729
163334,48729
8577,48723
267808,48721
273805,48721
2323,48721
286695,48721
197539,48720
70818,48711
14884,48708
70806,48706
4024,48702
186354,48700
8924,48694
41898,48693
2475,48692
116197,48689
279545,48686
130293,48684
15045,48682
98235,48673
7798,48669
75122,48654
9473,48635
274658,48628
89901,48606
201313,48603
278134,48601
207629,48600
184078,48596
29842,48590
103847,48587
61482,48587
10984,48586
274490,48584
179829,48576
109424,48566
42187,48552
208758,48547
114902,48547
39015,48539
207671,48538
86713,48534
69524,48533
190229,48529
254590,48528
50630,48527
36045,48522
211801,48513
53811,48512
13251,48503
107219,48488
153943,48487
249259,48483
268618,48481
37657,48478
25598,48477
116539,48474
274505,48474
94681,48467
138761,48465
108370,48459
92092,48456
165179,48453
13589,48451
109416,48449
246249,48441
149096,48441
185092,48434
261295,48434
68304,48419
227472,48419
8579,48414
109733,48409
291465,48406
47780,48406
181831,48405
78347,48404
270047,48403
291062,48400
36188,48395
3987,48390
177171,48374
29008,48370
105293,48366
31370,48360
289728,48359
188203,48353
33554,48347
148048,48343
20019,48340
176375,48338
214300,48331
12580,48329
152342,48329
178163,48327
247663,48320
196056,48317
200145,48315
69100,48309
13435,48307
220417,48302
262980,48298
136300,48289
174545,48287
33055,48278
136666,48275
219281,48275
246397,48274
80733,48271
263541,48270
127111,48265
138952,48261
117167,48261
2485,48260
94655,48256
60408,48249
113677,48246
222763,48245
43717,48245
23613,48244
242684,48238
103487,48234
242161,48229
122843,48225
194333,48222
189791,48222
47946,48221
186130,48213
23496,48208
38245,48202
233269,48199
233414,48193
54136,48192
78701,48191
138338,48184
170911,48181
1386,48180
273160,48167
8240,48165
283911,48164
278886,48163
241523,48163
251432,48163
2511,48148
232997,48147
99162,48146
9423,48139
214739,48139
173948,48138
294980,48137
104449,48134
211612,48134
19470,48130
271559,48128
270229,48126
249938,48126
115178,48124
2043,48123
25076,48122
26484,48109
223304,48108
273550,48105
119454,48105
235083,48104
282190,48101
655,48099
284113,48098
106127,48093
234808,48082
118398,48078
240557,48072
61362,48070
988,48070
104819,48066
190832,48066
185718,48052
60295,48051
84370,48050
49537,48050
260595,48050
6685,48043
200188,48037
172770,48031
137698,48029
271561,48029
63234,48028
96627,48023
210593,48023
244033,48021
264664,48019
123338,48018
12237,48013
213271,48009
45866,48008
100799,48007
182480,48005
10378,47997
45642,47996
50668,47995
47036,47993
278719,47992
1615,47991
162641,47990
53512,47986
286689,47983
113781,47982
267747,47981
281372,47978
230693,47975
27513,47971
222705,47970
99365,47969
31170,47963
16970,47959
30944,47957
241226,47957
177410,47956
40103,47951
8089,47941
9530,47941
251587,47940
4551,47939
168981,47934
154442,47934
166894,47929
264448,47924
20728,47923
98105,47921
186826,47918
181363,47915
73168,47912
256802,47910
204478,47907
132985,47906
141766,47904
294361,47903
264301,47900
186716,47892
119576,47891
17503,47891
88139,47890
142067,47889
256035,47889
34368,47885
286509,47883
225750,47881
258681,47881
56586,47879
94260,47878
285625,47877
268611,47875
47719,47875
250602,47866
196561,47866
79197,47855
6597,47854
17368,47850
39428,47847
32998,47846
71855,47845
126644,47845
251246,47842
109024,47838
30328,47837
12852,47836
222945,47830
157436,47827
249161,47825
150551,47825
77529,47824
222262,47821
256605,47821
210646,47820
204283,47819
178342,47819
144213,47811
148816,47807
188586,47806
143046,47805
6881,47805
21967,47800
213340,47796
163706,47793
251058,47787
251970,47786
113356,47782
252516,47780
213607,47780
55934,47778
2857,47776
228035,47775
217100,47772
264091,47770
222791,47770
293322,47769
10368,47769
56532,47765
59884,47763
228533,47759
103253,47759
36835,47759
69567,47759
159935,47758
134615,47758
241783,47753
191030,47750
282165,47750
113104,47750
158664,47749
155941,47748
207077,47746
62011,47746
2665,47745
184716,47744
283681,47741
10684,47741
15801,47731
274271,47728
103627,47721
166001,47719
233458,47717
6958,47717
84259,47716
47920,47716
1185,47716
254210,47714
246796,47714
294486,47711
42119,47710
24857,47710
51662,47709
43338,47709
173745,47706
288344,47702
19337,47701
85397,47700
274835,47699
1120,47698
19900,47697
204867,47687
36383,47686
293538,47685
153060,47684
118214,47684
90910,47681
28343,47681
84839,47680
623,47675
127253,47671
284439,47669
135917,47668
235560,47668
228562,47667
185308,47663
241454,47659
211106,47659
150804,47653
185363,47651
186365,47651
14608,47644
265031,47639
28865,47639
288507,47636
269545,47635
74748,47633
119790,47631
30669,47630
67919,47628
244969,47628
293437,47627
56824,47622
23636,47620
275788,47619
36,47618
223071,47616
170070,47614
236781,47611
107013,47609
290826,47606
290798,47603
267580,47603
170254,47603
51557,47603
162312,47600
136694,47600
158237,47599
41570,47598
47249,47597
98442,47596
7751,47595
277253,47595
126250,47591
192886,47591
115751,47590
128490,47590
263889,47589
67471,47588
5746,47588
261465,47587
39145,47586
226840,47585
132561,47585
294493,47584
212595,47579
57331,47578
256643,47577
291741,47577
167635,47576
51963,47573
17226,47572
174738,47572
30177,47571
3063,47571
95957,47567
139101,47565
218302,47563
33484,47563
57231,47561
144212,47560
117213,47558
247998,47556
186133,47554
73607,47552
2268,47550
110368,47548
77472,47548
77648,47542
173963,47540
140465,47539
97081,47538
48098,47536
239080,47535
161838,47527
244609,47523
290657,47523
24258,47521
129527,47520
173365,47519
111965,47517
115391,47517
156272,47517
56476,47517
241545,47516
256429,47516
5364,47514
137519,47513
3886,47513
32668,47511
125562,47510
5954,47509
51680,47508
12139,47504
24480,47504
98697,47502
252137,47501
161747,47498
262786,47496
14694,47494
280059,47492
67790,47489
24951,47489
257299,47488
22896,47488
6064,47488
143814,47487
211980,47486
234066,47480
179484,47480
56640,47478
159862,47477
72235,47477
145385,47474
291203,47473
7853,47472
14450,47472
275240,47472
32627,47471
17033,47471
159060,47468
174550,47467
233559,47467
173153,47467
162316,47465
67226,47462
34809,47461
165153,47460
229810,47458
74404,47455
162701,47454
2875,47454
226580,47453
134488,47453
154373,47452
259626,47451
286233,47450
126338,47450
65576,47448
19562,47447
245532,47445
58026,47444
274041,47443
148369,47440
90598,47434
117129,47431
220630,47431
169982,47430
33448,47428
116153,47428
133161,47427
158554,47427
198943,47425
278220,47425
166070,47424
1543,47423
169899,47422
274483,47421
224773,47419
984,47412
123897,47411
130407,47411
246422,47411
236931,47408
180394,47407
141654,47406
235635,47406
3623,47405
3431,47404
290338,47403
131505,47402
28039,47399
125828,47397
144238,47397
16690,47395
1579,47394
119957,47390
143999,47387
281474,47387
103217,47386
152915,47383
53312,47382
235488,47381
11024,47379
240674,47378
132835,47378
63001,47377
127569,47374
44259,47373
140419,47373
275453,47367
154284,47366
163915,47366
174325,47365
88547,47361
148467,47360
224887,47360
223461,47358
270610,47357
232403,47355
139120,47353
209482,47351
73568,47348
224994,47348
162095,47347
210984,47347
189226,47346
56728,47346
19589,47345
257009,47341
113018,47341
260873,47341
252538,47340
241065,47338
2609,47332
198239,47330
264576,47330
215727,47329
206871,47329
251586,47328
4517,47328
164798,47327
157455,47325
187260,47323
112965,47322
80469,47319
23696,47319
37785,47316
270669,47315
227524,47311
140688,47310
89138,47306
282565,47306
5150,47306
1963,47305
284007,47304
84442,47303
150607,47302
160390,47302
23236,47300
261014,47300
147860,47300
3120,47297
20418,47296
3650,47295
271768,47293
143050,47293
11448,47292
186869,47292
269556,47288
1123,47288
77610,47282
196229,47281
59146,47280
108798,47279
227322,47277
52130,47275
182001,47274
155207,47273
194183,47273
122014,47273
275697,47273
7955,47270
270165,47268
244285,47266
37125,47265
54116,47264
290332,47263
210841,47262
247779,47260
227097,47260
179126,47256
266482,47256
69058,47256
20648,47255
277894,47255
197636,47255
289553,47253
138817,47252
96630,47252
243786,47251
203323,47251
113114,47250
253331,47249
183646,47248
171309,47248
6885,47248
156895,47247
225450,47244
219009,47242
14970,47241
112992,47241
78665,47240
245429,47240
103109,47239
124948,47238
62497,47238
163405,47237
217914,47233
110812,47231
238915,47230
179390,47230
56674,47230
114158,47228
194248,47228
57904,47227
127287,47225
250340,47225
34131,47224
93146,47224
32792,47223
3322,47221
277357,47220
108833,47220
231959,47219
39501,47219
206287,47218
204575,47218
248018,47217
98416,47217
219919,47216
196877,47216
280599,47215
86762,47213
244287,47211
25820,47210
295282,47209
64713,47209
29647,47208
143587,47207
9202,47206
271484,47205
293229,47203
80161,47201
96588,47199
254640,47198
170145,47197
269770,47197
110171,47196
8423,47195
19920,47195
75592,47195
241635,47190
17460,47190
277199,47184
263995,47184
165799,47183
3022,47183
2543,47182
205579,47181
234246,47181
178133,47180
261575,47178
136143,47176
101710,47175
113319,47174
68232,47173
203087,47171
183277,47171
4660,47171
77074,47169
154316,47167
18493,47167
260979,47166
53542,47166
1702,47163
16843,47163
244776,47163
77889,47162
254967,47162
216140,47159
125069,47159
223142,47158
96479,47158
133915,47157
113718,47156
286033,47153
125178,47153
7752,47151
141367,47150
178012,47149
269043,47148
246089,47147
294447,47141
260175,47140
260920,47139
151736,47138
13861,47138
10240,47136
26586,47136
80004,47136
43444,47136
997,47135
242444,47133
268384,47132
149006,47131
17529,47130
15820,47127
198026,47126
292964,47126
223577,47126
275368,47124
539,47124
217413,47123
220902,47122
16003,47122
275695,47121
132577,47120
38595,47119
11373,47119
124578,47118
245259,47118
181572,47117
251657,47114
214043,47112
282926,47111
168569,47109
266508,47108
204487,47108
97257,47105
222733,47104
213055,47104
145813,47103
229061,47103
276747,47102
269636,47101
5641,47101
63209,47093
182465,47091
266518,47091
115732,47090
14813,47088
105182,47087
7729,47085
174929,47085
94305,47084
192828,47084
73861,47084
209695,47084
232114,47083
249394,47082
175347,47082
223687,47081
210233,47080
203325,47080
254782,47079
254333,47079
131039,47079
219147,47077
18940,47076
39820,47076
245754,47072
284584,47071
287528,47069
184212,47068
271475,47067
194950,47064
174449,47063
71608,47063
220810,47062
220289,47062
260108,47060
283491,47059
157110,47059
126720,47059
143976,47056
113043,47055
1669,47052
231769,47051
184460,47048
247353,47047
127499,47046
268470,47046
284667,47046
125929,47045
267362,47043
90008,47043
245936,47042
24326,47040
291783,47040
278230,47040
12896,47040
207616,47040
234507,47039
267061,47039
1203,47037
111590,47036
36487,47036
78152,47035
286546,47035
208374,47034
75448,47033
248680,47027
217116,47027
182096,47026
217211,47026
141080,47025
19256,47025
126936,47025
6239,47024
4880,47023
1668,47021
187802,47020
137214,47019
201875,47019
178016,47019
22611,47018
289729,47017
116556,47016
3775,47016
14148,47015
142950,47015
233501,47015
224458,47015
196253,47014
47193,47013
83662,47013
193968,47013
286477,47012
293521,47010
237977,47010
13400,47008
259622,47008
237819,47005
22972,47005
220198,47004
119805,47004
63505,47002
279521,47001
260621,47001
105105,47001
284237,46999
293563,46999
71515,46998
116345,46997
247454,46996
181963,46994
161287,46993
248143,46992
6662,46988
12741,46988
265235,46988
78135,46988
253782,46987
22487,46986
232254,46986
144518,46985
203360,46984
296242,46983
219586,46981
33765,46981
287643,46980
236473,46980
223147,46979
98041,46979
115302,46977
212001,46976
81886,46976
178449,46976
2699,46975
198036,46975
25034,46975
51972,46974
257798,46973
178742,46973
171344,46973
246268,46972
258936,46972
240041,46971
26095,46971
1940,46971
168560,46971
221145,46970
179101,46970
282461,46970
280497,46970
237554,46967
243695,46967
235395,46966
258778,46966
100112,46965
87870,46963
251061,46962
97557,46960
109611,46959
103533,46958
206037,46957
159635,46956
51424,46956
288255,46954
240452,46954
221651,46953
74716,46953
49497,46952
117207,46952
242841,46951
6588,46950
265091,46947
2614,46947
167319,46947
108448,46947
4667,46945
35822,46943
149765,46943
1648,46942
74226,46941
248081,46941
255525,46940
35521,46940
277006,46939
272966,46938
279497,46938
244632,46937
218897,46935
262781,46935
280689,46935
209943,46934
289820,46933
226613,46933
153956,46931
46663,46931
218996,46931
126860,46930
222341,46930
13507,46930
221855,46929
273432,46929
212465,46929
267657,46928
229187,46928
214672,46928
276646,46927
9150,46926
199187,46926
241726,46925
110795,46925
204749,46924
116001,46924
246948,46924
52076,46923
14759,46923
8792,46920
90023,46920
228912,46919
83255,46919
234973,46917
82646,46916
128125,46915
617,46913
48606,46912
195503,46912
108755,46912
123924,46911
123892,46911
257436,46910
23427,46909
168762,46908
274072,46907
67936,46906
65153,46906
194873,46905
178896,46904
255353,46904
280263,46903
225047,46903
31773,46902
105321,46902
235298,46902
236180,46901
144654,46901
209536,46900
128450,46899
143945,46899
192607,46898
143871,46898
13600,46896
103262,46896
141587,46896
10420,46896
20693,46896
67689,46895
255008,46895
174778,46895
53859,46895
37505,46894
235674,46894
184989,46894
76773,46894
198397,46894
247706,46893
70089,46892
240053,46892
1826,46891
169364,46891
266574,46891
62944,46891
39184,46889
22171,46887
16957,46885
196950,46884
259822,46884
267895,46884
292755,46883
105866,46883
227276,46882
159648,46882
85805,46880
11488,46880
189130,46879
180788,46879
119122,46877
115874,46876
6977,46875
84014,46875
34020,46874
154765,46873
48953,46873
284222,46872
16416,46871
17856,46870
194141,46870
249239,46869
167315,46868
139020,46868
117486,46867
191859,46867
235255,46866
66383,46865
26746,46865
21195,46864
229227,46864
14168,46863
115426,46863
6421,46862
156606,46862
234991,46861
216793,46860
1083,46860
184472,46858
175592,46858
257037,46857
17378,46857
240065,46856
15300,46856
267663,46854
235878,46853
170111,46852
80789,46851
290808,46850
166888,46849
203428,46849
28781,46848
164858,46848
2346,46847
209586,46847
105421,46846
262420,46846
260336,46846
264127,46846
109482,46844
22984,46842
211925,46841
175238,46841
6166,46841
99538,46838
102071,46838
178542,46838
290150,46837
47576,46836
239538,46836
164895,46835
11775,46835
95383,46834
19182,46833
7315,46832
136253,46832
260978,46832
183054,46831
119766,46831
262637,46831
276852,46830
296179,46829
295756,46829
295792,46828
114181,46828
44977,46828
273064,46828
35769,46828
77087,46828
283558,46827
91565,46826
6230,46826
36914,46826
28461,46825
218365,46824
222824,46824
806,46824
41388,46824
257610,46823
262270,46823
186704,46821
167878,46820
16757,46820
35698,46820
101433,46820
277060,46819
239866,46818
255228,46817
255943,46817
115037,46815
172204,46815
2454,46815
40067,46814
291032,46814
111926,46812
173095,46812
153600,46810
92713,46810
151052,46810
264049,46809
99965,46807
180358,46807
30108,46807
28246,46805
214149,46803
84664,46803
90437,46802
236375,46802
292302,46801
230474,46801
240192,46800
118312,46799
17430,46799
200254,46797
64162,46796
258706,46795
200415,46795
39689,46795
287534,46794
47493,46794
227688,46793
241626,46793
5662,46793
121983,46793
180906,46790
84932,46790
26198,46789
182185,46789
50454,46789
97390,46789
11761,46788
18635,46788
247294,46788
230341,46788
293681,46786
21467,46786
226977,46784
101370,46783
187939,46783
213587,46782
167586,46782
110387,46781
266032,46781
205436,46781
263112,46780
259147,46780
118817,46780
57919,46779
275902,46779
267802,46779
158824,46779
122005,46778
184421,46778
248997,46778
186686,46778
270909,46777
199736,46777
267746,46776
25754,46776
257935,46776
279782,46776
289080,46776
235164,46775
242105,46775
93288,46775
35784,46774
31895,46774
275226,46773
78613,46773
66983,46773
75165,46772
272461,46772
3223,46772
280239,46771
144301,46771
12650,46771
157022,46770
168839,46770
40957,46770
77575,46769
161951,46769
739,46768
6489,46767
42269,46766
116310,46765
113904,46765
266521,46765
253614,46765
1525,46764
45725,46763
147581,46762
118117,46761
102549,46760
35079,46759
127586,46759
213087,46759
58811,46759
31058,46758
1437,46757
71871,46757
78553,46756
200242,46756
178492,46755
223708,46755
12047,46755
134337,46752
194108,46752
44685,46751
233004,46751
40826,46750
153048,46749
53201,46749
234765,46749
150606,46748
276973,46748
70451,46747
52556,46746
263600,46745
187615,46745
35395,46745
77713,46744
256985,46744
128440,46743
112032,46743
70035,46741
191296,46740
36057,46739
54129,46739
90953,46738
199165,46737
174715,46737
87140,46736
9961,46736
197341,46736
19079,46735
154638,46734
19947,46734
170230,46733
33946,46733
198480,46732
11048,46732
114559,46732
141851,46731
33551,46731
63611,46731
222949,46729
291813,46729
242902,46729
41649,46728
18652,46728
280374,46728
57817,46727
97695,46727
75761,46727
70734,46727
47169,46726
88171,46724
164532,46724
234318,46724
210743,46723
203435,46722
139418,46721
62516,46721
243129,46721
525,46720
150395,46720
235746,46720
105423,46719
209634,46717
277389,46716
31107,46715
244489,46715
202781,46715
122137,46715
133887,46714
206713,46713
101780,46712
180947,46712
100901,46712
229286,46711
266647,46709
6941,46709
238077,46707
21263,46704
4237,46704
130045,46704
56794,46703
78570,46703
254498,46703
128156,46703
221539,46702
281449,46701
38449,46701
114220,46700
91657,46699
192574,46699
18741,46699
6325,46697
13714,46697
82479,46697
144752,46695
266156,46694
119993,46694
230948,46694
88661,46693
228470,46692
40708,46692
162562,46692
89485,46692
267794,46692
57282,46691
186019,46691
238693,46691
10197,46690
138548,46689
65069,46688
153748,46688
10937,46688
237680,46687
219609,46686
35028,46683
280084,46683
258121,46683
222641,46682
105841,46682
90132,46682
7982,46682
88973,46680
279954,46680
263886,46679
228451,46679
113222,46678
19231,46677
240645,46677
174815,46676
124400,46676
156527,46676
112497,46675
276854,46674
277992,46673
154216,46673
3430,46671
288382,46671
96245,46670
25462,46669
16635,46668
194659,46667
168665,46667
222130,46666
62417,46665
108511,46665
7995,46665
247605,46665
287527,46664
151959,46662
133842,46661
212757,46661
113480,46660
201099,46660
260361,46659
293011,46659
176382,46659
246569,46658
63322,46657
68838,46656
22669,46655
156464,46655
119234,46655
3200,46654
177899,46653
208688,46652
29181,46651
86320,46651
247489,46651
203826,46650
10653,46650
276596,46649
13535,46649
102898,46649
151888,46649
111994,46646
228763,46646
48408,46646
125728,46644
1377,46644
13156,46643
209800,46643
124930,46643
118606,46642
105411,46642
71092,46642
145851,46641
21337,46641
126471,46640
237778,46638
223187,46638
268385,46637
105504,46637
7623,46637
162121,46636
133975,46636
114091,46635
173006,46635
56368,46635
168786,46633
21976,46633
182257,46633
163474,46632
22533,46632
99924,46631
64670,46630
244675,46629
197433,46629
149425,46629
124360,46628
48512,46628
13318,46628
64850,46627
222506,46626
205905,46626
336,46626
131579,46625
61501,46624
288385,46624
294128,46624
239208,46624
12170,46623
180307,46623
98874,46622
247953,46622
39282,46621
18735,46619
132956,46619
183840,46619
202204,46619
3562,46619
42974,46618
90554,46617
141172,46617
282586,46617
258344,46616
193986,46616
158103,46615
30883,46615
216743,46615
113503,46615
246065,46614
294999,46614
216071,46613
242457,46613
266586,46613
243179,46613
255221,46612
27570,46612
195103,46611
104369,46611
201570,46610
165892,46610
80180,46610
108683,46609
240210,46609
222865,46609
63173,46608
38340,46608
277844,46607
66279,46607
197860,46606
268051,46605
262990,46605
198536,46603
18557,46603
132480,46602
148909,46601
103607,46601
156645,46601
243812,46598
281620,46598
205411,46598
57598,46597
292057,46595
124765,46595
181556,46594
226383,46594
255592,46594
277989,46593
103734,46593
254812,46593
3454,46593
138793,46591
176209,46590
87421,46590
269027,46590
38207,46590
195441,46590
295502,46588
202731,46587
63830,46587
65644,46587
19637,46586
281121,46585
268235,46585
188262,46585
292982,46585
10296,46584
176319,46584
163679,46584
257452,46583
219772,46582
161797,46582
243857,46582
169702,46581
208025,46580
177648,46580
44999,46579
98245,46579
152442,46579
226836,46579
254892,46578
166414,46578
181079,46578
144216,46577
228212,46576
166940,46576
190143,46576
275948,46576
127718,46576
153014,46576
260804,46575
158811,46575
189372,46574
164876,46573
172970,46573
186473,46572
91885,46572
208003,46572
196868,46571
258768,46571
164033,46571
244079,46570
131713,46570
206980,46570
250235,46569
293314,46569
257830,46568
192800,46567
104209,46567
52308,46566
129730,46566
288645,46566
31048,46566
254629,46566
281963,46566
191750,46566
296180,46566
155101,46565
40332,46565
188204,46564
216863,46564
144806,46564
125001,46563
77904,46561
239148,46561
4684,46561
282072,46561
123974,46560
29487,46560
229639,46559
225907,46559
139313,46558
79184,46557
262753,46557
91821,46556
1097,46556
134029,46556
124353,46556
259264,46556
289935,46555
197417,46555
210236,46555
5584,46554
164498,46554
192680,46553
274945,46553
2744,46553
195205,46551
254787,46550
203586,46550
138088,46549
235234,46549
40327,46549
10961,46548
124239,46548
246428,46547
284756,46546
271638,46546
7363,46545
142361,46545
44552,46545
56918,46544
65313,46544
98308,46544
85292,46543
7319,46543
223358,46543
29659,46542
283599,46541
233479,46541
159258,46540
247410,46540
102033,46539
259424,46539
129187,46539
257461,46538
17565,46538
155162,46537
58700,46536
54850,46536
294833,46536
261785,46536
294775,46536
289286,46535
90490,46535
220429,46534
171792,46534
192632,46534
160320,46533
247775,46533
179504,46531
191254,46531
46229,46530
286539,46530
101859,46530
229477,46530
203914,46529
159563,46528
223216,46527
248681,46526
91283,46526
216630,46526
235453,46524
137662,46523
206963,46523
238333,46522
146458,46522
280790,46522
55450,46521
81628,46519
132261,46519
245276,46519
256976,46519
11883,46517
181806,46517
5155,46517
174385,46516
211139,46515
255962,46515
116323,46514
266175,46514
95950,46513
199948,46513
188138,46511
291229,46511
229947,46510
50555,46509
258835,46509
261089,46509
173775,46509
135735,46508
278890,46508
35887,46508
122009,46506
206595,46506
241939,46506
141782,46506
238625,46505
174213,46504
82376,46504
279967,46503
230365,46502
259923,46502
292710,46501
203950,46501
346,46501
271295,46500
72944,46499
243016,46499
144634,46499
278081,46497
15501,46496
57088,46496
13668,46496
220195,46496
231385,46495
15573,46495
40416,46495
201613,46494
32070,46494
145067,46493
119026,46493
261339,46492
13615,46492
225595,46491
192998,46490
142760,46490
258390,46490
178811,46490
263815,46490
291416,46490
147389,46489
236467,46489
185674,46489
22387,46489
206948,46488
96932,46488
293047,46488
232869,46488
67330,46487
222384,46486
163013,46486
81606,46485
199554,46484
34793,46484
21590,46483
6267,46483
238487,46482
130390,46481
201324,46481
211462,46481
139860,46481
209924,46480
17246,46480
98010,46480
294960,46478
182439,46478
80711,46478
260323,46477
34762,46477
143829,46476
240872,46476
144289,46476
199635,46475
170525,46474
117529,46474
289741,46473
282278,46473
266133,46473
19681,46472
286873,46472
218787,46471
282066,46471
245879,46471
34939,46471
222837,46470
296032,46470
269621,46469
268176,46468
195024,46468
239904,46466
145901,46465
41839,46464
184447,46464
6491,46463
246706,46463
287182,46462
273899,46462
287170,46462
272610,46462
74166,46462
283722,46462
275999,46461
249281,46460
192794,46459
140776,46459
5250,46459
139912,46458
206596,46458
156248,46458
147395,46457
228408,46456
255661,46456
251074,46456
106313,46456
185383,46455
10395,46455
28943,46455
184438,46455
216800,46455
160796,46454
93556,46454
208497,46454
177484,46453
215430,46451
13889,46451
224670,46449
260445,46449
204759,46447
21977,46447
179124,46447
224370,46446
249650,46445
251136,46445
121965,46445
188291,46445
264060,46445
130916,46444
10486,46444
215670,46444
77777,46443
286965,46443
102956,46443
295911,46443
11394,46443
166510,46442
172798,46442
270312,46442
236509,46441
259596,46439
85907,46439
183077,46439
263285,46439
65147,46438
241742,46438
5555,46438
13248,46438
281705,46438
147087,46437
107492,46437
195664,46437
76771,46436
134970,46436
266524,46436
196987,46436
99902,46435
137853,46434
157012,46434
292252,46432
159498,46431
216212,46431
6133,46430
81895,46430
265518,46430
14734,46430
45185,46428
220623,46428
269668,46427
126147,46426
11691,46426
190941,46425
129982,46425
134089,46424
204722,46424
30035,46424
21038,46423
252114,46423
277538,46422
32995,46422
254039,46422
127776,46421
282723,46420
280348,46420
250895,46419
196495,46417
272208,46417
106805,46416
182340,46416
183394,46416
132588,46414
253270,46414
8519,46413
220455,46413
14966,46413
250772,46412
186598,46412
217381,46411
268722,46410
229945,46410
228196,46410
266104,46409
88441,46409
83137,46409
136287,46408
250865,46408
19908,46407
213039,46406
42283,46404
111144,46403
222207,46403
169245,46402
125402,46402
209153,46402
135696,46401
151573,46401
7704,46400
267456,46400
107329,46399
160837,46398
270250,46398
160260,46397
18889,46397
277553,46395
8857,46394
99364,46394
148654,46393
148488,46393
219791,46393
280911,46393
270991,46392
85683,46392
259865,46392
173869,46390
109680,46390
178994,46389
212329,46389
277655,46389
142189,46388
213932,46388
263826,46388
240147,46387
1712,46387
235396,46387
181106,46386
155096,46386
90673,46385
128174,46384
39272,46382
233668,46382
78328,46382
283021,46380
89757,46380
139008,46379
145256,46379
226793,46379
63819,46379
192611,46379
48216,46378
229201,46378
4142,46378
62108,46378
267470,46378
195097,46377
103424,46377
22666,46377
121310,46377
147595,46376
178068,46376
272731,46376
9617,46375
144530,46375
16378,46374
275284,46374
248360,46374
268120,46373
228934,46373
137919,46372
60901,46372
242470,46371
85137,46370
287306,46370
204389,46369
245388,46369
68453,46369
183997,46368
78156,46367
87778,46367
83430,46367
100815,46366
46803,46366
45807,46366
66682,46366
146278,46366
49049,46365
102072,46365
126306,46365
2926,46364
3375,46363
81918,46363
86508,46362
294505,46361
231917,46360
212992,46360
153271,46360
193142,46360
225313,46359
197229,46359
260950,46358
56337,46358
135926,46358
233702,46358
270946,46357
104964,46357
70382,46357
56438,46356
257553,46356
74288,46356
254524,46355
102430,46355
170272,46355
244535,46354
126462,46354
232399,46354
163651,46354
183570,46354
227887,46353
125363,46352
58038,46351
255033,46351
14279,46351
227868,46351
199472,46351
126307,46350
152902,46350
182397,46350
2166,46349
92904,46349
252560,46349
102447,46348
167207,46348
258122,46348
184721,46347
262634,46346
233013,46346
54273,46346
247558,46346
275728,46345
115139,46345
191046,46345
223064,46344
28580,46343
50580,46343
42794,46343
168636,46343
41082,46343
261103,46342
154688,46342
48518,46342
198114,46341
246432,46341
120957,46340
145752,46340
144345,46340
150770,46340
33372,46339
207411,46339
169704,46339
18067,46338
168551,46337
194699,46337
119958,46337
219726,46336
76347,46336
7967,46335
239672,46335
102698,46335
231457,46335
245500,46334
117484,46334
232694,46333
118240,46333
249103,46333
245693,46333
274915,46333
248672,46333
48867,46331
190934,46330
234949,46330
267267,46328
234773,46328
206304,46328
278233,46328
213283,46327
252392,46327
271230,46327
64947,46326
80784,46326
214775,46325
147643,46325
45732,46324
160232,46324
250877,46324
120530,46324
252926,46324
242261,46324
21596,46324
89822,46323
209127,46322
145098,46322
270705,46321
156389,46321
232237,46321
137619,46321
87205,46321
52861,46321
132997,46320
172823,46320
281529,46319
262594,46319
277112,46319
268437,46319
16192,46318
203078,46317
233267,46317
34919,46316
112672,46316
25557,46315
29797,46315
177244,46315
268233,46314
145505,46313
129783,46313
262366,46312
249158,46312
219894,46312
60551,46312
131648,46312
239416,46311
276760,46311
167841,46310
220605,46310
237581,46310
242540,46310
291762,46310
56969,46309
13427,46309
224950,46309
145882,46309
163737,46308
61251,46308
128441,46308
184904,46308
272363,46308
230000,46308
259362,46306
148036,46305
85874,46305
295169,46304
59135,46304
3473,46303
109609,46303
155316,46303
62163,46302
204762,46302
36317,46302
260717,46302
23988,46301
201245,46301
194416,46301
239390,46301
222795,46301
242871,46301
172366,46300
108658,46300
210760,46300
235128,46299
281547,46298
271979,46298
176712,46298
33061,46298
89463,46297
249351,46297
131571,46295
273440,46295
160924,46295
158823,46295
76740,46295
266982,46294
18416,46293
187630,46292
145295,46292
172206,46292
284123,46292
264006,46291
224336,46291
166603,46291
234173,46291
236364,46290
260666,46290
221179,46290
273428,46289
96255,46289
285467,46289
209450,46288
172447,46288
200353,46287
52185,46287
79896,46287
253413,46286
122739,46286
183167,46285
84101,46285
243627,46284
16986,46284
7981,46284
273993,46284
152106,46283
23562,46283
214064,46283
90071,46283
209809,46283
1355,46282
172725,46282
158891,46282
267286,46282
118799,46281
263668,46281
177161,46281
173665,46281
121547,46280
265557,46280
25941,46279
296562,46279
253138,46279
151375,46279
256341,46279
280377,46279
203235,46279
293019,46278
204199,46278
225492,46278
213764,46278
33528,46278
250360,46278
229357,46277
17089,46277
123081,46277
132459,46277
4766,46276
234402,46276
273600,46276
252250,46275
220141,46274
18800,46274
199266,46274
3170,46274
15466,46273
271707,46273
170566,46270
220062,46269
92909,46269
148543,46269
88306,46268
138905,46268
289550,46268
160895,46268
4264,46268
71894,46267
144413,46267
224385,46267
290099,46267
69148,46267
158525,46266
259023,46265
275131,46265
294549,46265
247990,46264
33411,46263
241294,46263
175013,46263
253166,46263
20967,46263
176646,46261
128886,46260
215971,46260
32205,46260
189836,46259
197326,46259
291712,46259
269975,46259
278970,46259
162777,46259
255302,46258
6937,46258
133494,46258
270485,46257
154718,46257
19510,46257
288947,46257
280845,46257
209864,46257
184427,46256
5785,46256
240965,46256
33778,46256
181057,46256
198629,46256
221046,46255
141133,46255
183074,46255
58395,46254
8814,46254
252849,46254
270730,46253
118010,46253
183525,46253
260331,46252
44931,46252
18084,46252
1590,46251
195843,46249
188084,46249
65688,46249
287401,46249
108547,46249
34521,46247
200631,46247
172459,46247
169600,46247
233688,46246
188595,46246
19781,46246
163786,46246
282078,46245
28251,46245
279696,46245
114903,46245
161397,46244
169376,46244
197763,46243
282025,46243
237,46243
168790,46243
173925,46242
97303,46242
214855,46242
265652,46242
93616,46241
170974,46241
280685,46240
148196,46240
206916,46240
238819,46240
175719,46239
295416,46239
233138,46239
209366,46239
126432,46239
25162,46237
253596,46237
295710,46236
199587,46236
250474,46236
246638,46235
236647,46234
73093,46234
243941,46233
111799,46233
287145,46233
249647,46233
148311,46233
27423,46232
189491,46232
137150,46232
249942,46232
222596,46231
164072,46231
284571,46231
276725,46231
6680,46231
116208,46231
257746,46230
284430,46230
24505,46229
178003,46229
167649,46229
241924,46229
175960,46227
48746,46226
220048,46226
259798,46225
11252,46225
249058,46224
232016,46224
215610,46224
250794,46224
251930,46223
27272,46223
128135,46223
172164,46223
143444,46223
19793,46223
213752,46222
194726,46222
289035,46221
177760,46221
285883,46221
216225,46221
72647,46219
240257,46218
166413,46217
281224,46217
284608,46217
286142,46217
55731,46216
284051,46216
286688,46216
288270,46215
63401,46215
27563,46215
273821,46215
126580,46215
84019,46214
172962,46213
272180,46213
100389,46213
91528,46212
250715,46212
104967,46212
215043,46211
62120,46210
4357,46209
287665,46209
75019,46209
170810,46208
49777,46208
257352,46208
53625,46208
112629,46208
72810,46208
180167,46207
207313,46207
256199,46207
58802,46207
112604,46206
220786,46206
58999,46206
296073,46206
33062,46206
161984,46204
264323,46204
250122,46203
155852,46203
286026,46203
285024,46203
103618,46203
268860,46202
45792,46202
1169,46201
196843,46201
179711,46200
282459,46200
176112,46199
112576,46198
98793,46198
148882,46198
148567,46198
31478,46196
111051,46196
88651,46196
290373,46195
5923,46195
273496,46195
154075,46195
267501,46194
127665,46194
1788,46194
57423,46191
203210,46191
150315,46190
290254,46190
202392,46190
260990,46189
231735,46189
86893,46188
90151,46188
224021,46188
280517,46187
256628,46186
216734,46186
184108,46186
156327,46186
244982,46186
203274,46185
238954,46185
163045,46185
70778,46185
235197,46185
228061,46185
209679,46184
40307,46183
14887,46182
34471,46182
271468,46182
144799,46182
31635,46182
262949,46182
163200,46182
98186,46181
292677,46181
269369,46181
35190,46181
268905,46181
22736,46181
181759,46181
9262,46180
289157,46180
170750,46180
10654,46179
48265,46179
192174,46178
44102,46178
264138,46178
199086,46178
203262,46177
241371,46177
223926,46177
292995,46176
249694,46176
255163,46176
27976,46176
54860,46176
219909,46175
289989,46175
70763,46175
178281,46175
89095,46175
127764,46175
55303,46174
23886,46174
168844,46174
149798,46173
127367,46173
204903,46172
102916,46172
291185,46172
155603,46171
3023,46171
122148,46171
178095,46170
193865,46170
283072,46169
66628,46169
38243,46169
224430,46169
385,46168
57455,46168
283573,46168
195039,46168
196407,46168
219696,46167
90301,46167
272832,46167
196103,46166
138103,46166
114442,46165
190693,46164
251260,46164
288181,46164
83092,46163
166247,46162
161113,46162
124482,46162
282338,46162
230031,46161
206592,46161
84171,46160
67792,46160
236952,46160
155779,46160
21768,46160
71381,46159
156493,46159
219432,46159
244455,46159
97558,46159
27060,46158
208463,46158
41834,46158
217760,46157
211366,46157
168892,46157
5257,46156
14471,46156
61631,46156
26251,46156
64769,46155
269859,46155
287020,46155
259695,46155
295124,46154
227678,46154
106011,46154
167788,46153
224115,46153
194528,46153
279405,46153
136355,46153
65675,46153
135995,46153
269767,46153
292695,46153
85161,46152
270004,46152
247900,46152
171186,46151
291103,46151
274989,46151
291587,46150
124446,46150
46602,46150
203390,46150
234021,46149
217918,46148
283009,46148
233807,46148
137997,46147
202618,46147
124267,46147
64840,46146
145405,46146
45445,46146
147583,46146
256793,46145
265615,46145
60092,46145
232302,46144
251124,46144
187404,46144
95384,46143
61486,46143
80328,46143
282787,46143
142701,46142
23248,46141
150159,46141
71237,46141
7175,46141
253489,46141
18288,46140
286290,46140
213614,46139
108456,46139
70896,46138
206274,46138
265030,46138
172921,46137
213555,46137
145073,46137
296315,46137
245919,46137
242375,46136
2129,46136
154456,46136
250761,46136
97196,46135
42103,46135
133392,46134
69955,46134
165457,46134
274444,46134
256304,46134
233644,46134
118089,46133
8725,46133
263309,46133
269532,46133
170424,46133
254476,46133
75758,46132
183965,46132
54334,46131
37819,46131
102798,46131
151967,46131
77566,46130
96825,46130
227151,46130
35585,46130
9103,46130
132550,46130
160271,46130
81325,46129
246840,46129
10463,46128
152994,46128
25932,46127
127813,46127
257600,46127
237950,46127
99453,46126
241230,46126
4243,46126
156970,46126
118523,46126
151725,46126
247,46125
53226,46125
148254,46124
238650,46124
31162,46123
188540,46123
167194,46123
190954,46123
5078,46123
109231,46123
111454,46122
212990,46122
24345,46121
191968,46121
279074,46121
121087,46121
16647,46121
61077,46120
280670,46120
95989,46120
84025,46120
288517,46119
127890,46119
163819,46119
284154,46118
129145,46118
206483,46118
289319,46117
40852,46117
250349,46117
209863,46117
9546,46116
38738,46116
200230,46115
154267,46115
121954,46114
168174,46114
263216,46114
117627,46114
211916,46113
118626,46112
49119,46112
162689,46112
290582,46112
154783,46112
36669,46111
55645,46111
102432,46111
176042,46111
49779,46110
79505,46110
172785,46110
190766,46109
205904,46108
128723,46107
286324,46107
31740,46107
179919,46107
91123,46107
161031,46106
229792,46106
117971,46106
240213,46106
264884,46106
114224,46105
169163,46105
185496,46105
222019,46105
171065,46105
22937,46105
12761,46104
3310,46104
58787,46103
214606,46103
46579,46102
14181,46102
70221,46102
289846,46102
237775,46102
190511,46102
279845,46102
230213,46101
285701,46100
252539,46100
28213,46100
214605,46100
271300,46099
261235,46099
182954,46098
122091,46098
251660,46098
290832,46097
74523,46097
155435,46097
285050,46096
272708,46096
212050,46096
271464,46096
26743,46095
274825,46095
8351,46095
265408,46094
185444,46094
23438,46094
28993,46094
220740,46094
60766,46094
100697,46094
19074,46094
237402,46094
276752,46094
41074,46093
121098,46093
39722,46093
189942,46092
252529,46092
183343,46092
45644,46092
113642,46091
286057,46091
293464,46091
9878,46091
202178,46090
129457,46090
7355,46090
262044,46089
36775,46089
219306,46089
32871,46089
168282,46089
41655,46088
183949,46088
29302,46087
107675,46087
7078,46087
269758,46087
232784,46087
295568,46086
24005,46086
266588,46086
275463,46085
202260,46085
181360,46084
83701,46084
229825,46084
125336,46083
261893,46083
138339,46083
248104,46083
229530,46083
192807,46083
172279,46082
281509,46082
193529,46081
51252,46081
262382,46081
174678,46081
213987,46081
34227,46080
214580,46080
179115,46080
146634,46079
138125,46079
153693,46079
229173,46078
287629,46078
71869,46078
15889,46078
265178,46078
80240,46077
220833,46077
211204,46075
125934,46074
99010,46073
245496,46073
22654,46073
240096,46073
12963,46072
289180,46071
241619,46071
115027,46070
276663,46070
71043,46070
292221,46070
135044,46069
18631,46069
15874,46068
26354,46068
285917,46068
146241,46068
152051,46067
99744,46066
165018,46066
262642,46065
148090,46065
182043,46065
296275,46064
235433,46064
29556,46063
170187,46063
264888,46062
196560,46061
97325,46061
263396,46060
132370,46060
113048,46059
150328,46059
207718,46058
291886,46058
267613,46058
254506,46057
168975,46057
201198,46057
280915,46057
247306,46057
88888,46057
86769,46056
275738,46056
51990,46055
115009,46055
178899,46054
124916,46054
126390,46054
133890,46054
267261,46054
85297,46053
160373,46053
6548,46053
77745,46052
171170,46052
269443,46052
256381,46051
100779,46051
264939,46051
46722,46051
39785,46051
153289,46051
16946,46050
4966,46050
38169,46049
180755,46049
275753,46049
16983,46049
237293,46049
139733,46049
250073,46048
187925,46048
133607,46048
202320,46048
156822,46048
272354,46048
292400,46047
187612,46047
29071,46047
179951,46047
240211,46046
155577,46046
254209,46046
256682,46046
177968,46046
236406,46046
37776,46045
10991,46044
254467,46044
15658,46044
1418,46044
179840,46043
72923,46043
73723,46043
137491,46043
39543,46043
284855,46042
247283,46042
263557,46042
208458,46042
85577,46041
66200,46041
227235,46041
123243,46040
69214,46040
66891,46040
77907,46039
3766,46039
241752,46039
13236,46039
64144,46039
213737,46038
93743,46038
93534,46037
190333,46037
197724,46037
282942,46037
180800,46037
200523,46037
10464,46037
69175,46035
218040,46034
221123,46034
24160,46034
4236,46034
56239,46034
121327,46034
134886,46034
200595,46034
63225,46033
189023,46033
23252,46033
177497,46033
54798,46033
279387,46033
238563,46032
218881,46032
28776,46032
134610,46031
215743,46031
219119,46031
113797,46031
201754,46031
281799,46031
68886,46030
100657,46030
21691,46030
284221,46030
116585,46030
260507,46030
278764,46029
138973,46028
218604,46028
115867,46028
172786,46027
164500,46025
43116,46025
224807,46025
40952,46025
33409,46024
10833,46023
5035,46023
56218,46023
27710,46022
162072,46022
131714,46022
162865,46022
18887,46021
3414,46021
242500,46020
162976,46020
253306,46020
14263,46019
13721,46019
186557,46019
152092,46019
282620,46019
35363,46019
186227,46019
85728,46019
197881,46018
209714,46018
158771,46018
256457,46017
21695,46017
40256,46017
166808,46017
85966,46017
91297,46017
57883,46016
237205,46016
225921,46016
152414,46016
296476,46015
25468,46015
280723,46014
209479,46014
150550,46014
71760,46014
34430,46013
14416,46012
149459,46012
239173,46012
262155,46011
219826,46011
68890,46011
30048,46011
20674,46010
244741,46010
262491,46009
25199,46009
54000,46009
91626,46009
243732,46008
99082,46008
252523,46008
121279,46007
143270,46007
54037,46007
171823,46007
114643,46007
239379,46007
239851,46007
8371,46006
3892,46006
96484,46006
84882,46005
267941,46005
18774,46005
9847,46005
58899,46004
294645,46004
201487,46004
290446,46004
110453,46004
13144,46004
276188,46004
223248,46003
79215,46003
11932,46003
86997,46003
211799,46001
209792,46001
108269,46001
44882,46001
46077,46000
395,46000
283260,46000
152958,46000
149741,46000
83537,46000
265410,45999
15179,45999
207401,45999
169663,45999
101624,45999
47380,45998
3436,45998
238784,45997
46818,45997
180225,45997
146184,45997
240144,45997
148646,45996
234749,45996
276603,45996
11034,45996
188380,45996
86358,45996
39470,45996
291011,45996
67900,45996
118542,45995
198591,45995
184746,45995
211249,45995
208173,45995
154385,45995
191289,45994
254792,45994
25577,45993
125576,45993
192021,45992
289546,45992
277789,45992
68387,45992
223481,45992
282719,45992
205826,45992
94091,45991
125724,45991
9671,45991
2285,45990
197654,45990
97512,45990
197094,45990
104810,45989
50435,45988
191316,45988
283985,45988
106998,45988
236256,45987
55919,45986
56780,45986
135475,45985
176509,45985
243967,45984
267930,45984
135423,45983
24202,45983
283272,45983
283736,45982
114006,45982
167271,45981
63721,45981
123106,45981
263756,45980
294420,45980
273962,45980
227202,45979
21912,45979
123180,45978
105184,45978
15465,45978
275462,45978
144699,45978
291166,45977
244896,45977
180612,45977
94264,45977
158282,45976
186529,45976
55692,45976
294539,45976
194689,45976
246159,45976
205417,45975
68734,45975
20323,45975
157990,45974
91595,45974
261899,45974
245611,45974
87231,45974
269335,45974
243119,45973
220713,45973
168929,45972
211429,45972
147450,45972
221940,45971
285919,45971
38870,45971
129373,45971
213785,45970
154666,45970
28489,45970
282233,45970
88761,45969
81914,45969
49696,45969
181909,45969
83752,45969
34948,45969
34657,45969
46298,45968
171572,45968
290314,45968
244831,45967
42745,45967
143275,45967
289800,45967
103337,45966
233892,45966
118820,45965
27678,45965
262267,45965
106873,45965
251064,45964
282452,45964
7882,45964
247658,45964
121594,45963
259529,45963
106856,45962
230287,45961
198878,45961
163166,45961
150062,45960
202007,45960
263639,45960
255231,45959
183625,45959
174919,45959
226543,45959
264222,45959
294036,45959
206553,45958
111891,45957
45874,45957
58127,45957
295220,45956
107705,45956
204258,45956
275951,45956
249030,45956
163295,45955
18172,45955
246284,45955
1002,45955
129773,45955
7259,45955
97592,45954
149202,45954
209900,45954
128998,45954
267847,45953
183006,45953
192497,45952
196100,45952
111851,45952
291915,45952
74814,45950
1327,45949
203821,45949
44244,45949
193094,45948
27819,45948
40801,45948
257786,45948
25138,45948
229863,45948
35325,45948
164067,45947
65972,45947
260608,45947
14531,45947
230273,45946
62854,45946
13602,45946
196156,45946
3592,45946
212976,45945
112480,45944
237049,45944
133271,45944
279018,45944
33220,45944
1054,45943
274034,45943
265538,45942
42079,45942
286176,45942
292292,45942
43446,45942
172607,45941
177992,45941
269241,45941
271772,45941
181515,45941
190712,45941
294027,45941
293122,45940
56665,45940
128557,45940
206388,45940
95890,45939
218345,45938
274867,45938
213511,45938
143648,45938
39140,45937
249676,45937
159909,45937
6858,45937
100954,45937
146162,45936
291962,45936
209978,45935
13235,45935
111086,45935
244977,45935
293847,45935
280105,45934
277788,45934
241211,45934
181062,45934
121822,45934
78976,45934
229471,45933
247949,45933
50429,45933
84770,45933
186696,45933
181770,45933
149714,45933
243570,45933
269619,45932
115959,45932
245072,45932
100427,45931
173737,45931
169097,45930
130244,45930
146301,45930
292721,45929
295438,45929
99121,45929
20463,45929
83155,45929
257321,45928
290076,45928
20881,45928
226988,45928
13058,45928
63005,45928
274546,45928
285998,45927
84632,45927
194560,45927
69885,45927
241317,45927
175225,45926
289065,45926
70864,45926
276283,45925
268435,45925
210957,45925
33337,45925
154681,45924
285430,45924
180931,45923
63900,45923
231622,45923
4363,45923
211174,45923
284725,45923
122147,45922
215384,45922
230806,45921
69400,45921
165475,45921
195366,45921
76001,45920
217948,45920
129008,45919
274938,45919
272348,45919
219060,45919
57629,45918
34315,45918
233076,45918
25056,45917
279156,45917
205007,45915
102182,45915
182144,45915
22253,45915
221700,45914
222975,45914
267771,45914
287183,45914
176000,45914
190696,45914
279535,45913
5463,45913
290469,45913
290356,45912
286878,45912
244682,45911
68446,45911
92667,45911
250056,45911
222405,45911
32797,45911
249957,45911
149162,45910
220173,45909
181356,45909
46556,45909
135106,45909
35925,45909
136476,45908
206424,45908
249284,45908
187253,45908
153744,45907
278874,45907
3398,45907
104479,45907
103225,45906
120885,45906
274474,45906
140348,45906
4603,45906
8245,45906
133509,45905
256837,45905
283530,45905
203953,45905
29520,45904
292551,45904
185850,45903
53599,45903
105994,45903
139852,45903
185362,45903
61914,45903
3196,45902
34769,45901
165678,45901
54520,45901
163398,45900
279990,45900
18858,45900
130302,45900
162498,45899
71235,45899
281845,45899
129338,45899
206818,45898
467,45898
274190,45898
88408,45898
8051,45898
185100,45898
242730,45898
165129,45897
46087,45897
59159,45897
293475,45897
11396,45897
36569,45896
123030,45896
25893,45896
291723,45896
214438,45895
61170,45895
68690,45894
134497,45894
216508,45894
25992,45893
259086,45893
295572,45893
245651,45893
288964,45893
105206,45893
4664,45892
289769,45892
142872,45892
252633,45892
265513,45891
213661,45891
139034,45891
183634,45891
283979,45890
201261,45890
14283,45890
271801,45889
184452,45889
156630,45889
286994,45888
203474,45888
277349,45888
41084,45887
72674,45887
223763,45887
134383,45887
142400,45887
122718,45885
279865,45885
99862,45885
193769,45885
205597,45884
212235,45884
23891,45884
274162,45884
33995,45883
176776,45883
212625,45883
187987,45883
252899,45883
288707,45883
207799,45883
279710,45883
23279,45883
37609,45883
228699,45882
60729,45882
137603,45881
90806,45881
232687,45881
247030,45881
294020,45881
258187,45881
271201,45881
45864,45880
50729,45880
146353,45880
288668,45880
277458,45880
204950,45879
225829,45878
230463,45877
168598,45877
25446,45877
277175,45876
125232,45876
118860,45876
165379,45876
194716,45875
218903,45875
209829,45875
196581,45875
181441,45875
204287,45875
258532,45874
58849,45874
234179,45874
284372,45873
210587,45873
10272,45873
140786,45873
114751,45873
291831,45873
211770,45872
292528,45872
288696,45872
165632,45872
294174,45871
200833,45871
2923,45871
16234,45871
285574,45871
173690,45870
54936,45870
291881,45870
134522,45870
239507,45869
135523,45869
61962,45869
214486,45869
9140,45868
248794,45868
269054,45868
9239,45867
100821,45867
192387,45866
254912,45866
245393,45866
295742,45866
14376,45866
177730,45865
42936,45865
236453,45865
253690,45865
40761,45864
52179,45864
218632,45864
192126,45864
135893,45864
113047,45864
178296,45863
227558,45863
229523,45863
237841,45863
240540,45862
176746,45862
274010,45861
45138,45861
156456,45861
20959,45861
169409,45861
241884,45860
189952,45860
190061,45860
102287,45860
52082,45860
66216,45860
242069,45859
39434,45859
183907,45859
230484,45859
214457,45859
227022,45858
28092,45858
267750,45857
200275,45857
24408,45857
79161,45857
24061,45857
13182,45856
229004,45856
55839,45856
178684,45856
125225,45855
219111,45855
267366,45855
286413,45854
268356,45854
166087,45854
192827,45854
194189,45854
153659,45854
167210,45854
238757,45853
21582,45853
49195,45853
265971,45852
96448,45852
207072,45852
27056,45852
9767,45852
116290,45852
176137,45851
21400,45851
96202,45851
237047,45851
286125,45850
244119,45850
162309,45850
103231,45850
16825,45850
91202,45849
50006,45849
230511,45849
293350,45849
21364,45849
210218,45849
196672,45848
187406,45848
163641,45847
135746,45847
5687,45847
174691,45847
229197,45846
107143,45846
232183,45846
287628,45845
294852,45845
253472,45844
253471,45844
233606,45843
244605,45843
185109,45843
296627,45842
290675,45842
6035,45842
246540,45842
154270,45841
122885,45841
47499,45841
79573,45841
257907,45840
224888,45840
146716,45840
249984,45840
67370,45840
199595,45839
266467,45839
247702,45839
210260,45839
260149,45839
231048,45838
161324,45838
13222,45838
274130,45838
112161,45838
23256,45838
242677,45838
115171,45838
228376,45838
164192,45838
98619,45838
252814,45837
43131,45837
283417,45837
289923,45837
196743,45837
121146,45837
284829,45836
147686,45836
295960,45836
274743,45836
128251,45836
197721,45836
162263,45836
13285,45835
145293,45835
293398,45834
11058,45834
67178,45834
287211,45834
221844,45833
27145,45833
163265,45833
187200,45833
228813,45833
210452,45833
181131,45832
4123,45832
61757,45831
264435,45830
10352,45830
290326,45830
233736,45830
152643,45830
113358,45830
161764,45829
199434,45829
75259,45828
182497,45828
106107,45828
294429,45828
221323,45827
129663,45827
279454,45827
213980,45826
295069,45826
34807,45826
207,45826
107502,45826
213110,45825
49628,45825
127870,45825
184547,45825
15395,45824
294857,45824
181762,45824
256217,45824
8887,45824
189014,45823
58481,45823
239606,45823
288851,45822
254879,45822
287477,45822
142617,45821
204090,45821
195137,45821
35809,45820
256264,45820
116944,45820
38429,45819
204548,45819
285715,45819
251607,45819
207025,45818
122976,45818
72919,45818
58137,45818
56146,45818
250043,45817
118289,45817
136200,45817
172233,45817
238626,45817
136865,45817
216524,45817
123284,45817
287256,45816
179708,45816
175943,45815
22638,45815
197614,45815
260188,45815
112043,45815
237451,45815
12979,45814
294488,45814
40794,45813
122432,45813
82262,45813
256692,45812
101588,45812
160885,45812
69659,45812
86070,45812
270070,45812
266296,45811
292015,45811
190609,45810
160202,45810
194623,45810
292682,45809
130498,45809
281582,45809
162131,45809
91108,45809
149481,45809
112978,45809
130669,45808
221865,45808
155258,45808
187795,45807
272769,45807
180191,45807
21207,45807
73528,45807
9621,45806
117534,45806
114495,45806
230456,45806
101847,45805
276698,45805
106974,45805
288792,45805
97692,45805
81478,45805
11163,45804
208280,45804
7847,45804
236873,45804
26223,45804
14945,45804
161098,45803
273133,45803
74996,45803
105902,45802
270313,45802
176300,45802
187460,45802
255634,45802
276917,45802
248009,45802
217338,45802
113899,45801
290619,45801
231053,45801
251154,45801
109866,45801
40387,45801
110827,45801
149639,45800
277895,45800
257812,45800
241496,45800
163139,45799
204055,45799
83435,45799
60248,45799
43397,45799
61908,45798
249750,45798
3873,45798
184290,45798
194636,45798
158209,45797
292961,45797
225418,45797
82169,45797
24649,45797
110862,45796
117143,45796
144516,45796
168256,45796
1072,45795
244220,45795
56428,45795
203283,45794
194573,45794
67278,45794
28657,45794
14622,45793
57671,45793
92344,45793
265917,45793
56723,45793
124100,45792
55969,45792
234243,45792
10491,45792
2610,45792
241956,45792
209395,45792
239048,45791
111447,45791
293278,45791
251899,45791
6071,45790
151559,45790
171772,45790
222808,45790
222213,45790
290147,45790
97837,45790
14718,45789
90705,45789
276222,45789
174719,45788
248198,45788
176221,45788
183790,45788
142607,45788
86629,45788
258235,45788
200678,45787
196278,45787
242512,45787
225635,45787
65840,45786
31918,45786
36347,45786
205896,45786
200741,45785
233787,45785
113195,45785
57867,45785
249333,45785
267901,45785
262668,45785
225037,45785
5049,45784
221483,45784
270267,45784
250402,45783
114932,45783
59701,45783
7850,45782
246078,45782
13002,45782
223436,45781
48129,45780
234475,45780
263404,45780
157564,45780
262639,45780
181413,45780
76177,45780
274390,45780
283387,45780
103466,45780
28454,45780
88994,45779
9033,45779
97667,45779
80523,45779
161202,45778
179881,45777
217353,45777
183092,45777
21647,45777
87898,45777
4356,45777
251689,45776
244794,45776
78642,45776
183400,45776
248712,45776
249325,45776
195589,45775
101561,45775
41864,45775
221438,45775
120782,45774
189242,45774
203588,45774
37583,45774
237641,45773
76250,45773
143800,45773
214171,45773
278142,45772
265794,45772
166229,45771
76350,45771
271509,45771
181861,45771
244730,45771
7907,45770
205123,45770
283695,45770
154900,45769
107393,45769
197761,45769
259087,45768
25736,45768
157514,45768
6818,45768
246629,45768
115482,45768
118691,45768
108982,45767
215636,45767
102104,45767
69836,45767
191675,45767
27369,45766
227100,45766
24311,45766
108186,45766
269934,45766
192013,45766
82054,45766
262812,45765
233485,45765
91762,45764
281178,45764
238783,45764
291242,45764
71840,45764
237924,45763
187844,45763
140968,45763
264841,45763
8125,45763
241184,45762
278344,45762
97621,45762
201655,45762
232919,45762
71054,45762
202831,45762
222061,45762
136418,45762
166544,45762
274310,45762
193303,45761
110772,45761
235845,45761
130712,45761
154259,45760
146127,45760
284605,45760
187500,45760
10576,45760
216798,45760
151108,45760
28089,45760
216035,45759
158826,45759
262529,45759
291213,45759
32664,45759
131719,45759
267195,45758
123699,45758
117821,45758
255685,45758
225367,45758
54238,45758
234293,45758
122033,45757
217243,45757
215311,45757
2401,45757
45283,45757
34869,45757
79383,45757
105858,45756
175899,45756
216966,45756
4386,45756
271776,45756
171721,45756
120414,45756
293817,45756
257183,45756
288633,45755
263434,45755
258915,45755
290132,45755
174698,45755
49916,45755
239485,45755
107859,45755
257640,45755
97935,45755
164154,45755
108823,45755
209464,45755
190366,45754
243442,45754
197707,45754
201379,45754
23942,45754
10696,45753
112800,45753
224338,45753
23037,45753
102213,45752
84468,45752
192033,45752
90609,45752
138248,45752
218313,45752
157048,45752
277716,45751
249889,45751
205741,45750
187697,45750
41656,45750
215235,45750
61282,45750
125048,45750
162778,45749
91227,45749
135264,45748
295213,45748
12516,45748
181873,45748
261085,45748
45024,45748
60817,45748
85304,45748
259492,45747
244468,45747
15230,45747
204436,45747
8823,45747
262823,45746
2767,45746
216886,45746
122356,45745
291893,45745
3435,45745
143021,45745
183372,45745
198608,45744
250161,45744
535,45744
249503,45743
72802,45743
144501,45743
60219,45743
280075,45743
138000,45743
259772,45742
119256,45742
128275,45742
174419,45742
236041,45742
244444,45742
7823,45742
226208,45741
86579,45741
276943,45740
1534,45740
64477,45740
276043,45740
279153,45740
236965,45740
112590,45739
239136,45739
262632,45739
276977,45739
136133,45739
42653,45739
248551,45739
232163,45739
274745,45739
134617,45738
249550,45738
269704,45738
229131,45737
28655,45737
263539,45737
228660,45737
268667,45737
212910,45737
63455,45737
296002,45736
130621,45736
113978,45736
291271,45736
267637,45736
154790,45735
140232,45735
285818,45735
38073,45734
179808,45734
26736,45734
26435,45734
209170,45734
76559,45734
203236,45734
102529,45733
27430,45733
187087,45733
267935,45732
184107,45732
84339,45732
126982,45732
273561,45732
232483,45732
4006,45731
98090,45731
23116,45731
106737,45731
17788,45731
217339,45731
242701,45731
206513,45730
292488,45730
171688,45730
243024,45729
217916,45729
23050,45729
294034,45729
160346,45729
57531,45729
103979,45729
72339,45729
215266,45729
270944,45728
32547,45728
17743,45728
136875,45728
236532,45728
145460,45728
46607,45727
186399,45727
226284,45727
271736,45727
255546,45726
254845,45726
146762,45726
134198,45726
104257,45726
27043,45726
142367,45726
40776,45726
206795,45726
28755,45725
247830,45725
201222,45725
265944,45725
258196,45724
185244,45724
172167,45724
32077,45724
139326,45723
38177,45723
41271,45723
53998,45723
97141,45723
130290,45723
252622,45723
251038,45723
150875,45723
244443,45722
2035,45722
253057,45722
214579,45721
172559,45721
242062,45721
252904,45721
154064,45720
179254,45720
33976,45720
287762,45720
204434,45719
176441,45719
156288,45719
224886,45718
185760,45718
109113,45718
136022,45718
171381,45718
129479,45717
279591,45717
189029,45717
269976,45717
230418,45717
106009,45717
58463,45716
282981,45716
183219,45716
157559,45716
117730,45716
234811,45715
203350,45715
141303,45715
278655,45715
84970,45715
41100,45715
96498,45714
156863,45714
188376,45714
54543,45713
188959,45713
204824,45713
153173,45713
165624,45713
105416,45713
175895,45713
49733,45713
174977,45713
97368,45713
87535,45713
8396,45713
239901,45712
156696,45712
226242,45712
205838,45711
197917,45711
12777,45711
247436,45711
12414,45710
154558,45710
228925,45710
60072,45710
120093,45710
278353,45710
144194,45710
196109,45710
267841,45709
179482,45709
231400,45708
15468,45708
168232,45708
212375,45708
287004,45708
51132,45707
85252,45707
121250,45707
295667,45707
42619,45707
80669,45707
135707,45707
159318,45707
163242,45706
144032,45706
211157,45706
1701,45706
258022,45706
110604,45705
288965,45705
127017,45705
219253,45704
263793,45704
176734,45704
270372,45704
36120,45704
154903,45704
64012,45704
232975,45704
228180,45704
257499,45704
281127,45703
273833,45703
43905,45703
28595,45703
290614,45703
257514,45703
195002,45703
121188,45703
210501,45702
278132,45702
264245,45702
68707,45701
280073,45701
38894,45701
55880,45701
31924,45700
50750,45700
244504,45700
99856,45700
284943,45700
244459,45700
132905,45700
27368,45700
217970,45699
233634,45699
201477,45699
296148,45699
95762,45699
186435,45698
292424,45698
17544,45698
181286,45698
267820,45698
76453,45698
177875,45698
243014,45698
174439,45697
67799,45697
77584,45697
83356,45697
236225,45697
192266,45697
278742,45696
191308,45696
155805,45696
231154,45696
13042,45695
171878,45695
293606,45695
268359,45695
247551,45695
260631,45694
183345,45694
24786,45694
204266,45694
191560,45694
212033,45694
59624,45693
243341,45693
168053,45693
26351,45693
294809,45693
235584,45692
270550,45692
211240,45692
112989,45692
252096,45692
47768,45691
143325,45691
264910,45691
149749,45691
12360,45691
198680,45691
90540,45690
259335,45690
30480,45690
195333,45690
176656,45689
155540,45689
57071,45689
160001,45689
139488,45689
260952,45689
280213,45689
119054,45689
60693,45688
59005,45688
65545,45688
242209,45688
190011,45688
229773,45688
47358,45687
272859,45686
99625,45686
277117,45685
57140,45685
204999,45685
195243,45685
193373,45685
167736,45685
174447,45685
141371,45685
179911,45685
268045,45685
244038,45685
235345,45684
161041,45684
190913,45684
170156,45684
141424,45683
27096,45683
64344,45683
246731,45683
160571,45683
271190,45682
234214,45682
121686,45682
182527,45682
221154,45682
41040,45681
196138,45681
181229,45681
206688,45681
236103,45680
153423,45680
224097,45680
53617,45680
63385,45680
222464,45680
292283,45680
287305,45679
81066,45679
232310,45679
5725,45679
265055,45679
174124,45678
270645,45678
121915,45678
283786,45678
17553,45677
198718,45677
218973,45677
151674,45677
185459,45677
256441,45677
49890,45676
156478,45676
156300,45676
120759,45676
54858,45676
238675,45676
235123,45675
228436,45675
29946,45675
141118,45674
224678,45674
248875,45674
215854,45673
225677,45673
44483,45673
534,45673
274293,45672
59654,45672
10461,45672
25907,45671
288408,45671
113880,45671
44105,45671
152758,45670
178171,45670
224571,45670
60149,45670
162918,45669
45664,45669
199518,45669
70581,45669
210337,45669
260365,45669
94204,45669
262558,45668
80063,45668
13903,45668
242049,45668
28255,45667
195610,45667
254697,45667
160311,45667
114580,45667
222844,45666
2289,45666
149002,45666
93813,45666
12969,45666
80454,45666
213279,45666
231511,45666
292323,45665
1409,45665
176283,45665
168853,45664
288020,45664
208196,45664
55628,45664
80763,45663
181649,45663
107783,45663
250240,45663
151409,45663
257397,45662
267001,45662
152533,45662
273127,45662
288929,45661
244705,45661
39626,45661
175807,45661
90555,45661
61261,45661
199546,45661
128339,45661
60479,45660
88664,45660
6271,45660
202944,45660
287424,45660
192064,45660
68294,45659
133897,45659
95643,45659
6257,45659
287449,45658
77143,45658
31187,45658
122588,45658
84760,45658
95569,45658
91314,45658
146370,45658
79713,45657
72504,45657
176962,45657
175133,45657
166066,45657
197990,45656
87784,45656
151081,45655
236507,45655
53802,45655
240959,45655
43110,45655
89176,45655
117108,45654
3625,45654
34092,45654
96887,45654
273419,45653
72936,45653
13518,45653
16026,45652
209912,45652
215868,45652
89733,45652
272334,45652
236357,45651
239133,45651
247675,45651
276864,45651
31312,45651
119783,45651
174471,45651
20263,45651
95677,45650
248181,45650
236675,45650
13678,45650
254382,45650
144803,45650
888,45650
117738,45649
26314,45649
96068,45649
47047,45649
157646,45649
214992,45649
222697,45649
178226,45648
22284,45648
115193,45648
72806,45648
50798,45648
180324,45648
192858,45648
225899,45647
206616,45647
29914,45647
204178,45647
114024,45647
35581,45646
121524,45646
177664,45646
168609,45646
208840,45645
83623,45645
252898,45645
271814,45645
222216,45644
175724,45644
283962,45644
161856,45644
57157,45644
25707,45643
236502,45643
131413,45643
225950,45643
204754,45642
7615,45642
160966,45642
275602,45642
36401,45642
216468,45642
264248,45642
57933,45642
193707,45641
110275,45641
144990,45641
112220,45641
287783,45641
153776,45641
188022,45641
161516,45641
222254,45641
243134,45640
79697,45640
180029,45640
185524,45640
