1424,100000
16222,53409
7068,52028
7421,51751
1679,51687
6350,51516
14422,51414
1772,51252
17108,50946
470,50608
3471,50492
346,50296
33469,50280
47575,50278
2154,50130
16402,50042
37883,50016
2328,49996
25098,49882
6630,49869
4267,49819
80140,49770
2492,49765
3825,49745
1840,49643
761,49642
17848,49626
978,49556
65864,49530
12816,49493
31471,49483
53912,49473
132855,49468
450,49425
9447,49421
21860,49386
34330,49348
26896,49261
26157,49246
15079,49207
34656,49203
744,49201
18037,49165
9505,49145
156755,49102
1445,49062
52344,49061
4239,49048
2467,49046
37628,49026
2689,49025
6965,48997
13428,48990
141948,48945
22542,48939
27431,48925
4157,48921
7220,48908
35552,48893
1767,48880
259212,48859
1869,48852
20204,48849
272564,48831
14996,48830
3285,48804
6687,48775
12727,48757
1912,48755
4995,48738
6665,48735
15618,48725
6216,48717
1722,48713
21632,48707
3572,48651
86779,48645
26186,48642
290343,48599
3665,48597
29529,48592
1291,48583
1760,48558
13208,48551
3558,48531
8057,48522
32577,48508
15364,48493
11681,48484
33597,48481
16101,48471
1469,48458
3600,48446
3232,48441
3252,48433
3610,48431
2207,48428
15345,48414
40015,48410
63012,48403
15234,48392
12431,48388
1811,48385
31841,48375
5085,48374
6902,48350
14735,48347
3264,48342
24187,48340
52757,48338
13722,48327
7781,48324
74138,48314
225148,48312
14703,48309
14874,48294
1633,48293
9978,48291
6985,48283
21294,48276
156957,48275
5614,48271
140449,48249
12855,48247
101467,48229
1280,48219
171175,48213
129980,48206
34842,48190
23754,48186
10715,48182
1619,48174
17795,48172
37338,48170
2226,48164
25684,48158
5754,48158
18895,48144
1477,48140
12415,48136
47035,48110
257135,48104
2067,48103
17443,48102
9149,48100
9540,48099
266088,48092
41744,48091
1444,48084
11340,48081
15646,48080
71027,48072
12502,48069
25001,48063
9725,48062
24369,48060
182846,48047
234691,48046
3042,48041
5069,48041
10382,48040
2625,48036
91505,48030
35619,48025
249759,48017
9414,48012
18273,47985
3767,47959
64791,47956
57777,47953
130893,47907
15332,47904
1035,47902
34072,47866
7455,47866
20825,47860
65516,47857
30423,47855
15847,47845
13521,47835
27753,47828
36822,47826
194929,47812
229011,47795
12684,47789
15962,47788
184639,47784
1705,47778
53049,47775
4526,47767
1430,47761
2030,47759
181038,47754
234191,47753
19926,47736
2711,47730
25698,47730
41175,47729
2275,47719
285916,47718
270714,47711
41206,47705
215369,47705
43008,47700
72653,47695
42475,47692
3328,47692
16837,47692
8429,47691
55294,47686
12562,47686
83274,47675
26611,47674
91830,47673
20144,47660
132029,47649
2662,47644
271328,47636
47906,47632
50301,47615
30948,47614
6419,47607
56705,47599
8420,47596
15838,47593
3405,47587
7257,47587
251700,47586
193979,47583
19675,47582
1894,47582
8567,47581
57074,47572
78462,47569
1084,47569
240615,47567
1255,47567
1140,47565
17608,47563
7262,47563
12628,47561
15703,47558
15301,47557
128130,47545
170736,47542
256541,47537
7197,47534
138337,47529
127275,47528
124493,47526
42700,47523
18476,47522
6811,47517
7848,47517
1970,47514
6621,47513
7074,47508
183552,47502
31545,47502
21746,47501
2015,47499
583,47491
4468,47491
52500,47485
43003,47484
255108,47479
13771,47472
135876,47467
10664,47466
915,47461
209248,47456
24111,47454
34863,47452
217379,47452
86808,47452
27797,47449
19803,47445
9676,47443
6872,47441
286858,47439
15065,47437
39718,47436
40047,47431
4224,47421
11256,47421
2786,47418
704,47417
11923,47415
7906,47413
250831,47411
2364,47398
87842,47398
61720,47398
36348,47387
10283,47383
41669,47381
176977,47381
7200,47378
3475,47378
151818,47378
151430,47373
293406,47373
26023,47372
71370,47369
253283,47369
8501,47363
192173,47363
3544,47362
233941,47348
7356,47346
11935,47346
174040,47342
718,47341
7871,47333
97700,47329
860,47327
26327,47327
229386,47322
208532,47316
43044,47314
10001,47313
22825,47311
3701,47303
289268,47302
46230,47302
6753,47293
24616,47288
4101,47284
4176,47270
30219,47269
36185,47261
13618,47258
55479,47257
4885,47257
9509,47255
183686,47251
3441,47250
3202,47244
12889,47243
6767,47242
51869,47241
316,47237
7495,47236
971,47232
22400,47228
11546,47228
61464,47226
17386,47226
213061,47226
3105,47225
191233,47214
24533,47214
58325,47211
8543,47208
6145,47208
37432,47207
1892,47206
17071,47206
11231,47191
248517,47184
240806,47183
5872,47183
61651,47179
4462,47176
18045,47168
51786,47166
90659,47166
5096,47164
177489,47159
115011,47158
97326,47157
10066,47154
218314,47151
29393,47148
78890,47146
1407,47140
7765,47140
11316,47138
25295,47135
3022,47132
17699,47132
815,47131
9703,47123
8210,47120
103369,47118
1532,47117
8018,47117
141361,47116
92669,47109
109640,47107
19400,47107
22824,47106
239282,47104
50302,47104
36486,47101
17143,47100
248274,47096
2823,47095
11943,47094
12192,47094
10456,47083
279447,47082
202492,47081
213284,47080
82441,47080
2444,47079
83983,47078
258870,47076
10293,47076
590,47072
8863,47068
6425,47066
249850,47062
3584,47061
3309,47060
292257,47058
202432,47057
119013,47055
273185,47051
126025,47051
216350,47049
36048,47048
4768,47042
8838,47038
3559,47038
13619,47037
7194,47037
60324,47036
221510,47036
1554,47035
86108,47033
110010,47026
7978,47024
9873,47020
27743,47018
81883,47017
14864,47017
72142,47017
67063,47013
155602,47010
45407,47008
177053,46999
199764,46998
1062,46996
295670,46990
23809,46989
31221,46986
175742,46986
291001,46981
23511,46979
32317,46978
6260,46976
250526,46974
211377,46963
260916,46962
4749,46962
8757,46962
5921,46961
29265,46961
131253,46958
15608,46957
157606,46957
5908,46956
181701,46956
130927,46952
78428,46952
18501,46948
7596,46945
700,46943
22561,46943
70961,46942
27517,46941
6179,46937
826,46937
5840,46935
3510,46935
652,46935
78219,46932
25811,46931
6948,46930
293790,46930
188736,46927
33645,46927
214048,46927
22071,46927
189697,46924
1646,46923
26845,46923
59704,46922
32689,46920
200991,46919
18881,46917
74605,46917
5142,46913
10303,46912
191119,46912
193296,46910
88553,46910
228662,46909
61073,46908
10775,46907
12679,46905
15181,46903
171958,46903
216,46902
77480,46901
16600,46899
277318,46899
91477,46896
180110,46891
263973,46890
163102,46890
208219,46886
118594,46884
604,46884
1194,46884
47062,46878
12455,46877
291541,46876
34615,46875
25212,46875
9637,46873
1085,46873
276710,46872
1108,46868
6291,46866
24806,46865
52856,46860
2845,46859
78272,46859
8059,46850
49224,46849
108585,46847
18362,46846
195810,46845
17724,46843
23716,46841
153892,46833
5859,46832
292883,46828
2976,46827
7827,46827
292468,46825
242714,46825
188507,46823
262223,46821
261867,46818
252296,46816
144357,46815
59414,46810
2026,46809
16195,46808
242549,46806
290925,46806
22843,46805
229024,46804
33344,46803
53645,46803
41029,46802
122217,46801
1958,46801
115822,46800
13692,46800
3889,46799
40465,46794
72312,46793
188659,46793
100141,46793
8460,46792
229726,46790
18519,46790
13224,46788
254037,46788
212974,46786
217005,46781
44326,46781
59134,46780
13884,46779
165188,46778
9248,46777
95963,46776
20820,46775
11310,46774
143431,46773
226410,46772
14269,46772
144569,46771
32267,46770
255227,46769
33552,46768
37896,46767
6242,46766
66563,46766
293132,46764
237182,46762
37113,46762
6790,46760
9705,46760
762,46759
6530,46759
6691,46758
228836,46755
13286,46755
7467,46753
5978,46752
12884,46750
50341,46749
265905,46743
245736,46741
13767,46739
140523,46738
37043,46734
29451,46732
65198,46732
1570,46728
158199,46728
15702,46724
26873,46722
124037,46718
16424,46716
9276,46715
202175,46712
92289,46710
15263,46710
11828,46709
5898,46708
91367,46708
71824,46707
35934,46705
241000,46702
4541,46701
48857,46700
9805,46700
32453,46700
28390,46695
249406,46694
572,46692
213191,46691
214329,46690
249819,46689
8232,46689
105082,46688
66131,46680
47222,46680
6650,46679
278426,46678
4198,46677
169454,46676
150068,46673
57974,46671
11356,46668
35873,46665
179665,46664
67075,46664
2360,46663
19891,46662
5417,46660
33826,46659
12026,46658
8710,46657
199459,46656
268667,46654
10242,46654
284775,46652
45688,46652
127129,46651
66545,46649
21328,46649
198732,46649
204252,46649
24265,46645
160802,46644
2799,46643
237138,46643
126748,46641
109901,46640
8883,46638
255935,46638
126,46638
256921,46636
27869,46635
19987,46635
194149,46633
20943,46631
8204,46631
10957,46630
5742,46630
204100,46630
1576,46628
265989,46625
11128,46623
141157,46623
3396,46623
38230,46622
19323,46621
121811,46620
38342,46620
29066,46619
208662,46619
32451,46618
263773,46615
17657,46615
230939,46615
70659,46615
6628,46613
15136,46612
1493,46612
29631,46609
9657,46608
242819,46605
2278,46604
11566,46603
145957,46597
14074,46596
252886,46595
104282,46595
201150,46594
18227,46594
284690,46593
3206,46593
38678,46592
26676,46591
102296,46591
16962,46590
244008,46589
250203,46588
202181,46588
27707,46588
150739,46587
233509,46584
974,46583
3537,46582
76107,46582
101223,46580
182227,46580
74640,46580
9407,46579
248662,46579
107442,46578
6892,46578
53420,46578
234209,46577
23600,46576
18614,46576
23055,46575
50355,46575
23909,46574
270750,46573
16821,46573
3374,46570
169390,46569
87870,46568
5850,46568
249731,46567
611,46566
267594,46566
150436,46565
293239,46561
9551,46561
94046,46560
53764,46559
17733,46558
81378,46558
12948,46558
229680,46557
67306,46553
39819,46553
9320,46553
10880,46552
58186,46552
2177,46550
289957,46550
36374,46548
121380,46547
12228,46545
135913,46545
2495,46544
180253,46543
115004,46543
233885,46540
55144,46539
31459,46534
101164,46533
274308,46532
279680,46532
79945,46531
264653,46530
15588,46530
215249,46530
83087,46529
2418,46529
290958,46527
279958,46527
15806,46526
16823,46526
290475,46525
280179,46525
24683,46524
79881,46522
18740,46522
11136,46522
162507,46520
2055,46518
270134,46517
53711,46517
3949,46517
274828,46516
269881,46514
171923,46514
144586,46513
2299,46513
18406,46512
6473,46506
117476,46506
11821,46506
53974,46505
21092,46504
203066,46504
6895,46504
226052,46504
9593,46503
129168,46503
55710,46502
66886,46501
152332,46501
213739,46500
196477,46499
278865,46498
100340,46496
2981,46492
22396,46492
1739,46491
972,46490
22781,46487
102034,46486
5352,46486
89404,46485
23535,46484
5363,46482
286752,46482
4437,46481
6910,46481
50901,46480
272363,46480
19107,46479
15431,46479
267094,46479
245145,46479
207385,46479
40240,46478
4291,46477
172231,46476
6605,46475
241138,46474
31588,46474
18102,46473
155367,46473
39174,46473
37108,46472
262653,46471
256007,46470
28059,46468
73195,46468
153828,46468
42076,46467
164193,46466
45783,46465
188544,46465
161326,46463
63968,46462
21884,46462
22022,46462
2136,46462
106181,46461
21381,46461
274836,46460
17499,46460
58217,46457
271780,46457
189381,46456
7837,46455
290749,46453
64066,46453
33641,46453
2292,46453
224668,46452
19561,46448
71877,46448
9928,46448
5365,46446
1535,46445
229522,46444
5937,46443
11955,46443
9400,46440
9399,46440
203154,46439
175835,46439
178700,46438
43107,46438
12892,46438
7814,46436
66350,46435
279035,46435
12590,46435
6140,46435
50682,46432
175884,46431
7303,46429
28210,46428
121861,46427
37471,46427
220922,46426
272968,46425
11299,46424
255203,46424
53470,46424
258301,46423
284041,46422
11430,46422
208931,46420
173705,46419
36210,46418
210689,46417
55126,46417
244,46416
244543,46414
85393,46414
3983,46414
87330,46412
74618,46411
54816,46408
157849,46408
9326,46408
236095,46408
32,46407
41881,46406
290498,46405
4325,46404
10424,46401
35587,46401
123960,46401
906,46400
7857,46399
40912,46399
210085,46399
56249,46398
3236,46397
19116,46395
275299,46395
46832,46394
281683,46394
35938,46393
229888,46393
281777,46393
1250,46392
4813,46391
87210,46391
229811,46387
4833,46387
293130,46386
15069,46385
6808,46384
195807,46383
265954,46383
196181,46383
226058,46382
230226,46379
174020,46376
9050,46376
247260,46376
6633,46376
7344,46376
32934,46374
290503,46374
263613,46373
6153,46373
224418,46371
46780,46371
4966,46371
88226,46370
84363,46370
9183,46369
10229,46368
37665,46368
208466,46367
3968,46367
10589,46366
155451,46366
218334,46366
256994,46366
49605,46366
10016,46366
30291,46365
17542,46364
698,46363
260493,46363
71592,46362
232844,46359
223332,46359
70206,46358
5534,46358
289948,46356
249655,46355
30729,46355
20797,46353
110099,46353
5838,46352
199356,46352
609,46350
87884,46350
12024,46350
76052,46349
285788,46349
3411,46348
16137,46348
28769,46348
28034,46346
1654,46345
140728,46344
40099,46343
9503,46342
69190,46342
145282,46342
8459,46341
371,46341
1796,46340
129370,46339
2824,46337
257889,46336
279864,46335
76592,46335
451,46335
97183,46334
26733,46333
6516,46332
1272,46331
273679,46330
171950,46329
166299,46328
265261,46327
39148,46327
104355,46324
3388,46323
60745,46323
268607,46322
22581,46322
111409,46322
98490,46321
275353,46320
157933,46320
15799,46319
157513,46319
283041,46319
91748,46319
16377,46316
83306,46316
6932,46315
124045,46315
3666,46315
113559,46314
218402,46313
7484,46312
277191,46311
287866,46310
2769,46309
43462,46306
194954,46305
225453,46303
2145,46303
12713,46301
178034,46300
45714,46300
49401,46299
218521,46299
187051,46299
29026,46298
13081,46296
19016,46296
116970,46296
188053,46296
293525,46295
286248,46292
12160,46291
48302,46291
305,46290
132044,46289
138074,46289
43634,46287
15172,46286
250134,46286
235998,46286
99309,46282
243829,46282
275629,46281
2566,46280
150990,46279
3474,46279
279125,46279
5893,46278
20035,46277
102982,46277
271101,46276
15680,46276
6398,46275
3237,46275
228900,46274
86081,46274
16512,46274
12057,46273
56390,46272
271477,46272
236138,46272
145135,46272
247052,46272
23867,46271
88352,46270
256072,46269
227344,46269
78517,46268
24198,46268
261480,46268
267218,46267
99643,46267
258877,46266
197569,46266
7753,46264
32481,46264
10152,46263
11105,46263
281677,46263
231110,46261
121452,46260
255587,46258
24652,46256
228009,46256
78179,46255
215630,46255
13578,46254
23291,46254
207910,46254
141676,46254
35039,46254
217125,46253
140355,46253
216723,46252
22975,46252
283238,46252
228450,46251
293310,46251
3732,46251
25982,46251
296559,46251
84498,46250
13052,46249
184623,46247
64850,46246
186825,46245
20093,46245
3897,46245
49629,46245
188209,46244
281301,46244
14216,46243
78623,46243
140556,46243
25986,46243
217993,46242
122212,46242
21152,46242
50249,46242
296558,46241
62388,46241
172986,46240
24648,46240
221976,46240
10270,46238
89376,46236
97619,46235
194015,46233
40564,46232
36772,46231
201651,46231
231907,46229
29911,46229
249280,46228
16380,46228
25705,46228
8025,46228
285360,46228
98998,46227
168251,46226
33837,46226
281490,46225
59378,46225
285846,46225
4671,46222
210372,46221
203876,46220
29688,46219
2739,46219
90571,46218
9848,46218
256416,46217
52555,46216
246165,46216
13019,46215
261344,46213
38985,46213
259359,46213
229802,46213
239973,46212
171205,46212
250431,46210
230262,46209
84137,46209
476,46208
201896,46207
26966,46206
60127,46205
296319,46205
268491,46204
2616,46204
290811,46204
15589,46204
19428,46204
57060,46202
188573,46202
88291,46202
235378,46202
14904,46200
31757,46199
117031,46199
225171,46198
8494,46198
135072,46197
17481,46197
232538,46197
5726,46196
240418,46196
217151,46196
165537,46196
26673,46195
263408,46195
1810,46194
23659,46194
289939,46193
156409,46193
68456,46192
1819,46192
71134,46192
46424,46191
13837,46191
33106,46191
214429,46190
259226,46190
388,46190
118088,46189
289666,46188
133948,46188
24016,46187
13460,46186
1620,46186
248382,46186
1524,46186
27718,46185
282221,46185
288915,46185
13717,46184
218342,46184
2971,46184
241680,46184
46310,46183
1462,46183
294037,46183
270871,46182
622,46182
113045,46182
267814,46181
9391,46180
213446,46180
93048,46180
275915,46179
193603,46178
61748,46178
221570,46178
53838,46177
215641,46177
277383,46177
279100,46177
264316,46176
269237,46175
101220,46175
129863,46175
139349,46175
127626,46174
87697,46174
13355,46173
291298,46172
7198,46172
23305,46172
2721,46172
11647,46171
80729,46170
198280,46169
25723,46167
25265,46167
1012,46167
141998,46167
194682,46167
78359,46166
1165,46166
3384,46166
268598,46166
218330,46165
17960,46165
179281,46165
286425,46164
10170,46163
7075,46162
12152,46162
236009,46162
233187,46161
13912,46159
7012,46159
90077,46159
233527,46159
258384,46158
56953,46158
201126,46158
9305,46157
230838,46157
6001,46156
123998,46155
62814,46154
47787,46154
37272,46153
23006,46153
227205,46152
243343,46152
41421,46151
272391,46151
285791,46149
139666,46149
255243,46149
168802,46148
57804,46148
102766,46147
153384,46147
100280,46147
30318,46147
9783,46146
7800,46146
23004,46144
242072,46144
87414,46144
229837,46143
103114,46142
9695,46140
249659,46140
264833,46138
54070,46138
194480,46137
239047,46137
177844,46136
150230,46136
154281,46136
43908,46135
208894,46135
239314,46134
203738,46134
6426,46133
38625,46133
252642,46133
89143,46133
78522,46132
129702,46131
242930,46131
49259,46131
28702,46131
7745,46130
180370,46130
17306,46130
26815,46129
11347,46129
2002,46128
175649,46127
1145,46127
15011,46127
218117,46127
269093,46126
239131,46125
90096,46125
274318,46125
55397,46125
3434,46124
38053,46123
201121,46123
278451,46123
1155,46122
24327,46122
15931,46122
141339,46122
28751,46121
3641,46121
42820,46121
242086,46121
101492,46121
122565,46120
202022,46119
4726,46119
94823,46118
84717,46118
255911,46117
32298,46117
18034,46116
362,46115
269741,46115
79961,46114
12076,46114
73668,46114
91131,46113
12927,46113
15476,46113
30170,46112
170095,46112
168648,46112
209569,46111
204192,46110
164335,46110
249025,46109
171500,46109
64775,46109
7796,46108
271050,46107
82392,46107
71632,46107
209953,46106
296291,46106
98355,46106
13314,46106
287560,46106
7654,46105
935,46104
144722,46104
18177,46103
226068,46102
251528,46101
194289,46101
287123,46100
11536,46099
14711,46099
973,46099
164802,46098
279217,46097
34477,46096
166280,46096
125765,46096
3393,46096
18997,46096
113911,46095
242829,46095
21139,46095
223418,46094
285857,46093
154825,46093
62673,46092
28250,46091
201385,46090
3602,46089
261734,46089
45162,46089
273420,46087
47022,46087
6121,46087
231741,46086
150604,46086
180430,46085
233391,46085
251168,46085
176256,46085
1216,46085
252449,46084
130356,46084
232376,46084
20301,46082
192582,46082
46548,46082
268540,46082
48727,46081
295254,46080
1913,46079
266819,46079
203516,46078
222770,46077
7204,46077
183399,46076
64148,46075
261592,46075
154240,46075
1873,46075
243932,46074
18525,46073
18802,46072
210445,46071
253295,46070
206324,46069
242646,46069
3399,46069
37675,46069
70359,46068
13582,46068
438,46068
122092,46068
226538,46068
294276,46067
271920,46067
292133,46066
2832,46066
246042,46066
2688,46065
100266,46064
142816,46063
266770,46062
161478,46061
4467,46060
37703,46060
286562,46059
907,46059
75741,46058
12520,46058
127648,46058
221422,46057
211403,46056
280202,46056
28903,46056
272031,46056
279172,46056
294927,46055
51533,46054
92624,46053
148441,46053
268252,46052
251883,46052
36426,46050
46743,46050
256991,46050
171698,46050
83925,46049
199249,46049
10453,46048
21822,46048
162409,46047
185042,46047
123799,46047
123824,46046
169926,46046
293435,46045
288718,46045
28507,46045
67845,46044
269458,46044
15533,46044
239970,46042
283157,46042
150248,46042
204874,46042
14948,46041
83526,46041
189379,46041
26260,46041
221969,46041
285317,46041
168549,46040
287728,46040
263581,46040
44843,46038
294088,46038
261896,46038
180827,46037
241159,46037
245158,46036
273287,46035
270351,46035
4167,46035
9955,46035
174972,46035
947,46034
2922,46034
180507,46034
2851,46034
278563,46034
3911,46033
1736,46033
146103,46032
10495,46032
5047,46032
288948,46031
67604,46031
6039,46030
4577,46030
235498,46029
204477,46029
179061,46029
51888,46028
157664,46028
107269,46028
71369,46027
153158,46027
8864,46027
17630,46026
30976,46025
134453,46025
189639,46025
70473,46024
6100,46024
25065,46024
12956,46023
25613,46023
294340,46023
1987,46023
31376,46022
32814,46022
45350,46022
279697,46021
258493,46021
89983,46021
10325,46021
193,46020
294864,46020
221478,46020
87507,46020
10035,46019
270885,46018
186066,46017
44590,46017
46506,46017
232038,46017
5749,46017
348,46017
290180,46017
288764,46016
189322,46016
34677,46016
259865,46015
191241,46015
274842,46015
73679,46015
1693,46015
19930,46014
225450,46014
68490,46014
64303,46014
172381,46013
11646,46012
296539,46011
8054,46011
129796,46011
216749,46011
855,46011
233193,46009
118234,46009
294012,46009
4915,46009
2279,46009
284884,46009
181840,46009
4039,46008
139097,46008
38947,46008
258412,46008
54317,46008
158038,46007
257288,46007
260157,46007
210166,46007
4977,46006
29255,46006
233520,46006
228254,46005
288770,46004
285019,46004
112271,46004
7408,46004
163491,46004
86226,46004
98036,46003
271939,46002
1036,46002
169067,46001
125928,46001
88449,46001
6274,46000
80545,46000
233288,46000
31410,45999
4642,45998
142564,45998
219910,45998
2331,45997
9310,45996
2463,45996
154443,45996
102187,45996
67253,45995
33441,45994
58449,45994
162371,45994
185997,45993
133802,45993
175082,45992
144469,45992
161321,45991
23630,45990
4486,45990
16511,45989
197802,45988
271051,45988
214050,45988
36392,45987
277217,45987
36703,45987
293173,45987
1861,45986
2116,45986
117126,45986
150648,45986
60313,45986
32877,45984
135365,45983
221146,45982
39714,45982
146793,45981
266124,45981
6079,45981
5613,45981
220422,45980
18147,45980
271472,45980
29515,45979
1158,45979
292102,45978
370,45978
46026,45978
1290,45978
5569,45977
8635,45976
202028,45976
9291,45976
216444,45976
241519,45975
22932,45974
10370,45974
18597,45974
74857,45974
251176,45974
235003,45973
93591,45973
27208,45972
58062,45972
204892,45972
101547,45971
60369,45971
1875,45971
197903,45971
292270,45970
121581,45969
274851,45968
211339,45968
33408,45968
105751,45968
23108,45967
184132,45967
164005,45967
219796,45967
42153,45966
128194,45966
13187,45966
5293,45966
10502,45965
158071,45965
266054,45965
14184,45964
28607,45964
178775,45964
258473,45964
86310,45963
10102,45962
295865,45962
271313,45961
42682,45961
58404,45961
14419,45960
11699,45960
245360,45959
7278,45958
9152,45958
237536,45957
275147,45957
228346,45956
156933,45955
1604,45955
157780,45954
11304,45954
233400,45952
151076,45952
192389,45952
238691,45952
83583,45951
277557,45950
77180,45950
21330,45950
104886,45950
195682,45950
79588,45950
195345,45950
239615,45949
115375,45949
282885,45948
168149,45948
255290,45948
285426,45947
291443,45946
21307,45946
30332,45946
62365,45946
232384,45945
93795,45945
5448,45945
18926,45944
1434,45944
246400,45944
138543,45944
23217,45944
263233,45943
7082,45943
27802,45942
18136,45942
58866,45942
217774,45941
12950,45941
98704,45941
261697,45941
252541,45941
45179,45941
14575,45941
130582,45939
141305,45939
275711,45938
44030,45938
121252,45938
273621,45937
95935,45937
248034,45937
246108,45937
247338,45936
207259,45936
204310,45935
296280,45935
135292,45935
100431,45935
12622,45934
3108,45933
173873,45932
97904,45932
120020,45932
169929,45932
152941,45931
289019,45931
180571,45930
173867,45930
269969,45929
259281,45928
272795,45928
136988,45928
38767,45928
67268,45928
15305,45927
96323,45926
99555,45926
250563,45926
143897,45926
8960,45926
240325,45926
246403,45926
192954,45926
190992,45925
280810,45925
166068,45925
51605,45925
279260,45924
16436,45924
30002,45924
280572,45923
50764,45923
276735,45923
701,45923
290496,45923
165992,45922
2746,45922
15258,45922
261366,45919
233029,45919
91877,45919
45879,45918
14297,45918
181832,45918
2752,45917
206901,45917
6968,45916
285436,45916
53193,45916
20294,45916
269205,45915
266835,45915
35174,45915
91733,45915
124862,45914
240903,45914
128173,45913
174127,45913
244642,45912
265330,45910
140848,45910
15816,45910
279422,45910
219016,45909
257194,45909
50191,45909
18115,45909
40016,45909
252491,45908
200349,45908
5946,45908
234009,45908
58567,45908
121595,45907
227126,45907
31687,45906
8337,45906
11602,45906
277144,45906
188317,45905
11023,45905
237721,45905
53360,45905
98563,45904
4225,45904
18849,45903
257478,45903
16613,45902
98720,45902
284540,45902
135509,45902
9964,45902
8233,45902
2631,45901
290881,45901
110678,45901
137241,45901
27813,45900
5407,45900
145877,45900
255658,45900
186964,45900
4202,45899
54471,45899
109966,45899
99994,45898
294301,45898
184883,45898
82681,45897
139228,45897
248855,45897
122586,45896
15492,45896
255070,45895
6984,45895
285112,45895
155609,45895
10988,45895
66047,45895
277546,45894
283669,45894
16733,45893
187734,45893
226421,45893
3589,45892
104427,45892
52891,45892
193919,45892
271808,45892
173722,45892
226317,45892
101630,45891
158583,45890
40552,45890
27074,45890
131849,45890
109597,45890
14247,45889
185043,45889
3894,45889
287952,45889
59529,45889
132950,45888
208299,45888
280011,45888
290831,45887
200330,45887
93197,45887
125034,45886
4236,45886
73938,45886
12052,45886
19961,45885
131610,45885
194841,45885
247689,45884
257113,45884
11364,45883
271286,45883
181914,45883
252982,45883
78692,45882
26597,45882
23567,45882
8834,45881
277697,45881
48802,45881
3020,45881
13983,45881
23150,45881
8679,45881
187146,45880
157484,45879
136569,45879
98296,45879
10033,45879
154306,45879
23349,45879
291658,45879
246080,45878
266740,45878
75419,45878
41139,45878
15460,45877
287038,45877
280072,45877
21170,45877
44952,45877
21642,45876
210079,45876
13982,45876
28170,45876
17077,45876
230938,45875
221773,45875
2294,45875
27125,45875
219007,45874
223630,45874
30341,45874
32423,45873
96633,45873
26110,45872
145058,45871
47698,45871
273328,45871
265148,45871
231338,45871
236886,45871
146247,45871
39430,45871
287184,45870
15780,45870
171453,45869
214251,45869
8101,45869
142420,45869
252441,45869
21655,45869
4348,45868
15762,45868
293201,45868
92007,45868
272583,45867
103305,45867
21571,45866
259289,45866
179008,45866
74872,45865
279938,45865
43371,45864
75902,45864
112087,45863
148021,45863
265596,45862
4705,45861
6181,45860
71702,45860
16562,45859
284126,45859
278135,45858
81273,45858
287368,45858
242068,45858
287358,45857
190854,45857
39113,45856
232809,45856
111595,45856
168244,45855
241596,45854
80827,45854
72262,45854
282780,45854
145902,45854
66303,45853
259211,45853
168622,45853
7741,45853
219756,45852
228301,45852
260710,45852
236908,45851
198763,45850
7346,45850
260377,45850
167167,45849
13362,45849
264891,45849
279693,45849
90272,45848
3530,45848
129737,45848
262471,45848
47790,45847
168448,45847
191249,45847
42228,45846
9849,45846
4675,45846
281256,45845
291811,45845
264141,45845
262663,45845
271341,45845
101518,45844
198725,45843
51111,45843
206950,45843
284739,45842
160355,45841
212210,45841
96587,45841
6580,45840
233394,45839
242484,45839
236314,45838
27183,45838
116507,45837
235535,45837
127494,45837
271291,45837
108318,45837
233693,45837
137080,45836
102423,45836
172337,45836
150132,45835
14177,45835
7834,45835
4073,45835
773,45835
249488,45835
213865,45835
121666,45834
235280,45834
164603,45833
36797,45833
103998,45833
232254,45833
229089,45832
269251,45832
285027,45831
234685,45831
274863,45831
145807,45830
177949,45830
287579,45830
292055,45830
211079,45829
43596,45829
246492,45828
6311,45828
1671,45828
256510,45828
72705,45827
120879,45827
10029,45827
223728,45827
3789,45827
235919,45826
254543,45826
124109,45826
217787,45826
60629,45826
14760,45826
21513,45825
152129,45825
675,45825
45494,45825
278962,45825
279985,45825
51954,45824
194706,45824
285346,45824
34946,45824
91690,45824
237150,45824
25539,45823
3822,45823
190457,45823
274907,45822
47887,45822
236805,45822
220614,45822
267586,45821
266067,45821
182703,45821
84759,45821
296495,45821
186739,45820
69816,45820
208922,45820
257713,45819
202454,45819
213128,45818
44229,45817
251520,45817
14652,45817
107278,45817
29710,45816
47017,45816
281573,45816
52900,45815
148312,45815
33376,45815
117901,45815
18499,45814
214984,45814
70550,45813
288253,45812
6134,45812
110972,45812
203015,45812
16254,45812
238103,45812
243254,45812
197460,45811
116984,45811
210749,45811
5689,45811
63124,45811
279439,45811
234148,45811
273,45810
47852,45810
981,45809
104766,45809
270913,45809
164912,45809
64528,45809
45156,45808
6889,45808
200886,45808
246982,45807
197833,45807
239564,45806
149975,45806
291992,45806
227819,45806
223822,45805
290714,45805
290628,45805
210658,45805
268100,45805
34951,45804
71120,45804
8925,45804
15435,45803
210210,45803
273176,45803
34791,45802
176429,45802
285634,45802
271663,45801
18745,45801
165508,45801
1191,45800
146746,45800
293141,45800
68878,45800
124358,45799
22791,45799
59093,45799
6906,45798
101093,45798
213346,45798
197617,45798
1329,45797
163856,45796
286182,45796
132645,45796
270479,45796
195215,45796
36751,45795
160243,45795
38667,45794
55401,45794
159484,45794
194660,45794
121758,45794
70048,45793
287802,45792
79098,45792
218760,45792
264181,45792
119834,45792
37327,45791
296165,45791
224524,45791
208993,45791
57776,45791
257914,45791
2291,45790
56599,45790
156828,45790
15626,45790
175802,45790
4746,45790
27830,45790
224602,45789
192726,45789
75501,45789
202854,45789
269939,45789
59211,45787
149143,45787
8688,45787
26142,45787
151351,45787
249119,45787
193327,45786
250691,45786
294908,45786
223026,45786
213709,45786
78742,45785
242205,45785
4997,45784
253225,45784
1528,45784
295261,45784
227859,45783
4906,45783
288942,45783
163085,45783
32009,45783
207476,45782
132729,45781
216777,45781
129739,45781
220386,45781
11459,45780
185574,45780
129170,45780
192547,45779
53720,45779
235733,45779
268911,45779
50597,45779
113684,45778
192797,45777
119903,45777
165771,45777
168187,45777
85045,45777
45457,45776
21828,45776
277572,45775
195100,45775
215997,45775
68809,45775
16115,45775
192088,45775
222840,45775
20613,45775
59303,45774
37190,45774
269010,45774
209768,45774
12352,45774
132030,45773
254854,45772
2513,45772
214784,45772
199223,45772
50691,45771
18627,45771
22383,45771
13550,45771
143451,45771
197854,45771
23608,45770
26485,45770
262268,45770
265570,45770
14391,45770
167472,45769
49985,45769
290112,45769
220537,45769
192456,45768
24807,45768
203852,45768
11394,45767
1552,45767
70998,45767
229401,45767
72100,45767
140567,45767
27747,45766
41831,45766
228344,45766
124980,45766
237061,45766
247643,45765
14591,45765
63666,45765
6676,45764
16214,45764
183091,45764
241301,45764
274101,45764
158662,45764
256227,45764
176931,45764
68790,45763
64054,45763
139473,45763
205714,45762
172306,45762
186213,45762
8971,45761
257407,45761
200642,45761
56103,45760
279024,45760
97042,45759
232241,45758
268798,45758
51122,45758
116825,45758
261078,45758
88473,45758
238269,45758
254139,45757
2241,45757
275821,45757
139164,45757
262624,45757
295340,45757
289754,45756
201709,45756
58520,45756
232835,45756
228102,45756
128094,45755
226841,45755
13032,45755
224318,45755
234448,45755
26813,45754
1004,45754
51027,45754
187076,45753
250474,45753
276647,45752
146291,45752
292732,45752
204806,45752
284107,45752
146024,45751
55470,45751
240709,45751
45633,45751
102604,45751
224521,45751
42596,45751
169765,45750
7521,45750
161235,45750
288018,45750
142085,45749
5205,45749
224164,45748
200449,45748
147800,45748
289564,45747
53671,45747
3598,45747
11106,45747
283,45746
1943,45746
271049,45746
9005,45745
130779,45745
149294,45745
142317,45744
191124,45744
73362,45744
228182,45744
55059,45744
234628,45744
20770,45743
5724,45743
258407,45743
2259,45742
127957,45742
14225,45741
20903,45741
186276,45741
1594,45741
64190,45741
21316,45741
294963,45741
218537,45740
14661,45740
137077,45740
70512,45739
1458,45739
222913,45739
290739,45739
240435,45739
227400,45738
269370,45738
261677,45738
6178,45737
227250,45737
158620,45737
279924,45737
91997,45737
274934,45736
5587,45736
138959,45736
245812,45736
76772,45736
62898,45735
74830,45735
102938,45735
165044,45735
1563,45735
258892,45735
32291,45735
87922,45735
112851,45735
146055,45735
146655,45734
231879,45734
119651,45734
249986,45734
26551,45733
20365,45733
130200,45733
213955,45733
212404,45733
34583,45733
218971,45733
166625,45733
36616,45733
12606,45733
22985,45732
1770,45732
9317,45732
38642,45731
77010,45730
11198,45730
162659,45729
127710,45729
102258,45729
24162,45728
135961,45728
161413,45728
240822,45728
161492,45728
260567,45728
279789,45727
45678,45727
150875,45727
264837,45726
254211,45726
15191,45726
195986,45725
249026,45725
280403,45725
37772,45724
209047,45724
240941,45724
62005,45724
162971,45724
282608,45724
35183,45724
149575,45723
218824,45723
131699,45722
222191,45722
217063,45722
273663,45722
210124,45722
250386,45721
289445,45721
107744,45721
3709,45721
197533,45721
46205,45721
3389,45721
279759,45720
16177,45720
287991,45720
289321,45720
12236,45719
282878,45719
102318,45719
39530,45719
161630,45718
39082,45718
6607,45718
269058,45718
183057,45718
139153,45718
14655,45718
18853,45717
5405,45717
304,45717
85263,45717
15896,45717
224793,45717
27788,45716
125763,45716
216603,45716
283149,45716
219654,45716
7651,45715
5358,45715
286723,45715
129047,45715
218347,45714
223251,45713
135028,45713
263204,45712
248702,45712
258322,45711
258939,45711
259256,45711
221829,45710
36876,45710
27983,45709
288607,45709
109109,45709
155322,45709
82702,45708
208771,45708
288567,45708
90393,45708
256519,45708
167112,45707
283012,45707
20364,45707
12158,45707
64414,45707
35340,45707
248743,45706
182558,45706
148744,45706
86957,45706
12705,45706
14841,45706
186920,45705
14207,45705
215328,45705
251746,45704
284268,45704
46479,45704
86083,45703
69329,45703
20489,45703
275101,45703
285805,45702
185346,45702
86740,45702
196981,45702
65924,45702
7594,45702
262552,45701
269047,45701
250607,45701
52139,45700
212940,45700
31678,45699
201488,45699
113795,45699
111876,45699
21067,45698
227982,45698
285105,45697
44694,45697
286862,45697
252100,45696
26764,45696
243610,45695
291406,45695
293109,45695
30019,45695
281286,45694
250865,45694
117384,45694
208433,45694
179,45693
9478,45693
14130,45693
99628,45693
212800,45693
26523,45693
27422,45692
253120,45692
499,45692
112428,45691
233747,45691
67875,45690
79702,45690
174868,45690
53582,45690
91639,45689
115393,45688
79412,45688
97438,45688
18387,45687
175950,45687
292225,45687
222973,45687
277379,45686
242768,45686
214395,45686
289253,45686
60872,45686
170036,45686
168099,45686
10266,45686
248917,45686
52702,45685
278478,45685
252792,45685
11357,45685
14784,45685
90174,45685
237507,45684
257217,45684
274466,45684
20675,45684
18622,45684
185926,45683
290465,45683
214015,45682
213881,45682
81034,45682
3256,45682
254009,45682
96067,45682
248613,45681
175045,45681
1870,45681
139454,45680
13360,45679
89759,45679
236189,45679
6184,45679
147632,45679
287818,45679
500,45679
55188,45679
154241,45678
271243,45678
12114,45678
197355,45678
179745,45678
32077,45678
106577,45677
20390,45677
9458,45677
3847,45677
197522,45677
240848,45677
98138,45677
244887,45677
42451,45676
275993,45676
186554,45676
295368,45676
51626,45676
295115,45676
30069,45676
46755,45675
271861,45675
199608,45675
232455,45675
25954,45675
114346,45675
185991,45674
26879,45674
169543,45674
205709,45674
276482,45674
101709,45674
108396,45673
161569,45673
279161,45673
17310,45673
255144,45672
259659,45672
134392,45672
146677,45671
643,45671
146411,45671
291010,45671
88253,45671
240928,45671
170876,45671
223862,45671
11383,45671
59094,45670
238506,45670
50877,45670
292967,45670
47960,45670
10193,45669
185745,45669
33085,45668
39669,45668
266631,45668
90490,45668
119376,45668
946,45667
214422,45667
59311,45667
246758,45667
231471,45667
291956,45666
115135,45666
102255,45666
62459,45666
147971,45666
292723,45665
152797,45665
166692,45665
261875,45664
219684,45664
19200,45664
196245,45664
59587,45664
255646,45664
71181,45664
38294,45664
189236,45663
180637,45663
137838,45663
33733,45663
237503,45663
55564,45663
2137,45663
1040,45662
42344,45662
132072,45662
274294,45662
144732,45662
112846,45662
170035,45662
33248,45661
207574,45661
295910,45661
69045,45661
235388,45661
230988,45660
202993,45660
289828,45660
210424,45660
106178,45659
162598,45659
231783,45659
22759,45659
218339,45659
47632,45659
5585,45659
87256,45658
143248,45658
251541,45657
42526,45657
158841,45657
16235,45656
279824,45656
257305,45656
3197,45656
5097,45655
136762,45655
191380,45655
210572,45655
108571,45655
290143,45655
203906,45654
34593,45654
112650,45654
31037,45654
16485,45654
288517,45654
250789,45654
149336,45654
132369,45654
150520,45653
184777,45653
283780,45653
31551,45653
293259,45652
188333,45652
24005,45652
296093,45652
292784,45652
261223,45652
110867,45652
30639,45651
289191,45651
215335,45651
206052,45651
138660,45651
59557,45650
141338,45650
283289,45650
123367,45649
94265,45649
247587,45649
6424,45649
4014,45649
175833,45649
195729,45648
217262,45648
287522,45648
263548,45648
6206,45647
20325,45647
245950,45647
240775,45646
175543,45646
241793,45646
122622,45645
25151,45645
234200,45645
291961,45645
1601,45644
231502,45643
196789,45643
273732,45643
269848,45643
3819,45643
25720,45642
223993,45641
273519,45641
248271,45641
1800,45641
291802,45641
67750,45641
47121,45641
240401,45640
60124,45640
10071,45640
14414,45640
63006,45640
86254,45639
78912,45639
258209,45639
194874,45639
94068,45639
148480,45638
197527,45638
285389,45638
18146,45638
18446,45638
9970,45637
25623,45637
32701,45637
259631,45637
143484,45637
211480,45636
204473,45636
15701,45636
234704,45635
222057,45635
236233,45635
193088,45635
206310,45635
120269,45634
142670,45634
14332,45634
840,45633
296489,45633
248559,45633
131664,45633
15584,45633
75866,45633
152904,45632
92177,45632
195704,45631
220976,45631
17091,45631
103059,45631
272529,45631
210490,45631
198449,45630
296077,45630
238645,45629
94482,45629
7637,45629
43949,45629
29815,45629
188364,45629
227391,45629
244079,45629
212503,45629
278450,45628
4996,45628
14999,45628
293962,45628
13312,45628
285179,45627
236279,45627
8246,45627
286118,45626
15117,45626
233779,45626
7305,45626
97977,45626
279150,45626
292464,45626
53295,45626
287461,45625
231176,45625
5148,45625
201287,45625
209494,45625
184844,45625
127712,45624
223660,45624
27227,45624
45147,45624
6627,45624
74166,45624
90874,45623
17301,45623
26467,45623
2159,45623
83918,45622
2164,45622
1095,45622
185623,45621
261632,45621
188437,45621
186269,45621
271151,45621
136943,45621
213665,45621
191996,45620
289751,45620
186191,45620
45501,45620
253865,45620
1317,45619
195231,45619
12895,45619
90619,45618
286303,45618
223970,45618
279913,45617
71512,45617
258726,45617
149359,45617
193278,45616
49788,45615
1289,45615
4814,45615
26998,45614
166184,45614
46525,45614
276766,45614
262303,45614
293585,45614
235375,45614
151869,45613
250547,45613
295309,45612
53872,45612
39179,45612
25050,45612
63976,45612
31063,45612
266475,45612
9251,45612
269544,45611
24017,45611
168563,45611
190147,45611
159454,45611
244821,45611
185864,45611
187312,45611
236195,45610
38376,45610
272215,45610
277571,45610
62587,45609
211764,45609
9352,45609
229006,45609
247594,45608
68342,45608
162703,45607
295650,45607
234284,45607
275914,45607
15576,45606
293112,45606
24398,45606
241144,45605
113189,45605
281253,45605
141954,45605
222381,45605
90045,45605
272029,45605
115522,45604
26159,45604
6045,45604
284959,45604
69382,45603
49062,45602
142188,45602
243601,45602
99608,45602
191544,45601
124776,45601
9590,45600
294029,45600
292950,45600
289163,45600
9547,45600
221055,45600
238846,45600
163593,45599
167865,45599
62550,45599
195535,45599
275189,45599
266401,45599
158176,45598
15093,45598
165490,45598
85223,45598
40797,45598
411,45597
270547,45597
203824,45596
203467,45596
22046,45596
17239,45596
260524,45596
115877,45595
293028,45595
290248,45595
114762,45595
92561,45595
252823,45594
226771,45594
12319,45594
59883,45594
2624,45593
176921,45593
270296,45593
127325,45592
224787,45592
267555,45592
136857,45591
130631,45591
33560,45591
246455,45591
158326,45590
14392,45590
1726,45590
45855,45590
26563,45590
96459,45590
8364,45589
137842,45589
35735,45589
3591,45589
14542,45589
289390,45589
204738,45589
233847,45589
250246,45588
3200,45588
45482,45588
53656,45588
295775,45588
291237,45588
187419,45587
202890,45587
7991,45586
160809,45586
1231,45586
179686,45586
280433,45586
241346,45586
191253,45586
151040,45586
16155,45585
33646,45585
239307,45585
249309,45585
599,45584
250445,45584
293317,45584
148633,45584
273860,45584
40474,45583
186940,45583
285056,45583
286019,45582
248209,45582
121070,45582
256168,45582
238685,45582
135002,45582
142268,45582
261046,45581
248409,45581
153690,45581
263382,45581
267928,45581
223313,45581
114663,45580
5951,45580
22266,45580
218457,45580
295213,45580
238136,45580
52943,45580
204601,45579
62526,45579
170797,45579
280697,45579
238580,45578
171013,45578
192790,45578
202064,45578
3778,45578
237764,45578
291254,45577
14795,45577
218927,45577
199744,45577
16496,45577
92954,45577
253599,45577
17752,45577
30795,45577
410,45576
268247,45576
31644,45576
284265,45576
170494,45576
233369,45576
12828,45576
285596,45576
279622,45576
88124,45575
250379,45575
202797,45575
4634,45575
212906,45575
10330,45575
225903,45575
266393,45574
275503,45574
188382,45574
44232,45574
248264,45574
4251,45574
55283,45574
109914,45574
154120,45574
120951,45574
89005,45574
211827,45574
226222,45574
206589,45573
146880,45573
254875,45573
283161,45573
254434,45572
5887,45572
94248,45572
245394,45572
191377,45571
76760,45571
172902,45571
251215,45571
62097,45571
6788,45571
208083,45571
127321,45570
287642,45570
294337,45570
218023,45570
13408,45570
4757,45570
196368,45569
197910,45569
257410,45569
49894,45569
234411,45568
28922,45568
53826,45568
8896,45568
4844,45567
252734,45567
258043,45567
81544,45567
23856,45567
14271,45567
193324,45567
151153,45567
147527,45567
50282,45566
97045,45566
268285,45565
263383,45565
163088,45565
292232,45565
153756,45565
33942,45564
259809,45564
5503,45564
239755,45564
212274,45564
188335,45564
233018,45564
150786,45564
86753,45564
190662,45564
244423,45563
183361,45563
208221,45563
101117,45562
1470,45562
267187,45562
231136,45562
117501,45562
279579,45562
50615,45562
220901,45562
74675,45561
29637,45561
225858,45561
82233,45561
253331,45561
186778,45561
244637,45561
221838,45560
180476,45560
253656,45560
258557,45560
14656,45560
162128,45560
12997,45559
203766,45559
218013,45559
276917,45559
229327,45559
42609,45559
6939,45559
4850,45559
190520,45559
120047,45559
127639,45559
248594,45558
42740,45558
271671,45558
251839,45558
26617,45558
50863,45558
201223,45558
18342,45558
271304,45558
270682,45558
957,45557
263398,45557
194527,45557
34895,45557
169581,45556
173795,45556
34121,45556
205785,45556
191905,45556
177490,45556
176366,45556
1588,45555
258266,45555
207065,45555
20968,45555
265158,45555
13741,45555
285954,45555
11968,45554
36893,45554
151478,45554
35370,45554
130636,45553
187044,45553
150920,45553
172980,45553
156364,45553
192965,45553
128860,45553
210297,45553
86678,45553
271747,45552
293822,45552
46181,45552
236968,45552
86537,45552
2228,45552
198459,45552
59435,45551
244169,45551
17274,45551
56491,45551
282293,45551
50099,45551
145539,45551
195433,45551
72443,45551
259609,45551
246512,45550
71823,45550
249954,45550
115988,45550
169269,45550
217311,45550
178311,45550
122744,45549
24539,45549
254563,45549
11155,45549
131877,45549
183534,45548
70783,45548
58994,45548
85582,45548
172551,45548
251719,45548
251727,45547
279423,45547
215685,45546
61019,45546
213046,45546
2927,45546
166048,45546
250503,45545
136432,45545
167158,45545
262248,45545
108830,45545
19014,45545
239642,45544
223075,45544
15866,45544
110201,45544
62306,45543
175069,45543
223795,45543
125075,45542
86690,45542
122348,45542
78013,45542
55780,45541
89828,45541
294559,45541
11784,45541
79727,45541
52318,45541
255879,45541
121110,45541
11410,45540
7889,45540
152508,45540
80780,45540
8737,45540
188502,45540
47753,45540
189162,45539
94851,45539
11077,45539
285337,45539
104216,45539
260514,45539
189465,45539
6778,45538
3301,45538
2506,45538
240488,45538
200288,45538
293284,45538
139623,45537
76766,45537
270741,45537
157382,45536
189217,45536
7925,45535
139850,45535
211618,45535
189454,45535
213310,45535
205639,45535
160216,45534
51387,45534
294517,45534
198194,45534
8027,45534
7532,45534
252094,45534
251588,45533
10355,45533
210104,45533
75485,45532
287507,45532
21741,45532
7470,45532
814,45532
182120,45531
8327,45531
11906,45531
185134,45531
180971,45531
58142,45531
143365,45530
50998,45530
16441,45530
37894,45530
73498,45529
52566,45529
262257,45529
159780,45529
277094,45529
10292,45529
275648,45528
112914,45528
152286,45528
5822,45527
264389,45527
252666,45527
176480,45527
22874,45527
294886,45527
140658,45527
5461,45527
156598,45527
51019,45526
250313,45526
130275,45526
136624,45526
283482,45526
241440,45526
28671,45526
13476,45526
255767,45526
296308,45526
14865,45525
55650,45525
291849,45525
24540,45525
122351,45525
221780,45525
26137,45524
210814,45524
32402,45524
224764,45524
155873,45524
288990,45523
7893,45523
267731,45523
197477,45523
19052,45523
98041,45522
7290,45522
211914,45522
172286,45522
26701,45522
106979,45522
180088,45521
145285,45521
3675,45521
234407,45521
295809,45521
289555,45521
161082,45521
11720,45520
39873,45520
292059,45520
219365,45520
8518,45520
233311,45519
157485,45519
158602,45519
86141,45519
146497,45519
163953,45519
132464,45519
1269,45519
163745,45519
193495,45518
13645,45518
20486,45518
185022,45518
20150,45518
233186,45518
176212,45518
254412,45517
143910,45517
5516,45517
260801,45516
139815,45516
142870,45516
4204,45516
99664,45516
26780,45516
290050,45516
212524,45516
75987,45515
245211,45515
291167,45515
132016,45515
95677,45515
111056,45515
213573,45514
277502,45514
129684,45514
152114,45514
124754,45514
5264,45513
192564,45513
11151,45513
249959,45513
4824,45512
184277,45512
196066,45512
100294,45512
159380,45512
188352,45511
230286,45511
78436,45511
235903,45511
279370,45510
29189,45510
176437,45510
141588,45510
197064,45510
270040,45510
293462,45509
149686,45509
11982,45509
235415,45509
9387,45509
7577,45509
16355,45509
157446,45509
210114,45508
271907,45508
135342,45508
60851,45508
191848,45508
267942,45508
284287,45508
141217,45507
253403,45507
6040,45507
295335,45507
282228,45507
59624,45506
161895,45506
266476,45506
8239,45506
162196,45506
103766,45506
125148,45506
161077,45505
115048,45505
14261,45505
1945,45505
21510,45505
209041,45505
60178,45504
89852,45504
296109,45504
163971,45504
167183,45504
232027,45503
13911,45503
226523,45503
265299,45503
290764,45503
216067,45503
213358,45503
49677,45503
35983,45503
187139,45503
263935,45502
129568,45502
615,45502
12396,45502
22024,45502
165801,45502
139790,45502
32970,45502
106262,45502
218088,45501
234577,45501
64603,45501
74827,45501
10414,45501
235401,45501
288499,45501
284571,45500
203329,45500
32721,45500
393,45500
251157,45500
9903,45500
214435,45499
284465,45499
56787,45499
18187,45499
88667,45499
30498,45498
203688,45498
1049,45498
27666,45498
2206,45498
214830,45498
144500,45497
258065,45497
82632,45497
249633,45497
135471,45497
87739,45497
285750,45497
11454,45497
60574,45497
160218,45496
43022,45496
290419,45496
4295,45496
55041,45496
216284,45496
174630,45495
35108,45495
218306,45495
233630,45495
205655,45495
53118,45494
102810,45494
82180,45494
23310,45494
48932,45494
129973,45494
247207,45494
286873,45494
209612,45494
182783,45494
15178,45493
222524,45493
84885,45493
47737,45493
124799,45492
93953,45492
10707,45492
18417,45492
141759,45492
12553,45492
232591,45492
59234,45492
136913,45492
125641,45492
6374,45492
100153,45492
71031,45492
275611,45491
39976,45491
178890,45491
99362,45491
90069,45491
271141,45491
113055,45491
246955,45491
218708,45491
279994,45491
223519,45491
120072,45491
243990,45491
265125,45491
596,45490
801,45490
170946,45490
157152,45490
19360,45490
9234,45490
279383,45490
151287,45490
212923,45489
48795,45489
50933,45489
13089,45489
23624,45489
53374,45489
284207,45489
112268,45489
48878,45489
93540,45489
263252,45489
210451,45488
380,45488
27977,45488
32874,45488
33038,45488
281274,45487
78819,45487
49693,45487
2198,45487
151281,45487
168333,45487
65223,45487
175780,45486
190824,45486
239803,45485
145364,45485
189157,45485
160057,45485
84034,45485
5243,45485
33029,45485
252285,45485
229575,45485
263126,45485
99295,45485
4333,45485
115192,45484
265291,45484
207312,45484
122121,45484
52513,45484
295887,45484
11176,45484
113470,45483
282561,45483
253708,45483
101407,45483
243358,45483
158342,45482
292701,45482
46725,45482
274482,45482
256563,45482
14539,45482
205681,45482
61193,45482
41233,45481
152010,45481
63302,45481
268118,45481
215026,45481
159335,45481
123050,45480
32055,45480
7603,45480
196847,45479
281646,45479
271620,45479
64083,45479
272193,45479
294430,45479
25158,45479
195689,45479
170080,45479
33785,45478
101242,45478
291550,45478
226551,45478
269944,45478
122983,45478
224135,45478
284835,45477
95799,45477
102596,45477
275884,45477
52511,45477
143472,45477
157053,45476
240135,45476
42102,45476
192125,45476
88879,45476
48881,45476
3850,45476
6309,45475
13247,45475
166746,45475
261723,45475
5677,45475
36971,45475
29320,45475
114957,45474
235577,45474
246557,45474
136883,45474
99759,45474
234935,45474
42179,45474
223848,45474
263795,45474
18289,45474
245483,45474
5828,45474
135771,45473
41258,45473
277264,45473
285463,45473
66227,45473
285043,45473
98227,45473
52411,45473
230666,45473
269194,45473
68785,45472
292711,45472
200067,45472
275883,45471
86410,45471
186262,45471
271596,45471
228135,45471
15442,45471
17817,45471
26822,45471
183018,45471
211164,45471
42780,45470
24436,45470
129559,45470
84796,45470
23584,45470
72957,45470
100462,45469
283557,45469
181374,45469
75009,45469
92331,45469
200037,45469
19661,45469
173361,45469
22318,45469
201147,45469
121637,45468
214873,45468
133147,45468
237858,45467
252802,45467
2768,45467
100751,45467
162999,45467
226776,45467
45409,45467
170865,45466
199828,45466
30528,45466
263281,45465
53867,45465
289420,45465
257502,45465
181048,45465
47941,45464
282728,45464
244099,45464
278505,45464
208065,45463
211379,45463
172434,45463
255751,45463
197576,45463
287261,45463
293434,45462
72074,45462
270707,45462
224342,45461
231523,45461
2830,45461
189985,45461
281236,45461
189040,45461
163121,45461
181138,45461
194222,45461
278846,45460
143882,45460
143419,45460
166770,45459
267838,45459
237493,45459
150012,45459
235312,45459
291613,45459
268728,45459
239324,45459
223976,45458
225572,45458
199087,45458
295294,45458
190680,45458
200818,45458
271363,45457
128481,45457
278071,45457
267281,45457
77169,45457
278388,45457
259786,45457
82755,45457
201747,45457
30145,45456
10500,45456
10887,45456
187244,45456
218810,45456
41207,45456
201076,45456
174565,45455
106848,45455
16594,45455
77465,45455
159817,45454
264867,45454
180762,45454
165270,45454
55008,45454
237466,45454
124743,45454
75562,45454
222980,45453
35206,45453
227496,45453
113132,45453
2933,45453
111655,45452
38736,45452
290206,45452
239459,45452
138619,45451
268192,45451
160335,45451
286766,45450
125322,45450
93094,45450
6418,45449
229635,45449
3993,45449
78094,45449
272963,45449
246433,45449
190050,45448
179612,45448
2362,45448
467,45448
217506,45448
4731,45448
246814,45448
22996,45448
199910,45448
61310,45448
202729,45448
224898,45448
276391,45448
187838,45448
262835,45448
136955,45447
225225,45447
266394,45447
255685,45447
246368,45447
2589,45447
276942,45447
197082,45447
37400,45447
101545,45447
80699,45447
8994,45447
38991,45446
28316,45446
282830,45446
292249,45446
226522,45446
162313,45446
16872,45446
155147,45446
10559,45446
216330,45446
210946,45446
216066,45445
210647,45445
233659,45445
198482,45445
81716,45445
3058,45444
170225,45444
139938,45444
277434,45444
234700,45443
95893,45443
52302,45443
180044,45443
4618,45442
289002,45442
271235,45441
51646,45441
159956,45441
270461,45441
19928,45441
97158,45441
244585,45441
269381,45441
212782,45440
251631,45440
291305,45440
83963,45440
265105,45440
65935,45440
122360,45440
265505,45439
30890,45439
200437,45439
271293,45439
87125,45439
54600,45439
107125,45439
35553,45439
109605,45438
144195,45438
5769,45438
149437,45438
163030,45437
2855,45437
3999,45437
2538,45437
123475,45436
221705,45436
94989,45436
153458,45436
291367,45436
94944,45436
925,45435
15479,45435
61529,45435
115014,45435
160408,45435
2563,45435
294713,45435
89754,45434
242169,45434
279564,45434
164016,45434
237395,45434
282318,45434
227802,45434
108627,45434
180926,45433
246789,45433
287052,45433
282326,45432
286160,45432
160479,45431
2619,45431
16749,45431
215551,45431
99068,45431
275843,45431
83939,45431
198220,45431
249795,45431
294041,45431
11826,45430
247705,45430
248707,45430
291860,45429
215679,45429
4182,45429
233743,45429
173646,45428
262505,45428
245464,45428
214942,45428
283243,45428
55634,45428
35076,45427
242718,45427
104389,45427
121170,45427
186607,45427
183221,45427
144818,45427
113903,45427
69466,45427
174921,45427
228194,45427
13435,45427
38904,45427
225815,45426
26596,45426
252662,45426
6701,45426
231575,45426
270663,45426
156359,45426
98928,45426
283741,45426
217032,45425
12493,45425
271324,45425
31618,45425
3030,45425
117201,45425
201586,45425
292126,45425
276404,45425
164000,45425
231210,45424
235118,45424
247445,45424
252720,45424
2378,45424
162787,45424
130420,45424
5884,45424
63078,45424
130831,45424
264808,45424
213556,45423
3974,45423
236623,45422
110365,45422
114074,45422
272384,45422
21893,45422
228464,45421
116330,45421
106684,45421
202068,45421
210418,45421
112557,45420
79824,45420
276152,45420
174724,45420
7771,45420
13125,45419
155620,45419
278851,45419
20904,45419
59409,45419
222198,45419
251735,45419
4003,45419
233284,45418
46202,45418
279071,45418
226151,45418
21760,45418
295467,45418
295616,45418
157072,45418
289276,45417
221389,45417
129766,45417
288555,45417
213517,45416
36699,45416
20915,45416
243797,45416
2212,45416
184931,45416
205864,45416
134154,45416
141782,45415
9455,45415
211181,45415
218321,45415
127982,45415
268238,45415
34318,45414
132130,45414
266930,45414
158055,45413
260698,45413
55176,45413
136699,45413
217902,45413
66371,45413
261133,45412
204293,45412
2370,45412
76154,45412
50043,45412
3978,45412
14360,45411
2949,45411
257955,45411
42313,45411
84923,45411
247362,45411
253386,45411
19737,45411
209270,45410
77501,45410
21588,45410
274373,45410
14516,45409
296325,45409
166608,45409
233903,45409
28993,45409
225059,45409
1541,45409
6204,45409
296289,45409
94954,45409
251543,45409
199996,45409
209998,45409
82175,45408
267696,45408
275030,45408
195900,45408
632,45408
100252,45407
185696,45407
31295,45407
139650,45407
8500,45407
222714,45407
91471,45407
259062,45407
223952,45406
2935,45406
278055,45405
217483,45405
209573,45405
189062,45405
172281,45405
47077,45405
228638,45405
14602,45405
228231,45405
2635,45404
138667,45404
160969,45404
211911,45404
159760,45404
59973,45404
12311,45404
268002,45403
116433,45403
263459,45403
16112,45403
24271,45403
234286,45402
288914,45402
258932,45402
231589,45402
172642,45402
271823,45402
296523,45402
39073,45402
55170,45401
137920,45401
69822,45400
276770,45400
35819,45400
347,45400
153071,45400
132812,45400
62902,45400
247399,45400
254452,45400
30841,45400
276027,45400
8648,45399
245104,45399
207190,45398
273474,45398
96149,45398
212575,45398
236740,45397
80421,45397
140734,45397
206344,45397
147799,45397
100483,45397
2951,45397
94894,45396
139825,45396
11866,45396
254589,45396
174332,45396
190258,45396
292139,45395
225764,45395
62791,45395
267217,45395
184050,45395
29785,45394
291825,45394
274625,45394
173435,45394
39477,45394
222460,45394
149581,45394
83234,45394
103401,45394
283298,45393
184049,45393
197529,45393
4435,45393
268942,45393
275581,45393
248005,45392
174275,45392
135538,45392
104293,45392
240161,45392
107118,45392
195743,45392
203726,45392
217636,45392
262290,45392
263753,45391
256726,45391
132495,45391
64768,45390
109334,45390
502,45390
185457,45390
263112,45390
273162,45389
253028,45389
49807,45389
250712,45389
192020,45389
160295,45389
277919,45389
127409,45389
254951,45389
236417,45389
3507,45389
279783,45388
70829,45388
221365,45388
6674,45387
104073,45387
13960,45387
4053,45387
10925,45387
163098,45387
171063,45387
198614,45387
175388,45387
220380,45387
144815,45386
33027,45386
43958,45386
57265,45386
76990,45386
78512,45386
198083,45386
14260,45385
182702,45385
268851,45385
123929,45385
18316,45385
183582,45385
184379,45385
80136,45384
257970,45384
65962,45384
21430,45384
66758,45384
294283,45384
183202,45384
233383,45384
122981,45384
100345,45384
125368,45383
30511,45383
146175,45383
22159,45383
93054,45382
143694,45382
176705,45382
6966,45382
112765,45381
6563,45381
48045,45381
155711,45381
267014,45381
281965,45380
270311,45380
237360,45380
126502,45380
86871,45380
109284,45380
195773,45380
57990,45380
235675,45379
150779,45379
137779,45379
34189,45379
272090,45379
225315,45379
176110,45379
291257,45379
158167,45379
279259,45379
28028,45379
5820,45379
259858,45378
237220,45378
281824,45378
240,45378
119332,45378
285301,45378
47176,45378
288237,45378
255301,45378
8347,45378
127303,45377
180516,45377
37402,45377
179806,45377
137696,45377
208313,45377
249824,45377
152135,45377
290360,45377
103656,45377
290387,45377
229071,45376
281896,45376
171346,45376
18473,45376
82545,45376
164512,45376
173600,45376
287159,45376
281866,45376
232404,45376
166197,45375
277001,45375
24954,45375
268517,45375
260035,45374
16046,45374
20773,45374
223646,45374
156402,45374
136,45374
156506,45374
131316,45374
94885,45374
66076,45373
295481,45373
5108,45373
13162,45373
424,45372
25646,45372
22915,45372
263474,45372
242669,45372
288393,45372
258873,45372
155793,45372
20796,45371
266604,45371
235955,45371
143853,45371
3404,45371
256549,45371
242699,45371
26980,45371
125391,45370
4307,45370
238493,45370
263323,45370
11833,45370
183580,45370
267578,45370
213519,45370
107260,45370
3637,45369
181816,45369
279395,45369
219390,45369
201225,45369
89152,45369
186008,45369
5597,45368
214173,45368
272367,45368
255885,45368
262495,45368
281091,45368
139033,45368
169386,45368
187792,45368
242997,45367
261317,45367
174883,45367
171645,45367
276555,45367
196461,45367
5001,45366
42576,45366
205359,45366
53236,45366
224193,45366
267038,45366
148102,45366
1515,45366
54311,45365
187693,45365
201858,45365
104000,45365
134987,45365
9013,45365
112818,45365
68344,45365
288450,45364
292421,45364
139658,45364
90159,45364
11779,45364
104911,45364
283128,45364
65903,45364
294140,45364
134544,45364
215605,45364
256387,45363
211017,45363
1623,45363
196069,45362
103425,45362
292291,45362
234544,45362
201173,45362
14442,45362
271716,45362
189752,45362
40937,45362
291475,45362
245732,45362
194506,45362
282415,45362
124711,45361
18776,45361
212001,45361
135277,45361
58154,45360
262942,45360
274547,45360
253862,45360
102396,45359
265935,45359
119683,45359
200413,45359
116014,45359
169773,45359
199986,45358
266558,45358
282167,45358
280775,45358
194248,45358
251113,45358
263209,45358
156317,45358
19022,45357
278820,45357
229476,45357
292375,45357
16043,45357
10487,45357
106558,45357
14668,45356
227498,45356
57857,45356
111615,45356
50407,45356
278877,45356
128249,45355
193129,45355
2139,45355
91654,45355
29380,45355
270831,45355
124591,45355
152931,45355
58486,45355
222666,45355
163436,45354
223449,45354
195609,45354
173576,45354
194201,45354
38204,45354
28705,45354
280015,45354
188177,45354
268196,45354
42255,45354
231340,45354
3158,45354
4939,45354
156513,45354
167566,45353
145514,45353
168306,45353
31004,45353
174798,45352
288185,45352
200238,45352
8669,45352
152154,45352
211908,45352
154548,45352
213793,45352
45169,45352
15437,45352
17784,45351
116326,45351
31337,45351
20687,45351
83402,45351
222917,45351
230713,45350
3757,45350
218467,45350
191175,45350
218022,45350
296176,45350
22609,45350
228505,45349
2239,45349
197681,45349
175733,45349
164273,45349
272441,45349
25275,45348
263301,45348
249721,45348
136065,45348
35307,45348
209629,45348
288625,45348
34827,45348
40588,45348
58334,45347
125339,45347
203113,45346
218715,45346
119650,45346
223472,45346
2905,45346
256214,45345
82139,45345
170038,45345
263701,45345
143299,45345
255440,45345
227904,45345
282251,45345
211258,45345
6609,45345
279060,45345
78737,45344
245818,45344
172822,45344
195684,45344
286661,45344
149878,45343
183,45343
188532,45343
135330,45343
171440,45343
20057,45343
280244,45343
7811,45343
203473,45343
7415,45343
235619,45342
232550,45342
249451,45342
3691,45342
205749,45342
253569,45342
287408,45341
186756,45341
64178,45341
266155,45341
145455,45340
254858,45340
253580,45340
97520,45340
137796,45340
27599,45340
221480,45340
33749,45340
172060,45340
24415,45339
264066,45339
131145,45339
279139,45339
258832,45339
196428,45339
17205,45339
292889,45338
8582,45338
245933,45338
226800,45338
117760,45338
259001,45338
2720,45338
31697,45338
16165,45338
196038,45338
220526,45338
185138,45338
278939,45338
27019,45337
193378,45337
29983,45337
296480,45337
88195,45337
217758,45337
113850,45337
119400,45337
51404,45336
84595,45336
280238,45336
211747,45336
204581,45336
257188,45336
267675,45335
159104,45335
212269,45335
207837,45335
157730,45335
6103,45335
191003,45334
291599,45334
50544,45334
270657,45334
264589,45334
161400,45334
245350,45334
715,45334
268856,45334
224933,45334
43567,45334
264682,45333
176903,45333
24645,45333
267667,45333
92586,45333
296435,45333
71556,45333
29732,45332
266820,45332
274043,45332
231550,45332
209413,45332
265344,45332
165804,45332
272792,45332
16525,45332
141312,45331
11166,45331
33939,45331
14842,45331
1096,45331
2374,45331
57723,45331
56835,45330
107393,45330
288263,45330
165749,45330
86901,45330
289044,45330
24930,45330
96302,45330
150702,45330
58748,45329
140539,45329
241062,45329
134575,45329
111832,45329
136738,45329
184751,45329
251880,45329
237180,45329
125687,45329
170181,45329
57619,45329
156198,45328
253875,45328
155982,45328
183173,45328
291978,45328
955,45328
204129,45328
171390,45328
280636,45328
66043,45327
226427,45327
144934,45327
283756,45327
278737,45327
206835,45327
112712,45327
68717,45327
104602,45326
226213,45326
161775,45326
38887,45326
186447,45326
180369,45326
283722,45326
23695,45326
107129,45326
198641,45325
208016,45325
288935,45325
265628,45325
189431,45325
200402,45324
160289,45324
186560,45324
238527,45324
260459,45324
182845,45324
277977,45324
13070,45323
246091,45323
153805,45322
225198,45322
18008,45322
103259,45322
239576,45322
240944,45322
27708,45322
122378,45322
4687,45321
101536,45321
205804,45321
2942,45321
121606,45321
13199,45321
186105,45321
171251,45321
33770,45321
