1503,100000
1651,49915
30318,49707
3336,49192
15381,48766
18745,48662
2292,48553
2291,48468
239526,48367
49924,48318
36486,48313
4648,48280
2931,48277
190584,48186
129132,48150
230317,48104
11935,48034
256007,48032
261046,47964
18802,47963
148671,47954
17485,47869
66128,47825
7935,47825
133711,47798
6140,47776
197802,47770
14371,47755
229871,47753
1093,47753
109979,47745
184132,47721
288637,47688
172024,47646
706,47624
71693,47575
143057,47559
246032,47558
282231,47507
101270,47495
174055,47484
19518,47458
3036,47439
1724,47408
193640,47407
295812,47407
44330,47402
255414,47381
279107,47381
10736,47377
6260,47365
15065,47351
26681,47351
7432,47348
42615,47347
159071,47345
2262,47334
15174,47330
152502,47301
132464,47298
3789,47291
77068,47289
104973,47265
163799,47248
255528,47248
296147,47238
113706,47236
189118,47231
6479,47230
37223,47227
156535,47206
287197,47190
60349,47174
168371,47155
57014,47152
24586,47146
118035,47135
6701,47132
71512,47131
176220,47130
157164,47125
155902,47124
248648,47112
11356,47111
8416,47102
200494,47099
190362,47098
200349,47091
146411,47091
58822,47090
1770,47078
14528,47068
213367,47063
2334,47058
193050,47054
43003,47050
269881,47044
7668,47039
232384,47034
201864,47031
3889,47025
94944,47024
274730,47017
205553,47013
12364,47009
275298,47005
137435,47004
25167,46994
35108,46992
21954,46990
112549,46987
148993,46983
68878,46982
249788,46968
7987,46963
35703,46960
167743,46960
1490,46949
870,46949
4202,46942
87905,46940
177624,46933
241510,46925
280208,46922
48024,46916
3500,46915
855,46911
7487,46899
139789,46899
23316,46896
166774,46888
112888,46882
287091,46876
112834,46876
1519,46875
8255,46863
15117,46863
17045,46859
11318,46856
246047,46855
76169,46853
8391,46851
28008,46845
145881,46844
72898,46844
22418,46841
240885,46839
206048,46838
280015,46838
25684,46825
149022,46824
2463,46823
22543,46822
2951,46820
80634,46818
265646,46809
289268,46805
289751,46801
73498,46799
20783,46793
26142,46786
586,46780
278008,46777
92769,46773
258616,46773
220095,46770
4326,46770
687,46768
99704,46767
174812,46763
280546,46761
48187,46753
13813,46751
2933,46740
91265,46736
221566,46735
236244,46733
273032,46731
285301,46721
1726,46719
171447,46716
132210,46715
243683,46707
2152,46706
21767,46705
220338,46705
194707,46703
252630,46703
281194,46699
282921,46696
17561,46695
636,46694
296357,46694
167208,46679
1524,46676
171828,46675
17143,46669
31210,46666
235521,46666
169716,46664
28987,46663
148180,46662
272367,46655
91131,46655
184271,46652
211876,46651
145929,46649
251029,46647
138827,46645
13628,46645
228174,46643
220663,46642
201682,46641
55490,46633
70317,46627
3757,46626
32701,46624
77389,46623
209183,46623
7532,46622
55758,46621
234508,46620
239408,46617
45783,46616
215791,46615
98350,46612
260377,46611
860,46610
18316,46605
196880,46599
99998,46599
286208,46597
219408,46597
285312,46597
238240,46595
3825,46595
240869,46594
251927,46594
45096,46594
196193,46594
203755,46589
254055,46587
186825,46586
255301,46585
281203,46584
208841,46581
46079,46578
291379,46578
230645,46578
1494,46576
8282,46574
248718,46573
242222,46571
3021,46571
248593,46569
238817,46565
70804,46565
4486,46565
200126,46564
217147,46564
191678,46564
274256,46562
267042,46560
279835,46555
277901,46554
137567,46553
249735,46553
242699,46553
290350,46549
6633,46546
3530,46545
72276,46545
37108,46541
139473,46541
113599,46541
102982,46540
210210,46538
117136,46537
200779,46537
8054,46532
233213,46531
89584,46529
2326,46528
94301,46528
215346,46524
12431,46520
44174,46520
13131,46518
236341,46516
277302,46513
79907,46512
5248,46508
239291,46508
198472,46508
248517,46507
67063,46503
281701,46503
272263,46502
167763,46502
144855,46501
77865,46497
133320,46497
198675,46497
42778,46496
265258,46496
164195,46496
107278,46495
125720,46494
277157,46492
647,46492
252237,46491
187510,46491
87715,46479
194682,46479
258850,46474
281213,46469
40797,46469
451,46469
228777,46467
214041,46464
81688,46463
31835,46462
150660,46461
259217,46460
278079,46459
216983,46456
4198,46452
282163,46446
142143,46444
4437,46442
192288,46442
46931,46441
272478,46440
161906,46437
147327,46434
279448,46430
124209,46428
164578,46428
188397,46425
52170,46424
48096,46422
98067,46421
4388,46420
15437,46416
240191,46416
4063,46412
139825,46410
232736,46408
163777,46408
3166,46407
218256,46405
132995,46405
269612,46399
116313,46398
270687,46398
68433,46396
13767,46396
50998,46395
20785,46394
2689,46394
1344,46392
226015,46392
215047,46390
247342,46389
34452,46389
208402,46387
53635,46386
1858,46380
151497,46377
265445,46374
176819,46374
231349,46374
208216,46373
31968,46370
24247,46370
217817,46369
210295,46368
8490,46366
203604,46365
8573,46365
286503,46363
116507,46363
304,46362
294426,46360
7842,46360
154100,46358
253320,46354
56523,46351
4658,46350
19116,46350
221425,46349
4225,46348
2563,46346
283890,46345
264739,46340
215291,46339
279217,46338
138560,46337
195368,46336
3475,46336
278941,46335
94030,46333
262108,46333
78891,46332
146346,46332
41004,46332
69872,46332
33754,46331
224041,46327
183870,46325
196150,46325
234030,46324
36855,46323
121821,46321
228911,46321
14500,46320
152621,46318
60431,46317
62083,46317
1251,46317
208491,46316
283496,46315
257871,46314
9738,46312
169567,46312
256803,46308
111064,46308
18289,46305
295809,46305
84002,46304
233520,46303
9928,46300
231527,46300
240066,46300
100035,46298
17339,46298
192113,46297
278529,46295
65924,46294
12701,46293
199605,46291
140523,46290
251839,46289
141374,46288
202307,46288
219294,46288
227787,46287
228,46287
132483,46285
84920,46285
7122,46285
263930,46284
45407,46281
3309,46278
228334,46275
286493,46274
283203,46268
248244,46266
273533,46264
26132,46264
15172,46263
55547,46263
97751,46263
209096,46262
3447,46262
101278,46259
252792,46257
293406,46257
18997,46257
95729,46255
156410,46255
1529,46251
24438,46247
222617,46247
143187,46247
31047,46247
21437,46245
8401,46240
186052,46237
275309,46234
181409,46233
171011,46233
1892,46232
2090,46232
91381,46229
231136,46228
19140,46228
258298,46227
115877,46227
117706,46227
1049,46226
66273,46225
128278,46224
116123,46223
106597,46221
98152,46220
117783,46220
168190,46220
126393,46219
1489,46218
225212,46217
253301,46216
24017,46215
147871,46213
30423,46213
290542,46211
9942,46210
75528,46209
46288,46208
182858,46206
221422,46205
185259,46203
6350,46201
292182,46201
86059,46200
191834,46199
15845,46197
43150,46196
279487,46196
42775,46195
21661,46195
159444,46195
277609,46193
78794,46193
242869,46193
194015,46192
154782,46191
282079,46191
216552,46190
287457,46190
622,46189
223619,46187
23501,46186
273317,46185
36136,46184
257313,46184
256931,46181
222778,46178
191876,46177
143070,46176
281104,46176
2487,46174
229640,46173
204458,46172
111409,46171
178919,46171
209295,46170
134329,46167
182673,46167
208114,46164
160962,46164
142369,46163
78627,46163
13417,46163
218152,46160
223353,46157
50301,46156
169929,46155
152686,46155
31029,46153
237292,46152
58364,46151
54670,46151
4257,46149
226529,46147
2136,46146
292232,46145
105845,46143
3584,46142
118538,46142
90913,46141
266396,46140
234884,46140
62484,46137
22396,46137
241583,46136
276701,46136
271235,46136
224774,46135
2976,46135
85083,46135
100431,46134
183303,46134
89295,46134
284169,46133
218802,46133
290733,46132
288136,46132
266740,46129
10289,46127
267675,46127
141102,46125
187256,46124
229635,46123
137599,46120
59968,46120
77056,46120
64957,46118
156381,46117
252414,46117
1469,46116
264220,46116
156127,46115
253491,46115
276259,46113
23747,46113
186355,46113
38224,46112
271823,46112
100727,46112
271031,46110
219955,46110
94986,46110
82180,46109
7074,46107
281707,46107
291535,46107
5569,46106
287866,46106
138079,46106
61860,46105
226555,46105
205681,46104
206273,46100
249751,46099
2988,46099
260180,46099
18979,46098
201508,46097
234102,46097
127766,46097
39577,46097
51901,46096
10755,46096
79735,46095
216330,46094
191144,46093
35606,46093
15998,46092
258497,46091
147404,46091
229544,46089
194286,46089
222419,46089
181480,46086
14795,46086
35657,46086
219393,46085
94928,46085
194428,46083
107334,46083
198393,46083
258610,46081
200269,46080
293796,46080
220422,46079
6902,46078
288065,46076
127714,46075
633,46073
19454,46072
278007,46072
18045,46070
3465,46068
202974,46068
253841,46067
146578,46067
105338,46066
187017,46065
262167,46065
244281,46065
58108,46065
5822,46063
4479,46062
115802,46061
9032,46059
53711,46059
283476,46058
10715,46056
170790,46056
289999,46055
7925,46055
134271,46055
12186,46054
236296,46054
21936,46052
15307,46052
136762,46050
6121,46050
30241,46049
191080,46049
194434,46049
273746,46049
237395,46048
261717,46047
33295,46046
241528,46046
12250,46046
276405,46046
218568,46046
237444,46045
80558,46044
204738,46044
16115,46044
203155,46041
179258,46041
136349,46041
238620,46041
282954,46040
233885,46039
157028,46038
223085,46038
98490,46037
256027,46036
22759,46036
132769,46035
234637,46035
193093,46035
3675,46035
42150,46033
160806,46033
256845,46033
291599,46032
210816,46032
290501,46031
130636,46031
93973,46030
284569,46029
583,46028
158726,46028
166453,46027
173150,46027
80275,46026
29022,46025
252168,46025
245270,46025
118666,46024
165044,46022
173783,46020
196591,46020
8344,46019
31410,46019
133618,46019
196238,46018
8233,46018
289003,46018
162443,46017
12980,46017
267464,46017
231649,46016
241292,46015
254247,46014
281274,46014
20271,46014
31392,46013
278543,46013
78461,46012
271972,46012
190992,46012
32298,46011
47694,46011
21092,46010
221375,46010
248310,46010
53049,46010
57708,46008
164737,46008
134551,46007
124058,46007
204823,46006
178388,46006
192968,46004
238568,46003
134270,46003
3631,46003
258149,46002
236324,46000
170273,45999
1449,45999
146604,45999
15644,45998
226372,45998
296556,45997
14959,45997
43769,45996
268920,45993
207691,45992
50489,45991
208892,45990
202183,45989
3949,45989
32061,45989
97995,45988
292451,45986
292800,45986
254842,45985
237507,45985
258092,45984
276953,45984
228662,45982
237682,45982
8810,45981
176753,45980
7411,45980
182702,45980
5352,45979
29351,45979
284970,45979
285189,45976
127104,45974
262471,45974
217121,45973
265950,45972
237887,45972
3572,45971
38691,45971
273309,45971
255707,45970
126230,45970
268640,45970
209201,45968
61545,45966
194149,45964
94493,45962
242977,45961
234114,45960
201185,45960
14677,45959
213739,45959
224488,45958
47893,45955
263146,45955
66616,45955
22980,45953
45941,45952
232164,45952
156018,45952
170502,45951
158397,45951
32091,45950
188636,45949
198045,45949
170666,45947
89115,45947
255988,45945
277450,45944
269594,45943
243089,45940
214288,45938
234843,45938
221888,45938
238259,45937
108979,45937
206808,45935
254810,45935
182182,45933
69466,45932
14865,45932
128130,45932
1158,45931
105135,45931
228785,45931
6419,45930
10880,45930
206344,45929
208410,45929
109211,45929
4312,45926
284393,45926
202833,45926
43698,45925
95425,45924
273613,45924
258994,45923
219598,45923
2145,45922
183614,45920
90630,45920
2002,45920
184824,45917
233897,45917
9397,45917
245812,45916
8412,45916
139511,45916
30135,45915
264307,45915
232910,45914
220989,45912
3589,45911
293121,45911
191003,45911
10001,45910
12778,45910
267679,45910
179738,45909
137241,45909
266051,45908
252982,45907
50148,45907
278263,45907
249814,45906
81311,45906
240142,45905
53767,45905
273543,45903
1426,45902
237502,45900
2280,45900
55294,45899
207822,45898
55351,45898
256927,45898
103012,45897
290820,45896
126229,45896
7186,45896
238736,45896
239007,45896
5714,45896
58225,45895
284495,45894
14076,45893
228465,45893
221082,45892
915,45892
61146,45891
808,45891
181059,45890
295011,45890
93483,45889
194917,45889
34465,45889
256528,45888
147679,45888
210911,45887
196986,45886
8470,45886
218329,45885
163342,45885
7346,45885
269235,45884
7396,45883
254189,45882
225030,45882
281825,45881
291600,45881
115299,45881
164167,45881
16353,45880
101223,45880
283750,45879
204675,45878
197355,45878
153176,45877
117872,45877
263917,45877
243164,45877
292120,45877
4761,45876
200,45876
238336,45876
242708,45876
136504,45875
249521,45874
217706,45874
6934,45873
263883,45873
241190,45873
15808,45872
230494,45872
253206,45872
148833,45872
276445,45871
259858,45870
69,45870
295190,45870
285789,45869
287855,45869
265158,45868
221977,45868
143509,45867
232391,45867
25759,45866
26036,45865
267838,45865
271841,45864
235991,45863
165113,45861
56146,45860
170796,45860
216044,45859
73286,45858
208619,45857
241275,45856
87232,45856
213811,45856
204357,45855
265168,45855
278738,45855
264593,45854
214971,45853
229726,45852
56390,45852
293473,45852
108102,45851
218708,45851
227460,45850
127768,45850
55710,45849
9426,45848
242877,45848
191748,45847
49401,45846
281120,45845
237417,45845
32221,45844
193318,45844
94267,45844
280472,45841
1617,45841
45218,45840
144330,45840
50868,45840
281236,45840
5908,45840
294640,45838
274333,45838
130057,45837
119080,45837
262290,45837
195729,45836
2652,45836
13390,45836
26206,45835
93738,45835
107299,45834
6153,45833
2250,45831
185364,45831
248386,45830
256933,45830
239033,45829
202166,45829
33416,45829
258792,45828
283957,45827
3819,45827
239466,45826
130499,45825
269701,45825
165724,45824
281544,45824
281137,45822
222113,45822
90107,45821
191734,45820
207384,45819
154241,45819
18467,45819
47960,45818
127303,45818
271547,45817
227584,45816
260184,45814
69166,45813
256510,45813
37795,45813
35868,45810
44145,45810
247869,45808
111829,45808
257133,45808
1696,45807
23049,45807
156384,45806
4586,45806
267520,45805
282317,45804
25981,45802
190147,45802
136311,45801
85393,45801
205149,45800
142912,45800
223083,45799
205866,45799
129945,45798
278194,45798
178060,45797
187475,45797
230503,45797
279173,45796
289616,45796
1859,45796
240701,45795
245139,45795
90030,45794
201127,45794
187006,45794
287416,45792
253283,45792
295588,45791
256257,45791
55886,45790
38067,45790
14976,45789
175961,45789
66735,45789
6563,45788
264653,45787
13560,45787
8481,45786
221722,45786
16244,45786
193972,45785
231339,45785
10193,45782
69811,45782
126291,45782
198031,45782
283595,45781
185539,45781
81313,45781
105540,45780
4873,45779
120867,45779
163615,45778
214541,45778
224035,45778
86317,45777
14207,45777
24683,45776
213191,45775
175812,45773
61155,45773
294140,45773
139244,45772
150767,45772
8494,45772
296405,45772
6204,45772
4131,45770
5591,45770
241672,45770
275648,45769
166358,45769
172971,45768
170356,45768
219958,45767
147280,45767
24472,45767
69071,45766
33831,45765
286249,45765
11733,45765
3396,45765
255529,45762
26774,45761
186753,45761
216030,45761
206227,45761
256093,45761
19561,45759
165108,45759
243108,45758
67243,45758
22971,45757
220466,45756
269048,45756
242968,45754
81161,45754
284989,45753
171249,45753
227783,45753
50863,45753
285912,45752
203798,45752
284976,45752
154401,45751
199994,45751
266347,45751
159931,45750
261987,45749
240024,45749
111663,45749
281778,45749
183869,45748
132144,45748
51904,45747
167803,45747
296255,45746
266315,45746
101852,45746
191934,45745
201233,45745
293793,45745
127812,45745
218246,45744
3877,45744
260493,45744
150276,45744
172563,45744
277163,45744
198885,45743
397,45743
230726,45743
1535,45742
191062,45742
193724,45741
171401,45740
204809,45740
14070,45739
209394,45738
262144,45738
57614,45738
184255,45737
270436,45737
238894,45737
259832,45736
33646,45736
32824,45735
239670,45735
91085,45734
215382,45733
76222,45733
140193,45733
283676,45732
212289,45731
3357,45731
23621,45731
185372,45730
29380,45730
33000,45729
157513,45729
281495,45728
242914,45728
213984,45727
295196,45727
158487,45727
244968,45726
25265,45726
190790,45726
141781,45724
276206,45724
34795,45724
255215,45723
252917,45722
54634,45722
18809,45722
269317,45722
206277,45721
1575,45721
221982,45721
72630,45720
123395,45720
66886,45719
76924,45718
207857,45717
95754,45717
45313,45715
139650,45715
190520,45714
188560,45714
268023,45713
242707,45713
197256,45713
100726,45712
79993,45712
263932,45712
191961,45712
184026,45711
155033,45711
80837,45711
74827,45711
195689,45711
40886,45711
210047,45711
109423,45710
24475,45710
258153,45710
129800,45709
4485,45709
97427,45709
164015,45709
96850,45708
9976,45707
23583,45707
194720,45707
238357,45706
259289,45706
1095,45706
264915,45706
293148,45705
203906,45705
132030,45705
118125,45705
234209,45704
5205,45704
280694,45704
22785,45703
720,45703
22598,45702
79535,45702
145003,45701
91172,45701
141289,45700
286874,45700
291658,45700
18538,45700
243621,45699
280052,45698
263069,45698
260110,45698
75087,45698
4642,45697
259331,45696
81034,45696
234163,45695
248,45695
213423,45694
254942,45694
284628,45694
249499,45693
237648,45693
879,45693
56078,45693
231934,45693
174607,45692
259789,45692
134557,45691
251011,45691
24071,45691
228615,45689
271050,45689
100690,45689
187098,45688
85784,45688
265447,45688
23625,45687
8705,45687
231193,45686
216451,45685
62965,45685
65662,45684
241138,45684
272970,45683
48689,45683
38008,45683
5810,45683
9168,45682
273524,45681
12892,45681
109895,45681
94705,45680
94746,45680
56555,45680
201051,45680
187632,45680
195932,45680
263272,45680
80406,45679
1563,45679
214879,45679
12261,45678
1594,45678
89236,45678
13578,45677
22457,45677
219457,45677
292146,45676
4171,45676
3986,45676
269808,45675
6752,45675
80486,45675
49357,45675
35910,45675
155454,45675
61049,45673
231682,45672
179004,45672
274105,45672
126927,45671
266054,45671
9705,45671
122596,45671
226304,45670
3285,45669
21139,45669
286258,45669
29467,45669
131045,45668
213755,45668
218314,45668
229571,45667
127648,45667
74446,45667
19496,45666
99110,45666
45678,45666
223397,45665
89058,45665
200190,45665
127667,45664
5843,45664
286262,45663
35831,45663
275353,45663
184407,45661
270351,45661
122351,45661
184579,45660
136955,45660
175499,45660
192888,45659
171173,45659
133744,45659
179839,45658
75608,45658
296337,45658
292869,45657
285346,45657
262597,45657
260753,45657
48080,45657
102695,45656
263920,45655
229963,45655
15037,45654
199217,45654
112800,45654
112196,45654
109264,45654
191905,45654
247293,45654
17608,45654
64892,45654
180211,45651
186964,45651
107137,45651
273678,45650
218334,45650
50831,45650
275170,45650
251146,45649
236866,45649
1861,45649
186460,45648
239579,45648
173118,45647
185342,45647
131019,45646
266882,45646
225824,45645
272117,45645
122059,45644
273877,45644
4471,45644
259595,45642
86379,45642
154975,45642
121459,45641
215109,45641
263299,45641
262361,45641
134285,45640
280410,45640
269199,45640
291272,45640
113160,45640
11347,45639
239619,45639
3380,45639
150738,45639
168568,45639
206589,45638
136278,45637
9291,45637
94514,45637
279407,45637
153855,45636
214307,45636
257699,45636
192668,45635
114355,45635
287510,45634
212607,45633
209405,45632
232500,45632
141952,45632
239675,45631
40137,45629
247554,45629
124941,45629
61722,45628
147924,45628
116803,45628
290098,45628
13682,45628
16980,45627
158402,45627
291910,45627
268112,45626
219910,45626
10677,45626
266835,45626
207035,45626
80313,45625
268710,45625
240262,45624
113282,45624
129440,45624
185658,45624
294634,45624
264741,45624
216617,45623
204550,45623
31517,45622
18008,45622
153178,45622
205174,45622
240488,45622
282668,45622
156933,45622
209819,45622
160156,45622
132923,45621
183199,45620
7596,45620
227975,45620
160636,45620
89724,45620
202641,45620
268798,45619
239581,45619
240477,45619
96560,45619
158841,45619
259212,45619
272968,45619
112087,45618
12956,45618
6045,45618
247157,45617
104347,45617
276516,45617
286982,45617
186740,45617
179493,45617
89795,45617
164770,45617
117984,45616
235065,45616
178699,45616
16512,45616
97904,45615
15113,45614
5978,45614
20627,45614
294814,45614
117025,45613
295298,45613
47852,45613
3415,45613
209504,45612
175028,45612
106079,45612
80032,45611
272391,45611
41375,45611
115905,45611
260474,45610
236823,45610
38155,45610
264182,45610
203284,45609
41141,45609
280106,45608
61321,45608
138596,45608
32425,45607
78623,45607
255762,45607
274934,45607
13943,45606
102545,45606
276044,45606
7282,45606
266792,45605
201896,45605
212133,45605
22233,45605
183797,45604
108328,45604
76566,45604
211530,45603
178868,45603
286858,45603
452,45603
141942,45603
198609,45602
195743,45602
95867,45602
156608,45600
76990,45600
264096,45600
296236,45600
61633,45600
279942,45599
233333,45599
243797,45599
30485,45598
18599,45598
55081,45598
282180,45598
244859,45597
269902,45597
161775,45596
185378,45596
225892,45595
291372,45595
253641,45595
230466,45595
133839,45595
259407,45595
66702,45595
69737,45595
230039,45594
188458,45593
142762,45593
294742,45592
177243,45592
143537,45591
280861,45590
243568,45590
67122,45590
193,45590
291237,45589
94262,45589
110488,45589
228450,45589
252608,45589
167373,45588
227007,45588
196802,45588
66548,45587
119394,45587
143205,45587
78077,45587
9414,45587
116068,45587
151040,45585
126978,45584
240181,45584
85060,45584
213093,45584
143375,45584
115280,45583
279175,45583
179585,45583
168041,45583
236930,45582
221815,45582
63626,45582
278125,45582
260649,45582
106891,45581
183119,45581
30185,45580
110201,45579
243861,45579
219,45579
78332,45578
201126,45578
5715,45578
242207,45577
1458,45577
189324,45577
14453,45577
134453,45576
216736,45576
66544,45576
88553,45576
67775,45576
241953,45575
61537,45575
90060,45575
113088,45574
225796,45573
32309,45573
16648,45573
257204,45573
168029,45573
243728,45573
180369,45573
262248,45573
140581,45572
91300,45572
287718,45572
237316,45571
292862,45571
264568,45571
67542,45571
187470,45571
255515,45570
255811,45570
283756,45570
268977,45570
131664,45569
277098,45569
5891,45569
1646,45569
150594,45568
180165,45568
281677,45568
77717,45568
5677,45568
229576,45567
262891,45567
205393,45566
7115,45566
178451,45566
176531,45566
214,45566
584,45566
77480,45566
193749,45565
190402,45565
1103,45565
136432,45565
103308,45565
18420,45565
206646,45565
183721,45564
284884,45564
15404,45564
242137,45564
243277,45563
5181,45563
163527,45563
62317,45563
293000,45562
276097,45562
70782,45562
27470,45562
202570,45562
276839,45562
242221,45562
31012,45562
265293,45562
88668,45561
128722,45561
267098,45561
287499,45561
250134,45560
270714,45559
293050,45559
209246,45559
12683,45559
264001,45558
209953,45558
10314,45558
104137,45558
106685,45557
30196,45557
247652,45557
289445,45557
234037,45557
249641,45556
296523,45556
263209,45556
7073,45556
187051,45556
208658,45556
72176,45555
172502,45555
89921,45555
73050,45555
123367,45555
41206,45555
264312,45555
209652,45555
146772,45554
5013,45554
27435,45554
72397,45554
258242,45553
128616,45553
239005,45552
44329,45552
112268,45552
249692,45552
245683,45552
294199,45552
123462,45551
174040,45551
253026,45551
268670,45551
6206,45551
12192,45550
7799,45550
243906,45550
282706,45550
35635,45549
102233,45549
265362,45549
164241,45549
13295,45548
269624,45548
69749,45548
129796,45548
9805,45547
253559,45547
2595,45547
168825,45547
28968,45546
47637,45546
284842,45546
290503,45546
174240,45545
100017,45545
206036,45545
51119,45545
285768,45545
154841,45545
123566,45544
6134,45544
290155,45544
59684,45543
155263,45543
278790,45543
253199,45542
91370,45542
262968,45542
145539,45542
293790,45542
1216,45542
1632,45542
35616,45542
98853,45542
286248,45541
191357,45541
243956,45541
233778,45541
280817,45541
179745,45541
160865,45540
224784,45540
213884,45539
72091,45539
188377,45539
221246,45539
284483,45538
87504,45538
68065,45537
119554,45537
1554,45537
282380,45536
265760,45536
285004,45535
293435,45535
189755,45535
190078,45535
169105,45535
283703,45535
80899,45535
64278,45535
220036,45534
264510,45534
276607,45534
98688,45533
35984,45533
164815,45533
60328,45532
284246,45532
173064,45531
204654,45531
102445,45531
430,45531
114484,45531
18740,45531
248264,45530
166242,45530
202078,45529
278045,45529
4395,45528
234659,45528
12884,45528
165543,45528
220689,45527
13697,45527
31606,45526
265751,45525
188758,45525
95356,45525
255340,45524
99309,45524
154588,45524
104102,45524
18942,45524
251714,45523
7127,45523
18144,45522
255857,45522
161947,45522
206310,45521
158626,45521
46479,45520
231110,45520
71370,45520
77917,45519
271197,45519
270631,45518
249536,45518
195170,45518
161614,45518
24894,45517
282531,45517
85968,45517
234559,45517
23927,45517
257905,45516
19760,45515
12634,45515
57354,45515
145975,45515
211917,45515
6694,45515
268999,45514
3030,45514
113127,45514
240707,45514
278955,45514
199608,45512
12114,45512
266495,45512
55578,45511
74804,45511
186575,45511
290698,45511
173722,45511
241634,45510
288862,45510
9243,45510
3905,45510
224503,45509
253954,45509
148720,45509
247619,45509
152249,45508
21877,45508
242189,45506
291496,45506
261806,45506
159837,45506
231341,45506
185346,45506
284056,45506
285026,45505
257967,45504
272564,45504
237536,45504
34827,45504
241538,45504
64032,45503
141987,45503
222687,45503
260043,45503
1912,45501
238641,45500
207476,45500
119557,45498
296366,45498
368,45497
242586,45497
266,45497
512,45497
12383,45497
258732,45497
262740,45497
127676,45497
12407,45497
971,45496
52555,45496
146784,45496
283038,45496
11848,45496
53316,45495
18894,45495
45037,45495
68456,45495
135921,45494
243303,45494
66572,45494
5293,45493
23153,45493
238682,45493
288521,45493
247369,45492
244543,45492
16338,45492
63053,45492
195159,45492
19016,45492
22727,45492
233562,45491
162456,45491
256921,45491
169773,45491
217951,45490
196313,45490
59994,45489
80997,45489
253584,45488
4799,45488
13747,45487
216840,45487
238105,45487
153528,45487
1943,45487
171060,45487
12076,45487
32934,45487
2360,45486
196106,45486
219215,45486
240290,45486
177844,45484
31915,45484
285366,45484
273968,45484
102957,45484
249451,45483
249691,45482
220945,45482
192000,45482
198166,45482
98091,45481
230497,45481
86663,45481
7171,45481
159884,45481
136147,45481
75173,45480
188075,45480
108927,45480
163542,45480
194390,45479
257673,45479
42156,45478
206212,45478
155322,45478
155882,45478
268219,45477
288986,45477
203814,45476
11082,45476
237166,45476
201833,45476
38396,45475
193069,45475
36474,45475
286716,45475
276821,45474
275708,45474
134741,45474
222191,45474
216719,45473
274626,45473
289666,45473
140356,45473
128154,45473
229067,45472
125555,45472
92777,45472
244097,45472
294451,45472
168679,45471
155609,45470
259180,45470
277339,45469
282252,45469
268598,45469
104420,45468
197472,45468
281971,45467
56124,45467
265450,45466
129903,45466
116827,45466
219576,45465
134811,45465
196468,45465
39412,45465
288269,45465
268491,45464
78503,45464
8644,45464
67778,45464
221285,45463
19729,45463
213427,45463
140744,45463
232594,45462
6079,45462
92662,45461
225902,45461
49816,45461
261170,45461
14996,45461
241114,45461
279024,45461
170962,45461
15685,45461
8913,45461
11480,45460
149922,45460
164322,45459
44964,45459
122998,45459
193236,45459
56445,45459
174928,45459
161179,45459
2224,45458
26611,45458
249473,45458
47741,45458
46543,45458
40929,45457
183850,45457
59817,45457
56655,45457
103208,45456
120930,45456
255203,45455
15332,45455
130253,45455
186518,45454
151753,45454
103428,45454
163396,45454
88532,45453
190165,45453
90243,45453
237837,45453
292468,45452
51200,45452
54610,45452
76696,45452
7221,45452
78471,45452
178632,45451
272755,45450
273486,45450
23355,45450
249655,45450
75334,45450
114694,45449
225642,45449
121847,45449
170619,45448
8688,45448
216570,45448
749,45448
173933,45448
288497,45447
244445,45447
32727,45447
23115,45447
253813,45447
232076,45447
101060,45447
279226,45446
185525,45446
34263,45445
175240,45445
259323,45445
3809,45445
84430,45445
283041,45445
53017,45445
289310,45445
144320,45445
117495,45444
215137,45443
186341,45443
175588,45443
243228,45443
152135,45442
35934,45442
251960,45442
133469,45442
113174,45442
193322,45442
253248,45441
3569,45441
261548,45441
286425,45440
26854,45440
294233,45440
144219,45440
229395,45439
269660,45439
267184,45439
191550,45439
174972,45439
279172,45439
6242,45438
218521,45438
247720,45438
166695,45438
150230,45438
22569,45438
245676,45438
194945,45438
49586,45437
17250,45437
17310,45437
237360,45437
13517,45437
237177,45436
162799,45436
288657,45436
239566,45436
124096,45436
3100,45436
280668,45436
178986,45436
222427,45436
33597,45435
122090,45434
26594,45434
8136,45434
234353,45433
181961,45433
179665,45433
284834,45433
280810,45433
249183,45432
89702,45432
45997,45432
9440,45432
293668,45432
226886,45431
281718,45431
197843,45431
3409,45431
181808,45431
254543,45431
18722,45431
270700,45430
3417,45430
275512,45430
117264,45430
265144,45430
216797,45429
112129,45429
68664,45429
23458,45429
180306,45428
226773,45428
284637,45427
47147,45427
14115,45427
129917,45427
3943,45426
238550,45426
157676,45426
230790,45426
263249,45426
233358,45426
2836,45426
280709,45425
277756,45425
180501,45425
240785,45424
211121,45424
280784,45424
64322,45423
216685,45423
119447,45423
59537,45423
152228,45423
250323,45423
93872,45423
29943,45422
267699,45422
75892,45422
285820,45422
249124,45422
22266,45422
258958,45422
282500,45421
287918,45420
285979,45420
24061,45420
286343,45420
47226,45420
41392,45419
128173,45418
271448,45418
169454,45418
850,45418
167953,45418
139349,45418
247047,45417
181252,45417
185851,45417
149681,45417
13044,45417
205953,45417
97431,45417
79931,45416
139118,45416
253806,45415
226326,45415
214915,45414
16739,45414
179612,45414
14749,45414
165732,45413
289886,45413
239124,45413
131305,45413
253295,45413
10706,45412
43940,45412
253994,45412
286388,45411
221648,45411
101046,45410
256997,45410
163637,45410
190578,45409
220598,45409
165804,45409
14233,45409
1153,45409
147624,45409
162445,45408
205841,45408
6811,45408
13023,45408
276026,45408
253230,45408
156851,45408
221976,45407
198858,45407
3940,45407
188809,45407
148292,45407
219699,45407
169067,45407
201705,45406
120879,45406
142500,45406
39708,45406
18509,45406
142823,45405
1300,45405
262518,45405
279898,45405
3709,45404
170095,45404
99030,45404
101232,45404
131650,45403
283997,45403
289977,45403
213468,45403
93277,45403
204310,45403
218982,45402
287298,45402
69068,45402
283228,45402
14592,45402
239398,45402
293111,45401
205682,45401
164764,45401
58895,45401
198083,45401
275564,45401
4090,45401
219007,45400
152969,45400
128597,45400
247995,45400
204626,45400
255281,45399
232780,45399
109470,45399
7455,45399
139645,45399
107708,45399
220395,45399
222610,45398
170878,45397
229467,45397
158959,45397
166838,45397
260671,45397
201651,45397
280122,45397
165710,45397
247517,45397
179673,45397
292673,45397
13986,45397
286884,45397
203083,45395
269264,45395
181632,45395
195062,45395
3193,45394
260567,45394
238194,45394
295910,45394
203201,45393
15642,45393
266704,45393
8488,45393
4340,45393
19814,45392
255810,45392
259865,45391
113672,45391
273152,45391
226205,45391
236151,45391
91125,45391
265330,45391
266604,45391
9446,45391
223313,45390
186554,45390
216444,45390
52171,45390
270999,45390
20824,45389
20697,45389
281155,45389
426,45388
209518,45388
271352,45388
202993,45387
28708,45387
113869,45387
145033,45387
111519,45387
186533,45386
156599,45386
270913,45386
294260,45385
14220,45385
239081,45385
181326,45385
9306,45385
145623,45385
114916,45384
146205,45384
104428,45384
292546,45384
61859,45384
287739,45383
31380,45383
218023,45383
284916,45383
162111,45382
21488,45382
200783,45382
167112,45382
39777,45382
117322,45382
292963,45381
223374,45381
96895,45381
4358,45381
267977,45380
235328,45380
253862,45380
13274,45379
277804,45379
179229,45379
30832,45379
245638,45379
10936,45379
4541,45379
78359,45379
285438,45378
213448,45378
170913,45378
136930,45378
220548,45378
201121,45378
49122,45378
263139,45378
270150,45378
21571,45377
137696,45377
244008,45377
177714,45377
140463,45377
175534,45376
293141,45376
270561,45376
155204,45376
121744,45376
66779,45376
285450,45375
176921,45375
261102,45375
275672,45375
182158,45375
227904,45375
258193,45374
275435,45374
31471,45374
151828,45374
125849,45374
182174,45374
163041,45374
270300,45374
203015,45373
8072,45373
91191,45372
13699,45372
212023,45372
190043,45372
126601,45372
208894,45372
93465,45371
237420,45370
37119,45370
228344,45370
12522,45370
257372,45370
240928,45370
251056,45370
38430,45370
2824,45370
134173,45369
17282,45369
284491,45369
28432,45369
194041,45369
40499,45368
24981,45368
294671,45368
284107,45368
106523,45367
145282,45367
235503,45367
162981,45367
26563,45367
226384,45367
16733,45366
212807,45366
23229,45366
168465,45366
177233,45366
5243,45366
223633,45365
291903,45365
56701,45365
255649,45365
166280,45365
263773,45365
193193,45364
226058,45364
217552,45364
10662,45364
8177,45364
85818,45364
41622,45363
225637,45363
111367,45363
202231,45363
223418,45362
122165,45361
168438,45361
247897,45361
141653,45361
2633,45360
210372,45360
47614,45359
97488,45359
129165,45359
175342,45359
205702,45359
152320,45359
293109,45358
12001,45358
62558,45358
5656,45358
269628,45358
175507,45358
84137,45358
223586,45357
210688,45357
193941,45357
214970,45357
265386,45357
212890,45357
137795,45357
64178,45356
262392,45356
47035,45356
23132,45356
151259,45356
263959,45356
211604,45355
118555,45355
115833,45355
246461,45354
71393,45354
6872,45354
185997,45354
194447,45354
91602,45354
138574,45353
215307,45353
121892,45353
192384,45353
118107,45353
135290,45353
99956,45352
212290,45352
257132,45352
285236,45352
230286,45352
38330,45351
56119,45351
204133,45351
183564,45351
6277,45351
237398,45351
34494,45350
124731,45350
155367,45350
19928,45350
221969,45350
17254,45350
14447,45350
176147,45349
209898,45349
296539,45349
170963,45349
178526,45349
9139,45348
292658,45348
212395,45348
121290,45347
184272,45347
273734,45347
164395,45346
185587,45346
204288,45346
220951,45346
260257,45346
176189,45345
113455,45345
3662,45344
78159,45344
7220,45344
75153,45344
213709,45344
103947,45343
195483,45343
173225,45343
247580,45343
31001,45343
253715,45343
242374,45343
43656,45343
229367,45343
168802,45342
208294,45342
287973,45342
251338,45342
191726,45342
243472,45341
52153,45341
122271,45340
295766,45340
31229,45340
295056,45340
189519,45340
233915,45340
276710,45339
114156,45339
196789,45338
277059,45338
35073,45338
127143,45338
1840,45337
19115,45337
81259,45337
214727,45337
139629,45337
144808,45336
14831,45336
66248,45336
112183,45336
282438,45336
132629,45336
251694,45335
201974,45335
173165,45335
238298,45335
52108,45335
87599,45334
76891,45334
66032,45334
231612,45334
165537,45334
7774,45333
217125,45333
84892,45333
220310,45333
27629,45332
127258,45332
14975,45332
20013,45332
167885,45331
217501,45330
206910,45330
117888,45330
140658,45330
186782,45330
267818,45330
69958,45330
293029,45330
14139,45330
223508,45330
186175,45330
291776,45330
26872,45329
279650,45329
2894,45329
16377,45329
290203,45328
191894,45328
175920,45328
163440,45328
283557,45328
296138,45328
185574,45327
155200,45327
4679,45326
215630,45326
226070,45326
97828,45325
190361,45325
128390,45325
145007,45325
280910,45325
6725,45325
2374,45325
84459,45325
187782,45324
282376,45324
209731,45324
86226,45324
21975,45324
167772,45324
265131,45324
292819,45323
245624,45323
208917,45323
220116,45323
90513,45323
132423,45323
237154,45323
169493,45322
5069,45322
155308,45322
287330,45322
3388,45322
256333,45322
181187,45321
234148,45321
234305,45321
235264,45321
20035,45321
114226,45321
279622,45321
169393,45321
233616,45320
267534,45320
257,45320
54339,45320
265159,45320
206855,45320
211633,45320
289347,45319
269271,45319
18930,45319
226620,45319
235892,45319
128728,45319
197152,45319
2802,45319
3732,45318
195268,45318
281842,45318
283305,45318
271620,45318
160340,45318
80145,45317
225746,45317
10652,45317
12590,45317
239441,45317
229373,45317
253445,45317
190179,45317
294903,45316
168847,45316
33749,45316
221861,45316
9317,45316
180253,45316
196245,45316
280572,45316
252127,45316
262402,45316
74334,45316
291992,45315
48586,45315
184514,45315
165507,45315
221618,45315
263043,45315
20915,45315
267764,45315
232645,45314
211009,45314
17002,45313
181865,45313
27460,45313
206174,45313
294908,45313
283522,45313
10638,45312
295103,45312
233286,45312
199714,45312
216197,45312
249111,45312
129820,45312
103603,45311
124667,45311
217642,45311
289784,45311
244715,45311
134436,45311
8620,45311
16955,45311
267594,45311
177592,45311
256085,45310
125677,45310
121452,45310
252662,45310
156067,45310
229655,45310
193378,45310
85890,45310
287952,45310
76982,45310
173435,45309
11906,45309
231777,45309
285304,45309
149575,45308
16515,45308
211702,45308
4125,45308
19930,45308
34007,45308
155042,45308
10764,45308
31651,45307
274117,45307
117593,45307
273454,45307
67904,45307
49522,45307
144227,45307
125394,45306
117310,45306
119590,45306
200542,45306
293181,45306
35037,45305
171782,45305
220323,45304
90096,45304
260518,45303
275696,45303
209194,45303
42201,45303
263126,45302
20057,45302
206138,45302
261123,45302
2748,45302
272468,45302
39933,45302
74857,45302
275455,45301
206380,45301
208041,45301
34213,45301
273204,45301
218497,45301
42475,45300
212765,45300
274509,45300
225090,45300
256407,45300
141217,45299
281123,45299
214115,45299
250658,45299
133490,45299
259165,45299
289768,45299
185441,45299
190125,45299
99720,45299
3206,45298
26338,45298
22015,45298
201536,45298
142854,45298
225614,45298
106792,45298
19107,45297
229329,45297
211377,45297
183873,45296
177586,45296
97983,45296
200590,45296
64115,45296
218952,45296
255898,45296
124808,45295
268596,45295
69329,45295
178333,45295
34116,45295
83627,45295
294521,45295
204495,45294
288051,45294
234319,45294
198107,45293
216350,45293
92094,45293
184473,45293
145104,45293
155881,45293
163597,45293
40469,45293
129620,45292
217427,45292
170248,45292
428,45292
47859,45292
244768,45292
139402,45292
291028,45292
116403,45291
37239,45291
48903,45291
170887,45291
205943,45291
275711,45291
242643,45291
215536,45291
112098,45291
284087,45291
957,45291
259894,45290
815,45290
8923,45290
72191,45290
22912,45290
230947,45289
149571,45289
91895,45289
201709,45289
270972,45289
9310,45289
218429,45289
273010,45289
180263,45289
15401,45289
196348,45289
278188,45289
295412,45289
3561,45289
245677,45289
126728,45289
32689,45288
26331,45288
16154,45288
255412,45288
296218,45288
222798,45287
21945,45287
255258,45287
2087,45287
227814,45287
187120,45286
6778,45286
51786,45286
204135,45286
209332,45286
258921,45286
283227,45286
287579,45286
6971,45286
150344,45286
249561,45286
220664,45285
183456,45285
25567,45285
60133,45285
146600,45285
252642,45285
212680,45284
66047,45284
177137,45284
246433,45284
89290,45284
201147,45284
70304,45284
251168,45284
110783,45283
192571,45283
21131,45283
100057,45283
136350,45283
935,45282
203707,45282
185926,45282
205420,45282
240905,45282
718,45282
2923,45282
159176,45282
235866,45281
76622,45281
127006,45281
261196,45281
64173,45281
188976,45281
91753,45280
48053,45280
10564,45280
113916,45280
168128,45280
283963,45280
27662,45280
153869,45280
196326,45279
274657,45279
234691,45279
125045,45279
169339,45279
253865,45279
240861,45279
65514,45278
27562,45278
32970,45278
165177,45278
210753,45277
58688,45277
175875,45277
264747,45277
255108,45277
252079,45277
106797,45277
70783,45277
10000,45277
81100,45276
249850,45276
9342,45276
283874,45276
282699,45276
224479,45276
252281,45276
274050,45275
154809,45275
216,45275
290384,45275
56358,45275
294214,45275
54617,45275
166480,45275
286516,45275
100380,45275
283434,45275
33641,45275
274369,45274
41674,45274
290747,45274
277591,45274
218862,45274
80250,45273
265250,45273
109847,45273
199842,45273
8114,45273
139058,45273
126183,45273
21652,45273
49959,45272
268925,45272
200662,45272
155770,45272
197734,45272
192961,45272
72756,45271
182525,45271
239782,45271
222840,45271
225590,45270
113532,45270
275678,45270
14427,45270
201344,45270
216621,45270
51667,45270
125697,45269
192955,45269
271229,45269
181350,45269
249819,45269
226124,45269
166868,45269
228584,45269
68362,45268
76680,45268
5067,45268
84055,45268
165437,45268
279662,45268
85611,45268
25866,45268
171968,45267
131832,45267
122086,45267
196398,45267
167079,45267
206530,45266
294337,45266
183643,45266
257125,45266
214590,45266
114939,45265
250954,45265
199215,45265
138419,45265
235104,45264
130927,45264
17555,45264
93236,45264
2900,45264
181554,45264
290509,45264
285042,45263
256309,45263
16749,45263
148078,45263
265141,45263
129370,45262
29526,45262
239759,45262
286267,45262
79938,45262
254628,45262
261723,45261
293307,45261
45714,45261
45215,45261
88366,45261
162450,45261
282169,45261
51090,45261
12797,45261
279419,45260
256905,45260
270973,45260
144663,45260
188544,45260
261981,45260
127604,45260
206685,45259
212328,45259
182892,45259
256180,45259
235038,45258
296266,45258
34416,45258
237503,45258
99047,45258
293514,45257
272795,45257
198376,45257
251411,45257
213978,45257
229161,45257
5066,45256
139157,45256
226267,45256
13909,45256
170530,45256
72735,45256
75745,45256
232390,45256
294145,45256
225565,45256
171741,45255
202717,45255
63189,45254
255874,45254
262434,45254
117857,45254
288401,45254
28930,45254
49138,45254
161529,45254
244467,45253
87529,45253
238373,45253
275781,45253
105118,45253
13981,45253
181236,45253
138260,45253
296604,45253
185276,45253
256991,45252
1424,45252
3201,45252
237220,45252
210658,45252
278027,45252
26074,45251
278962,45251
19515,45251
274783,45251
220812,45251
251588,45250
8472,45250
190159,45250
136677,45250
14961,45250
141039,45249
108309,45249
248601,45249
17090,45249
206517,45249
133789,45249
231879,45249
205030,45248
271780,45248
86887,45248
58550,45248
206389,45248
239658,45248
234496,45248
165169,45247
284265,45247
102034,45247
149491,45247
158499,45246
122922,45246
166355,45246
117215,45246
236287,45245
29887,45245
123914,45245
59594,45245
279446,45245
267218,45245
120054,45245
32055,45245
152745,45245
278302,45245
137848,45245
191027,45245
237666,45245
179686,45245
75912,45244
225739,45244
51804,45244
272288,45244
90278,45244
263641,45244
139049,45244
193423,45244
232072,45243
156359,45243
247092,45243
204200,45243
254198,45243
10516,45243
63951,45243
274198,45242
215945,45242
51275,45242
245350,45241
226427,45241
277032,45241
293221,45240
6948,45240
169926,45240
65018,45240
247962,45240
14208,45240
12024,45239
148901,45239
108542,45239
118081,45239
41240,45239
254857,45239
270479,45239
196415,45239
264226,45238
144469,45238
173040,45238
294498,45238
168901,45238
189297,45238
158550,45238
156816,45238
292659,45238
13834,45237
155483,45237
163211,45237
294430,45237
2514,45237
108027,45237
126811,45236
205919,45236
85642,45236
211426,45236
116608,45235
160289,45235
243042,45235
3374,45235
254152,45235
294713,45235
292733,45235
264857,45235
274867,45234
165675,45234
36794,45234
207613,45234
23182,45234
9064,45234
203475,45234
16485,45234
22031,45234
194484,45234
184783,45234
116919,45234
84136,45233
285805,45233
295132,45233
19097,45233
113688,45233
242086,45233
206848,45232
96039,45232
220931,45232
204000,45232
111556,45231
17093,45231
49147,45231
234407,45231
172605,45231
174197,45231
151233,45231
207686,45231
239990,45231
6506,45231
284621,45231
279447,45230
231966,45230
41977,45230
174494,45230
215317,45230
103333,45230
74006,45230
182253,45230
142943,45229
241950,45229
45879,45229
175177,45229
158526,45229
203900,45229
173656,45229
21573,45228
93132,45228
293564,45228
24941,45227
787,45227
6013,45227
262817,45227
282976,45227
56313,45227
188643,45227
72194,45226
169413,45226
141366,45226
253473,45226
167733,45226
153397,45226
89397,45226
158047,45225
174474,45225
267343,45225
160457,45225
237557,45225
258339,45225
264977,45225
130139,45224
229114,45224
256774,45224
239853,45224
172679,45224
152564,45224
278805,45224
155775,45224
217032,45223
225193,45223
279697,45223
8363,45222
248054,45222
28509,45222
289802,45222
229813,45222
171834,45221
294012,45221
264562,45221
121758,45221
57106,45221
265826,45221
87082,45220
229401,45220
208061,45220
236908,45220
189127,45220
325,45220
234200,45220
170178,45220
274318,45220
255468,45219
85223,45219
273464,45219
156228,45219
182769,45218
50749,45218
238731,45218
56865,45218
185695,45218
230575,45218
205139,45218
213310,45218
266012,45218
261214,45218
124037,45217
104016,45217
286377,45217
32905,45217
80999,45217
223519,45217
211307,45217
192483,45217
248327,45217
252258,45216
261287,45216
252883,45216
226781,45216
208967,45216
279078,45216
236382,45216
170497,45216
91964,45215
171181,45215
212554,45215
255911,45215
25801,45215
149584,45215
132044,45215
293763,45214
11966,45214
171324,45214
280942,45214
114334,45214
134538,45214
77975,45214
216353,45214
209569,45213
38217,45213
287999,45213
245878,45213
31121,45213
242829,45213
227173,45213
264837,45213
168516,45213
224498,45213
6316,45213
16060,45212
296537,45212
134006,45211
172894,45211
83675,45211
37728,45211
4822,45211
146375,45211
199271,45211
296460,45211
195948,45211
63044,45210
208109,45210
215560,45210
1834,45210
240827,45209
273733,45209
189461,45209
221765,45209
289863,45209
267989,45209
190135,45209
225572,45209
248274,45209
236719,45209
77649,45209
193510,45208
97190,45208
267587,45208
259634,45208
271493,45207
270597,45207
222670,45207
106571,45207
279530,45206
224723,45206
275101,45206
80058,45206
262664,45206
280877,45206
8121,45206
246515,45206
221489,45206
132386,45206
4060,45206
270941,45205
266683,45205
244152,45205
216705,45205
14601,45205
172381,45205
197971,45205
47887,45205
273161,45205
3619,45204
248554,45204
78152,45204
231343,45204
295123,45204
112275,45204
77028,45204
292734,45204
197162,45204
137541,45204
289939,45204
256308,45203
58618,45203
244447,45203
163196,45202
49445,45202
247942,45202
143032,45202
203936,45202
5151,45202
160250,45202
267038,45202
289564,45201
178197,45201
180514,45201
263728,45201
215333,45201
168292,45201
144882,45201
226093,45201
185240,45201
68410,45201
61823,45201
16097,45201
229784,45200
4673,45200
90765,45200
279992,45200
2048,45200
273631,45200
198234,45200
272031,45200
157271,45199
267644,45199
15891,45199
7067,45199
195231,45199
194906,45199
18524,45199
165165,45199
244076,45199
64083,45198
65264,45198
137803,45198
9122,45197
103483,45197
262459,45197
165066,45197
80858,45197
181185,45197
145721,45196
181511,45196
276143,45196
226683,45196
94046,45196
231744,45195
236832,45195
277216,45195
248344,45195
64204,45194
218548,45194
239760,45194
287818,45194
271147,45194
23695,45194
84599,45194
244375,45194
50133,45193
284999,45193
102577,45193
87527,45193
91748,45193
155075,45193
271151,45193
189578,45192
250626,45192
268893,45192
180362,45192
164478,45192
199032,45192
133567,45192
285409,45192
173865,45192
86740,45192
210814,45192
227418,45192
229605,45191
15931,45191
287157,45191
23266,45191
106027,45191
287123,45190
283238,45190
189922,45190
179236,45190
293116,45190
119717,45189
115359,45189
159029,45189
39718,45189
93593,45189
253549,45189
42221,45189
145514,45188
1108,45188
218385,45188
285269,45188
132228,45188
26543,45187
205158,45187
230812,45187
159136,45186
268127,45186
269093,45186
25242,45186
112964,45186
36457,45186
30436,45186
257135,45186
291068,45186
94954,45185
242448,45185
8737,45185
126902,45185
24415,45185
249082,45185
182424,45185
116090,45185
293849,45184
145541,45184
292762,45184
272426,45184
170176,45184
109818,45184
259824,45184
16252,45184
179281,45183
280187,45183
233311,45182
118549,45182
119382,45182
265566,45182
284108,45182
190564,45182
48687,45182
127376,45182
276351,45182
104567,45182
257989,45182
163971,45181
89005,45181
239576,45181
174591,45181
19136,45180
268667,45180
135913,45180
191817,45180
212884,45180
194506,45179
172977,45179
202854,45179
247303,45179
194871,45179
258421,45179
45189,45179
54833,45179
240976,45179
242104,45179
276431,45179
273535,45179
242289,45179
190813,45178
98954,45178
126424,45178
199092,45178
238002,45178
127093,45177
232680,45177
18900,45177
246231,45177
183125,45177
118235,45176
105517,45176
160152,45176
211339,45176
18438,45176
97460,45176
205864,45175
12278,45175
50391,45175
185824,45175
115685,45175
46920,45174
11166,45174
64534,45174
156069,45174
236589,45174
221092,45174
186748,45174
238920,45174
240276,45174
262111,45174
269221,45174
232298,45173
266055,45173
241368,45173
134215,45173
213356,45173
168339,45173
150784,45173
218816,45173
67176,45173
276254,45173
157605,45172
126669,45172
142586,45172
149980,45172
37406,45172
205177,45172
224865,45172
250803,45172
90046,45171
294389,45171
105578,45171
3583,45171
163187,45170
221272,45170
211950,45170
66231,45170
3557,45170
195997,45170
270600,45170
285490,45170
213756,45170
77411,45170
182707,45169
277950,45169
97071,45169
250027,45169
123868,45169
80906,45169
196185,45169
181816,45169
48735,45169
197682,45169
112967,45168
16864,45168
192088,45168
174981,45168
284370,45168
277005,45168
194047,45168
178640,45168
105084,45167
189775,45167
136783,45167
149370,45167
250428,45167
261971,45167
150956,45167
132010,45167
230985,45167
280536,45167
265344,45167
200642,45167
147694,45166
221450,45166
27198,45166
262828,45166
274099,45166
131300,45166
234841,45166
238691,45165
18952,45165
169510,45165
227620,45165
275915,45165
217797,45165
159036,45165
241159,45164
242371,45164
215711,45164
295506,45164
158236,45163
141254,45163
276937,45163
270189,45163
227564,45163
99136,45163
256166,45163
13945,45163
184289,45163
28562,45163
57193,45162
118543,45162
283986,45162
238528,45161
228856,45161
276643,45161
211507,45161
119748,45161
282582,45161
146248,45161
139073,45161
272497,45161
179472,45161
69809,45161
95799,45161
187289,45160
162369,45160
81378,45160
42567,45160
282290,45160
42799,45160
55014,45159
244643,45159
1671,45159
112812,45159
260484,45159
147353,45158
284090,45158
55447,45158
219654,45158
244731,45158
18102,45158
210796,45157
11074,45157
36736,45157
92045,45157
2815,45157
111502,45157
153158,45157
205810,45157
124668,45156
259563,45156
227962,45156
261792,45156
277866,45156
166988,45156
172417,45156
11689,45156
155974,45156
248916,45155
7124,45155
135002,45155
258774,45155
184803,45155
179478,45155
92101,45155
162350,45155
33186,45155
152722,45155
175835,45154
277697,45154
223795,45154
285965,45154
6443,45154
206307,45154
92296,45154
161474,45154
159025,45154
4997,45153
81492,45153
174511,45153
20326,45153
272502,45153
32874,45153
170173,45153
21294,45153
160323,45153
243521,45153
282793,45153
65935,45152
122787,45152
277205,45152
118689,45152
144390,45152
105705,45152
286573,45152
145712,45152
124966,45151
278949,45151
242185,45151
91199,45151
105017,45151
149767,45151
73661,45151
207541,45150
259807,45150
196478,45150
99322,45150
24421,45150
202361,45150
170603,45150
282660,45150
181489,45150
99241,45150
247822,45150
140321,45150
164090,45149
296280,45149
50249,45149
270567,45149
162774,45149
224167,45149
94520,45149
173028,45149
262616,45149
108389,45149
145495,45149
27174,45149
189483,45149
132539,45149
288828,45148
232292,45148
275703,45147
269260,45147
171087,45147
193663,45147
132100,45147
208975,45147
73668,45147
36019,45146
105468,45146
281594,45146
193245,45146
9251,45146
2603,45146
255227,45146
27033,45146
202828,45146
175917,45146
9491,45146
115137,45146
222809,45146
65159,45145
189150,45145
208293,45145
174201,45145
126198,45145
136857,45145
38105,45144
74002,45144
206914,45144
275922,45144
255431,45143
283646,45143
288023,45143
126174,45143
108601,45143
202174,45143
51443,45143
92188,45143
224985,45143
142646,45142
2937,45142
242759,45142
272529,45142
176397,45142
72342,45142
272028,45141
218878,45141
191377,45141
6460,45141
284655,45141
268003,45141
209140,45141
277633,45140
75419,45140
256832,45140
99785,45140
242068,45140
200231,45140
190823,45139
122430,45139
289855,45139
278690,45139
136103,45139
121329,45139
241300,45139
5431,45139
1062,45139
11454,45138
185062,45138
140662,45138
201759,45138
256089,45138
74591,45138
198592,45138
212782,45138
245483,45138
182846,45138
106227,45137
134322,45137
135635,45137
282846,45137
6179,45137
25436,45137
185136,45137
137574,45137
293100,45136
131392,45136
126677,45136
158201,45136
147502,45136
13745,45136
211209,45136
273357,45136
183672,45136
2795,45136
53696,45136
25324,45135
87549,45135
109686,45135
172337,45135
202435,45135
183258,45135
4656,45135
84363,45135
3268,45134
229302,45134
2823,45134
198618,45134
233555,45134
85424,45134
59441,45134
109650,45134
140404,45133
18227,45133
227510,45133
37272,45133
67839,45133
132663,45133
277557,45133
177520,45132
48557,45132
51548,45132
207749,45132
75821,45132
100388,45132
224311,45132
217398,45132
253952,45132
290773,45132
86525,45131
10837,45131
257156,45131
213169,45131
96423,45131
278939,45130
253662,45130
265487,45130
265071,45130
264928,45130
222421,45130
220108,45130
240750,45130
159562,45130
2721,45130
252815,45130
245163,45129
26137,45129
260667,45129
18122,45129
857,45129
130473,45129
211855,45129
253880,45129
167158,45129
7848,45129
32244,45129
10222,45128
198321,45128
125989,45128
158337,45128
67351,45128
195815,45128
251099,45128
289764,45128
53985,45127
122357,45127
6112,45127
293953,45127
228593,45126
258671,45126
176964,45126
37043,45126
153315,45126
11493,45126
177489,45126
239146,45125
197082,45125
131716,45125
197645,45125
238799,45125
280467,45125
50883,45125
51245,45124
98040,45124
8025,45124
5080,45124
148630,45124
286823,45124
228513,45124
179865,45124
15024,45124
242817,45124
271915,45124
145145,45123
190381,45123
259175,45123
270243,45123
276263,45123
283709,45123
191451,45123
210733,45123
188831,45122
201177,45122
248011,45122
136142,45122
79400,45122
271438,45122
212016,45121
100801,45121
213196,45121
35176,45121
28623,45121
58796,45121
77010,45121
247632,45121
124109,45120
58030,45120
131253,45120
293222,45120
134154,45120
234850,45120
250113,45120
193495,45120
217704,45119
192726,45119
116549,45119
127895,45119
245803,45119
282222,45119
38635,45119
19744,45118
1631,45118
180832,45118
75344,45118
49403,45118
295625,45118
204956,45118
293962,45118
186181,45118
95367,45118
183665,45118
182149,45118
245736,45118
98238,45118
36864,45117
1403,45117
124356,45117
217023,45117
183151,45117
134402,45117
181854,45117
284358,45116
256144,45116
83410,45116
107786,45116
236805,45116
250283,45116
247149,45116
192044,45116
234705,45115
275629,45115
144938,45115
189933,45115
248958,45115
206004,45115
235214,45115
88607,45115
200517,45114
268856,45114
2293,45114
192667,45114
2528,45114
174370,45114
98563,45114
126400,45114
179039,45114
7712,45114
271269,45114
179020,45113
239751,45113
213834,45113
170526,45113
71164,45113
42572,45113
30306,45113
48758,45113
232714,45113
15518,45112
113833,45112
265945,45112
10537,45112
114628,45112
126565,45112
290126,45112
36671,45112
9236,45112
284268,45112
291778,45112
256303,45111
73796,45111
250203,45111
222145,45111
73981,45111
4338,45111
203348,45111
180124,45111
129678,45110
102596,45110
283007,45110
3355,45110
293239,45110
281723,45110
142581,45110
407,45110
213324,45110
243678,45110
267667,45110
109265,45110
41097,45110
284387,45110
95016,45109
44096,45109
213414,45108
197529,45108
234717,45108
252235,45108
126169,45108
191148,45107
217993,45107
155364,45107
188177,45107
104704,45107
276690,45107
92983,45107
218467,45107
216279,45107
117437,45106
262234,45106
115870,45106
153,45106
139736,45106
53951,45106
285667,45106
5829,45105
116693,45105
246116,45105
216426,45105
256378,45105
177252,45105
35758,45105
81676,45104
3531,45104
241934,45104
71159,45104
218431,45104
290751,45104
136217,45104
260145,45103
106654,45103
50576,45103
223543,45103
226795,45103
289423,45103
160683,45103
146969,45103
74536,45103
190701,45103
266005,45103
2660,45102
207159,45102
237717,45102
211416,45102
64968,45102
217472,45102
1739,45102
63124,45102
268304,45102
60828,45102
252525,45102
281980,45102
128408,45102
211283,45102
150584,45101
33141,45101
218188,45101
251735,45101
144960,45101
276326,45101
264384,45101
1775,45101
229389,45101
58771,45101
138968,45101
138770,45100
169059,45100
199129,45100
18233,45100
3711,45100
202144,45100
14405,45100
266301,45100
269046,45100
293525,45099
286752,45099
294827,45099
1876,45099
191363,45099
216379,45099
19903,45099
238975,45099
167381,45099
290343,45099
141471,45099
290139,45099
107363,45098
229998,45098
22995,45098
191072,45098
85020,45098
26641,45098
279042,45098
37460,45097
144923,45097
144079,45097
231905,45097
250723,45097
166625,45097
180412,45097
5216,45097
290688,45096
126536,45096
261509,45096
218093,45096
115538,45096
248348,45096
107722,45096
84907,45096
234235,45096
275725,45096
166730,45096
285552,45096
291001,45096
248034,45095
241207,45095
169921,45095
261734,45095
233824,45095
143756,45095
134414,45095
165406,45095
286639,45095
277344,45095
210868,45095
269232,45095
237653,45095
32962,45094
188419,45094
167578,45094
51913,45094
90053,45093
241519,45093
138971,45093
193872,45093
152676,45093
147640,45093
274813,45093
163924,45093
244049,45092
288832,45092
153132,45092
212878,45092
261527,45092
1191,45092
289082,45092
228346,45092
247304,45092
186386,45092
259656,45092
177322,45092
162578,45092
4561,45091
185870,45091
152981,45091
268939,45091
110696,45091
3393,45091
159916,45091
248141,45091
31889,45091
262603,45090
166761,45090
1197,45090
208176,45090
249986,45090
99895,45090
290341,45090
226806,45090
273586,45089
145957,45089
157799,45089
155085,45089
157730,45089
276138,45089
238846,45089
167006,45088
181248,45088
44683,45088
78497,45088
278517,45088
42643,45088
121070,45088
288881,45088
278489,45088
262356,45088
92331,45088
247239,45088
197215,45088
9783,45088
6651,45087
290143,45087
162674,45087
101242,45087
46206,45087
9831,45087
96491,45087
240401,45087
166376,45087
221804,45087
284304,45087
138222,45087
2489,45086
223361,45086
42301,45086
234672,45086
192515,45086
256,45086
59313,45086
245394,45086
198501,45086
257255,45085
4768,45085
227509,45085
279182,45085
20904,45085
128421,45085
85287,45085
221929,45085
281855,45084
103250,45084
220660,45084
5548,45084
147877,45084
205418,45084
215641,45084
87739,45084
57500,45084
9387,45084
173869,45084
283741,45083
286728,45083
284958,45083
185042,45083
171939,45083
99249,45083
280179,45083
289838,45083
176599,45083
250053,45083
148565,45082
208221,45082
248868,45082
175013,45082
187766,45082
262403,45082
76052,45082
164802,45082
214686,45082
211232,45082
209403,45082
14591,45082
260871,45082
192251,45082
9778,45082
129109,45082
169195,45082
1463,45081
263459,45081
237681,45081
203787,45081
13518,45081
285027,45081
8977,45081
238117,45081
234786,45081
142387,45081
23452,45080
282781,45080
224084,45080
130393,45080
77103,45080
290427,45080
175198,45080
238645,45080
182639,45079
246925,45079
18716,45079
122189,45079
58602,45079
227861,45079
130246,45078
52652,45078
39071,45078
229460,45078
189875,45078
119280,45077
226800,45077
293873,45077
290474,45077
32898,45077
239314,45077
30447,45077
92072,45077
255545,45077
62378,45076
63138,45076
102980,45076
288688,45076
53671,45076
231536,45076
112789,45076
287661,45076
158737,45076
176569,45075
34002,45075
46033,45075
89312,45075
13204,45075
221988,45075
197522,45075
201488,45075
11342,45075
86568,45075
90088,45074
158809,45074
1736,45074
274100,45074
142190,45074
292916,45074
51791,45074
274661,45074
292559,45074
265186,45073
83536,45073
70895,45073
145182,45073
111268,45073
22482,45073
215534,45073
205479,45073
66758,45073
265184,45073
10301,45073
202175,45072
287453,45072
279819,45072
92361,45072
256160,45072
172012,45072
202916,45072
24757,45072
166338,45072
151152,45072
8648,45072
150826,45071
202380,45071
257349,45071
192019,45071
4926,45071
273284,45071
243911,45071
199916,45071
112846,45071
197854,45071
276040,45071
1085,45071
90410,45071
236122,45071
248121,45070
185295,45070
227199,45070
125208,45070
194080,45070
258314,45070
194885,45070
214846,45070
215866,45070
142035,45069
244872,45069
29794,45069
125500,45069
125982,45069
148599,45069
151936,45069
278157,45069
17344,45069
37498,45069
63729,45069
235422,45069
22611,45069
135731,45069
124883,45069
247216,45068
224859,45068
262146,45068
294428,45068
256994,45068
226962,45068
144545,45068
211471,45068
228311,45068
8757,45067
99095,45067
181225,45067
233533,45067
211258,45067
150786,45067
199922,45067
241223,45067
278192,45066
8812,45066
244923,45066
200065,45066
112729,45066
182341,45066
18983,45066
253268,45066
147618,45066
241094,45066
91539,45065
92129,45065
204088,45065
75073,45065
279702,45065
291220,45065
145132,45065
25926,45065
10500,45065
4863,45065
15253,45065
280688,45065
116330,45064
75364,45064
291968,45064
295240,45064
108699,45064
203926,45064
134094,45064
199525,45063
26565,45063
252321,45063
283243,45063
48741,45063
138639,45063
150453,45063
154120,45062
244297,45062
142145,45062
43738,45062
184440,45062
119116,45062
9955,45062
177474,45062
181443,45062
81830,45062
208512,45062
261875,45061
43147,45061
131072,45061
2055,45061
269726,45061
263177,45061
71120,45061
68677,45061
199356,45061
704,45060
293766,45060
18993,45060
68587,45060
275598,45060
73615,45059
54193,45059
38342,45059
3871,45059
153457,45059
42679,45059
32377,45059
256214,45059
140875,45059
11891,45059
22403,45059
157010,45058
18527,45058
175579,45058
285907,45058
57937,45058
169660,45058
116086,45057
51591,45057
167812,45057
59915,45057
159681,45057
270403,45057
252694,45057
190987,45057
210098,45056
86765,45056
119650,45056
219913,45056
279264,45056
246949,45056
243343,45056
196295,45056
57118,45055
249364,45055
236822,45055
260384,45055
5113,45054
232177,45054
198614,45054
178311,45054
288237,45053
169868,45053
206887,45053
133852,45053
269010,45053
195535,45053
245933,45053
163702,45053
290934,45053
156110,45053
205498,45053
53838,45053
105191,45053
103637,45053
162253,45053
256545,45052
249547,45052
256692,45052
226136,45052
261371,45052
32001,45052
174431,45052
23408,45052
196477,45052
3769,45052
269164,45052
153092,45051
4412,45051
160622,45051
294248,45051
229819,45051
124757,45051
99909,45051
2955,45051
225376,45050
218730,45050
68381,45050
120954,45050
294533,45050
59575,45050
240018,45050
31644,45050
152439,45050
266988,45050
147388,45049
52554,45049
46154,45049
119654,45049
129381,45049
56890,45049
282337,45049
205005,45049
285407,45049
51823,45049
17038,45048
236678,45048
69323,45048
264808,45048
36392,45048
255587,45047
125651,45047
286566,45046
286613,45046
35204,45046
276323,45046
252057,45046
85215,45046
222973,45046
18697,45046
275581,45046
296114,45045
89955,45045
288383,45045
222719,45045
258063,45045
269458,45045
34957,45044
232335,45044
122079,45044
212066,45044
212473,45044
54820,45044
179061,45044
198752,45044
208350,45044
5957,45044
19842,45044
137842,45043
80699,45043
294886,45043
271035,45043
174993,45043
138900,45043
236940,45043
291811,45043
117878,45043
11741,45043
218931,45043
254185,45043
296495,45042
273460,45042
192155,45042
114521,45042
108421,45042
159919,45042
255193,45042
126486,45042
275531,45042
147768,45041
203288,45041
80840,45041
279635,45041
259587,45041
2694,45041
148278,45041
162677,45041
98376,45040
3921,45040
171742,45040
100345,45040
239307,45040
120917,45039
74209,45039
258670,45039
286975,45039
270649,45039
38722,45039
6054,45039
224660,45039
161309,45039
214670,45039
150775,45039
10746,45039
113969,45039
278495,45039
176980,45039
269921,45038
289737,45038
179549,45038
5754,45038
178055,45038
149411,45038
269147,45038
250998,45038
214348,45037
105402,45037
5599,45037
164099,45037
98448,45037
184588,45037
10374,45037
264803,45037
32670,45037
97718,45037
278404,45036
152109,45036
70922,45036
213641,45036
227344,45036
89855,45036
97169,45036
123464,45035
246804,45035
275983,45035
266349,45035
168700,45035
164261,45035
