1620,100000
2380,51508
7924,51368
5883,50972
6039,50935
42212,50129
470,49598
9034,49595
2030,49570
62526,49380
12855,49329
3984,49308
267252,49138
237587,48980
731,48646
43555,48641
2841,48292
248199,48153
392,48080
1772,48077
221825,47968
53912,47967
1740,47936
3600,47907
291086,47905
276857,47893
262591,47888
127535,47883
7343,47848
22088,47831
293066,47797
206270,47796
251427,47784
275746,47777
1186,47755
271089,47740
287903,47717
197235,47712
6444,47697
1035,47675
205059,47660
28788,47654
346,47623
20284,47588
267869,47569
263700,47549
197315,47525
224245,47524
170864,47522
185331,47513
286072,47505
265415,47504
242893,47464
170419,47462
266346,47453
263678,47441
156911,47441
292763,47431
294591,47427
107715,47423
1672,47419
191737,47416
287396,47401
5353,47390
151505,47389
269940,47387
259628,47386
214105,47367
152470,47358
25782,47342
284165,47339
286601,47338
188421,47328
89613,47324
20969,47315
22466,47313
270330,47295
266045,47274
34652,47261
238512,47254
242660,47249
3147,47246
209321,47239
2275,47239
196046,47198
272606,47188
253391,47182
250724,47178
172959,47176
249724,47169
7617,47155
270659,47155
277986,47154
195712,47147
978,47146
141631,47143
202653,47142
74737,47141
209620,47133
182345,47128
252574,47125
289861,47113
3263,47106
244465,47102
265737,47100
196248,47094
194094,47092
214169,47092
274983,47091
218661,47091
3471,47088
63970,47087
266401,47085
122795,47084
281877,47083
276101,47083
284247,47078
185905,47077
12490,47064
941,47064
70410,47062
184615,47057
195726,47056
24490,47051
285449,47045
242247,47042
10424,47042
289685,47038
206074,47036
167857,47036
208019,47031
266066,47030
286200,47019
277367,47019
147531,47011
248439,47010
243766,47007
8210,47006
25368,47004
293198,46998
194043,46994
170367,46992
279790,46992
247034,46991
281219,46990
14697,46988
5069,46984
214269,46971
256168,46969
1663,46962
249510,46962
236909,46958
46997,46957
231189,46955
211237,46955
294431,46953
8338,46950
252431,46948
242001,46944
245004,46944
236511,46938
269663,46935
283541,46935
262459,46933
315,46927
222489,46926
292470,46925
22049,46924
245453,46922
111335,46921
277795,46917
260918,46912
245239,46910
3221,46908
252225,46907
697,46906
242835,46904
2047,46903
3334,46902
231983,46900
279058,46898
50964,46896
274683,46894
261927,46893
5969,46892
275280,46890
1268,46887
178365,46884
2578,46881
251632,46879
155008,46877
271835,46873
215926,46871
282122,46870
169377,46868
7039,46866
164233,46865
207813,46865
222922,46865
238252,46865
247415,46864
233929,46863
180799,46858
1720,46857
248277,46852
88390,46852
71991,46850
270259,46850
263258,46849
255402,46845
274632,46841
281448,46841
264709,46839
9848,46838
120374,46837
265698,46836
173405,46832
40986,46831
155836,46831
291445,46829
270980,46828
280771,46828
214876,46826
193883,46825
246389,46825
287948,46822
208021,46818
291427,46816
252387,46815
271364,46814
294459,46813
5646,46812
234465,46802
281005,46797
245707,46795
178170,46793
264080,46792
213373,46791
228787,46790
294169,46785
6886,46782
272350,46781
15364,46778
245005,46778
125537,46776
250741,46775
38206,46774
283932,46773
163952,46771
46206,46765
68077,46764
231027,46761
219544,46761
262168,46761
40147,46758
239428,46758
228775,46758
184639,46755
142365,46755
106181,46753
294572,46753
267275,46752
117269,46751
291771,46750
258742,46750
150977,46748
65747,46746
249774,46745
2384,46744
229800,46737
195081,46731
244342,46729
258038,46729
16222,46728
291019,46728
247598,46723
291339,46717
145384,46717
238902,46716
6841,46715
167549,46715
240330,46714
1683,46710
169325,46707
195636,46707
293348,46706
282706,46701
279536,46700
158881,46699
291617,46698
253579,46698
59547,46696
245480,46695
221914,46693
239586,46691
64545,46691
282919,46691
225912,46686
253362,46684
71005,46683
9983,46682
12437,46680
202372,46676
3568,46675
233993,46673
217795,46672
31528,46671
105613,46669
141125,46669
260355,46668
174660,46665
186340,46665
254057,46665
106003,46665
228326,46662
7816,46662
175525,46660
227936,46659
209093,46657
13701,46657
237512,46657
293203,46655
2168,46652
283062,46651
273954,46649
1990,46647
285094,46647
67303,46646
217553,46643
134142,46642
149479,46639
20716,46638
263864,46636
267562,46635
249302,46634
263898,46630
182539,46627
222958,46626
154166,46624
95263,46622
227731,46621
8420,46619
100246,46617
261456,46616
158432,46615
7071,46613
7068,46613
16,46613
151002,46612
153476,46610
265791,46610
272137,46610
194870,46608
1840,46608
17699,46607
270801,46607
139539,46607
245606,46603
3479,46602
287244,46598
134252,46596
124605,46595
67916,46595
165803,46588
2154,46588
255305,46587
91505,46586
233244,46585
188608,46585
272993,46583
141913,46583
266444,46582
173681,46580
236155,46577
153892,46576
235282,46574
195820,46573
16312,46572
220443,46571
249491,46569
292383,46567
179797,46567
72035,46567
266248,46567
241032,46566
202922,46564
243074,46563
172108,46562
167756,46562
253886,46560
247051,46559
286901,46556
2247,46553
292343,46553
279207,46552
204964,46551
186231,46551
196517,46551
96892,46549
148074,46548
25249,46548
272258,46547
40013,46547
248931,46543
292706,46542
159466,46542
180338,46541
278627,46540
274083,46539
134662,46537
169780,46535
191881,46533
4154,46533
288501,46533
122656,46530
274621,46529
282465,46528
275960,46527
265494,46527
242107,46526
182306,46525
270084,46524
149612,46522
396,46521
112885,46519
269756,46516
251047,46516
239690,46516
8820,46514
2971,46512
254228,46510
285313,46510
7200,46507
233918,46505
119963,46503
537,46503
232598,46502
169133,46496
281611,46495
256473,46495
209936,46494
21814,46493
87325,46492
276514,46491
42544,46491
288477,46488
246961,46486
258467,46485
192770,46484
33229,46483
97958,46483
174615,46482
200918,46482
443,46481
203307,46480
273462,46480
215609,46480
295167,46480
224997,46479
223379,46477
266056,46476
237415,46476
117074,46475
176060,46475
208790,46474
227191,46472
58693,46472
21387,46472
237909,46472
252313,46469
200291,46468
7085,46467
198602,46467
144261,46466
132986,46466
294185,46465
169443,46463
151909,46463
160185,46463
288295,46463
195968,46463
211254,46463
184,46462
155822,46462
284164,46462
290018,46461
69037,46460
218887,46459
193728,46459
286703,46456
67698,46456
24187,46456
205971,46455
253392,46453
201070,46452
236424,46451
261593,46449
290923,46449
182668,46448
1477,46448
185708,46447
269428,46445
249613,46444
288144,46444
149507,46444
202368,46443
15838,46442
161653,46442
275247,46440
219063,46439
278744,46438
256081,46437
162675,46436
217875,46436
293507,46436
226625,46434
88429,46434
268498,46433
7495,46433
158511,46432
167677,46431
252411,46431
289564,46431
174081,46430
277638,46429
239437,46427
224629,46427
9233,46427
294197,46426
273808,46426
235390,46424
182220,46422
173596,46422
291973,46422
225930,46422
237827,46421
2639,46417
61287,46416
9503,46416
6271,46416
211265,46415
239,46415
245127,46414
227630,46413
249458,46413
246991,46412
185451,46412
1646,46411
137458,46410
241782,46410
272055,46409
285309,46409
220553,46409
278560,46409
5178,46408
187126,46406
114896,46406
279294,46406
293245,46403
270637,46402
192978,46401
242237,46401
279442,46401
267598,46400
270186,46398
49507,46397
1742,46396
230084,46396
253548,46393
90804,46393
262010,46393
240425,46393
138680,46393
106517,46392
96249,46390
267002,46390
232635,46389
245128,46388
149684,46388
226787,46387
7745,46386
231322,46386
256957,46386
160857,46386
156097,46385
238474,46384
3319,46384
9447,46383
208831,46383
6350,46380
269060,46379
247335,46379
196614,46378
133913,46377
211498,46375
2467,46375
271614,46374
205145,46374
271521,46372
245424,46367
23797,46366
293484,46366
282368,46366
271558,46364
220494,46363
199819,46362
290408,46362
269853,46360
266130,46360
2411,46359
251531,46359
249427,46358
246060,46356
105137,46355
74138,46355
145615,46355
245316,46354
210341,46353
240351,46353
159352,46353
164291,46353
252066,46352
280020,46352
80875,46350
240900,46348
57855,46348
279127,46348
154331,46348
225858,46347
155653,46347
3328,46346
237824,46346
264539,46345
218883,46339
253594,46338
282703,46338
1529,46338
275987,46338
294279,46337
187235,46336
284915,46336
269650,46335
98779,46335
173419,46334
272687,46333
273326,46332
241724,46330
73947,46330
95241,46329
292823,46327
261865,46327
51705,46326
257279,46326
62392,46326
144022,46325
253386,46325
61427,46325
140667,46324
144980,46324
149316,46324
209161,46322
133340,46321
228851,46321
140325,46321
240636,46321
157844,46320
191667,46320
159629,46320
248146,46319
2822,46318
180210,46317
200307,46316
157421,46313
240314,46312
295248,46312
167075,46312
291521,46308
144919,46307
277926,46306
261612,46306
490,46305
106207,46304
40465,46304
268591,46304
232883,46303
216210,46303
182396,46303
199437,46303
261644,46302
131378,46302
286559,46302
156637,46301
158456,46301
673,46301
220998,46301
296177,46300
289676,46299
174416,46298
22713,46298
247970,46298
2981,46297
209254,46296
164797,46296
237351,46296
292368,46293
143608,46292
155988,46292
267021,46292
208496,46289
167329,46289
141018,46289
17061,46288
182438,46288
3051,46288
75995,46288
69405,46287
212480,46284
295905,46284
239687,46284
168293,46283
254672,46282
31015,46282
226042,46280
116779,46280
153866,46279
64148,46278
192454,46278
233848,46278
278780,46277
271673,46277
208159,46275
234644,46273
291461,46273
8042,46271
15399,46270
241366,46270
277139,46269
64489,46269
41666,46268
214376,46268
259466,46268
281741,46268
286282,46267
196734,46267
212064,46267
264373,46266
222245,46266
77204,46264
84265,46264
277554,46264
241713,46264
207236,46263
277459,46263
295361,46263
58349,46262
174472,46262
1205,46262
180325,46262
34634,46260
206330,46260
277903,46259
178073,46259
277722,46258
93225,46258
185243,46257
185837,46256
183037,46255
17813,46255
200485,46254
200354,46254
285193,46254
152464,46253
81925,46252
79949,46252
25705,46251
68422,46250
48563,46250
257325,46248
211444,46247
295164,46247
239221,46247
295278,46246
295595,46246
244302,46246
197084,46244
277165,46243
182612,46243
295504,46242
275012,46241
283930,46240
196064,46240
258717,46239
295835,46239
172137,46237
231954,46237
149142,46236
269718,46234
199746,46233
268912,46232
177697,46232
263077,46231
272931,46231
243795,46231
212897,46231
240274,46229
173504,46228
40785,46228
261126,46228
262857,46225
1430,46224
81869,46224
269208,46224
273231,46224
108760,46224
200604,46223
271457,46222
198463,46222
253558,46222
255196,46221
54562,46221
295934,46221
125814,46218
240289,46218
15993,46218
228516,46218
135087,46217
276475,46217
268674,46215
226162,46214
283472,46214
25896,46214
181799,46213
6674,46212
282517,46212
93014,46211
225342,46209
173845,46209
141390,46209
263248,46208
200226,46207
278540,46206
247377,46205
208876,46205
271874,46205
128416,46202
123907,46202
195342,46201
190827,46201
215832,46200
100502,46200
144842,46199
2226,46198
21705,46198
279493,46198
168397,46197
276238,46197
162019,46196
263615,46194
228619,46194
190560,46193
272318,46193
1704,46193
3730,46192
289013,46190
159107,46190
142366,46190
283352,46190
237215,46189
260625,46188
198754,46188
92320,46187
163753,46187
193867,46186
26165,46186
262362,46186
1424,46186
12845,46185
261614,46184
290169,46184
217629,46184
200535,46182
244848,46182
130011,46182
51778,46181
242230,46181
242297,46177
153699,46176
276162,46174
154317,46174
62388,46174
231754,46173
192799,46173
174,46172
212277,46172
26467,46172
289559,46171
288736,46170
178664,46170
211791,46170
277083,46169
151164,46169
292837,46167
293059,46167
272120,46166
14842,46165
252030,46165
196923,46164
29354,46164
279310,46164
140291,46163
291412,46163
211042,46163
256251,46162
238788,46162
238724,46162
111793,46162
224400,46161
239168,46161
23445,46161
211282,46158
248809,46157
293803,46157
296231,46156
187993,46156
270034,46156
238362,46155
109981,46155
130063,46155
292899,46155
189423,46155
231965,46154
212176,46153
222227,46153
5363,46153
277082,46152
277935,46152
155231,46152
60796,46151
23001,46150
276534,46149
176721,46149
274411,46149
264520,46148
156009,46148
541,46147
182779,46147
247749,46147
10826,46147
108555,46147
191579,46147
64182,46146
227999,46145
270853,46145
277765,46144
20325,46144
128744,46144
256226,46144
185203,46144
285315,46143
218359,46143
256280,46143
250837,46141
31062,46141
137402,46140
195607,46140
193281,46139
84669,46139
123003,46138
230041,46138
187081,46138
163708,46138
1767,46137
2406,46135
167013,46135
166553,46135
274589,46135
196524,46135
185563,46134
267287,46133
229583,46133
220074,46133
174767,46132
253097,46131
183131,46131
2007,46131
169419,46130
230767,46130
200065,46128
226375,46128
241903,46126
222836,46126
221897,46126
4566,46125
257925,46125
287836,46125
243316,46124
111362,46124
196731,46123
167085,46123
264033,46122
210470,46120
284817,46120
247175,46120
7249,46119
281088,46118
2938,46118
157273,46118
272070,46118
18102,46117
32639,46116
284403,46116
27971,46116
83256,46114
186377,46114
212666,46114
209431,46113
245782,46112
292554,46112
231617,46112
270449,46112
194984,46111
162944,46111
229547,46111
189717,46110
253893,46110
6965,46110
284956,46110
116319,46109
241844,46108
21499,46108
169961,46108
1517,46106
203361,46106
228494,46105
240078,46104
276631,46103
84434,46103
121206,46103
729,46103
108255,46103
212616,46102
148138,46102
169412,46102
161905,46102
219067,46102
202519,46101
159656,46101
177028,46101
235735,46100
262998,46100
232613,46099
66720,46099
275644,46099
216923,46098
283099,46098
14451,46098
287243,46097
30886,46097
285771,46096
110975,46096
242602,46095
257411,46095
219947,46095
241657,46094
188426,46094
191260,46094
266885,46093
5412,46092
259345,46091
33552,46090
170841,46090
18532,46090
281258,46089
184935,46089
236004,46088
134986,46087
251231,46087
228490,46087
26186,46086
239097,46086
283806,46085
189639,46084
170532,46083
196623,46083
291668,46083
1877,46081
265131,46081
201473,46080
206999,46080
60324,46080
282690,46079
1394,46079
246156,46079
185523,46079
185356,46078
130765,46078
252656,46077
211935,46077
41831,46077
241109,46077
92317,46076
207997,46076
137008,46076
221770,46075
216417,46074
207469,46074
253115,46074
212146,46073
240000,46073
281642,46073
177388,46071
279958,46071
202655,46071
120761,46071
167692,46071
174738,46070
280072,46070
2824,46070
1532,46070
244992,46069
193080,46069
142094,46068
119902,46068
63386,46067
290045,46066
6105,46065
200714,46064
172324,46064
171917,46064
178162,46063
583,46061
196333,46061
5068,46059
268736,46059
171446,46059
157913,46058
124151,46058
185260,46058
229206,46058
281932,46056
250258,46056
166902,46055
257140,46054
95243,46053
198024,46053
206219,46053
241384,46052
109709,46052
191452,46051
128933,46051
192339,46051
264658,46050
209471,46050
230330,46050
9725,46050
217676,46049
198579,46049
251968,46047
169274,46045
186310,46045
42475,46045
125077,46045
21860,46044
255540,46044
147671,46043
92985,46042
224379,46041
53934,46041
208600,46041
205647,46041
166187,46040
193187,46040
257531,46040
149877,46040
80867,46040
216077,46039
147240,46038
285721,46038
188027,46038
291317,46037
137580,46037
103195,46037
120706,46037
193170,46037
15739,46037
28897,46036
5329,46036
270781,46036
209042,46036
249282,46035
291,46035
245926,46035
286825,46034
7950,46034
175495,46034
162614,46033
90480,46033
268689,46033
162115,46033
191927,46032
153975,46032
5176,46032
63945,46031
281342,46030
221680,46030
268749,46029
100645,46029
133697,46028
12039,46028
10025,46028
269896,46027
240962,46026
42351,46026
182023,46026
9666,46026
214326,46024
133488,46024
170432,46024
122939,46024
117346,46023
261055,46023
134,46023
225762,46022
215910,46022
213696,46021
88503,46021
266222,46020
252798,46019
1309,46019
168998,46018
175095,46017
220342,46017
246883,46017
14846,46016
281840,46016
43596,46016
167408,46016
123894,46016
273557,46015
162580,46015
144463,46015
230142,46015
244771,46015
214765,46014
161475,46013
249462,46013
52847,46012
127,46012
206240,46012
186250,46011
255438,46011
34732,46011
196200,46010
257823,46010
261962,46010
4463,46009
209712,46009
147138,46009
290477,46008
218412,46008
196771,46008
199856,46008
93022,46007
192569,46007
101291,46007
196730,46006
169547,46005
1434,46005
259952,46004
163987,46004
259849,46004
183989,46003
119890,46003
171749,46002
168535,46002
204381,46002
240389,46001
248911,46001
276791,46000
223711,46000
173220,45999
13573,45999
201049,45999
117400,45998
120796,45998
125896,45998
245620,45997
195243,45997
183150,45997
158140,45997
2799,45997
188929,45997
246933,45996
78863,45996
278156,45996
199533,45996
260392,45994
166622,45994
178380,45993
122805,45992
271757,45992
282711,45992
250004,45991
121623,45991
226532,45991
44315,45990
49825,45989
80752,45988
411,45987
225209,45987
205265,45986
131011,45986
279939,45986
277346,45986
3906,45985
115336,45985
285271,45985
124761,45984
141354,45984
2292,45984
33542,45983
99687,45983
209988,45983
253242,45983
218545,45983
294030,45983
243989,45982
197622,45982
227443,45981
256516,45981
181190,45981
158821,45980
191657,45980
119926,45980
227147,45979
128828,45979
250989,45979
174635,45979
268326,45978
176881,45977
11602,45976
4983,45976
1760,45976
144628,45975
52160,45974
130618,45974
181448,45974
266070,45974
201926,45973
4079,45973
36881,45973
165299,45972
289122,45972
7831,45971
7951,45970
271816,45970
250218,45970
216161,45969
247556,45969
208698,45969
131213,45969
560,45969
187205,45968
251789,45968
117285,45967
275538,45967
261356,45966
238434,45966
255384,45966
136963,45966
17031,45965
242433,45965
177470,45965
239110,45964
11884,45963
174765,45963
293804,45963
215697,45963
173524,45962
150572,45962
4322,45961
236769,45961
170254,45961
23678,45960
283052,45960
277317,45960
162965,45960
249289,45959
7194,45958
276633,45958
266933,45957
12415,45957
2920,45957
224615,45957
216360,45956
274816,45956
278441,45955
225011,45955
31841,45954
260461,45954
1000,45954
179111,45954
184278,45954
180860,45954
212905,45953
51660,45953
208043,45952
9041,45952
190733,45951
55634,45951
200897,45950
173854,45950
226491,45950
264257,45950
131310,45948
124722,45948
199232,45948
41851,45947
279806,45947
100413,45947
230374,45946
254235,45946
231852,45946
287401,45946
136736,45944
284282,45944
243356,45944
240395,45943
287334,45942
489,45942
233979,45942
151758,45942
3058,45942
192897,45941
113052,45941
5838,45941
281043,45941
163446,45940
240422,45939
14735,45939
56869,45938
265534,45938
15170,45938
288745,45937
241727,45936
212512,45934
273040,45934
4505,45934
87782,45932
245323,45932
1598,45932
110683,45931
203806,45930
189484,45929
216700,45929
269436,45928
276471,45928
148247,45928
263414,45927
21243,45927
249262,45926
32148,45926
257418,45926
270793,45925
173248,45925
6291,45924
185214,45924
246829,45924
205839,45923
260808,45923
221252,45923
276373,45922
211468,45921
217256,45921
178580,45921
172876,45920
8056,45919
223790,45919
244745,45919
190269,45919
124921,45918
252976,45917
90223,45917
169496,45917
152908,45917
261409,45916
282151,45915
215164,45915
82597,45915
378,45915
164516,45915
264434,45914
291834,45914
269645,45914
189543,45913
106574,45913
43981,45913
187713,45912
96395,45912
241810,45910
242543,45910
282407,45910
138845,45909
264300,45909
10098,45909
154127,45908
178369,45908
97822,45907
270383,45907
293217,45907
218262,45907
168986,45907
233065,45906
149145,45905
215607,45905
270392,45905
268248,45905
286765,45905
229765,45905
153711,45904
14177,45904
51644,45903
225576,45902
278658,45902
124833,45902
233061,45902
121266,45901
219070,45901
251580,45900
260041,45900
220691,45900
278036,45900
219061,45900
221726,45900
34952,45899
244073,45898
208073,45897
235693,45896
259565,45896
292345,45896
21655,45895
235286,45895
236138,45895
262947,45894
22320,45893
168634,45893
249321,45891
110952,45891
285406,45890
255646,45890
275071,45889
6530,45889
269272,45889
246253,45889
179440,45888
110467,45887
128910,45887
1739,45886
260739,45886
227687,45885
1553,45885
263315,45885
24580,45885
270482,45884
204760,45884
187543,45884
134365,45884
183313,45884
163302,45883
664,45882
253423,45882
293893,45882
263767,45881
165121,45881
24885,45881
700,45880
240749,45880
143541,45880
151563,45880
292615,45880
204049,45879
294719,45878
97529,45878
254276,45878
168610,45878
208825,45877
171812,45877
184196,45876
171606,45876
205742,45876
258074,45875
228421,45874
131672,45874
207988,45874
260998,45873
65804,45873
107623,45872
203906,45872
166785,45872
244597,45872
203945,45872
27869,45872
267435,45871
290964,45871
17108,45871
57353,45871
266998,45871
94830,45870
914,45870
247044,45870
205724,45869
160131,45869
138960,45869
182699,45868
218317,45868
283794,45867
498,45867
159419,45866
278274,45866
169271,45866
70939,45866
195962,45865
265819,45865
84414,45865
247456,45865
129046,45865
115637,45865
172465,45864
12871,45864
239949,45864
240902,45864
215308,45864
275585,45863
208540,45863
157285,45863
189676,45863
246504,45862
91059,45862
3824,45861
285547,45861
226853,45861
225283,45861
131727,45860
85778,45860
181574,45860
223625,45860
182813,45859
22985,45859
84012,45859
233899,45858
223330,45858
144126,45858
256555,45857
48278,45857
269426,45857
251095,45857
81007,45856
295130,45856
193549,45855
279254,45855
88598,45855
267238,45854
254518,45853
255257,45853
172224,45853
35599,45852
39709,45851
32100,45851
248315,45850
260337,45850
109984,45850
174520,45850
227833,45850
140210,45849
239530,45849
171777,45849
16176,45848
9649,45848
82653,45848
238111,45848
273004,45847
10949,45847
209897,45846
18502,45846
280064,45846
128204,45846
166428,45845
174605,45845
1093,45845
7120,45844
9869,45844
118619,45844
227793,45844
232628,45844
223766,45844
283022,45844
75765,45843
246483,45843
7220,45843
184410,45842
291276,45842
122327,45842
18554,45841
268995,45841
151842,45840
20096,45840
108584,45840
262471,45840
150743,45838
248995,45838
1082,45836
246164,45836
161754,45835
258809,45835
165603,45834
32650,45833
202998,45833
262638,45833
97077,45833
213631,45832
131898,45832
258619,45832
277293,45832
243156,45831
261061,45831
272678,45831
145606,45830
10904,45830
234903,45830
256649,45830
217545,45830
279260,45829
92943,45829
58142,45829
295287,45829
104280,45828
203706,45828
195031,45827
189844,45826
96287,45826
271309,45826
280480,45826
280728,45826
103828,45824
248496,45824
280732,45824
222822,45823
163075,45823
206760,45822
177694,45821
208510,45821
216527,45820
168246,45820
258427,45819
227591,45819
12874,45818
268370,45818
236343,45818
31037,45818
212949,45817
226713,45816
185801,45816
200898,45816
158196,45814
220512,45814
294408,45814
225647,45813
21582,45813
79254,45811
1094,45811
13538,45811
248254,45811
286941,45810
133006,45810
251421,45810
127946,45809
116446,45809
273647,45809
54794,45809
176774,45808
41250,45807
209675,45807
22168,45807
239063,45807
199075,45807
199991,45807
81562,45807
215114,45807
137894,45806
237031,45806
30435,45806
261093,45806
188786,45806
179949,45806
198775,45806
71658,45805
151039,45805
192572,45805
101215,45805
7129,45804
250496,45804
268942,45803
260086,45803
240502,45803
205872,45803
156128,45803
261634,45802
294868,45802
263545,45802
230903,45802
224945,45801
85918,45801
126812,45801
163904,45801
135267,45801
276446,45799
120244,45799
45714,45799
6443,45798
150004,45798
252520,45798
291609,45798
47591,45797
169231,45797
269993,45797
159395,45797
43885,45797
199238,45797
203229,45797
178183,45797
17905,45797
287887,45796
291965,45796
226410,45796
85774,45795
68009,45795
246002,45794
76335,45794
58866,45793
295718,45793
41972,45792
6832,45792
74831,45792
250675,45791
45751,45791
2823,45791
30381,45790
196506,45790
198794,45790
258547,45789
9147,45789
37977,45788
289021,45788
281726,45788
85706,45788
141553,45788
254114,45788
128351,45788
142135,45787
151530,45786
18653,45786
261704,45786
253867,45786
211720,45786
288821,45785
192822,45785
284372,45785
206272,45785
265022,45784
227106,45784
179102,45783
284568,45783
275897,45783
56507,45783
286266,45782
251819,45782
225531,45782
294649,45782
210778,45780
63653,45780
247931,45780
215630,45780
271466,45779
146188,45779
181412,45779
198381,45779
207093,45779
215936,45779
161326,45779
259656,45778
232026,45778
100496,45778
238594,45777
181323,45777
117905,45776
224487,45776
296458,45776
104903,45775
242736,45775
253063,45775
112467,45774
122232,45774
221885,45774
44271,45774
59696,45774
273080,45774
14475,45773
257772,45773
235030,45773
70964,45772
171383,45772
200549,45772
214706,45772
51428,45771
292141,45771
25369,45771
228166,45771
86433,45770
249217,45770
3086,45770
86227,45770
128429,45770
17285,45770
51979,45770
61649,45769
225402,45769
2492,45769
196474,45769
60966,45769
140721,45768
211823,45768
258686,45768
196872,45768
220207,45767
237975,45767
91871,45767
262959,45767
155704,45767
177489,45767
36704,45766
179417,45766
273301,45765
281585,45765
257284,45765
174462,45765
212373,45765
294875,45765
5509,45765
29362,45764
283363,45764
274681,45764
98625,45763
257635,45763
4161,45763
118688,45763
265278,45763
109511,45762
288079,45762
207099,45762
123398,45762
206677,45761
290261,45761
3691,45761
278277,45761
274030,45761
282657,45760
262401,45760
109409,45759
113743,45759
203516,45759
204658,45759
36751,45758
154306,45758
169471,45758
58242,45758
249019,45757
122217,45757
183460,45757
210443,45757
287922,45756
120273,45756
222720,45756
282123,45755
219570,45755
216849,45755
81266,45754
280666,45753
231845,45752
263579,45752
22758,45752
214896,45752
240189,45751
254105,45751
256051,45750
17873,45750
243261,45750
270370,45750
5341,45750
262212,45749
155073,45749
157781,45748
190038,45748
206232,45748
214670,45747
162109,45747
199392,45747
241478,45747
58171,45747
9060,45747
291525,45747
3553,45747
186173,45747
226558,45747
28598,45746
150859,45746
147081,45746
282875,45745
232500,45745
76736,45745
156615,45745
283246,45745
210101,45744
61117,45744
1633,45744
280428,45743
220234,45743
140259,45743
198323,45742
239094,45742
158384,45742
133043,45742
25043,45742
88505,45742
177169,45741
114369,45741
115799,45741
294827,45741
187321,45741
165639,45740
236724,45740
72148,45740
209179,45739
113696,45739
288412,45739
283350,45739
118165,45739
288349,45738
169215,45738
255362,45738
172253,45738
124812,45738
55479,45738
155828,45738
277388,45738
209596,45737
267457,45737
211613,45737
104314,45737
198018,45736
113892,45736
151901,45736
156966,45736
186544,45736
228233,45735
2067,45734
241534,45734
262798,45734
39891,45734
2769,45734
212222,45734
28505,45734
73674,45733
219961,45733
1108,45732
204757,45732
5978,45732
296049,45732
98485,45731
239362,45731
100551,45731
109012,45731
147524,45731
248674,45731
98732,45731
164419,45730
744,45730
288139,45730
204826,45730
230042,45730
356,45729
123520,45729
210340,45729
274369,45729
24418,45729
80184,45728
294606,45728
184415,45728
122518,45728
32,45727
51324,45727
236593,45727
212709,45726
95598,45726
233665,45726
279344,45726
263307,45726
246046,45725
290782,45725
215063,45724
204174,45724
114940,45724
260637,45723
202330,45723
246034,45723
190360,45722
194278,45722
248434,45722
168945,45722
201698,45721
6465,45721
275945,45720
295984,45720
54482,45720
245613,45720
16818,45720
263278,45720
52888,45719
87151,45719
234088,45719
105600,45719
264581,45719
143606,45719
286973,45719
229744,45718
202164,45718
104121,45718
217392,45718
179389,45718
198678,45717
245491,45717
10029,45716
211065,45716
137753,45716
159172,45716
208307,45715
240806,45715
58593,45714
553,45713
179094,45713
176630,45713
122292,45712
239039,45712
140673,45711
254064,45711
2137,45711
93751,45711
126523,45711
233953,45711
237070,45711
50910,45710
171997,45710
172430,45709
282010,45709
29845,45709
157907,45709
29500,45709
214016,45708
164020,45708
11357,45708
196932,45708
1273,45708
139388,45707
214603,45707
261133,45707
218218,45707
273303,45707
156657,45706
212755,45706
227721,45706
15311,45706
251147,45705
223204,45705
231820,45705
224568,45705
272754,45705
25118,45705
57310,45705
207622,45705
138422,45705
238752,45705
174690,45705
37888,45704
166394,45704
260446,45704
61985,45703
270415,45703
247489,45703
207852,45703
267091,45702
168116,45702
45940,45702
259570,45702
214826,45702
80928,45702
120762,45701
157671,45701
8600,45700
135174,45700
201595,45700
259118,45700
64913,45699
86260,45699
94734,45698
277214,45698
41407,45698
121770,45698
288847,45697
917,45697
122467,45697
278385,45696
153815,45696
1945,45695
153626,45695
263243,45695
188269,45694
291446,45694
175730,45693
179303,45693
290973,45692
93863,45692
229702,45692
239794,45692
241516,45692
145009,45692
221924,45692
119657,45692
212833,45691
224308,45691
148454,45691
123296,45691
223935,45691
261658,45691
212205,45690
201964,45690
150196,45690
186724,45690
124244,45689
31548,45689
59815,45688
234209,45687
265530,45687
188618,45687
247747,45686
200955,45686
30219,45686
3763,45686
270987,45685
146198,45685
192914,45685
283766,45685
254934,45684
156883,45684
255364,45684
167069,45683
173840,45683
192240,45683
230682,45682
291654,45682
26867,45682
115329,45682
233373,45682
100631,45682
137039,45681
162349,45681
48425,45681
10672,45680
264720,45680
265319,45679
174084,45679
79817,45678
165305,45678
131303,45678
13399,45678
104331,45678
249493,45678
176617,45678
231746,45678
168425,45678
219723,45677
325,45677
76005,45677
232449,45677
260441,45675
135790,45675
232507,45675
203851,45675
168725,45675
149878,45675
258973,45675
117146,45675
239289,45674
131659,45674
230730,45674
182193,45674
29328,45674
284797,45674
222333,45674
104141,45673
242777,45673
190195,45673
273983,45673
201764,45673
128322,45673
288180,45673
104219,45673
166840,45672
142163,45672
118059,45672
286571,45672
214145,45672
47856,45672
181815,45672
35648,45671
8243,45671
272693,45671
264745,45671
240281,45671
268536,45671
213061,45671
259469,45671
247036,45670
35518,45670
79022,45670
212759,45670
169038,45669
204003,45669
187561,45669
214980,45669
91856,45669
40456,45669
151138,45668
107818,45668
135127,45668
282181,45668
289115,45667
44631,45667
1833,45667
284349,45667
207327,45667
275941,45667
213450,45666
110373,45666
206715,45666
116357,45666
254818,45666
257159,45665
183923,45665
209406,45665
276613,45663
134613,45663
186844,45663
159042,45663
193974,45663
23120,45663
295480,45663
228716,45662
8367,45662
5762,45662
289868,45661
63213,45661
144061,45661
111034,45660
114270,45660
595,45660
237168,45660
247258,45660
158131,45660
235625,45659
86575,45659
260493,45659
214218,45659
225473,45659
161218,45658
250183,45658
48811,45658
212782,45658
107897,45658
26115,45658
275054,45658
171947,45658
246299,45657
286046,45657
225297,45657
124044,45656
280000,45656
26005,45656
146845,45655
265311,45655
279882,45655
178695,45655
175517,45655
214716,45655
228189,45654
272704,45653
211669,45653
26733,45653
217460,45652
126613,45652
237544,45652
105653,45652
27423,45651
27431,45651
51986,45651
110062,45651
154868,45651
222343,45651
58517,45650
224980,45650
150866,45650
238654,45650
232102,45650
246541,45649
130918,45649
213700,45649
9115,45648
208871,45648
254184,45648
148168,45648
98210,45648
114761,45648
175809,45648
141266,45647
114190,45647
276020,45647
266358,45647
168548,45646
219235,45646
234911,45646
185712,45646
139230,45646
28698,45646
240992,45645
236788,45645
45451,45644
31111,45644
1912,45644
119906,45644
224986,45643
280241,45643
533,45643
167479,45642
290109,45642
246913,45641
253647,45641
55034,45641
37043,45641
115921,45641
263632,45640
111947,45640
157550,45640
55873,45640
207733,45640
89811,45640
17660,45639
226296,45639
8343,45639
171095,45639
247363,45638
260107,45638
185936,45638
245751,45638
197833,45637
166472,45637
60127,45636
294000,45636
244724,45636
271800,45636
280372,45636
234442,45635
252554,45635
255225,45635
262896,45635
82569,45635
192852,45635
279188,45634
129601,45634
202571,45634
225927,45634
145221,45634
227337,45634
194344,45633
244058,45633
210832,45633
106048,45632
99351,45632
264953,45631
238657,45631
154867,45631
295424,45631
269800,45630
161330,45630
171605,45630
187352,45630
106066,45630
166190,45629
94893,45629
175193,45629
261066,45629
174192,45629
271831,45629
6811,45628
216358,45628
6800,45628
162518,45627
92067,45627
269012,45627
280485,45627
274006,45627
1291,45627
270883,45627
269629,45626
285718,45626
158062,45626
36964,45626
126922,45625
257741,45625
217169,45625
290735,45625
211146,45625
49190,45625
233411,45625
151426,45625
17784,45625
241253,45625
251646,45623
230972,45623
141917,45623
80676,45623
2597,45623
142887,45623
132543,45622
276515,45622
47742,45622
229284,45621
279146,45621
296064,45620
190123,45620
214818,45618
246127,45617
142420,45617
10419,45617
147318,45617
295246,45617
153897,45616
137038,45616
189062,45616
148448,45616
225999,45616
219279,45616
169612,45615
218527,45615
186190,45615
107496,45615
75931,45614
93114,45613
93608,45612
283166,45612
159035,45612
288521,45611
69882,45611
189398,45611
5417,45611
217699,45610
3370,45610
1188,45610
242866,45610
251141,45610
107345,45610
112073,45610
129892,45609
205186,45609
138121,45609
186196,45609
277817,45609
252914,45609
162420,45609
148486,45609
254777,45608
24196,45608
236657,45608
147143,45608
80478,45607
208303,45607
58663,45607
259911,45607
214375,45607
16698,45607
22051,45606
183871,45606
232256,45606
260895,45605
224091,45605
126405,45605
161052,45605
92417,45604
259202,45604
282937,45604
182774,45603
30810,45603
27498,45603
168054,45603
289748,45603
214141,45603
229939,45602
40407,45602
242363,45602
156795,45602
103706,45602
14703,45601
26137,45601
231434,45601
219188,45600
252263,45600
216090,45599
239740,45599
203613,45599
239392,45598
518,45598
202809,45597
235732,45597
282355,45596
236415,45596
156308,45596
42346,45596
226916,45596
153610,45595
141503,45595
180067,45594
70380,45594
239855,45594
293125,45594
141785,45594
193217,45594
113418,45594
279139,45594
27658,45593
268411,45593
270354,45593
264893,45593
259916,45593
240812,45592
257246,45591
4631,45591
135094,45591
42774,45591
237387,45591
5474,45590
142779,45590
210650,45590
9310,45590
292589,45590
250325,45589
122895,45589
102278,45589
118111,45589
81832,45588
184564,45588
97263,45588
265377,45587
206402,45587
146540,45587
163930,45587
284906,45587
21441,45587
254541,45586
183045,45586
124201,45586
198638,45586
232339,45586
180881,45585
173337,45585
21571,45585
225156,45584
212630,45584
233956,45584
204874,45584
229787,45584
152298,45583
1622,45583
235,45583
250459,45583
14899,45583
251248,45583
207277,45583
167327,45583
291164,45583
115409,45582
168421,45582
283547,45582
58994,45582
131749,45581
248331,45581
187119,45581
55830,45580
191707,45579
257015,45579
248449,45579
80969,45578
270278,45578
249535,45578
286451,45578
276793,45578
249312,45577
237427,45577
52483,45577
226265,45576
284342,45576
29192,45576
240848,45576
186532,45576
257762,45576
208032,45576
238997,45575
288559,45575
278290,45575
193884,45575
237979,45574
201554,45574
17966,45574
220040,45574
232033,45574
289908,45574
186935,45574
49065,45573
208856,45573
144406,45573
192894,45573
15791,45573
117933,45573
36348,45572
25539,45572
149792,45572
288450,45572
91621,45571
98940,45571
256945,45571
146310,45571
199469,45571
229470,45571
216449,45570
143017,45570
47550,45570
236649,45570
129462,45570
244147,45570
223816,45570
178428,45569
42609,45569
7741,45569
237320,45569
77419,45568
109336,45568
81874,45568
292265,45568
220781,45567
132320,45567
128482,45566
23857,45566
183936,45566
249590,45566
9519,45566
198908,45566
24174,45565
77376,45565
287490,45565
187374,45565
47529,45565
223241,45565
20428,45564
13420,45564
161203,45564
42560,45564
170705,45563
293380,45563
162435,45563
166728,45563
223689,45562
231889,45562
279977,45562
11743,45562
235836,45562
282950,45562
181744,45562
258721,45562
174863,45562
227509,45561
6493,45561
288011,45561
196427,45560
249952,45560
72718,45560
211289,45560
235291,45560
238121,45560
195857,45560
3152,45560
241184,45559
108487,45559
7205,45559
117108,45559
277855,45559
249695,45558
211100,45558
210475,45558
231639,45558
7437,45558
252531,45557
30602,45557
161556,45557
4323,45557
226209,45557
286252,45557
8646,45557
191259,45557
171569,45556
277266,45556
295024,45556
201696,45556
294376,45556
236731,45556
95234,45555
280354,45555
174495,45555
207975,45555
5609,45555
295010,45555
74374,45555
16704,45554
72291,45554
171080,45554
290998,45553
197303,45553
99181,45553
291254,45552
184555,45552
248164,45552
6972,45552
162388,45552
70927,45552
187634,45552
155583,45551
149451,45551
151760,45551
215316,45551
227369,45551
177295,45551
126192,45551
198982,45550
105163,45550
78272,45550
194650,45550
35020,45550
285260,45550
167168,45550
134587,45549
256294,45549
17233,45549
111496,45549
262221,45549
243223,45548
42646,45548
133051,45548
271101,45547
197490,45547
19873,45547
283010,45547
171583,45547
265779,45547
6796,45547
171765,45547
16355,45547
185738,45547
234610,45546
285785,45546
131055,45546
296350,45545
173265,45545
184045,45545
41391,45545
172215,45545
32833,45544
247876,45544
206949,45543
18364,45543
177394,45543
232828,45543
291408,45542
251752,45541
189429,45541
19930,45541
122996,45541
223502,45541
23579,45540
111194,45540
20914,45540
176824,45540
168244,45539
141729,45539
73840,45538
194829,45538
237742,45538
7467,45538
190753,45538
230402,45537
213976,45537
121955,45537
55046,45537
233070,45537
197206,45537
215822,45536
72453,45536
63770,45536
149051,45535
47456,45535
239926,45535
77923,45535
216419,45535
248126,45535
200287,45535
208816,45534
261075,45534
120812,45534
12477,45534
240028,45534
175929,45533
289857,45533
200999,45533
93973,45532
240811,45532
49877,45532
182785,45532
73834,45531
279044,45531
55616,45531
293838,45530
31850,45530
202606,45530
212049,45529
92299,45529
804,45529
248849,45529
200473,45529
14685,45528
187852,45528
209674,45528
155,45528
266683,45528
124138,45528
290994,45528
227404,45528
20514,45527
131373,45527
73705,45527
233132,45526
172869,45526
222675,45526
214520,45526
228411,45526
161973,45526
240132,45526
13876,45526
54122,45525
138716,45525
182271,45525
230351,45525
199073,45525
4954,45524
146432,45524
105570,45524
208826,45524
209382,45523
2328,45523
5884,45523
78834,45523
2134,45522
219668,45521
281457,45521
271397,45521
233153,45521
92363,45520
160413,45520
14472,45519
137869,45519
215679,45519
225224,45519
8054,45518
206669,45518
242034,45518
214856,45518
22208,45518
246195,45517
261246,45517
230554,45517
262204,45517
33423,45517
157418,45517
153316,45517
29075,45517
221671,45517
176206,45517
202659,45517
135476,45517
26231,45517
55182,45516
106893,45516
287644,45516
957,45516
217428,45516
1842,45516
267592,45515
25319,45515
223373,45515
224566,45515
4239,45515
108966,45515
34740,45515
228922,45514
149345,45514
261045,45514
207694,45514
173903,45513
123844,45513
173691,45513
224087,45513
236019,45513
101805,45513
190619,45512
156039,45512
121127,45512
293026,45512
246602,45512
15849,45512
250491,45512
260636,45512
160037,45512
283620,45512
55827,45512
293209,45511
161669,45511
36728,45511
22932,45511
239261,45511
240594,45511
240849,45511
28490,45511
195235,45511
1708,45511
209730,45511
61556,45510
6613,45510
183425,45510
121946,45510
251609,45510
252783,45510
219406,45510
171066,45510
19363,45509
292579,45509
21973,45509
188624,45509
255610,45508
179037,45508
195111,45507
162436,45507
272532,45507
91311,45507
272172,45507
151593,45506
196650,45506
223842,45506
260472,45506
251914,45505
81909,45504
239934,45504
275299,45504
295495,45504
188476,45504
5637,45504
63757,45504
222861,45504
184624,45503
241293,45503
292070,45503
246059,45503
197456,45502
28269,45502
162312,45502
260819,45502
55503,45502
30642,45502
75046,45502
282257,45501
140228,45501
201510,45501
130818,45501
173673,45501
246864,45500
282039,45500
34339,45500
207742,45500
95415,45500
118263,45500
25230,45500
293465,45499
67822,45499
161987,45499
174258,45499
162092,45499
224754,45499
111919,45499
175076,45498
289806,45498
189752,45498
234040,45498
186859,45498
162117,45498
95760,45498
291214,45498
213575,45497
245931,45497
233163,45497
119146,45497
147058,45497
224109,45497
223459,45497
213825,45496
182017,45496
254939,45496
182409,45496
152319,45496
147320,45496
125937,45495
264590,45495
1495,45495
41363,45495
150630,45495
267635,45495
440,45495
192295,45494
287548,45494
160972,45494
222627,45493
191661,45493
191802,45493
199268,45493
274001,45493
72357,45493
80537,45493
116322,45493
59428,45493
285330,45492
269571,45492
97308,45492
287915,45492
212377,45492
7041,45492
73508,45492
277185,45491
218757,45491
107733,45491
103643,45491
26056,45491
122269,45491
251448,45491
93538,45490
1488,45490
140053,45490
276797,45490
196550,45489
188529,45489
110798,45489
146533,45489
240099,45489
143271,45489
261929,45489
231266,45489
180147,45488
132602,45488
98347,45488
237768,45488
213658,45488
26485,45488
242510,45488
273256,45488
166273,45488
296503,45487
1095,45487
3162,45486
187305,45486
243982,45486
267672,45486
286755,45485
15640,45485
138924,45485
164599,45485
127852,45485
238979,45485
257653,45484
97924,45484
236546,45484
205287,45484
264115,45484
128577,45484
84858,45484
167811,45483
212559,45483
113347,45483
267726,45483
25986,45483
146462,45483
260072,45483
275090,45483
84083,45483
108210,45482
243811,45482
22116,45482
266281,45482
285627,45482
43915,45482
290188,45482
113821,45482
188825,45481
279137,45481
5771,45481
15,45480
137107,45480
245761,45479
21999,45479
243297,45478
152202,45478
140303,45478
143886,45478
243841,45478
131676,45478
263724,45477
256484,45477
117268,45476
219697,45476
260284,45476
183378,45475
208311,45475
143906,45475
280927,45475
278352,45475
262513,45475
19109,45475
232364,45474
251460,45474
259559,45474
6621,45474
248275,45473
103827,45473
250925,45473
233850,45473
255004,45472
182700,45472
294422,45472
173682,45472
6591,45472
124890,45471
21294,45471
152057,45471
216557,45471
235161,45471
203494,45471
249386,45471
200747,45470
101405,45470
244316,45470
203997,45470
1155,45470
258641,45469
275985,45469
264383,45469
200214,45469
177027,45469
157043,45469
197872,45468
153338,45468
232632,45468
296487,45468
201435,45468
115516,45468
192474,45468
173321,45468
293760,45467
61361,45467
278048,45467
289644,45467
162328,45467
188617,45466
29416,45466
121465,45466
177816,45466
279827,45466
176485,45466
221822,45466
34702,45466
264546,45465
267697,45465
296327,45465
238735,45465
16161,45464
253449,45464
27648,45464
271253,45464
147104,45463
143212,45463
145023,45463
283622,45463
69874,45463
7344,45462
239083,45462
275389,45462
139167,45462
141510,45462
252244,45462
4993,45462
226218,45461
264828,45461
228698,45461
154746,45461
248106,45461
202163,45461
191848,45460
278598,45459
530,45459
177772,45459
161351,45459
234630,45459
199519,45459
126866,45459
253917,45459
23305,45458
189129,45458
159774,45458
276069,45458
252252,45458
290752,45458
1735,45458
68894,45458
160293,45457
215749,45457
256001,45457
100535,45457
129301,45456
37179,45456
245900,45456
272239,45455
11834,45455
226416,45455
270523,45455
157729,45455
249886,45455
145356,45454
198219,45454
277350,45453
50971,45453
272913,45453
94432,45453
109901,45453
193993,45452
276032,45452
99449,45452
1600,45452
54751,45452
148822,45451
52874,45451
145620,45451
215737,45451
295877,45451
33792,45450
208301,45450
276447,45450
145015,45450
235637,45450
251169,45450
165051,45450
110582,45450
108682,45450
4071,45450
165643,45450
109453,45450
110259,45449
217380,45449
214126,45449
229487,45448
253156,45448
199597,45448
221320,45448
196154,45448
159599,45448
255357,45448
238177,45448
122565,45448
162786,45447
92281,45447
277809,45447
280439,45446
181369,45446
710,45446
164413,45446
281669,45446
211203,45445
253978,45445
60158,45445
155989,45445
281235,45445
232567,45445
200023,45445
12121,45445
154489,45444
225844,45444
767,45444
268603,45444
220214,45444
10957,45443
114243,45443
108451,45443
235397,45443
167087,45443
593,45442
141676,45442
81549,45442
193684,45442
277682,45441
37937,45441
212362,45441
198708,45441
112348,45441
115071,45441
233386,45440
9190,45440
93851,45440
153520,45440
188246,45440
9122,45440
267179,45440
167940,45440
240938,45440
168373,45440
147159,45439
192965,45438
120058,45438
262374,45438
30397,45437
192584,45437
226182,45436
209759,45436
158240,45436
156652,45436
165111,45436
139795,45436
192070,45435
215874,45435
176463,45435
181510,45435
234949,45434
220054,45434
261058,45434
153261,45434
213337,45434
3059,45433
26598,45433
238862,45433
160712,45432
249165,45432
288022,45432
78425,45432
202632,45432
19379,45431
270059,45431
278536,45431
284124,45431
2761,45431
63302,45431
179664,45431
190021,45431
215253,45430
6872,45430
100308,45430
146321,45429
52171,45429
266673,45429
184423,45429
221370,45428
196585,45428
136202,45428
143697,45428
256186,45428
8511,45427
82875,45427
62876,45427
289427,45427
39703,45427
267181,45426
204727,45426
257059,45426
274392,45425
253606,45424
255038,45424
188844,45424
149188,45424
121003,45424
207809,45423
130942,45423
82957,45423
226448,45423
279228,45423
229048,45423
220843,45422
290850,45422
8757,45422
70552,45422
3432,45422
282187,45422
7184,45421
178782,45421
190365,45421
134756,45421
284730,45421
123727,45421
267758,45420
103184,45420
222053,45420
205357,45420
276279,45420
70015,45419
75485,45419
212958,45419
282178,45419
252257,45419
84859,45418
219881,45418
3415,45418
238306,45418
276870,45418
207200,45418
229635,45418
7540,45418
228093,45418
285517,45417
153511,45417
52627,45417
1165,45417
178924,45417
232445,45417
236100,45416
267337,45416
59350,45416
244262,45416
29564,45415
83699,45415
10033,45415
17828,45415
160435,45415
50523,45414
17053,45414
268301,45414
175753,45414
275141,45414
246848,45414
828,45413
188783,45413
260852,45413
69612,45413
171159,45413
16522,45413
34317,45413
228541,45412
135967,45412
138932,45412
231297,45412
248010,45412
174506,45412
201743,45412
226808,45411
169590,45411
164459,45411
234784,45411
272757,45411
145928,45411
238823,45411
235772,45410
180162,45410
138758,45410
915,45410
272101,45410
248517,45410
215263,45410
223525,45409
151491,45409
264834,45409
279087,45409
186057,45409
216206,45409
39823,45409
125965,45409
233540,45408
197471,45407
154566,45407
112687,45407
254037,45407
260093,45407
263473,45407
280978,45407
236245,45407
70950,45407
141263,45406
122945,45406
181064,45406
167111,45406
190196,45406
161629,45406
31410,45406
243102,45405
80626,45405
251079,45405
211772,45404
295007,45404
263694,45404
295329,45404
267820,45404
166814,45404
160123,45404
144377,45403
177115,45403
223066,45403
165271,45402
219802,45402
92275,45402
20204,45402
164380,45402
224235,45402
292663,45402
87525,45402
129044,45402
157498,45402
120521,45401
3696,45401
235099,45401
210436,45401
274525,45401
253274,45401
202711,45400
172335,45400
237858,45400
206154,45400
292172,45400
145632,45399
263411,45399
255025,45399
139119,45399
292202,45399
241586,45398
171671,45398
212311,45398
55119,45398
270471,45398
50601,45398
7012,45397
51409,45397
95154,45397
109400,45397
75019,45397
191276,45396
286224,45396
3259,45396
846,45396
39888,45396
16706,45395
137344,45395
132756,45395
147604,45395
275592,45395
227462,45394
269688,45394
245003,45393
183551,45392
295628,45392
165843,45392
245817,45392
231688,45392
289260,45392
51966,45392
207805,45392
252652,45392
11351,45392
276909,45391
15419,45391
260474,45391
246937,45391
187155,45391
188710,45391
198886,45391
289336,45391
280225,45391
113395,45391
287151,45390
237086,45390
17074,45390
270868,45390
256216,45389
128475,45389
189310,45389
253694,45388
14661,45388
4687,45388
262463,45387
116804,45387
72220,45387
247940,45387
72963,45387
290480,45386
52359,45386
151551,45386
281215,45386
167621,45386
246122,45386
44757,45385
164544,45385
238397,45385
113936,45385
272680,45385
11681,45385
271304,45385
278987,45385
273093,45385
76726,45385
50434,45384
1519,45384
139655,45384
138001,45383
205910,45383
249548,45383
163226,45383
192876,45383
39287,45382
285264,45382
77633,45382
218549,45382
42174,45381
274268,45381
250381,45381
263608,45381
206568,45381
2216,45380
232708,45380
246512,45380
258698,45380
197228,45380
73046,45380
172998,45379
205824,45379
262350,45379
99235,45379
279327,45379
190976,45379
131934,45379
113847,45379
295863,45379
281243,45378
217040,45378
228004,45378
293298,45378
261260,45377
184422,45377
17512,45377
278288,45377
244319,45376
228980,45376
127475,45376
200787,45376
29134,45376
269381,45376
7800,45376
213063,45376
54477,45376
173074,45375
182805,45375
294366,45375
216214,45375
264056,45375
139801,45375
265680,45375
83601,45375
269171,45374
296047,45374
206828,45374
292525,45374
245230,45374
188486,45374
18101,45374
261526,45373
98043,45373
200560,45373
138684,45373
6406,45373
177970,45373
209124,45373
208154,45372
277804,45372
100629,45372
149691,45372
67291,45372
186038,45372
273394,45372
288161,45372
111726,45372
32567,45372
206846,45372
134218,45371
153038,45371
138707,45371
4336,45371
130871,45371
285234,45370
50120,45370
242417,45370
188199,45370
248557,45369
32766,45369
223640,45369
103021,45369
36133,45369
152371,45369
286996,45369
292009,45368
186398,45368
126331,45368
117479,45368
251948,45368
179481,45368
49224,45368
194324,45368
215500,45368
225645,45368
130071,45368
259821,45368
43383,45368
184842,45367
222127,45367
107514,45367
294242,45367
193278,45367
8018,45367
256154,45367
176165,45367
215444,45367
202499,45366
226915,45366
295139,45366
233399,45366
189806,45366
139287,45365
197948,45365
87554,45365
216330,45365
162792,45365
125175,45364
226785,45364
224040,45364
227104,45364
240743,45364
238445,45364
282920,45364
22020,45364
123435,45363
215209,45363
291087,45363
207137,45363
65489,45363
268462,45363
82254,45363
231612,45363
235628,45363
117402,45362
746,45362
8631,45361
251865,45361
249505,45361
147317,45361
156814,45361
168268,45361
259690,45361
169473,45361
279825,45361
169064,45361
293586,45360
20573,45360
25427,45360
191824,45360
94853,45360
4304,45360
139669,45359
228545,45359
229597,45359
112206,45359
26027,45359
294826,45359
117181,45359
234685,45359
228221,45358
294971,45358
232592,45358
231950,45358
243587,45358
204100,45357
11364,45357
182703,45357
230863,45357
180986,45356
283764,45356
21931,45356
28022,45356
14391,45356
268873,45356
178,45355
275142,45355
218676,45355
259341,45355
146252,45355
39759,45355
35773,45355
221040,45355
6025,45355
283402,45354
11633,45354
211386,45354
17774,45354
224933,45354
285906,45354
167017,45353
202647,45353
32745,45353
30762,45353
266414,45352
142229,45352
263279,45352
222671,45352
128320,45352
15225,45352
150481,45352
229906,45352
184570,45352
1831,45351
193250,45351
283,45351
284351,45351
48729,45351
126368,45351
62688,45351
6262,45351
2164,45351
99177,45351
68859,45351
252397,45350
99493,45350
293492,45350
139676,45350
148680,45350
141401,45350
174693,45350
115049,45350
284469,45350
217722,45350
269698,45350
225995,45349
20736,45349
156617,45348
274824,45348
277751,45348
27029,45348
255693,45348
140972,45348
105781,45347
286905,45347
58794,45347
179184,45347
279621,45347
278146,45347
224029,45347
290173,45347
201789,45346
146058,45346
56187,45346
294453,45346
279447,45346
288070,45346
92272,45345
280424,45345
201343,45345
78411,45345
153685,45345
284049,45345
56694,45345
210145,45345
102609,45345
4083,45345
47151,45345
2277,45345
261516,45345
160249,45344
268902,45344
165480,45344
100725,45344
212724,45344
255040,45344
86342,45344
22962,45344
219349,45344
259938,45344
71209,45343
37865,45343
189125,45343
216641,45342
66559,45342
203827,45342
8174,45342
236652,45342
227308,45342
242609,45341
9509,45341
177210,45341
142414,45341
289380,45341
263072,45341
34562,45341
20278,45341
76191,45340
153320,45340
285485,45340
260740,45340
124804,45340
93697,45339
263003,45339
181755,45339
284762,45338
246900,45338
90595,45338
83743,45338
4893,45338
294087,45338
110383,45338
138471,45337
288794,45337
29599,45337
251416,45337
242952,45337
222223,45336
138371,45336
37590,45336
291694,45336
210875,45336
251681,45335
200992,45335
268604,45334
14242,45334
238158,45334
194134,45334
235118,45334
259212,45333
20770,45333
29691,45333
265239,45333
59914,45333
2331,45332
213251,45332
207435,45332
252408,45332
279746,45332
1858,45332
291576,45332
248404,45332
291680,45332
31195,45331
255798,45331
2317,45331
242617,45331
190806,45331
208797,45331
179168,45331
216072,45330
288630,45330
232404,45330
239669,45330
284937,45330
263363,45330
250214,45330
109172,45330
158975,45330
171846,45330
218440,45330
191740,45330
123760,45329
152365,45329
273175,45329
265183,45329
236425,45329
105560,45329
193000,45329
169242,45329
208086,45329
157006,45329
19100,45329
272240,45329
109529,45329
75266,45328
98088,45328
157919,45328
196054,45328
185800,45327
280791,45327
273163,45327
69816,45326
85259,45326
197081,45326
248519,45326
217769,45326
273095,45326
253871,45326
3206,45326
130663,45326
139892,45326
257931,45325
283947,45325
229641,45325
184342,45325
293650,45325
215157,45325
100840,45324
158316,45324
200208,45324
279815,45324
5097,45324
232164,45324
226738,45324
57195,45324
269274,45323
197003,45323
98193,45323
275342,45322
264335,45322
96281,45322
246743,45321
107111,45321
122010,45321
134061,45321
218957,45321
290182,45321
280711,45321
193022,45320
146590,45320
100473,45320
269140,45320
194450,45320
211445,45320
275586,45319
144003,45319
284475,45319
30743,45318
219456,45318
179767,45318
195847,45318
35551,45318
194424,45317
237159,45317
206488,45317
48662,45317
242118,45317
225793,45317
100776,45317
182138,45316
291376,45316
159184,45316
241377,45316
19130,45316
8794,45315
5141,45315
159765,45315
208192,45315
200598,45315
200844,45315
111906,45315
181990,45315
81329,45314
272254,45314
102519,45314
235642,45314
36876,45314
231485,45314
502,45314
104266,45314
289302,45313
246759,45313
185733,45313
16872,45313
234756,45313
253510,45312
252459,45312
255741,45312
277954,45312
117779,45312
161605,45312
96010,45312
133322,45312
151598,45312
252375,45311
249199,45311
295862,45311
207522,45311
289490,45310
136268,45310
291091,45310
174753,45310
177434,45309
249286,45309
248435,45309
68385,45309
283505,45308
239689,45308
248682,45308
2812,45308
222589,45308
151188,45308
198679,45308
204407,45308
129367,45308
209293,45308
249175,45308
237765,45307
133903,45307
141600,45307
184227,45307
51539,45307
259191,45307
282665,45307
33464,45307
183101,45307
260775,45307
150442,45307
94011,45306
289638,45306
258361,45306
239548,45306
26435,45306
269534,45306
266415,45306
247199,45305
117592,45305
184497,45305
40243,45305
248419,45305
194841,45304
260356,45304
208234,45304
170045,45304
250031,45304
268263,45304
107802,45304
282844,45304
261853,45304
138477,45304
111999,45303
192898,45303
294043,45303
58540,45303
156188,45303
197717,45303
15496,45303
216962,45303
95228,45303
276295,45303
1811,45303
266531,45302
277327,45302
51822,45302
164775,45302
191677,45302
243530,45302
198010,45302
152176,45302
257020,45302
123443,45301
280132,45301
43068,45301
280774,45301
183018,45301
296259,45300
245672,45300
282990,45300
253577,45300
97211,45300
161006,45300
268884,45300
296361,45299
200443,45299
100442,45299
281023,45299
293771,45299
185204,45299
151221,45299
40673,45299
226366,45298
103702,45298
227459,45298
135317,45298
141559,45298
289460,45297
261776,45297
161849,45297
202035,45297
290102,45297
282603,45297
6413,45297
187880,45297
99272,45297
252231,45297
164892,45296
135952,45296
96373,45296
14864,45295
289764,45295
113107,45295
268971,45295
186104,45295
124,45295
268889,45295
72084,45295
186356,45294
119938,45294
266379,45294
5421,45294
265547,45294
143801,45294
252713,45294
234668,45294
213288,45294
60157,45294
165137,45293
84898,45293
211480,45292
241457,45292
66870,45292
252436,45291
145731,45291
294261,45291
120532,45291
197028,45291
234982,45291
12630,45291
238516,45291
265052,45291
286289,45291
5674,45290
106149,45290
146069,45290
293704,45290
161722,45290
85413,45290
255573,45290
216005,45289
22581,45289
73552,45289
195051,45289
4704,45289
137897,45289
81745,45289
269022,45289
289151,45288
43394,45288
262817,45288
72194,45288
203935,45288
260905,45288
101879,45288
1583,45288
230865,45288
80288,45287
257508,45287
238690,45287
19106,45287
245385,45287
86923,45287
195446,45287
271422,45287
244344,45287
34644,45287
254211,45287
51092,45286
77144,45286
231243,45286
93070,45286
230616,45286
225088,45286
279114,45286
236608,45286
37360,45285
286062,45285
174826,45285
265503,45285
202219,45285
275837,45285
70805,45285
252253,45284
270427,45284
7983,45284
276710,45284
4378,45284
122002,45284
214499,45284
118184,45284
232209,45283
211322,45283
256483,45283
6639,45283
252771,45283
221437,45283
47172,45283
134773,45283
224123,45283
277024,45282
191266,45282
261236,45282
20667,45282
279439,45282
126480,45281
164639,45281
85616,45281
12149,45281
229059,45281
117398,45281
243513,45281
286066,45280
253093,45280
5774,45280
225811,45280
269958,45280
215577,45280
169399,45280
267882,45280
121595,45280
12948,45279
239557,45279
172417,45279
187178,45279
250533,45279
75143,45279
289362,45279
107664,45279
260121,45278
254675,45278
82786,45278
282575,45278
3825,45278
211820,45278
87511,45278
291992,45278
189957,45278
235906,45278
130039,45277
28161,45277
286760,45277
112626,45277
111404,45277
214894,45277
268881,45277
218762,45277
111652,45277
105317,45277
4251,45277
249279,45276
156254,45276
275043,45276
260684,45275
145000,45275
263991,45275
137336,45275
281269,45275
277739,45275
243616,45275
163027,45275
276088,45274
135919,45274
213962,45274
47144,45274
16956,45274
159597,45274
122673,45273
224822,45273
218752,45273
200413,45273
61436,45273
197616,45273
60254,45273
6388,45273
127948,45273
19618,45272
220132,45272
130835,45272
216202,45272
37700,45272
257108,45272
122305,45271
211675,45271
280023,45271
215506,45271
82685,45271
6348,45271
154300,45271
18964,45271
136405,45271
296514,45270
263675,45270
238314,45270
40970,45270
292436,45270
93888,45270
216158,45270
141236,45270
38000,45270
1594,45270
32829,45270
131864,45270
266181,45270
144434,45270
285486,45269
117864,45269
21588,45269
296065,45269
26659,45269
287866,45269
50080,45269
159866,45268
113477,45268
278004,45268
242622,45268
284787,45268
43716,45268
280450,45268
154512,45267
137160,45267
126794,45267
227855,45267
295670,45267
25271,45267
229686,45267
107881,45267
68716,45266
181695,45266
217934,45266
218554,45266
133384,45266
122546,45266
158322,45266
242367,45266
49732,45265
20394,45265
142091,45265
245655,45265
66512,45265
225096,45265
230640,45265
282263,45264
157661,45264
267148,45264
10546,45264
262027,45264
207994,45264
209551,45264
36957,45264
154314,45264
239450,45264
211632,45263
156171,45263
81226,45263
189374,45263
256143,45263
46891,45263
265935,45263
236120,45263
263444,45263
196925,45263
27782,45263
186535,45262
40751,45262
207166,45262
65769,45262
229573,45262
238187,45262
229400,45262
229422,45262
202891,45262
262317,45262
194733,45262
164196,45262
29159,45261
242163,45261
171361,45261
266088,45261
142739,45261
238014,45261
296547,45261
211114,45261
273928,45260
194488,45260
226876,45260
5952,45260
172395,45260
280823,45259
266709,45259
260830,45259
279253,45259
173136,45259
19116,45259
38789,45259
277563,45259
28000,45259
207393,45258
39337,45258
127298,45258
33731,45258
265028,45258
239512,45258
204892,45258
105081,45258
244617,45258
286310,45257
146871,45257
143210,45257
237663,45257
266520,45257
227980,45256
279925,45256
247583,45256
89491,45256
244052,45255
223738,45255
294177,45255
144586,45255
212598,45255
117744,45255
33469,45255
206032,45255
248511,45255
77431,45255
294862,45255
296249,45255
220622,45255
64554,45255
246154,45255
263869,45254
197111,45254
233726,45254
120222,45254
245270,45254
113460,45254
102461,45254
284047,45253
205167,45253
33285,45253
146175,45253
128118,45253
80394,45253
291216,45253
141852,45253
65335,45253
276511,45252
266067,45252
608,45252
211773,45252
265502,45252
252582,45252
65549,45252
197112,45252
225400,45251
6703,45251
274941,45251
135010,45251
290939,45251
275625,45251
264334,45251
277252,45250
223781,45250
271957,45250
7910,45250
276553,45250
294264,45250
17738,45250
284883,45250
216016,45250
265436,45249
181231,45249
213116,45249
104172,45249
278601,45249
7917,45249
153692,45249
256438,45249
294995,45249
115666,45249
176444,45249
13193,45249
232541,45249
77366,45249
281818,45249
172156,45249
277973,45249
265614,45249
129717,45248
34330,45248
62740,45248
272990,45248
148286,45248
91320,45248
237584,45248
237709,45248
251142,45248
177281,45248
231410,45248
166654,45247
213830,45247
237466,45247
176767,45247
413,45247
253984,45247
20109,45247
291857,45246
40979,45246
132295,45246
201822,45245
257727,45245
782,45245
106335,45245
231032,45245
249642,45245
263676,45244
3995,45244
24093,45244
219193,45244
263023,45244
254082,45244
261483,45244
176929,45244
282504,45244
70547,45244
94676,45243
191856,45243
167574,45243
222944,45243
275286,45243
82802,45243
148121,45242
162052,45242
159572,45242
205097,45242
7857,45242
263658,45242
284550,45242
35722,45242
99466,45242
2510,45242
2135,45242
84193,45241
225994,45241
214087,45241
156098,45241
273627,45241
128542,45240
260053,45240
212439,45240
282996,45240
219050,45240
215172,45240
15788,45240
230860,45240
146645,45240
5521,45239
224116,45239
272006,45239
250192,45239
285053,45239
18103,45239
248023,45239
159569,45238
255188,45238
232560,45238
144389,45238
256845,45238
182943,45238
215531,45238
98036,45238
215298,45238
264529,45238
238539,45238
139121,45237
235765,45237
237443,45237
162313,45237
282217,45237
201930,45237
281381,45237
274726,45237
239431,45237
682,45236
5099,45236
132311,45236
285265,45236
110224,45236
49042,45236
9127,45236
134575,45236
264589,45236
59528,45236
273470,45236
31471,45236
197093,45235
69602,45235
229103,45235
137003,45235
232305,45235
167483,45235
100861,45235
255922,45235
256370,45235
133968,45235
23184,45235
272480,45234
245121,45234
186275,45234
273297,45234
223845,45234
282475,45234
80449,45234
204752,45234
154158,45234
269243,45234
296334,45234
3361,45234
263382,45234
125636,45233
201000,45233
256617,45233
271138,45233
256067,45233
218769,45233
154227,45233
180146,45232
259825,45232
16135,45232
6248,45232
290071,45232
58917,45232
216957,45232
239100,45231
1361,45231
289237,45231
274743,45231
229973,45231
231853,45231
191968,45231
78384,45231
277601,45231
123609,45231
74090,45230
238231,45230
12365,45230
183810,45230
59432,45230
261208,45229
85329,45229
213397,45229
398,45229
132285,45229
170902,45229
152033,45229
231833,45229
226852,45229
82117,45229
28114,45228
87019,45228
40951,45228
18597,45228
208960,45228
140653,45228
237394,45228
117282,45228
64837,45228
267307,45228
86676,45227
232958,45227
174662,45227
225600,45227
45540,45227
24016,45226
8324,45226
202252,45226
177187,45226
266453,45226
251158,45226
270862,45226
8754,45226
221337,45225
133983,45225
179401,45225
228529,45225
2477,45225
205142,45225
222910,45225
13002,45225
56509,45225
275017,45225
191649,45225
189288,45225
172462,45224
181528,45224
256541,45224
86544,45224
30668,45224
289777,45224
257743,45223
233166,45223
6515,45223
19246,45223
63026,45223
250858,45223
163474,45223
265696,45223
86377,45223
245823,45223
233074,45223
107494,45223
222524,45223
251668,45222
4468,45222
34676,45222
291732,45222
126039,45222
137323,45222
208402,45222
119889,45222
4577,45222
236165,45222
34863,45221
217763,45221
36374,45221
117178,45221
279208,45221
189261,45221
85381,45221
184534,45221
3395,45221
268127,45221
167426,45220
207860,45220
265903,45220
91806,45220
120810,45220
642,45220
283821,45219
117030,45219
278115,45219
214758,45219
186655,45219
182121,45219
13033,45219
90661,45219
269551,45219
201494,45218
84200,45218
258658,45218
268393,45218
227618,45218
8166,45218
51625,45218
39430,45218
195780,45218
207861,45218
262861,45218
195306,45217
205563,45217
11888,45217
263813,45217
295034,45217
49287,45217
146340,45217
126334,45217
267416,45217
256260,45217
73960,45217
