1650,100000
2705,57290
2766,53813
4620,51651
13700,51603
3159,51289
295154,50877
9275,50834
95178,50711
35926,50594
265132,50576
261254,50344
289063,50301
225603,50160
15070,50150
4091,50112
1976,50079
296056,50014
2768,50005
1716,49936
208405,49859
268734,49847
17514,49815
270149,49750
257999,49658
162400,49645
2385,49572
154226,49495
133527,49436
218986,49395
21463,49369
102402,49362
142175,49312
210118,49300
7658,49255
59122,49249
201113,49241
9340,49208
241402,49187
111333,49157
175830,49067
152912,49057
293619,49043
3026,49034
218673,49021
55884,49009
1365,48999
125816,48992
217081,48982
1022,48968
1086,48917
155366,48901
35795,48866
131100,48864
2720,48850
17635,48844
8626,48813
296297,48806
75406,48784
12993,48744
285135,48739
100200,48735
52354,48721
40365,48717
4575,48709
248826,48688
133873,48687
6370,48681
16744,48680
259236,48626
28202,48624
78817,48612
238873,48604
190695,48598
194983,48580
271924,48576
216454,48570
436,48569
113435,48568
246037,48563
34725,48538
189498,48534
32590,48527
207029,48527
4848,48525
243169,48504
35538,48499
136443,48488
22750,48477
128022,48469
31781,48461
1412,48460
267581,48447
37848,48446
5016,48427
176603,48411
192826,48406
255800,48395
169481,48388
124106,48385
17314,48379
211341,48377
564,48367
283725,48359
180539,48351
80536,48348
4009,48344
16404,48343
292111,48340
110602,48338
109532,48328
258586,48326
275399,48325
191619,48324
180336,48318
38989,48318
190571,48309
125194,48307
157293,48306
21105,48296
200957,48287
33682,48286
14757,48281
60792,48269
12443,48263
247610,48263
208665,48257
130419,48247
76529,48242
287744,48223
1347,48220
37482,48220
187234,48219
7650,48211
205510,48210
44558,48208
39003,48203
4852,48200
255961,48198
17734,48184
62429,48182
22493,48177
260748,48171
8660,48162
63024,48159
24519,48156
134798,48139
52745,48138
284607,48136
4498,48115
65409,48095
251086,48093
294201,48091
145043,48088
245998,48088
14166,48087
286577,48078
220768,48077
213133,48069
95102,48069
290893,48065
252832,48053
222288,48046
162108,48041
159559,48037
247650,48037
274767,48033
141810,48024
228782,48018
257363,48007
107960,48007
288610,47994
99237,47985
266995,47984
48466,47982
62283,47981
174087,47980
263496,47975
7043,47974
238597,47962
77930,47961
2481,47958
11593,47952
282081,47950
291765,47945
120379,47938
247498,47937
232156,47930
28502,47921
11236,47915
1360,47908
245979,47905
93518,47905
38806,47904
79814,47901
189460,47895
34133,47893
185750,47889
121899,47882
273865,47872
274840,47871
208964,47869
75662,47865
263092,47864
212187,47858
282,47848
128414,47843
53207,47837
290570,47827
148438,47821
161361,47817
248558,47816
241475,47815
220868,47811
147003,47811
33477,47810
253339,47809
189319,47806
110014,47795
71,47794
198562,47794
250613,47788
190965,47788
148884,47786
290970,47786
27497,47781
86645,47780
2965,47765
34685,47760
160587,47749
61190,47747
215369,47738
124619,47737
244053,47735
195254,47734
261053,47733
169075,47733
8817,47731
118657,47730
4652,47730
8217,47718
8976,47717
105505,47712
33603,47711
149000,47700
246427,47700
264588,47698
121786,47697
19672,47694
30657,47694
49329,47692
276253,47689
239397,47683
181380,47675
277064,47671
222456,47669
290081,47667
39992,47666
269339,47666
32363,47659
11528,47658
117427,47657
45927,47653
1453,47651
188338,47649
237399,47648
192917,47647
287002,47646
240981,47643
146311,47642
249527,47641
171766,47641
28616,47635
30656,47634
248946,47633
3215,47632
8378,47627
15827,47624
10500,47624
285728,47619
291532,47612
184482,47611
27555,47611
189766,47611
157904,47610
92568,47609
279154,47608
243041,47603
166332,47601
63596,47600
182128,47598
241751,47595
106905,47594
139144,47593
240151,47591
98376,47587
71913,47585
203124,47585
255504,47583
102180,47581
114386,47580
237552,47577
4007,47577
118247,47572
276205,47570
273620,47567
164038,47564
78979,47559
274378,47556
142320,47556
260515,47552
279991,47551
14865,47547
6438,47540
159123,47538
249971,47536
142583,47535
169637,47528
3976,47526
239280,47524
5625,47523
42232,47523
217281,47520
16146,47519
7656,47518
200799,47514
242833,47514
226768,47514
165558,47513
276294,47513
284149,47510
18981,47509
81752,47505
238160,47505
293752,47499
46965,47498
174427,47495
182548,47487
4752,47484
126553,47479
132705,47475
65260,47463
3188,47462
286733,47459
148773,47455
153648,47454
271669,47453
153465,47446
189212,47444
6341,47441
123958,47440
271759,47436
117356,47430
203074,47427
75272,47427
214578,47424
5189,47422
172014,47422
20686,47420
38892,47419
81164,47416
115354,47415
285403,47415
17725,47410
61494,47409
241054,47408
276197,47408
185460,47405
270908,47400
284971,47397
286235,47392
251617,47390
32185,47389
21212,47388
266875,47386
278232,47386
209075,47383
253013,47383
17949,47382
79644,47380
59458,47375
6912,47372
189505,47367
91518,47367
254144,47365
185079,47364
257815,47364
137675,47363
229879,47361
39012,47358
226360,47357
267022,47352
251122,47349
162227,47349
293592,47348
105333,47346
224168,47345
191594,47344
566,47344
265290,47343
256107,47342
230731,47339
286638,47339
233102,47338
226592,47338
207012,47335
20987,47335
214585,47335
180984,47330
162321,47330
132263,47329
265349,47328
95372,47327
200048,47321
67841,47319
243914,47319
135211,47319
174974,47318
89426,47317
165687,47315
105340,47313
293909,47312
26303,47311
280415,47310
284451,47308
214290,47308
39984,47308
19909,47302
1657,47298
292354,47297
122220,47295
203453,47295
4025,47294
169993,47293
79969,47293
246755,47292
22887,47292
158371,47291
284487,47288
196889,47287
207375,47285
283234,47283
123109,47283
142819,47281
222919,47281
261970,47279
2771,47278
14112,47276
255131,47276
10308,47276
5589,47276
73733,47271
48033,47270
105516,47268
107374,47259
294457,47259
28205,47257
287516,47254
12738,47251
187775,47250
4798,47247
29145,47247
110079,47247
66820,47244
69686,47242
255616,47240
182630,47237
27527,47236
159467,47235
19869,47235
3707,47235
236876,47235
275570,47234
291486,47233
154115,47231
291319,47230
2084,47229
144231,47226
73702,47226
191663,47222
294883,47222
291910,47219
9559,47218
189757,47218
88662,47216
208181,47216
141831,47212
227592,47212
233404,47211
268617,47209
228129,47208
225360,47208
207232,47207
148617,47205
2810,47203
283940,47203
14842,47201
223966,47200
51259,47199
94822,47195
144838,47193
266314,47193
58273,47192
2950,47192
243658,47190
145780,47190
24179,47190
2892,47189
272674,47189
247315,47186
113010,47186
253433,47183
187948,47181
222811,47180
269542,47180
86684,47180
280556,47179
279739,47177
221270,47177
211270,47174
23409,47171
97007,47169
41413,47169
259288,47168
63036,47167
84988,47166
7739,47165
284008,47162
195609,47162
23963,47160
197092,47157
137886,47154
16580,47154
222784,47151
244509,47151
22775,47151
207617,47148
273834,47147
219239,47146
232088,47146
156086,47144
221101,47144
93661,47144
93121,47143
104139,47142
223026,47141
174414,47140
255133,47140
289097,47138
197146,47137
245093,47137
233172,47136
35405,47135
5448,47134
219039,47133
159744,47131
27377,47131
273192,47129
282678,47128
11077,47128
264679,47128
61546,47128
205495,47127
14016,47126
237704,47123
274602,47123
293862,47122
195550,47121
29604,47121
345,47120
290222,47119
150155,47118
46093,47118
90156,47118
256481,47117
175185,47115
17054,47114
220404,47114
59667,47112
176801,47111
144600,47109
73488,47108
197815,47106
260140,47106
250166,47106
215674,47106
191536,47105
241865,47105
194013,47105
76006,47101
266459,47100
197338,47099
125529,47099
162374,47098
292269,47096
113745,47095
125274,47095
58992,47091
145797,47088
185749,47087
65337,47085
3201,47084
50151,47084
160066,47084
281103,47083
203924,47080
77492,47080
206474,47079
286069,47077
37349,47076
204960,47074
84399,47074
152609,47068
202054,47061
153507,47059
291081,47058
73471,47058
31874,47057
197900,47056
83008,47056
30390,47054
342,47053
149123,47053
237531,47050
236430,47049
62136,47047
263388,47045
243824,47043
177963,47041
172127,47040
203470,47039
280060,47038
288310,47037
257016,47036
108551,47035
262494,47033
266786,47032
269215,47031
5233,47030
175437,47028
224272,47026
134335,47026
58323,47024
259041,47024
255729,47023
54480,47022
69409,47021
255216,47020
239293,47019
247799,47019
240770,47018
27047,47018
246357,47016
283650,47014
33702,47014
3989,47012
250644,47012
174222,47011
43876,47011
234429,47010
49305,47009
129955,47008
296151,47007
146747,47006
214067,47006
220182,47006
230755,47006
227791,47005
107803,47005
83037,47005
211439,47004
281858,47004
234639,47002
3757,46999
182036,46998
37947,46997
128719,46997
212237,46997
179011,46997
21202,46996
4152,46995
36536,46995
39890,46993
192545,46993
281092,46992
11976,46991
268705,46991
23658,46990
133137,46989
523,46989
241359,46988
264254,46988
138908,46985
157002,46984
215060,46983
234868,46982
246891,46980
234175,46980
597,46978
9663,46977
211853,46977
100929,46975
50481,46973
2564,46972
3352,46971
20333,46970
62554,46968
7960,46967
139211,46966
253709,46965
268069,46965
271060,46964
111826,46962
234085,46962
205849,46959
3157,46957
149005,46956
75667,46954
156780,46954
192675,46953
278281,46952
193453,46951
61265,46950
234947,46950
272438,46949
218526,46948
270097,46948
252318,46947
22453,46945
289076,46944
172625,46944
262969,46944
157100,46941
50878,46941
268126,46939
89910,46934
232600,46933
191065,46933
158682,46932
134352,46930
29765,46930
207028,46928
8672,46927
182387,46927
94974,46926
29234,46926
267752,46925
290073,46923
139258,46923
96978,46922
247308,46921
163579,46917
161114,46916
274491,46915
122423,46915
148459,46914
70624,46913
131111,46912
126623,46910
283585,46909
284227,46907
201345,46904
73509,46903
175655,46903
228582,46903
191644,46901
13006,46900
234805,46899
146753,46899
129968,46898
206663,46896
143240,46896
274303,46896
295226,46895
243068,46895
265671,46894
290024,46893
183994,46893
270497,46891
268374,46891
123638,46889
29651,46889
58647,46889
5764,46889
287693,46889
14097,46888
149128,46887
271611,46887
294397,46885
284450,46884
282382,46884
236023,46884
875,46883
145697,46883
111982,46882
48450,46882
212018,46881
152147,46880
226314,46879
9817,46878
19353,46876
200706,46876
246800,46876
148587,46874
220975,46873
12303,46872
119067,46872
75776,46871
250998,46871
219851,46871
234830,46870
229968,46869
274902,46869
165562,46868
283318,46868
141189,46868
89924,46867
170630,46866
32827,46866
236503,46864
22022,46863
186237,46862
84992,46860
155442,46859
11083,46859
35438,46859
229181,46857
264909,46857
175552,46856
167175,46855
117491,46855
218141,46853
143973,46853
190251,46852
257625,46849
197694,46849
181534,46849
193349,46849
101796,46846
228926,46846
169555,46844
181137,46844
181471,46843
290088,46842
203675,46842
138006,46840
79609,46840
263727,46840
148345,46839
293653,46839
292639,46838
167490,46838
164185,46837
186039,46837
214928,46835
292520,46835
19073,46835
270955,46834
5314,46834
246625,46834
187073,46833
161005,46833
210495,46832
354,46831
225703,46831
35253,46830
159695,46826
32646,46825
252670,46825
34448,46824
9380,46823
280804,46823
6461,46823
173939,46823
277909,46823
292606,46822
92416,46822
1768,46819
113170,46817
102444,46817
209249,46817
155650,46816
251443,46816
2830,46815
237684,46814
125775,46812
228363,46812
7547,46812
181877,46811
12819,46810
148850,46809
113900,46808
254433,46808
281443,46807
235111,46806
66506,46806
6987,46805
218411,46803
256653,46803
240149,46802
262899,46801
113558,46801
24370,46801
179422,46799
58501,46798
217988,46797
258770,46796
275542,46795
228194,46795
262614,46794
7164,46794
131467,46793
136623,46793
1751,46790
249346,46790
266919,46789
128602,46789
90627,46789
266173,46788
217341,46787
292040,46785
185892,46784
7825,46782
148813,46782
275543,46779
842,46778
69878,46778
168847,46778
241637,46778
200435,46778
48079,46775
269953,46775
7748,46774
3048,46774
27660,46773
123983,46771
277703,46770
20449,46768
10970,46768
161827,46767
70099,46765
166935,46764
150347,46764
6471,46763
237191,46763
186493,46761
177891,46761
100905,46760
2176,46760
129950,46760
194234,46759
39491,46759
253351,46758
84480,46758
4760,46757
214254,46757
201347,46756
185532,46754
250902,46754
256399,46753
277099,46752
23655,46752
244927,46752
196360,46752
219519,46751
140671,46751
280191,46750
29636,46749
110006,46747
239783,46746
29709,46745
48668,46745
151407,46742
134258,46742
288283,46741
226228,46741
183596,46740
242358,46740
219667,46739
6780,46739
179557,46739
107966,46738
190661,46736
267365,46734
277284,46733
240597,46733
293151,46733
255878,46732
202394,46731
285350,46731
257864,46731
205258,46730
134168,46730
5729,46729
5220,46728
306,46728
269279,46728
120642,46727
69122,46727
90767,46726
108188,46726
237995,46726
136512,46726
10798,46726
86344,46726
107145,46724
162986,46724
225955,46723
156790,46723
153300,46723
191561,46723
211277,46721
267116,46721
213807,46721
182125,46720
1243,46719
94632,46719
84041,46718
40150,46718
1825,46718
7348,46718
232720,46718
230668,46718
199224,46717
130923,46716
151252,46715
219591,46714
229382,46712
1168,46711
31831,46708
229506,46707
289978,46707
294059,46705
29415,46705
88501,46704
73753,46703
92185,46702
292498,46702
234421,46700
142818,46700
211149,46700
96939,46700
159527,46699
179304,46699
269112,46699
133938,46698
281821,46697
261154,46696
38146,46696
281847,46695
264157,46694
67725,46693
267620,46692
275008,46691
189036,46691
282725,46691
255851,46691
257275,46690
2295,46690
127436,46689
282347,46687
224630,46686
241139,46685
145176,46685
236420,46684
246208,46683
240154,46682
295666,46682
240165,46682
221088,46682
187552,46682
166226,46682
14188,46681
165616,46681
178949,46679
214930,46678
294166,46678
223183,46678
144574,46678
217546,46677
75695,46676
140642,46676
252749,46675
257227,46674
265051,46673
293659,46673
199287,46673
286082,46672
246415,46671
225381,46671
110727,46670
101068,46670
62373,46669
121809,46668
260434,46667
19089,46667
164177,46667
260758,46666
235526,46666
238612,46666
98761,46665
161549,46664
33545,46664
5706,46663
138844,46660
260791,46660
222574,46660
195390,46658
198993,46657
285081,46657
202122,46657
147667,46656
241323,46655
209092,46654
277040,46653
275665,46651
162458,46651
193332,46650
202390,46649
15416,46648
245709,46648
164298,46648
82900,46648
275021,46648
177086,46648
110859,46648
207027,46647
121030,46647
625,46647
4786,46645
99225,46645
223094,46645
235948,46645
245930,46644
254030,46644
289004,46643
223751,46643
282265,46641
205763,46641
162299,46641
589,46641
266815,46640
11892,46639
118956,46639
96527,46638
229490,46638
245008,46637
154537,46637
170989,46637
19937,46637
222277,46636
14312,46636
231656,46635
229069,46635
10028,46635
169460,46634
117690,46634
289160,46632
292008,46631
225988,46631
6229,46629
71021,46629
11073,46628
98802,46628
278123,46628
2141,46626
249485,46626
174992,46625
288612,46624
266969,46624
282577,46623
41510,46622
5953,46622
217927,46622
8307,46621
232481,46621
57280,46621
136528,46621
174899,46620
11808,46619
107225,46618
9419,46618
12887,46617
264511,46617
150233,46617
241706,46617
190839,46616
150265,46615
198301,46614
208419,46614
280777,46613
12520,46613
247905,46612
148868,46611
254177,46611
191642,46610
11497,46610
261439,46609
40665,46609
96411,46608
15819,46607
292781,46607
3015,46606
152964,46605
128313,46604
286537,46604
27589,46604
152281,46604
284669,46604
284907,46603
127916,46603
294938,46603
121745,46601
129394,46599
265384,46599
49333,46599
24967,46598
106511,46598
291523,46598
228371,46597
191093,46596
73505,46596
277686,46595
252697,46595
130849,46595
1455,46594
283875,46594
266073,46593
284069,46592
268139,46592
106197,46592
2307,46591
148170,46591
289779,46590
267553,46590
129771,46589
102326,46589
106319,46587
95021,46585
115980,46584
178521,46584
181198,46584
206110,46583
164581,46583
270936,46581
142290,46581
290709,46581
258514,46580
244565,46580
254324,46580
229479,46579
173464,46579
73391,46579
96176,46578
164929,46578
210356,46577
224089,46576
120513,46575
224189,46574
221737,46573
214456,46573
24908,46573
257734,46572
25060,46572
247588,46570
235708,46569
107980,46568
261848,46568
262306,46568
288541,46568
29963,46568
276302,46568
197204,46567
9368,46565
28735,46564
47822,46564
258103,46564
10312,46563
235983,46563
157380,46563
196203,46562
272087,46561
200410,46560
251194,46559
20445,46557
202754,46557
118050,46556
274279,46556
34954,46555
30912,46554
252526,46554
267131,46554
268773,46554
228704,46554
10325,46553
123021,46553
289298,46553
71927,46553
47960,46552
188913,46551
75880,46551
131622,46550
31779,46550
234590,46550
111727,46549
14729,46548
290753,46548
250284,46547
73208,46547
229882,46546
207219,46546
208680,46546
224462,46545
103659,46545
21475,46543
23510,46543
185242,46542
58235,46542
10237,46542
792,46542
81369,46541
290275,46541
269604,46540
80365,46539
87357,46539
72427,46539
269363,46537
280330,46537
2355,46537
241408,46537
129245,46536
283987,46536
152804,46535
82200,46535
288522,46535
293195,46534
7154,46534
179592,46534
39421,46532
14127,46530
90057,46530
170775,46529
87607,46529
255088,46528
120822,46528
255175,46528
75148,46527
37286,46527
184267,46527
232447,46526
273872,46525
22165,46525
49997,46524
292832,46524
7291,46524
135219,46524
49553,46523
267961,46523
237439,46523
85938,46523
286165,46522
56903,46522
118171,46522
187436,46521
1422,46521
89868,46520
217210,46519
274593,46519
6791,46519
67937,46518
90320,46518
115805,46518
229155,46517
223044,46516
146958,46516
128827,46516
51751,46516
18073,46515
103741,46514
228855,46514
252527,46514
270820,46514
216809,46514
164303,46512
255139,46511
172000,46511
21950,46511
280752,46510
264100,46510
221407,46510
217561,46509
17449,46509
48644,46509
248495,46508
211642,46508
296588,46507
19586,46507
279291,46507
4661,46505
258305,46505
276312,46505
175034,46505
187675,46505
235007,46504
151983,46504
192347,46504
174065,46504
33637,46503
211173,46503
137470,46503
185188,46503
114484,46503
53877,46503
3392,46503
191970,46503
237964,46502
266745,46502
253713,46501
114271,46500
242138,46500
66173,46499
281317,46498
288724,46498
102367,46498
75669,46497
90719,46497
288424,46497
218284,46496
224664,46496
277176,46496
288028,46496
248026,46496
91525,46495
259828,46495
105773,46494
29161,46494
85625,46494
253032,46492
283720,46492
283348,46491
98382,46491
225919,46491
187929,46491
77658,46490
285468,46490
9540,46489
205620,46489
248523,46489
94240,46488
157555,46488
15890,46487
266015,46486
46112,46486
263606,46484
136526,46484
52761,46484
9011,46483
267754,46483
281743,46482
203252,46482
281873,46482
197591,46482
71098,46480
95776,46480
138967,46480
231779,46479
247345,46479
106526,46479
160376,46478
278667,46477
114486,46477
191831,46477
31358,46477
286348,46477
285502,46476
207207,46476
295145,46476
77433,46474
170316,46474
261525,46474
111386,46473
272799,46473
38939,46473
226200,46473
185078,46472
184006,46472
4856,46471
171816,46471
259193,46471
282403,46470
5452,46470
276139,46470
236273,46469
225324,46469
259113,46468
228940,46467
264290,46467
69626,46466
199536,46466
30215,46465
141655,46465
206131,46465
210009,46465
4708,46463
49820,46463
278984,46463
271632,46462
289532,46461
20366,46461
47503,46461
138022,46459
2458,46458
227779,46457
66702,46457
159670,46456
136747,46456
229658,46455
286942,46454
9404,46454
163850,46454
253461,46453
278783,46453
7852,46453
186792,46452
269009,46452
237103,46452
32724,46451
79977,46449
166180,46449
296042,46448
53702,46448
263219,46448
53917,46447
273408,46447
278892,46447
217730,46446
180075,46446
8978,46445
180941,46444
129723,46444
161304,46444
286276,46443
56527,46443
211817,46443
222044,46443
44883,46442
286500,46442
24576,46442
171590,46442
4604,46441
101510,46441
252039,46441
163374,46441
263125,46441
20264,46441
63288,46440
86635,46439
26775,46439
57959,46439
268708,46438
54216,46438
152890,46437
910,46437
133930,46437
3066,46437
209668,46437
223110,46437
178210,46436
285542,46436
274127,46434
213504,46434
274441,46433
24823,46433
2496,46433
272586,46432
196858,46432
132967,46432
213066,46431
249996,46431
272874,46430
244136,46430
84792,46430
276768,46429
266102,46429
29518,46429
213310,46429
107738,46429
55122,46429
292237,46428
58858,46427
289537,46427
214312,46427
190070,46427
6513,46427
282551,46426
22058,46425
196755,46425
227794,46425
127071,46425
277607,46424
252473,46424
54692,46423
92642,46422
32325,46422
224918,46422
7367,46421
271450,46421
192538,46421
250220,46420
237915,46418
177084,46418
264651,46417
148883,46417
22520,46416
259607,46416
260285,46415
142477,46415
238952,46414
236400,46413
170839,46413
176240,46413
179867,46413
192300,46412
225118,46410
86615,46410
107601,46410
231356,46409
8040,46409
160776,46408
15988,46408
130988,46408
189731,46408
211589,46408
214563,46408
88038,46407
159476,46407
198409,46407
289988,46407
17141,46406
282846,46406
211251,46406
283726,46406
117341,46405
212143,46405
284913,46404
241987,46404
248003,46404
44240,46403
199103,46403
271644,46402
8556,46402
290947,46402
134832,46401
55445,46401
171271,46401
212977,46400
258595,46399
284036,46399
268988,46399
49586,46399
252750,46398
151535,46397
148854,46397
281919,46397
140727,46397
239745,46397
293220,46396
12713,46396
68531,46395
27003,46394
6100,46394
258171,46393
11485,46393
13481,46393
200709,46392
74494,46392
153794,46391
184298,46391
259222,46391
278812,46390
286442,46390
257770,46390
177818,46390
64376,46389
116879,46389
246943,46389
222439,46388
258961,46388
124322,46387
99654,46387
127450,46387
195824,46387
193026,46386
150075,46386
242480,46386
288853,46386
232914,46385
256663,46385
173169,46384
211216,46384
192994,46383
13551,46383
88233,46383
195526,46383
247286,46382
137535,46382
78669,46382
9681,46381
123977,46380
278369,46380
192937,46380
125851,46379
258495,46379
188653,46379
29969,46378
285626,46378
119013,46377
88199,46375
168341,46375
276232,46375
284266,46374
90642,46373
274579,46373
165602,46373
169328,46373
295458,46372
221124,46372
52379,46371
294691,46371
123348,46369
228336,46368
206977,46368
31623,46367
32474,46367
265667,46366
147706,46366
111204,46366
250209,46366
278114,46365
262412,46365
213636,46365
17690,46364
166713,46364
270714,46364
45215,46362
110630,46361
232117,46360
267219,46358
18506,46358
283079,46357
207167,46357
256034,46357
153991,46357
293647,46357
235296,46357
226770,46356
250296,46356
294957,46355
157875,46354
165839,46354
38945,46353
87271,46353
116561,46353
77640,46351
243096,46351
168355,46350
3281,46350
143254,46349
157477,46348
247048,46348
78911,46347
76920,46347
288754,46346
22717,46344
259933,46344
37885,46344
262391,46344
285401,46343
278935,46343
8739,46343
89524,46343
174248,46342
32377,46342
183546,46341
170897,46341
171870,46341
236146,46341
168951,46341
53076,46340
132929,46340
18190,46339
2428,46339
224441,46339
43817,46339
292107,46339
221280,46338
15227,46338
244199,46338
125961,46338
202397,46337
28416,46337
242130,46337
215154,46336
97137,46335
251400,46335
273556,46334
154179,46333
5528,46332
157295,46331
243360,46331
275449,46330
24,46330
105484,46330
270613,46329
68386,46328
2629,46328
223369,46327
158699,46327
108048,46326
31304,46326
6198,46325
59643,46324
2219,46323
277109,46323
206622,46322
10689,46321
252055,46321
39887,46321
178610,46321
38895,46320
5423,46320
40848,46320
132470,46320
268391,46320
268114,46318
163502,46318
178740,46318
97184,46318
295291,46318
164937,46318
188684,46317
169980,46317
191285,46317
243886,46317
203608,46316
239890,46316
148792,46316
234994,46316
150486,46316
277324,46316
59252,46315
133879,46314
255889,46314
155894,46314
264463,46313
226364,46313
111508,46313
284133,46313
112283,46313
159867,46313
235186,46312
100571,46312
168829,46312
178696,46312
20509,46312
184101,46311
139972,46311
285669,46310
57862,46310
81107,46310
169155,46308
130678,46308
263567,46308
67642,46308
160724,46308
73058,46306
260672,46306
183915,46306
96090,46305
236758,46305
176877,46305
273382,46304
68214,46304
238413,46304
5028,46304
288518,46303
2710,46303
293039,46303
158805,46302
152760,46302
263857,46302
269099,46301
7746,46301
288831,46301
4301,46301
95486,46301
53326,46300
146177,46298
290263,46298
260207,46297
16305,46297
159792,46296
407,46296
34641,46295
183484,46294
243376,46294
207398,46294
275600,46294
144487,46294
287957,46293
180657,46292
239993,46292
123269,46292
281922,46292
252232,46292
228386,46291
19789,46291
142614,46290
118842,46290
167486,46290
235366,46288
237189,46288
204069,46288
260528,46288
90579,46287
221479,46287
240940,46287
251501,46287
230040,46287
229248,46286
181099,46285
281716,46285
57227,46284
118280,46284
244084,46284
201820,46283
139806,46283
126948,46283
164435,46282
67129,46282
286859,46282
281482,46281
234501,46281
276845,46281
248556,46281
173132,46281
37568,46281
294496,46280
263337,46279
212295,46279
213393,46279
282650,46279
182566,46278
223833,46278
61999,46277
223656,46277
11367,46277
104975,46277
269442,46276
186899,46276
164829,46276
181506,46276
73455,46276
215412,46276
154464,46274
137849,46274
97403,46274
185318,46273
171661,46272
269454,46272
247203,46271
201622,46270
244003,46270
285970,46270
37052,46270
230538,46270
6817,46270
161435,46269
1695,46269
272523,46269
24330,46269
244090,46269
88979,46269
254534,46269
111759,46269
279132,46268
231678,46268
183974,46267
266059,46267
89715,46266
44615,46266
248641,46265
15738,46265
1197,46264
241431,46264
231145,46264
227402,46263
262686,46263
33705,46262
200707,46262
203920,46262
274572,46261
227449,46260
250539,46260
292419,46260
87362,46259
178015,46259
73173,46258
290589,46258
285952,46257
277249,46257
269584,46257
38793,46256
171708,46255
14958,46255
172767,46254
200366,46254
16835,46254
18824,46254
62832,46253
4649,46253
205519,46253
99917,46252
107024,46252
211891,46252
206013,46252
8695,46251
129508,46250
205559,46250
204017,46250
217073,46250
136824,46249
251694,46249
265653,46249
277669,46249
135146,46248
4697,46247
195858,46247
275506,46246
591,46246
108904,46246
67859,46245
93207,46244
36539,46243
277952,46242
224525,46242
45849,46241
294132,46241
130115,46241
177363,46240
6939,46240
236361,46240
7571,46240
289240,46240
114768,46240
55385,46240
229719,46239
177303,46239
270279,46238
61843,46238
257705,46238
291048,46238
275567,46237
180224,46236
79270,46236
152043,46235
215507,46235
104454,46234
140445,46234
269221,46234
262485,46234
230116,46233
235459,46233
208029,46233
186865,46233
216915,46232
251036,46232
19171,46232
276871,46232
239728,46232
222476,46231
171331,46230
231288,46230
31045,46229
176252,46228
274629,46228
41408,46227
1619,46227
213528,46226
121186,46226
15218,46224
198309,46224
130528,46224
61876,46223
211784,46223
138612,46223
240873,46223
147515,46223
282315,46222
89308,46222
172246,46221
281252,46220
88717,46220
146761,46220
146361,46219
197806,46219
289500,46219
117038,46219
225170,46219
286729,46219
3400,46219
293360,46218
103020,46218
254042,46218
262345,46218
174998,46217
275027,46217
9828,46217
251007,46217
287610,46216
284078,46216
251556,46216
13682,46215
175815,46215
198390,46214
248823,46214
256490,46214
175715,46214
89112,46213
160946,46213
135065,46213
215871,46213
16183,46213
21055,46213
12749,46212
208327,46212
2036,46211
159555,46211
244808,46211
90447,46211
82842,46211
128887,46210
127412,46210
219236,46210
4646,46209
291281,46209
177763,46208
271048,46208
204981,46207
181483,46207
130322,46207
52849,46206
34288,46206
220134,46205
226075,46205
139709,46204
237508,46204
181431,46203
168379,46202
52075,46202
288247,46202
225657,46201
46374,46201
285524,46201
84799,46200
248149,46199
159372,46198
117306,46198
67483,46198
98434,46198
246636,46197
251726,46197
196736,46197
147070,46197
269122,46197
35277,46196
45977,46196
215413,46196
155819,46196
284938,46195
229594,46195
269747,46195
151298,46195
21272,46195
221204,46194
184671,46194
285976,46194
172567,46194
198329,46193
233362,46193
282752,46192
281661,46192
157165,46192
233845,46192
219566,46192
252619,46191
234963,46191
284352,46190
263333,46190
217440,46190
79218,46190
92142,46188
290551,46188
77601,46188
100691,46188
269310,46187
287976,46187
13660,46185
281478,46185
64644,46184
13073,46184
17782,46183
252029,46183
147453,46183
254117,46182
288918,46182
296008,46182
13694,46182
217554,46181
289679,46181
222325,46181
109528,46181
159081,46181
283935,46180
118005,46180
44912,46179
106814,46179
271916,46178
234159,46178
250454,46178
225270,46177
4719,46177
203013,46177
203875,46177
221058,46177
104751,46177
146284,46177
290907,46176
169719,46176
13352,46176
289207,46176
102639,46175
220044,46175
1062,46175
12283,46175
260606,46175
194757,46175
42912,46175
167029,46173
111598,46173
99726,46173
277602,46173
10928,46173
293119,46172
171001,46172
273056,46172
160009,46172
192314,46172
7290,46172
292716,46171
20376,46171
262126,46171
224596,46171
17454,46170
109406,46170
267341,46170
293439,46170
162624,46169
228935,46169
272861,46168
282989,46168
287721,46167
249222,46167
239723,46167
16386,46167
187978,46167
211639,46167
215927,46167
29344,46167
14695,46167
58718,46167
5754,46166
293556,46166
112322,46166
132768,46166
293035,46165
244105,46165
178595,46165
221108,46165
236614,46164
138369,46164
76606,46164
165681,46164
77921,46163
166868,46163
69486,46163
173889,46163
222723,46163
256136,46162
11889,46162
254952,46162
7554,46162
187246,46162
263520,46162
230764,46161
277344,46161
65093,46161
279961,46160
14530,46160
74534,46160
5603,46160
219204,46159
171596,46159
219448,46159
2876,46158
286169,46158
269406,46157
272008,46156
222577,46155
253051,46154
168896,46154
226570,46154
113320,46154
172087,46154
246521,46154
230535,46154
238666,46153
223898,46153
156922,46153
140370,46153
268013,46153
257942,46153
245613,46152
151752,46152
148911,46152
139543,46152
232097,46152
123720,46152
234984,46151
210941,46151
158587,46151
33303,46150
78363,46150
283011,46149
199523,46149
248858,46149
257122,46149
94967,46148
265424,46148
140101,46148
115368,46148
284066,46147
116858,46147
132626,46147
235595,46147
83173,46146
296239,46146
100191,46146
226747,46146
122890,46146
114394,46145
123503,46145
38526,46144
246572,46144
217757,46144
228034,46143
234956,46142
153879,46142
96078,46142
208443,46141
50923,46141
21113,46140
36082,46140
161240,46139
134400,46139
281635,46139
270195,46138
133944,46138
81793,46138
266378,46137
235650,46137
266626,46137
63934,46137
220955,46137
260523,46137
147252,46136
26069,46136
126247,46136
267152,46136
278646,46136
235292,46136
20623,46135
87876,46134
85596,46134
233919,46134
154564,46134
169908,46134
265496,46133
260674,46133
162861,46133
3533,46133
154184,46132
250466,46132
45315,46132
202065,46131
207748,46130
153145,46130
264388,46130
100855,46129
130077,46129
279725,46129
10447,46128
33531,46128
285806,46128
283419,46128
178918,46127
28784,46127
248665,46127
46944,46127
119833,46127
251353,46126
182687,46126
224934,46126
59110,46126
168752,46125
202221,46125
109844,46125
281453,46124
140627,46124
3378,46124
277187,46124
91134,46124
61400,46123
42975,46123
243359,46122
152047,46122
140885,46122
96807,46121
72626,46121
215149,46121
53419,46121
236285,46120
21665,46119
55938,46119
224351,46119
288767,46119
277589,46119
180653,46118
20390,46118
212105,46118
200981,46117
212550,46117
228321,46116
161904,46116
196243,46115
204346,46115
152432,46114
218839,46114
50460,46114
16323,46113
23871,46112
94318,46112
288801,46112
187057,46112
177705,46112
224825,46112
26234,46111
20133,46111
295535,46111
213105,46110
265463,46110
129271,46110
137443,46109
59563,46109
137225,46109
265484,46108
254788,46107
204756,46107
99711,46106
169995,46106
165075,46106
292314,46106
85979,46106
149951,46106
274887,46105
205902,46105
114501,46104
60970,46104
201223,46104
198872,46103
181094,46103
240025,46103
704,46102
181973,46102
134514,46102
139562,46102
194054,46102
80235,46102
273138,46102
279875,46101
244680,46101
18767,46101
179336,46101
74326,46100
102547,46100
180133,46100
246019,46100
172969,46099
275797,46098
182798,46098
23136,46098
295294,46097
170300,46096
250648,46096
28264,46096
255813,46095
12706,46095
86967,46095
67492,46095
168502,46095
99385,46095
184589,46095
47204,46095
207243,46095
65765,46095
122406,46094
9638,46094
215553,46094
136141,46094
99054,46094
252543,46093
271623,46093
296519,46093
104223,46092
264259,46092
187943,46092
213263,46092
45694,46092
151532,46092
182416,46091
32825,46091
84651,46091
178088,46091
283779,46091
254935,46091
74749,46091
226696,46090
222611,46090
51146,46089
68669,46089
102816,46089
185731,46089
263530,46088
29678,46088
196946,46088
222283,46088
181608,46088
88586,46088
112328,46088
148294,46087
41711,46087
243190,46087
124642,46086
109782,46086
241158,46086
205345,46085
237251,46085
1271,46084
138721,46084
254258,46084
152210,46084
194537,46084
212895,46084
142884,46084
195226,46083
263456,46083
204088,46083
28602,46083
224702,46083
205588,46083
230901,46082
196390,46082
296207,46082
71575,46082
137996,46081
236483,46081
171062,46081
189399,46080
159900,46080
5862,46080
84946,46080
208059,46080
95492,46079
270794,46079
171219,46079
202373,46078
16314,46078
233423,46078
143235,46078
182863,46077
145947,46077
244201,46077
246469,46077
245037,46076
192756,46076
219078,46076
293213,46076
195095,46076
41278,46075
170763,46075
101464,46074
121466,46074
193574,46074
221787,46073
39967,46073
259474,46073
161628,46072
288286,46072
6373,46071
64903,46071
257453,46071
195385,46071
286741,46070
247201,46070
83599,46070
95969,46070
8400,46069
186183,46069
32311,46069
2831,46068
251441,46068
105180,46068
172403,46067
2937,46067
244676,46067
224841,46066
48324,46066
171092,46066
157116,46066
228220,46066
229088,46065
261656,46065
152699,46065
287655,46064
179790,46064
189471,46063
92829,46063
295958,46063
177838,46063
166379,46063
36695,46063
51782,46063
182500,46063
200769,46062
16539,46062
276803,46062
197271,46062
176989,46062
121082,46061
55766,46061
209044,46060
173973,46060
91784,46059
227054,46058
264991,46058
263423,46057
250149,46057
243060,46057
244211,46057
106195,46056
193211,46056
18539,46056
281735,46055
114977,46055
238504,46055
191372,46055
211586,46055
294641,46054
11023,46054
280475,46054
187116,46054
231172,46053
48747,46053
278417,46053
7373,46053
212411,46052
237077,46052
134702,46052
194101,46052
252786,46052
30526,46051
144632,46051
277337,46050
265026,46050
2994,46050
254598,46050
265526,46049
33221,46049
190682,46049
251991,46049
13635,46049
32003,46048
78453,46048
20754,46047
271120,46047
192722,46047
75178,46047
73419,46047
41260,46046
185119,46046
161979,46046
241758,46045
138926,46045
56182,46045
280301,46044
36004,46043
283401,46043
136106,46043
285075,46043
258955,46043
269925,46043
207105,46043
136854,46043
239021,46042
207229,46042
12454,46042
187650,46042
81565,46042
282394,46042
31368,46042
160300,46041
142051,46041
288290,46040
294553,46040
249089,46040
164696,46040
76355,46040
213923,46040
274421,46039
22278,46039
86949,46039
172174,46038
244807,46037
244225,46037
37735,46037
234751,46037
119206,46035
2530,46035
290965,46035
137397,46035
42038,46035
114743,46035
193708,46034
1622,46034
255296,46034
13938,46034
163412,46034
219898,46034
18892,46034
267673,46034
197179,46034
222157,46033
133444,46032
267140,46032
126436,46032
235169,46032
95552,46032
203939,46032
196499,46031
166913,46031
219150,46031
272972,46030
20848,46029
134395,46029
173679,46029
120033,46028
214968,46028
4004,46028
124524,46028
30412,46028
294663,46027
5620,46027
229626,46027
154567,46026
255668,46026
295339,46026
266442,46026
220645,46025
40533,46025
50281,46025
176286,46024
270377,46024
236568,46024
218091,46024
205368,46024
251845,46024
154675,46023
160714,46023
230265,46023
239254,46023
279288,46022
210639,46022
258072,46021
113177,46021
195469,46021
178155,46021
29214,46021
132217,46021
296085,46020
260138,46019
198241,46019
103709,46019
23373,46018
230461,46018
288481,46018
52195,46018
176294,46017
293400,46017
129095,46017
224831,46017
150727,46017
208955,46017
1246,46017
125649,46016
139867,46016
284733,46016
165818,46016
200260,46016
290268,46016
29295,46014
267017,46014
121611,46014
221699,46014
161483,46014
282999,46013
214354,46013
272108,46013
271269,46013
63712,46013
161536,46012
199096,46012
40859,46012
7058,46011
141839,46011
135774,46011
273583,46011
37284,46011
137448,46011
138682,46011
200276,46010
99183,46010
260536,46010
214398,46010
203859,46009
253629,46009
78123,46009
129731,46008
280336,46008
175315,46008
139061,46008
127565,46008
264870,46008
142057,46008
179893,46008
294592,46007
238956,46006
192885,46006
294163,46006
25240,46006
268414,46006
11292,46006
26741,46005
276207,46005
293375,46005
16412,46005
290727,46004
271710,46004
210918,46004
23587,46003
59330,46003
255439,46003
282344,46003
221839,46003
258542,46002
29993,46002
149822,46002
188236,46001
3843,46001
100432,46001
248422,46000
257082,46000
16949,45999
190418,45999
202667,45999
278421,45999
219481,45999
70784,45999
229414,45998
253850,45998
46753,45998
138656,45998
135339,45998
201142,45998
282685,45998
277577,45998
59540,45997
275376,45997
259241,45997
12762,45997
7250,45996
95889,45996
62157,45995
234061,45995
186565,45995
214573,45995
229786,45995
223478,45995
72255,45994
9549,45994
193403,45994
212557,45993
192725,45993
83481,45993
254705,45993
272436,45993
95745,45993
228072,45992
244389,45991
235833,45991
158273,45990
282944,45990
132687,45990
133081,45990
238503,45990
281537,45990
123846,45989
184153,45989
160912,45989
105329,45989
148451,45989
98745,45989
271236,45989
168859,45989
232947,45989
139264,45989
10251,45989
240553,45989
288064,45989
46894,45989
240808,45989
275494,45989
139026,45988
149245,45988
233335,45988
223522,45988
272883,45987
286434,45987
136608,45987
202847,45986
123339,45986
99472,45986
290781,45986
206096,45985
139467,45985
293442,45985
162402,45984
279081,45984
221965,45984
200740,45984
260856,45984
293254,45983
241480,45982
279072,45982
275152,45982
146404,45982
193379,45982
97244,45982
218183,45982
46140,45981
193859,45981
252966,45981
203203,45980
184037,45980
22285,45980
9137,45980
41117,45980
17422,45980
254743,45980
217243,45980
282775,45980
272029,45979
219885,45978
262789,45978
165356,45978
289499,45978
89971,45978
215088,45977
270871,45976
138925,45976
291261,45976
22598,45975
156716,45975
246921,45974
227221,45974
165768,45974
121013,45973
164944,45973
37312,45973
203976,45973
265884,45973
282807,45972
213014,45972
190316,45972
107259,45972
247635,45971
281026,45971
295374,45971
244938,45971
294962,45971
128327,45970
182187,45970
294680,45970
174303,45970
6236,45970
257516,45970
227670,45970
143719,45970
253468,45969
83873,45969
247104,45969
133341,45969
153326,45969
227883,45968
253785,45968
227837,45968
217595,45968
271115,45967
153678,45967
244484,45967
131603,45967
118305,45966
118732,45966
276186,45966
240874,45966
23367,45966
32885,45966
111317,45966
27049,45965
112792,45965
111160,45965
265755,45965
189227,45965
234158,45964
270869,45964
33225,45964
226838,45964
288243,45964
290242,45964
268581,45963
112190,45963
219273,45963
203587,45963
191,45962
289943,45962
170898,45962
218432,45961
165352,45961
170309,45961
64515,45961
291882,45961
163095,45960
190810,45960
107592,45960
195538,45960
101794,45960
11815,45960
228904,45960
77409,45959
48167,45959
27795,45959
144343,45959
4033,45958
39766,45958
267571,45958
166467,45958
135236,45958
707,45958
207159,45958
134310,45957
101866,45957
229002,45957
9491,45957
240297,45956
275221,45956
204286,45956
265887,45956
223020,45956
275466,45956
273404,45956
286920,45955
194673,45955
115448,45955
251269,45955
67220,45954
27330,45954
284172,45953
203629,45953
86902,45953
235475,45953
284315,45952
264580,45952
186049,45952
249008,45952
196907,45952
213580,45952
289716,45951
196443,45951
170540,45951
290068,45950
95257,45950
59904,45950
208769,45949
7699,45949
136296,45949
199283,45949
9774,45949
225221,45949
213265,45948
4910,45948
203865,45947
294215,45947
255483,45947
152571,45947
238015,45947
86845,45947
262598,45947
263354,45947
78180,45946
188921,45946
70679,45946
275415,45946
81865,45945
280067,45945
151438,45945
136791,45945
12419,45944
107030,45944
98856,45944
282839,45944
160224,45944
156552,45944
149929,45944
275481,45944
130237,45944
254592,45944
140000,45943
274812,45943
115162,45943
81169,45943
70148,45943
160012,45943
150176,45943
251461,45943
49010,45942
63066,45942
211973,45942
142335,45942
95572,45942
3773,45942
290656,45941
233241,45941
235174,45941
56152,45941
262752,45940
172825,45940
18379,45940
204442,45939
274923,45939
115360,45939
216108,45939
65365,45939
209820,45939
207432,45939
179873,45938
260572,45938
163515,45937
127167,45937
2779,45937
96055,45937
241664,45937
284490,45937
98545,45937
19114,45937
197550,45936
167277,45936
178587,45936
250060,45936
159386,45936
10047,45936
221930,45936
165152,45935
286340,45935
7726,45935
207215,45935
47081,45935
148693,45935
146878,45935
186472,45935
286219,45934
261136,45934
1580,45934
98689,45933
289939,45933
172401,45933
79120,45932
270761,45932
74867,45932
230377,45932
271413,45931
50326,45931
258842,45931
95050,45930
290609,45930
157041,45930
36981,45930
20672,45929
262252,45928
54702,45928
207677,45928
210160,45928
263013,45927
55353,45927
116810,45927
210940,45927
24501,45927
242269,45926
209131,45926
236594,45926
191505,45926
209702,45926
52475,45926
4705,45925
87594,45924
14240,45924
40490,45924
85254,45924
296107,45924
162232,45923
270778,45923
258870,45923
127389,45923
109049,45923
286515,45923
54269,45922
193812,45922
255563,45922
232700,45921
122781,45921
240519,45921
38811,45921
115152,45921
66247,45921
167706,45921
264838,45920
213095,45920
67305,45920
169832,45920
216972,45920
257641,45919
231542,45919
204209,45918
273365,45918
255027,45918
283214,45918
41287,45918
262851,45917
12145,45917
88568,45917
280805,45916
159126,45916
226995,45916
99879,45916
277616,45916
104759,45915
85452,45915
69514,45915
264246,45915
71386,45915
7411,45914
143712,45914
171350,45914
6047,45914
106118,45914
36907,45913
47007,45913
281754,45913
60997,45913
286407,45913
125663,45912
130708,45912
94821,45912
191029,45912
257395,45912
6079,45912
30159,45911
26143,45911
162742,45911
254956,45911
223688,45911
114540,45910
203703,45910
102746,45910
163649,45910
194292,45909
200069,45909
14515,45909
231873,45909
95711,45909
285935,45909
253608,45909
132000,45908
206831,45908
214419,45908
258081,45908
127924,45907
128130,45907
166441,45907
246298,45907
258404,45907
214918,45907
293552,45906
137477,45906
219230,45906
96731,45906
243735,45906
242633,45906
237942,45906
270287,45905
293710,45905
18043,45905
56401,45905
136706,45905
224262,45904
198525,45904
91557,45904
127219,45904
256064,45904
277694,45903
21117,45903
276695,45903
212482,45903
171793,45903
76427,45903
1521,45903
222359,45903
278362,45903
190982,45903
37017,45903
166511,45902
113879,45902
271523,45902
290674,45902
250799,45902
68778,45902
295913,45902
261431,45901
145547,45901
246745,45901
254595,45900
157721,45900
244563,45900
190155,45900
172942,45900
281280,45899
265205,45899
186596,45899
64702,45899
32181,45899
138689,45899
23635,45898
265636,45898
205493,45898
23546,45898
210600,45898
160480,45897
71937,45897
116497,45897
253191,45897
178646,45897
149786,45897
48171,45897
68444,45896
981,45896
242093,45896
59841,45896
36613,45896
76013,45896
228301,45896
97327,45895
188117,45895
254139,45895
70657,45895
274447,45895
17588,45895
186252,45894
98950,45894
206962,45894
9602,45894
260718,45894
191568,45894
285204,45893
264537,45893
293284,45893
226621,45893
5659,45893
271212,45893
60666,45893
212132,45893
12583,45892
223610,45892
100242,45892
250540,45892
211873,45891
75359,45890
73341,45890
232199,45890
24790,45890
198484,45890
206238,45890
59044,45890
276095,45889
143219,45889
247086,45889
212067,45889
168326,45889
83180,45888
279938,45888
20636,45888
162301,45888
278264,45887
247993,45887
270556,45887
3598,45887
37077,45886
66312,45886
107667,45885
141468,45885
233276,45885
242108,45885
85645,45885
77585,45885
264182,45884
171817,45884
124504,45884
182194,45884
56150,45884
100380,45884
112996,45883
268220,45883
13998,45882
11562,45882
8716,45882
267019,45882
295253,45882
58495,45882
115138,45882
74267,45881
168447,45881
294767,45881
79018,45880
54311,45880
137950,45880
10016,45880
45958,45880
211099,45880
208491,45879
274270,45879
259500,45879
180993,45879
122600,45879
211208,45878
255114,45878
54634,45878
227700,45878
160484,45878
293565,45877
231703,45877
40514,45877
253971,45877
185030,45877
254341,45876
211388,45876
293540,45876
267037,45876
220959,45876
13453,45876
159878,45876
277237,45876
174164,45876
147224,45876
288628,45875
181009,45875
273140,45875
42324,45875
272364,45875
213460,45875
97725,45875
233341,45874
115194,45874
206198,45874
289186,45874
2916,45874
137858,45874
275112,45874
276209,45873
162465,45873
13981,45873
218047,45873
121659,45873
227043,45873
108116,45873
227473,45873
227615,45872
158906,45871
78069,45871
283181,45871
260663,45871
128992,45870
36438,45870
285698,45870
103611,45870
170195,45869
248417,45869
285157,45869
244516,45869
146876,45869
133124,45869
148150,45868
62753,45868
250577,45868
28509,45867
82618,45867
23821,45867
145867,45867
10148,45866
239674,45866
115942,45866
10313,45866
263420,45865
169074,45865
247506,45864
281217,45864
167517,45864
208554,45864
248202,45863
96647,45863
239610,45863
203790,45863
181827,45863
113960,45863
95246,45863
108585,45862
277918,45862
134842,45862
221026,45862
193017,45862
61037,45862
293769,45862
148275,45862
289452,45861
44867,45861
161534,45861
223099,45861
200261,45861
284551,45861
52370,45861
72298,45861
233322,45861
238764,45861
281079,45861
139343,45860
211730,45859
230474,45859
147151,45859
284794,45859
237689,45858
1058,45858
255168,45858
166556,45858
258848,45858
272968,45858
194970,45858
293568,45858
171776,45857
51911,45857
289006,45857
25214,45857
30918,45857
146383,45857
86960,45857
280388,45857
280652,45857
163644,45856
178287,45856
204094,45855
196541,45855
16242,45855
158387,45855
270802,45855
288037,45855
269100,45855
267698,45854
252241,45854
213454,45854
149902,45854
212137,45853
155311,45853
222093,45853
180588,45853
78567,45853
27091,45853
15407,45853
277156,45853
145556,45852
244506,45852
216407,45852
266208,45851
34248,45851
70848,45851
32305,45851
138781,45850
272040,45850
36232,45850
178621,45850
85440,45849
239178,45849
47128,45849
283732,45849
252322,45849
151005,45849
4121,45848
233175,45848
202608,45848
114356,45848
199228,45848
170667,45848
67298,45847
210627,45847
6184,45847
7428,45847
47581,45846
200270,45846
178409,45846
261477,45846
248246,45846
242078,45846
157441,45845
195907,45845
34007,45845
162413,45844
291258,45844
1272,45844
57189,45844
269717,45843
220676,45843
161484,45843
178410,45843
266849,45843
279631,45843
47906,45843
178793,45842
207739,45842
130422,45842
210061,45842
184760,45842
232173,45841
158802,45841
83402,45841
270212,45841
235580,45841
255495,45841
219225,45841
294559,45840
144831,45840
128545,45840
225813,45840
211352,45840
196403,45840
126961,45840
194763,45839
85013,45839
57857,45839
214883,45839
241012,45839
21322,45839
191920,45839
290629,45839
254557,45838
25955,45838
33842,45838
148246,45838
121777,45838
126366,45837
231988,45837
114627,45837
188751,45837
161558,45837
7709,45837
280041,45837
242249,45837
292700,45837
285398,45836
46116,45836
262888,45836
178200,45836
267180,45836
284230,45835
139998,45835
204982,45835
291730,45835
178539,45835
226834,45835
108010,45834
163202,45834
121944,45834
226640,45834
117210,45834
39094,45834
172527,45834
4795,45833
244757,45833
203802,45833
51180,45833
275245,45833
22154,45832
140155,45832
280697,45832
273979,45832
235621,45832
70124,45832
192751,45831
130462,45831
260197,45831
145212,45831
155049,45830
203246,45830
238228,45830
294849,45830
282537,45830
251088,45830
29339,45830
106886,45830
221009,45830
248904,45829
110017,45829
289668,45829
171789,45829
269300,45828
63285,45828
2421,45827
160670,45827
135375,45827
81938,45827
208239,45827
261144,45826
81821,45826
95900,45826
191569,45826
280566,45826
128034,45825
190499,45825
16529,45825
162281,45825
201760,45824
222445,45824
37424,45824
211021,45824
254138,45824
273501,45824
65076,45824
270775,45824
69297,45823
138632,45823
286147,45823
47442,45823
154060,45823
227981,45822
223130,45822
264783,45822
19434,45822
288104,45822
42954,45821
17960,45821
117717,45821
67405,45821
150495,45821
166118,45820
149239,45820
245816,45820
270500,45819
258226,45819
150559,45819
124596,45818
153142,45818
104110,45818
186814,45818
4181,45818
294380,45818
97300,45817
290234,45817
41449,45817
292870,45817
61088,45817
9468,45817
141699,45817
8552,45817
77079,45816
90929,45816
191000,45816
24511,45816
279450,45816
231278,45816
290953,45816
252321,45815
272851,45815
87704,45815
250512,45815
214294,45815
200928,45815
72275,45815
293841,45815
271970,45815
21882,45814
8561,45814
103028,45814
20336,45814
249639,45814
115039,45814
136451,45813
113723,45813
206727,45813
250378,45813
220688,45812
183254,45812
96917,45812
61667,45812
254059,45811
11005,45811
130468,45811
4962,45811
4936,45811
258503,45811
89539,45811
221372,45811
237255,45811
3433,45810
71519,45810
214164,45810
8228,45810
238232,45810
12434,45809
238215,45809
174441,45809
2784,45809
241766,45809
182314,45808
227573,45808
88848,45808
55414,45808
289587,45808
236857,45808
289885,45808
135241,45808
83019,45808
175000,45807
287083,45807
154607,45807
230232,45807
223139,45807
51434,45807
120799,45807
199024,45807
68114,45807
279300,45807
5834,45806
282385,45806
2619,45806
140435,45806
260960,45806
49400,45806
60847,45806
14965,45806
34336,45805
141565,45805
236941,45805
279846,45804
115231,45804
230514,45804
254546,45804
272264,45804
218575,45803
241686,45803
193384,45803
269348,45803
78279,45803
293183,45803
1904,45803
283326,45802
206688,45802
103343,45802
46645,45802
79523,45802
189172,45802
268711,45802
217275,45802
171738,45802
150162,45802
98829,45801
59564,45801
262957,45801
263071,45801
283159,45801
154648,45801
197712,45800
289759,45800
156878,45800
255834,45800
79395,45800
181906,45799
8160,45799
189928,45799
183728,45799
167415,45799
274355,45799
175937,45798
265720,45798
93341,45798
203343,45797
220167,45797
102859,45797
276523,45797
159333,45797
166148,45797
273745,45797
228296,45796
220187,45796
241178,45796
284666,45795
181999,45795
138442,45795
154698,45795
215522,45795
84105,45795
80,45795
63353,45794
268801,45794
167286,45794
9883,45794
221062,45794
24906,45793
154722,45793
134750,45793
823,45793
237662,45793
221520,45792
254514,45792
267811,45792
266168,45792
155024,45792
194821,45792
151203,45792
165553,45792
268474,45792
110390,45792
132119,45792
284088,45792
215029,45791
196867,45791
248555,45791
155608,45791
97626,45791
56463,45791
232704,45791
272289,45790
155262,45790
2061,45790
183944,45790
6838,45789
18405,45789
143019,45789
285482,45789
229874,45789
29810,45789
186088,45789
230539,45789
174296,45788
284632,45788
271684,45788
243374,45788
183289,45788
180745,45788
249937,45788
15907,45788
113944,45787
199820,45787
76777,45787
236618,45786
279678,45786
175666,45786
137558,45786
117776,45785
261891,45785
103061,45785
14065,45784
108101,45784
172907,45784
267053,45784
149235,45783
272158,45783
2397,45783
138409,45783
234183,45782
122792,45782
287617,45782
287505,45782
262208,45782
259032,45782
252532,45782
204320,45782
292432,45782
220911,45781
281438,45781
106034,45781
16752,45781
133592,45781
281576,45781
202527,45781
19949,45780
207117,45780
279322,45780
221089,45780
286781,45780
284440,45780
68421,45780
287085,45780
262203,45780
48279,45780
1572,45779
218037,45779
230884,45779
153144,45779
291095,45779
143617,45778
57562,45778
2894,45778
265121,45778
232806,45778
289905,45778
288938,45778
155374,45777
119882,45777
223391,45777
266212,45777
8524,45777
231232,45777
168530,45777
225744,45777
9044,45777
116731,45776
217822,45776
203383,45776
116413,45776
196791,45775
172793,45775
280025,45775
255313,45775
268920,45774
194910,45774
3268,45774
40350,45774
268230,45774
196416,45774
244767,45773
233351,45772
81223,45772
275944,45772
277375,45772
132755,45772
178057,45772
272255,45772
2178,45772
225786,45772
5919,45771
671,45771
1649,45771
193002,45771
269293,45771
293576,45771
226044,45771
21642,45770
86251,45770
112966,45770
292060,45770
228595,45769
164169,45769
153481,45769
254659,45769
134451,45769
217697,45769
111881,45769
18810,45769
258163,45769
178314,45768
272315,45768
68614,45768
237166,45768
264401,45767
111921,45767
226894,45767
296228,45767
3138,45767
89236,45766
179506,45766
13001,45766
280009,45766
156704,45766
173841,45765
250730,45765
97866,45765
6181,45765
239894,45765
115657,45764
234222,45764
145474,45764
180441,45764
275063,45764
22550,45764
260396,45764
98051,45764
158670,45764
14075,45764
288543,45763
132656,45763
119192,45763
266839,45763
166920,45763
209615,45763
28563,45763
58868,45762
22464,45762
295919,45762
197505,45762
180188,45762
217266,45762
258660,45761
226475,45761
220228,45761
29286,45761
91290,45761
281700,45761
269962,45761
281760,45761
128498,45760
165660,45760
292127,45760
706,45760
123164,45760
187214,45760
166397,45759
265801,45759
187656,45759
94357,45759
190171,45759
238976,45759
239718,45758
244949,45758
191221,45758
81731,45758
87347,45758
258788,45758
104948,45758
51727,45758
192124,45758
254674,45757
248302,45757
269731,45757
242262,45757
125650,45757
41683,45756
187152,45756
78382,45756
208012,45756
289585,45756
276861,45756
126722,45756
61804,45756
244113,45756
241801,45756
235520,45756
21602,45756
213664,45755
188631,45755
271294,45755
216151,45755
284640,45755
280919,45755
179403,45755
219604,45754
273238,45754
209259,45754
84355,45754
9630,45753
269314,45753
240565,45753
46971,45753
141895,45753
208287,45753
17835,45753
286483,45753
75320,45753
280944,45753
229505,45753
208411,45752
135353,45752
61927,45752
263168,45752
196686,45752
6067,45751
142724,45751
8001,45751
116092,45751
54515,45751
233952,45751
150453,45751
256283,45750
10032,45750
222242,45750
8942,45750
121465,45750
53633,45750
130019,45749
51157,45749
249333,45749
4918,45749
64388,45749
6926,45749
171167,45748
96052,45748
94095,45748
154876,45748
230485,45748
292320,45748
160308,45748
207910,45748
3695,45748
151095,45747
70930,45747
214202,45747
287842,45747
60184,45747
259926,45747
199245,45747
258006,45747
196015,45746
114260,45746
176475,45746
193866,45746
262201,45746
114037,45746
80082,45746
189443,45746
586,45746
5691,45746
247646,45745
92095,45745
237839,45745
189287,45745
4173,45744
220690,45744
109174,45744
248353,45744
12160,45744
179283,45744
230628,45743
196562,45743
96997,45743
23794,45743
69974,45743
92200,45743
190903,45743
88521,45743
144178,45743
288220,45743
140489,45742
1878,45742
150435,45742
235523,45742
286273,45742
82024,45741
164530,45741
107510,45741
5381,45741
19936,45741
59712,45741
15168,45741
188157,45741
296374,45741
227214,45741
267967,45740
69536,45740
103730,45740
244036,45740
234064,45740
152247,45740
1701,45740
6393,45740
292135,45739
267453,45739
232131,45739
107197,45739
242929,45739
285051,45739
3017,45738
264209,45738
213609,45738
181537,45737
254081,45737
79103,45737
115154,45737
15897,45737
188775,45737
240890,45737
101853,45736
39189,45735
289387,45735
79630,45735
193582,45735
228442,45735
95921,45735
180119,45734
66414,45734
263939,45734
243502,45734
14328,45734
21556,45734
261243,45734
290642,45734
159901,45734
4588,45733
29066,45733
95026,45733
255949,45733
247012,45733
5840,45733
202191,45733
74039,45733
263226,45732
250011,45732
229790,45732
15845,45732
178245,45732
270515,45732
274873,45732
37983,45732
276645,45732
120986,45732
290420,45732
151545,45731
217762,45731
166582,45730
256727,45730
232189,45730
246385,45730
244797,45730
249478,45729
88037,45729
254753,45729
227932,45729
38590,45729
56167,45729
180615,45729
258953,45729
295541,45728
137636,45728
182744,45727
253116,45727
58978,45727
156496,45727
163246,45727
223030,45727
277295,45727
239185,45726
292416,45726
255601,45726
265986,45726
94119,45725
85912,45725
212875,45725
86362,45725
238175,45725
104112,45725
256467,45725
1141,45724
112249,45724
143516,45724
218715,45724
129967,45724
208630,45724
184869,45724
204113,45724
98970,45723
20813,45723
90504,45723
114875,45723
126324,45723
211392,45723
114791,45723
287934,45722
178565,45722
77919,45722
177958,45722
6777,45722
260797,45722
198272,45722
115700,45722
233159,45721
7811,45721
284189,45721
232671,45720
121469,45720
237586,45720
1020,45720
286501,45720
119979,45720
285414,45720
109494,45720
10144,45719
263095,45719
262594,45719
250619,45719
235124,45719
84307,45719
229448,45719
137180,45719
7145,45719
210389,45719
113402,45718
199357,45718
178135,45718
138701,45718
27281,45717
253406,45717
162111,45717
78680,45717
252254,45717
69679,45717
292757,45717
192740,45716
125049,45716
208703,45716
222383,45716
158311,45716
2083,45716
36565,45716
197908,45716
222491,45716
263122,45716
250646,45716
140287,45716
117492,45715
269414,45715
239817,45715
217177,45715
276706,45715
175682,45715
190024,45714
102850,45714
2314,45714
101608,45714
190434,45714
288499,45714
140896,45714
43264,45714
240643,45714
252028,45714
231591,45714
214308,45713
106341,45713
56372,45713
214707,45713
49685,45713
136840,45713
170173,45713
45755,45712
224403,45712
126797,45711
284462,45711
274723,45711
272875,45711
165997,45711
197939,45711
256160,45710
275659,45710
166176,45710
186581,45709
19531,45709
243088,45709
44375,45709
20497,45709
108924,45709
102130,45709
217011,45709
79775,45709
163359,45709
181551,45709
30819,45709
244581,45708
60083,45708
207063,45708
217861,45708
282332,45708
45825,45708
175297,45708
110750,45708
170882,45708
211213,45708
26023,45708
155615,45708
212702,45707
215320,45707
90430,45707
207706,45707
243528,45706
191833,45706
144725,45706
5672,45706
10031,45706
21082,45706
197586,45706
217752,45706
224984,45706
288945,45706
273642,45706
12497,45706
43188,45706
246614,45706
277036,45705
1102,45705
218861,45705
275351,45705
251261,45704
187146,45704
279217,45704
241468,45704
121924,45704
228199,45703
21479,45703
174215,45703
251505,45703
49230,45703
34195,45702
292278,45702
277810,45701
147759,45701
78646,45701
237067,45701
168566,45701
266291,45701
130840,45700
165393,45700
78246,45700
251111,45700
129191,45700
101526,45700
39438,45700
284340,45699
19211,45699
179052,45699
240409,45699
254626,45699
174663,45698
222118,45698
296197,45698
247122,45698
28670,45698
12358,45698
224468,45698
154936,45698
2933,45697
284984,45697
155709,45697
2074,45697
177243,45697
9409,45697
22934,45697
204412,45696
234852,45696
121767,45696
38409,45696
229134,45696
261148,45696
199551,45696
110457,45696
245208,45696
7868,45696
252299,45695
261910,45695
197391,45695
248282,45695
83956,45695
282345,45695
256829,45695
218893,45695
21945,45695
214493,45695
100667,45695
60631,45695
255815,45695
286463,45695
276813,45695
100959,45694
4263,45694
175355,45694
279048,45694
23712,45694
144637,45694
206796,45693
113924,45693
209925,45693
208343,45693
196720,45693
7801,45693
253216,45693
146609,45692
193249,45692
231094,45692
79880,45692
118013,45692
46274,45691
2970,45691
211703,45691
229433,45691
186904,45691
294368,45690
175369,45690
110363,45690
257771,45690
221209,45690
293759,45690
267531,45689
238821,45689
186513,45689
262259,45689
98522,45689
75489,45688
284479,45688
46771,45688
290819,45688
268720,45688
104134,45688
11435,45688
14277,45688
53767,45688
70195,45687
182147,45687
288282,45687
288735,45687
118046,45687
7858,45687
172778,45687
241484,45687
98389,45687
188194,45686
36311,45686
239596,45685
171333,45685
212870,45685
65299,45684
219460,45684
89688,45684
173048,45683
291016,45683
1991,45683
254665,45683
179760,45683
257900,45683
17138,45683
113596,45683
222174,45683
254693,45683
150505,45682
139788,45682
280983,45682
143551,45682
64416,45682
220444,45682
71270,45682
36063,45682
176826,45681
150976,45681
230932,45681
206168,45681
138989,45681
208566,45681
20935,45680
17281,45680
228083,45680
48334,45680
148284,45680
152061,45679
217520,45679
59779,45679
211250,45679
29300,45679
257990,45678
58904,45678
143092,45678
228703,45678
224077,45678
251012,45678
142085,45678
61084,45678
235002,45677
295181,45677
42909,45677
221993,45677
5820,45677
252192,45677
88227,45676
202072,45676
183697,45676
2463,45676
40183,45676
188633,45676
286526,45676
1116,45676
278359,45676
276687,45676
214209,45676
277485,45675
256570,45675
87888,45675
276202,45675
145452,45674
271917,45674
207878,45674
239821,45674
172554,45674
263861,45674
230237,45674
127462,45674
168383,45674
227874,45673
204648,45673
235150,45673
46014,45672
222365,45672
180505,45672
107688,45672
276984,45672
243653,45672
275717,45672
168861,45672
130225,45672
249367,45672
86872,45672
98880,45671
86668,45671
84830,45671
93627,45671
11362,45670
55931,45670
274144,45670
293286,45670
177751,45670
184591,45670
190429,45670
265464,45669
247606,45669
238119,45669
268723,45669
141940,45669
81581,45669
53247,45669
272961,45669
221600,45668
98204,45668
187162,45668
171984,45668
80236,45667
120448,45667
244869,45667
94805,45666
120301,45666
182140,45666
280897,45666
287923,45666
286135,45665
183529,45665
135857,45665
170184,45665
131110,45664
149391,45664
7340,45664
273767,45664
222568,45664
262854,45664
71328,45664
39919,45664
179598,45663
118499,45663
81416,45663
225370,45663
229468,45663
150195,45663
165015,45663
254805,45662
78658,45662
176313,45662
153024,45662
223360,45662
126421,45662
220480,45662
163668,45662
245579,45662
268476,45662
86341,45661
173082,45661
138349,45661
241423,45661
292745,45661
214842,45661
206269,45661
15769,45661
116806,45660
211304,45660
143091,45660
107407,45660
284711,45660
40652,45660
10711,45660
271032,45660
111535,45660
242908,45660
39409,45660
217454,45660
207638,45660
157079,45660
27895,45659
153226,45659
272647,45659
272118,45659
89958,45659
143042,45659
113137,45658
176854,45658
254942,45658
87195,45658
117978,45658
213935,45658
135765,45658
58618,45658
118277,45658
63662,45658
255718,45657
183089,45657
270578,45657
238082,45657
131354,45657
241528,45657
400,45657
15247,45657
95480,45657
295385,45656
2378,45656
225737,45656
275097,45656
248957,45656
294928,45656
205534,45656
58953,45656
19632,45656
46232,45656
194405,45656
198519,45656
176576,45656
95514,45655
143428,45655
102751,45655
179586,45654
28592,45654
139630,45654
196722,45654
294484,45653
192293,45653
199955,45653
234674,45653
46837,45653
286950,45653
14281,45653
52762,45652
3722,45652
20058,45652
235446,45652
209070,45652
154487,45652
222804,45652
18515,45652
180175,45652
277316,45652
5439,45651
110476,45651
92895,45651
231760,45651
12543,45651
296115,45651
236963,45651
266992,45650
236819,45650
278732,45650
75615,45650
7861,45650
164600,45650
164580,45650
8251,45650
283742,45649
217491,45649
42825,45649
292593,45649
20198,45649
208291,45649
168711,45649
95019,45649
251895,45648
293483,45648
202243,45648
38787,45648
284423,45647
3852,45647
54164,45647
161205,45646
202996,45646
128127,45646
202355,45645
103459,45645
108046,45645
272907,45645
283150,45645
23846,45645
208373,45644
247008,45644
151792,45644
197946,45644
98213,45644
242776,45644
17826,45644
182925,45644
211283,45643
146997,45643
189963,45643
102983,45643
68536,45643
214089,45643
208056,45643
124253,45643
276257,45643
294299,45643
258992,45642
18713,45642
266256,45642
78552,45642
209136,45642
256045,45642
170044,45642
246581,45642
295963,45642
232566,45641
74788,45641
224720,45641
27931,45641
246147,45641
223526,45641
202540,45641
220283,45640
215139,45640
205667,45640
280646,45640
117070,45640
60780,45640
16799,45640
284697,45640
228983,45639
88413,45639
123533,45639
69302,45639
249803,45639
27763,45639
60889,45639
152735,45639
14424,45639
