168257,100000
919,51091
96222,50484
125363,49443
183072,49419
252800,49369
284855,49312
48011,49312
31901,49195
239448,49135
200523,49061
233143,48974
4431,48959
25034,48884
177436,48874
117199,48863
198695,48841
12777,48839
164498,48839
35363,48825
250396,48821
24795,48819
256449,48814
113718,48811
3924,48804
45181,48799
156998,48785
132630,48776
279645,48757
14046,48749
269064,48746
37776,48722
2946,48719
120309,48711
108547,48687
267439,48653
270229,48629
5257,48620
278486,48610
288109,48601
202189,48532
262884,48529
22642,48523
251432,48523
113449,48517
166128,48511
268120,48507
248303,48464
236475,48458
8577,48421
23563,48412
285854,48357
260108,48343
295304,48333
288291,48325
271997,48314
97793,48312
291231,48307
96855,48293
102515,48293
192015,48283
234042,48283
11047,48277
214343,48274
196190,48273
264091,48253
181223,48252
154023,48246
234021,48245
190226,48232
61368,48232
8924,48232
30794,48231
229650,48213
176588,48198
277655,48189
215301,48186
262170,48182
292545,48181
13861,48181
184427,48178
32676,48171
192688,48148
215258,48131
278476,48128
31729,48124
160474,48117
35281,48091
97691,48070
291521,48069
268244,48063
220933,48060
74143,48055
250567,48055
265832,48054
144567,48054
277874,48053
194901,48048
144836,48039
173027,48015
161599,48013
160316,48008
40754,48008
182844,48008
23949,48000
148651,47999
273466,47998
294922,47984
82387,47980
253883,47979
268399,47976
116242,47976
256562,47975
189286,47974
178190,47961
202758,47946
194501,47937
9349,47929
229952,47922
23571,47920
163526,47911
63664,47911
294361,47909
267313,47907
100258,47904
66756,47897
293501,47894
230024,47883
262269,47878
276054,47872
6785,47870
168211,47869
220786,47868
158542,47868
4641,47866
29553,47861
242990,47859
260443,47856
177449,47855
336,47854
123513,47844
170257,47839
210768,47838
119859,47836
187673,47836
13400,47833
203078,47830
254899,47830
151854,47827
21136,47824
295831,47822
286353,47814
43316,47807
260868,47807
256882,47802
139430,47795
184846,47794
24180,47791
155,47787
223563,47783
225242,47775
200197,47768
216234,47768
226353,47767
239604,47766
69858,47763
226377,47762
252349,47761
259762,47758
11827,47757
181247,47756
274309,47750
249708,47744
214240,47744
98235,47743
274403,47735
30001,47722
68494,47721
217100,47720
21649,47718
177244,47715
287635,47714
214149,47713
268233,47711
1408,47709
213003,47704
218083,47704
216121,47698
278224,47696
245221,47694
34915,47689
159168,47685
293821,47684
264754,47683
192265,47682
4678,47674
167621,47674
144283,47662
154373,47657
185223,47655
56830,47652
124785,47648
247694,47639
159851,47637
278329,47631
268117,47630
244372,47629
77635,47628
147270,47626
234474,47625
526,47623
93146,47618
229825,47617
145813,47616
179778,47616
135577,47614
70926,47613
1506,47609
268317,47607
177840,47607
251131,47600
207708,47599
201222,47597
265518,47593
207554,47592
4024,47588
132269,47586
201013,47581
122427,47579
41087,47578
148909,47576
292811,47575
198488,47574
183772,47573
133392,47571
265901,47568
115885,47559
225240,47559
185291,47558
22223,47553
65036,47553
212625,47553
211801,47552
28113,47546
54552,47538
29173,47537
45034,47536
201313,47533
114238,47531
276771,47531
142115,47522
274981,47520
189202,47517
15725,47506
289833,47504
244042,47494
105667,47493
259923,47493
163420,47490
86964,47486
279628,47477
224658,47475
232650,47474
120126,47472
238448,47468
274094,47464
290270,47463
118551,47463
150818,47456
283718,47455
165374,47453
257164,47451
199834,47449
155123,47448
171194,47448
143548,47446
46282,47439
124073,47438
276230,47437
112793,47436
208196,47435
37609,47434
242120,47434
48867,47433
11725,47429
235486,47428
236557,47427
290826,47426
250662,47424
287441,47422
233120,47420
111337,47420
260483,47418
149496,47417
281719,47415
262750,47415
228061,47414
259433,47414
89573,47409
286589,47405
260949,47405
228992,47401
176375,47397
265216,47397
267322,47396
220413,47393
253147,47393
279878,47393
239273,47392
274835,47392
85975,47392
42974,47390
250884,47389
189382,47383
246397,47377
52143,47377
158064,47377
279990,47377
131755,47376
7358,47374
185143,47374
176104,47374
221341,47373
207,47373
72544,47371
218603,47366
55444,47365
132039,47361
68871,47361
259772,47361
151100,47360
217781,47359
269104,47357
271595,47354
225229,47354
131294,47353
212910,47353
123122,47346
235443,47344
131978,47344
244220,47343
278655,47336
161844,47335
295282,47333
155591,47333
56285,47332
218618,47332
200024,47331
80942,47330
210841,47324
271073,47323
133328,47322
289945,47319
209745,47317
45866,47316
122915,47313
211126,47310
158502,47307
195243,47306
224397,47304
176943,47303
132494,47303
266616,47302
254892,47301
5177,47300
234813,47300
88171,47300
243770,47300
227754,47300
289690,47297
139088,47296
269335,47294
250249,47288
154673,47286
49342,47284
246708,47282
270974,47281
50494,47276
152096,47275
268749,47270
290963,47268
41491,47268
269027,47267
99081,47266
231638,47265
170845,47265
117469,47264
226714,47263
12357,47263
10463,47263
179287,47261
270501,47260
165416,47254
205965,47254
123772,47253
208820,47248
193155,47246
40293,47246
294062,47245
196864,47245
237761,47243
188339,47243
254101,47240
137614,47237
200772,47236
211106,47236
235229,47232
281799,47231
271426,47230
148075,47230
89653,47225
227450,47224
199221,47222
151066,47221
7553,47218
185577,47218
246287,47215
234895,47212
1978,47212
253900,47212
109680,47212
90389,47211
261446,47210
271017,47208
278284,47208
208014,47207
266142,47205
116863,47204
286085,47203
174550,47201
291398,47200
88145,47198
290787,47196
173190,47196
282916,47194
181167,47193
246769,47191
213374,47191
139035,47190
274190,47189
91363,47189
145640,47185
235743,47185
175418,47185
260497,47185
234214,47183
249653,47182
71869,47181
200479,47181
2857,47180
252189,47180
113004,47179
264189,47176
219921,47173
290955,47173
265820,47171
267045,47171
278788,47171
39746,47170
291216,47168
286965,47167
287170,47164
15063,47164
15369,47164
122269,47163
208682,47160
259469,47158
280076,47158
1072,47157
196561,47157
209722,47156
230895,47155
205641,47154
252892,47150
253976,47148
262858,47146
280402,47145
217371,47145
264060,47144
150262,47143
183343,47143
26593,47141
185243,47139
148320,47139
10951,47138
130712,47137
206723,47136
58155,47135
222233,47135
172727,47134
292400,47133
115989,47133
210748,47129
266609,47128
233720,47125
248042,47124
208852,47124
142004,47124
288998,47123
148042,47121
236155,47117
293865,47117
204164,47117
178815,47116
221754,47116
296118,47114
214654,47113
24130,47113
153431,47113
29975,47111
151998,47110
204402,47109
290843,47106
270388,47104
258894,47102
295993,47100
242266,47099
282891,47098
295999,47096
1903,47096
257525,47095
77716,47093
165281,47093
270059,47091
142266,47089
77143,47089
184146,47085
234067,47085
42980,47084
201087,47082
176663,47081
223516,47081
288342,47080
288583,47079
288596,47078
213725,47078
47499,47077
174263,47077
260350,47076
254142,47076
279525,47075
283578,47075
177648,47075
216396,47072
190755,47069
285258,47068
176135,47064
279152,47064
251196,47064
179339,47064
256964,47064
229916,47063
7752,47063
211696,47062
79321,47061
262285,47060
6972,47059
135106,47055
232940,47055
245515,47054
293248,47053
268493,47052
190919,47051
258621,47051
233250,47050
79112,47047
251550,47047
296179,47047
178473,47047
279063,47046
192505,47046
221734,47045
192147,47043
160302,47043
100214,47043
246089,47043
243092,47042
40957,47042
245729,47041
53857,47039
185767,47038
107202,47038
193243,47038
168398,47037
265857,47036
18198,47035
43963,47034
155852,47034
279324,47032
265420,47031
147413,47031
219051,47031
265242,47029
199399,47029
127706,47027
34092,47027
195353,47027
232341,47026
147324,47025
119454,47025
183548,47023
96841,47022
293274,47022
204987,47022
257295,47022
7177,47022
268680,47019
219574,47017
9357,47016
90437,47015
190332,47014
163430,47014
90409,47013
143071,47013
16611,47013
70953,47012
175108,47011
196079,47011
117316,47011
281978,47009
69907,47008
146338,47008
273983,47007
23477,47007
192769,47006
179829,47006
106247,47004
226779,47003
9469,47002
282072,47002
293639,47001
153435,47001
262714,47000
293697,47000
226905,46998
58263,46997
209423,46997
138731,46997
131814,46996
247663,46995
16647,46994
288453,46993
238632,46992
281309,46992
68372,46991
145824,46990
102300,46988
17494,46988
11145,46987
80978,46987
178795,46986
152822,46985
266523,46985
210851,46984
114080,46984
178315,46982
180203,46981
136334,46981
44013,46981
241734,46980
190403,46979
166712,46976
283827,46975
222976,46975
190123,46974
287493,46974
275695,46974
173849,46973
204199,46972
106634,46972
166102,46971
122484,46971
291870,46969
30956,46969
247782,46968
166577,46968
121042,46968
220618,46967
247178,46966
180614,46965
133107,46965
119254,46965
171034,46964
233127,46964
273939,46964
188611,46963
239181,46961
274357,46961
229641,46960
108549,46960
179110,46956
293954,46956
72250,46955
274010,46954
248058,46954
229928,46954
282407,46953
6232,46953
279156,46951
171057,46951
287554,46950
290411,46950
263569,46947
203325,46947
50372,46947
67278,46946
38449,46945
272043,46945
263160,46945
253895,46944
256769,46943
271642,46942
113182,46941
75643,46941
38848,46940
185621,46939
249465,46938
290952,46938
33944,46938
219933,46937
275534,46937
106752,46936
163136,46936
111916,46936
290849,46936
880,46933
56583,46932
165504,46931
43981,46930
266138,46930
224251,46929
255008,46929
185893,46927
272109,46926
217736,46925
216476,46925
171614,46924
277410,46924
175161,46924
266309,46923
262962,46923
32606,46922
184881,46920
66792,46919
171532,46918
136800,46918
6830,46918
47493,46917
254675,46917
277141,46914
123247,46914
84631,46913
6897,46912
4194,46912
144577,46911
153893,46911
50677,46910
281620,46909
182987,46907
273596,46907
286266,46906
105144,46905
83589,46905
207379,46905
177083,46904
96904,46903
118117,46903
193435,46900
239006,46899
234393,46899
120390,46898
264841,46898
194726,46898
204366,46897
254344,46897
295257,46897
162471,46896
241681,46896
243695,46896
256892,46895
219767,46895
250819,46894
158664,46893
260245,46893
141926,46892
201035,46891
227958,46891
101921,46889
20471,46888
230719,46886
291652,46885
269369,46884
230441,46882
272814,46880
76633,46880
6332,46880
270550,46879
111617,46878
293472,46877
14338,46877
235123,46876
134968,46874
277861,46873
296623,46873
164276,46872
196673,46872
204283,46870
249354,46869
159258,46869
205176,46868
175352,46868
115160,46867
252765,46864
13915,46864
246859,46863
171478,46862
37161,46861
46846,46861
258166,46860
274743,46860
92393,46860
50,46860
248777,46857
241226,46855
257672,46855
277957,46854
242566,46854
188601,46854
225296,46853
279831,46850
249645,46849
111548,46849
280791,46848
283352,46848
172399,46847
115804,46846
233997,46846
275003,46846
210145,46845
255532,46845
286494,46844
255549,46844
195370,46844
86780,46842
167065,46841
56155,46840
233,46839
79248,46839
98133,46838
282784,46838
237778,46838
230000,46838
148311,46836
129466,46836
155073,46835
285158,46835
4866,46835
72726,46834
138183,46832
220239,46831
59884,46831
293443,46830
285139,46828
42436,46828
11948,46827
212324,46827
151311,46827
19252,46827
127671,46827
8423,46827
249439,46826
268405,46826
235262,46826
232932,46826
269704,46825
187570,46825
276050,46825
213226,46824
232219,46823
289093,46822
162536,46821
6685,46819
205348,46819
7218,46819
181245,46819
92700,46819
250777,46817
275072,46817
69141,46817
70543,46816
174778,46816
16364,46816
103026,46813
290368,46812
183169,46812
137150,46809
106873,46809
116421,46809
172915,46809
221579,46808
253564,46807
80389,46806
265255,46805
80161,46804
266108,46804
282128,46803
295537,46803
126995,46803
291168,46802
159403,46802
1068,46799
295984,46799
225339,46799
195190,46798
241200,46796
291803,46796
218879,46795
228980,46795
253347,46795
141865,46793
92114,46793
251837,46790
283939,46790
186826,46790
39119,46789
290713,46789
245748,46788
41909,46788
258662,46788
151537,46787
190625,46787
107122,46786
162209,46785
78240,46785
56604,46785
283405,46784
295033,46784
223763,46784
114448,46784
145396,46783
139831,46782
156285,46782
170294,46782
277126,46782
293848,46781
20953,46779
57912,46779
271609,46778
168559,46778
243896,46778
294941,46777
284848,46777
104848,46777
241996,46776
189667,46776
25267,46774
269181,46774
193527,46773
213600,46771
286226,46771
184693,46771
7674,46771
210654,46770
169664,46770
221942,46768
157170,46767
259073,46767
18458,46766
186631,46765
169649,46765
84071,46765
223969,46765
97512,46764
25204,46764
17741,46763
232116,46762
233642,46762
115886,46761
295281,46761
202300,46758
111144,46757
268431,46757
191507,46754
185405,46753
227905,46753
279729,46753
69914,46753
144345,46753
239383,46752
191820,46751
200332,46751
36831,46751
273484,46751
290488,46750
238880,46750
265735,46750
158722,46749
269510,46749
122680,46749
44662,46749
246523,46749
120724,46749
249553,46748
232285,46748
284926,46748
246020,46748
281353,46748
169811,46747
77528,46747
267624,46747
257844,46746
177064,46746
192435,46745
194806,46744
135109,46744
167279,46743
130930,46743
157262,46743
152059,46741
35164,46740
217985,46740
217956,46739
271871,46738
220979,46738
259526,46738
246752,46737
294362,46737
15976,46736
7418,46736
262047,46736
99873,46736
78557,46734
182820,46733
136645,46731
269135,46731
16327,46730
183237,46730
74401,46729
152120,46729
199921,46727
270227,46727
274689,46727
166135,46726
218787,46725
726,46724
291073,46724
211516,46722
292332,46721
137186,46721
169098,46721
262885,46721
269778,46721
184346,46720
213357,46719
279644,46718
119103,46718
189489,46718
205132,46717
201935,46717
260631,46717
166953,46717
193814,46717
182316,46716
260821,46715
20526,46714
121305,46713
160019,46713
157612,46712
227243,46712
132257,46712
87671,46712
52093,46712
223121,46711
176620,46711
174989,46710
164145,46710
140097,46708
259367,46708
232477,46708
42593,46707
188557,46706
72180,46706
51819,46706
260576,46706
95037,46706
221100,46705
4052,46703
32149,46703
111766,46702
202481,46701
180225,46700
77791,46700
142590,46700
256793,46699
44315,46699
64796,46699
8245,46699
222346,46698
96505,46698
211795,46696
125138,46696
205146,46696
283406,46695
177066,46695
120063,46694
52919,46693
282363,46693
198418,46692
185545,46691
130605,46690
117076,46689
7179,46688
57737,46686
106985,46686
148339,46686
9072,46686
242151,46685
192085,46684
264027,46684
259806,46683
38412,46683
255967,46683
88263,46683
139090,46682
87662,46681
251468,46678
128319,46678
127716,46678
291049,46677
274290,46676
208051,46676
221539,46676
273925,46675
238890,46673
121867,46673
195372,46673
963,46672
120650,46672
228835,46672
291845,46672
166259,46672
92404,46671
55809,46671
78739,46671
58268,46671
13888,46671
123076,46670
114309,46668
118737,46667
281656,46667
28255,46667
107156,46665
210837,46665
10070,46665
267330,46664
283141,46664
253166,46664
94833,46664
159877,46664
245584,46664
278809,46663
257327,46663
190766,46662
243805,46662
269647,46662
136083,46661
296476,46661
257124,46660
284981,46659
227407,46659
71855,46659
287182,46658
180214,46658
169246,46658
247802,46658
116899,46658
255260,46653
41975,46653
221268,46653
229624,46653
176628,46652
186527,46652
202596,46652
9543,46651
253233,46650
260427,46649
33619,46649
206525,46649
212490,46649
42746,46648
196078,46648
229303,46647
254314,46646
154688,46645
230012,46645
27858,46644
229525,46644
5662,46644
249414,46643
64298,46643
257033,46642
186787,46641
131384,46641
264519,46640
192815,46639
265597,46639
265770,46639
225605,46638
189894,46638
169896,46637
117211,46636
62521,46636
170145,46634
147248,46634
230375,46634
261076,46633
238959,46633
141467,46633
143952,46633
78276,46632
282926,46632
243409,46632
249410,46631
33898,46631
260756,46631
245346,46630
292710,46630
21692,46630
284837,46629
10919,46629
172828,46628
286199,46628
57998,46628
268894,46628
287108,46625
165685,46625
262261,46624
104986,46624
285203,46623
207629,46623
109486,46622
292940,46622
286018,46622
284312,46621
200329,46621
116187,46621
234869,46621
36502,46621
251644,46621
291731,46620
203754,46620
175056,46620
114202,46619
239719,46619
287045,46618
197539,46617
181076,46616
270109,46616
239068,46616
189841,46616
240033,46614
271806,46614
253551,46614
228879,46613
254669,46613
245881,46612
18774,46612
181043,46611
8772,46611
287784,46611
63359,46610
142484,46609
280965,46609
155637,46609
148111,46608
256472,46606
44228,46605
240162,46605
253419,46604
17104,46603
110165,46602
181119,46601
183639,46600
291293,46600
272676,46600
78399,46599
251886,46599
272454,46599
278918,46599
107534,46598
283866,46598
34492,46597
229492,46597
149307,46597
97346,46596
17086,46595
261017,46595
47360,46595
288924,46595
76996,46594
138493,46593
255693,46593
93356,46593
245142,46591
71094,46590
218331,46590
5250,46590
59585,46589
189972,46589
228575,46588
177671,46588
86354,46588
204270,46587
215001,46587
45859,46586
258900,46586
112314,46586
80631,46585
84530,46585
39140,46584
147245,46584
182964,46583
241349,46583
230571,46582
163616,46582
235142,46581
216218,46581
72235,46580
140711,46580
206221,46578
64330,46577
123935,46576
262469,46576
3189,46576
287589,46576
185589,46575
102763,46575
169201,46575
175018,46573
196219,46573
68335,46572
222130,46570
280359,46569
281434,46569
282461,46569
74569,46568
119071,46568
197636,46568
58274,46567
284678,46567
243628,46567
269361,46567
177114,46565
212226,46565
275188,46565
47311,46565
24788,46565
162425,46565
197016,46565
198556,46564
277231,46564
166233,46564
264179,46564
266709,46564
219700,46563
52575,46562
45365,46562
243599,46562
237994,46561
174526,46561
278793,46561
46818,46560
180372,46560
49659,46558
296472,46556
12970,46556
250172,46556
255602,46556
20349,46556
191096,46556
121760,46556
211807,46555
149057,46555
282719,46555
50793,46555
13364,46554
182746,46554
267138,46554
163606,46554
184571,46553
255736,46553
296560,46552
170902,46552
205991,46551
206287,46551
185057,46551
293338,46550
142627,46550
244729,46550
263434,46548
37711,46547
292613,46546
53018,46546
134799,46546
201552,46545
74624,46545
169702,46545
221320,46545
86544,46544
209763,46544
120691,46543
114054,46543
178983,46542
199699,46542
249519,46541
187666,46541
239201,46541
53811,46539
234887,46539
7566,46539
224391,46538
123209,46538
178005,46538
247767,46537
265235,46536
136072,46536
178872,46536
216206,46536
291197,46535
196130,46535
77158,46535
129295,46535
283110,46535
182260,46535
152575,46534
26925,46533
280132,46533
122292,46533
106266,46532
287022,46530
113882,46530
116391,46530
267634,46530
293972,46529
271979,46529
282010,46529
118792,46528
2069,46528
4766,46527
168707,46527
212422,46526
82536,46526
120252,46526
218765,46525
139327,46525
214344,46524
185981,46524
291288,46524
170884,46524
123631,46524
29071,46523
118437,46523
214401,46523
74979,46522
98125,46521
105883,46521
147833,46521
229032,46520
273955,46520
136996,46520
287786,46519
78588,46518
72647,46518
165714,46518
129873,46517
51483,46517
285726,46517
179121,46517
287481,46516
106150,46516
267990,46516
99706,46515
33381,46515
245951,46515
235956,46515
77287,46514
158380,46514
224839,46514
213572,46514
251587,46513
192303,46512
98055,46512
209431,46511
178449,46510
291514,46510
275691,46510
246167,46510
170617,46510
72919,46510
270646,46509
287443,46509
286690,46508
101256,46508
216054,46508
296131,46508
73703,46507
231013,46507
247996,46506
261899,46505
226580,46505
241836,46505
195759,46505
244582,46505
235355,46504
169382,46504
57133,46503
161644,46503
282790,46503
143553,46503
196107,46502
287487,46502
212035,46501
213007,46501
205186,46501
181542,46501
175992,46501
225658,46500
220489,46500
261964,46499
248808,46499
19637,46498
188521,46498
76475,46498
215054,46498
267661,46496
288574,46495
280477,46495
271127,46495
105573,46494
237430,46494
1170,46494
62775,46494
89362,46494
241854,46494
232546,46494
99746,46492
281742,46492
285226,46491
257218,46489
132535,46489
220147,46488
230307,46488
249150,46488
50965,46488
158504,46488
285101,46487
122405,46487
150304,46487
140380,46487
142488,46487
264490,46486
295937,46486
130113,46486
194074,46486
202967,46485
86679,46484
272693,46483
169759,46483
63306,46482
171095,46482
223050,46482
206311,46481
112665,46480
227614,46480
192011,46479
54438,46479
279222,46479
247707,46478
274142,46478
21594,46478
97961,46478
268147,46478
32574,46478
265410,46477
292900,46477
57051,46477
210957,46477
247447,46475
155525,46475
145972,46475
44830,46474
33962,46474
244755,46474
198546,46474
970,46474
97383,46474
161117,46473
207727,46472
233442,46472
54852,46472
227276,46471
29136,46470
276379,46470
258863,46470
217481,46470
266851,46470
274003,46468
59517,46468
187848,46468
24708,46468
238708,46467
174851,46467
203297,46466
294819,46466
44621,46466
8402,46465
90310,46465
124715,46465
244243,46464
124801,46464
17517,46464
287665,46464
290949,46463
17448,46463
64581,46463
258290,46463
96930,46463
143736,46461
154496,46460
239672,46460
181641,46460
264966,46459
70398,46459
220591,46458
87366,46456
135834,46456
2733,46456
267771,46456
149082,46456
220954,46455
219952,46455
290574,46455
124294,46455
156414,46455
11439,46454
166593,46454
271434,46454
203459,46453
189151,46453
141256,46453
271404,46453
179731,46452
116472,46452
166001,46452
243682,46452
294106,46451
170303,46450
277948,46450
267192,46450
14603,46449
164408,46448
272943,46448
291276,46448
133302,46447
170626,46447
121898,46446
222262,46445
146716,46445
221700,46445
211062,46443
258426,46443
206986,46443
1485,46443
288928,46442
266949,46442
250219,46441
50486,46440
108103,46440
239283,46440
195784,46439
240036,46438
271837,46438
231714,46438
160789,46438
35412,46437
156389,46437
152,46436
262742,46436
254280,46435
146847,46434
294232,46434
245152,46433
282797,46433
144579,46433
76916,46432
284728,46432
238188,46431
293323,46431
158904,46431
118784,46431
5514,46431
275610,46430
83839,46430
291070,46430
87077,46429
287286,46429
88871,46428
251819,46428
224958,46428
111454,46427
242933,46427
97651,46426
250977,46426
16879,46426
284062,46426
184279,46425
284481,46424
249295,46424
50555,46424
31371,46424
272886,46424
91053,46423
258371,46423
175753,46423
176895,46421
31092,46420
132943,46420
131840,46419
137621,46419
165142,46419
199268,46419
95715,46418
273997,46418
104546,46418
169371,46417
257777,46417
267960,46416
264164,46414
288900,46414
2791,46414
149063,46413
268420,46413
241896,46413
211955,46413
289431,46411
208574,46411
215128,46411
217530,46411
109733,46411
181536,46411
173836,46411
244398,46410
28780,46410
153633,46410
122234,46410
284566,46409
68826,46408
264397,46408
15091,46408
291328,46407
278134,46407
177764,46407
187480,46406
291008,46406
229521,46406
87307,46406
14581,46404
100098,46404
190580,46404
205880,46403
257746,46403
222497,46403
204101,46402
295179,46402
184769,46401
235822,46401
132871,46400
290591,46400
82767,46399
148531,46399
255374,46399
262782,46399
144221,46398
294128,46398
36045,46397
196265,46397
194357,46397
193098,46396
52526,46396
76112,46396
239771,46395
135784,46395
24827,46394
278660,46394
288713,46394
296100,46393
254289,46393
280189,46393
196678,46392
189030,46391
237767,46391
96413,46391
129476,46390
98876,46390
69783,46390
233933,46389
275533,46389
260336,46389
277333,46389
279741,46388
269992,46388
293828,46388
269225,46388
13525,46387
231417,46386
253635,46386
191871,46385
178444,46385
215704,46385
172879,46385
198018,46385
212421,46385
180019,46385
205068,46384
188293,46384
7720,46384
195218,46383
290223,46382
247411,46382
241430,46382
195316,46382
182229,46382
259327,46382
98442,46380
121328,46380
295435,46380
237097,46379
137282,46379
195914,46379
226724,46379
254704,46378
263676,46378
235488,46378
244455,46378
275363,46377
126687,46377
9113,46377
251875,46377
291859,46377
116372,46376
248345,46375
259166,46375
259768,46375
92682,46375
1034,46375
228154,46373
126570,46373
44645,46373
271132,46373
263045,46373
258879,46373
285460,46373
251914,46372
66946,46372
259225,46371
28985,46370
130665,46370
284249,46370
4057,46369
191317,46369
263404,46369
68235,46369
146791,46369
122931,46369
18266,46369
239152,46369
260494,46368
144699,46368
295792,46367
128590,46367
294446,46366
118506,46366
158046,46365
9691,46365
143131,46364
196684,46364
14670,46363
97126,46363
104866,46363
295669,46363
238867,46363
205950,46362
153051,46362
216679,46362
288661,46362
29428,46361
192944,46360
213429,46360
160382,46360
295661,46360
124477,46360
178172,46360
182934,46360
264677,46358
1211,46358
277006,46357
43784,46357
250587,46357
255025,46357
101983,46357
206843,46356
128892,46356
254128,46356
21703,46356
283862,46356
202664,46355
76293,46355
104705,46355
203307,46355
262321,46355
1180,46354
99099,46354
145985,46354
296249,46354
61596,46353
127236,46352
101506,46352
96240,46351
510,46351
136675,46350
274271,46349
116064,46349
199337,46349
261376,46348
264044,46347
223451,46347
14376,46347
62414,46347
243158,46347
241123,46346
201040,46346
105547,46346
21582,46344
256932,46343
105564,46343
247341,46343
16728,46343
291392,46343
259804,46342
262136,46342
270387,46341
17065,46341
98407,46341
278986,46341
266031,46340
215387,46340
231309,46339
187091,46338
251582,46338
198850,46338
229602,46338
161651,46338
3671,46338
76773,46337
253306,46337
186392,46336
49810,46336
77332,46336
153042,46335
157279,46335
86629,46335
47478,46335
247119,46334
158280,46334
210198,46334
189880,46334
290133,46334
207897,46333
235099,46333
118561,46333
254110,46333
224968,46333
221486,46333
24681,46333
185324,46333
33042,46332
211162,46332
6470,46332
236473,46332
191471,46331
2218,46331
114063,46331
173693,46331
207809,46331
225496,46330
255579,46330
181078,46330
172033,46329
261776,46329
254585,46329
122705,46329
171812,46328
130657,46328
233166,46328
228651,46327
97339,46327
199053,46327
279362,46326
99997,46326
105238,46326
124124,46324
121856,46324
279500,46324
29520,46323
145149,46323
2215,46323
95134,46323
828,46322
2076,46321
41864,46321
272571,46321
248959,46321
89834,46320
175456,46320
285677,46320
144387,46320
97387,46319
255316,46319
168935,46319
70035,46318
257831,46317
205301,46317
265266,46317
113970,46317
262833,46317
19079,46317
135848,46317
276741,46316
103253,46316
188112,46316
241048,46316
32536,46316
139955,46315
11965,46315
97950,46315
228533,46314
211697,46314
276843,46314
181907,46314
267008,46313
275967,46312
152728,46312
202614,46312
4517,46312
269068,46311
139507,46311
231537,46311
276893,46311
20070,46311
252122,46310
12127,46310
18605,46310
130919,46310
80011,46309
14450,46309
284498,46308
289825,46308
83633,46308
235171,46308
213598,46307
54409,46307
69396,46307
121954,46307
256739,46307
14531,46306
236080,46306
145940,46306
30685,46306
172376,46306
126337,46305
261127,46305
271835,46305
213422,46305
261645,46304
117627,46303
284578,46303
283042,46303
184558,46303
277802,46302
179353,46302
136271,46301
203873,46300
156098,46299
25598,46299
142654,46298
141742,46298
282367,46298
26027,46298
126908,46297
125340,46297
277175,46296
212169,46296
106272,46296
290615,46295
246540,46295
290590,46295
92883,46294
33312,46294
57242,46294
223675,46293
51613,46293
111629,46293
104816,46293
42154,46293
103225,46292
126860,46292
168824,46292
179257,46292
242105,46292
287941,46292
17968,46291
182677,46291
160986,46291
180537,46291
86982,46290
112504,46290
259202,46290
47272,46290
62752,46290
181765,46290
184950,46290
201278,46290
205996,46289
128876,46289
7283,46289
118559,46289
87555,46288
171242,46288
188337,46287
228015,46287
189965,46287
214418,46287
274323,46287
136344,46286
273445,46286
277734,46286
87535,46286
188314,46286
227049,46286
162214,46286
146925,46285
183692,46285
80576,46285
127089,46285
197277,46284
259296,46284
197581,46284
52577,46283
71195,46282
234748,46282
72238,46282
91481,46282
287956,46281
222124,46281
270442,46281
294914,46281
112242,46281
279229,46281
226434,46281
270088,46281
216461,46280
5881,46280
131465,46280
111380,46279
179476,46279
269415,46279
259156,46279
275390,46279
235637,46277
262594,46277
267090,46277
177203,46277
126646,46277
293781,46277
139255,46277
111726,46276
212966,46276
203335,46276
80772,46276
159642,46276
135677,46276
243622,46275
271397,46274
188203,46274
75729,46273
6524,46272
280814,46272
280131,46272
286629,46272
235617,46272
274305,46271
94167,46271
251197,46269
271252,46269
19887,46268
256345,46268
293032,46268
1707,46268
254815,46267
258243,46266
156532,46266
151761,46266
198237,46266
202629,46266
224203,46265
98485,46265
78063,46265
286471,46264
160448,46264
212530,46263
244969,46263
236981,46263
1456,46262
109903,46262
226308,46262
147271,46262
287585,46262
173994,46262
260820,46261
198541,46261
223383,46261
239732,46261
245462,46261
56674,46260
285919,46259
208856,46259
74769,46259
12570,46259
198662,46258
227279,46258
258492,46258
62428,46258
118993,46258
22096,46258
20967,46257
71165,46257
126751,46257
148091,46256
4880,46256
187298,46255
138750,46255
217838,46255
168092,46254
6052,46254
50480,46254
271371,46253
265178,46253
193277,46252
23905,46252
98644,46252
224573,46252
250807,46251
274475,46250
155228,46250
187036,46250
69884,46250
252791,46250
100799,46250
147499,46249
149278,46249
262786,46249
276192,46248
190012,46248
135431,46248
269482,46248
185012,46248
21033,46248
283976,46247
248290,46247
96849,46247
134363,46247
180824,46247
157037,46247
160558,46246
171009,46246
181279,46245
251416,46245
11853,46245
211194,46245
101978,46245
26043,46245
84199,46244
218171,46244
72120,46244
252477,46244
52029,46244
253756,46244
203514,46242
259860,46242
292894,46242
222745,46241
260286,46241
229380,46241
271067,46240
247899,46240
227182,46240
185015,46240
52950,46240
155307,46240
35615,46240
122482,46240
215148,46239
67166,46239
3053,46239
189920,46239
277542,46238
263794,46238
283801,46238
296388,46238
84593,46238
143287,46237
219464,46237
285839,46237
254977,46236
186819,46236
14952,46236
284932,46235
233248,46234
280245,46234
7751,46234
273901,46233
285053,46233
286761,46233
283520,46233
291917,46233
245127,46232
76660,46232
235800,46232
137751,46231
180873,46231
196931,46231
275465,46230
227071,46230
274970,46230
6846,46230
102043,46230
263711,46230
252427,46230
246141,46230
158298,46230
272572,46229
245477,46229
209985,46229
83222,46229
11407,46228
39066,46228
194937,46227
11633,46227
1905,46227
291754,46227
176207,46227
66080,46227
106183,46226
206015,46226
226167,46226
143050,46225
282378,46225
243003,46225
69216,46225
267366,46225
268467,46224
19198,46224
268049,46224
266229,46224
105046,46224
40168,46223
124942,46223
185763,46223
190611,46223
135089,46223
226883,46222
23080,46222
220902,46222
22954,46222
204181,46222
7304,46222
115837,46221
289385,46221
211323,46221
272341,46221
234451,46221
58211,46220
46820,46220
264273,46220
201194,46220
254934,46219
14152,46219
140081,46219
281734,46219
6375,46219
175757,46219
174126,46218
166160,46218
239706,46218
29006,46218
219696,46217
80691,46217
10280,46217
161573,46217
272824,46216
224943,46216
161295,46216
239514,46216
204073,46215
271551,46215
177893,46215
48286,46215
51738,46215
70639,46214
279675,46214
232364,46214
225411,46213
4155,46212
38857,46212
223826,46212
255229,46211
15787,46211
252255,46211
155586,46211
86710,46211
35502,46210
137371,46209
88716,46209
198254,46209
140613,46209
186010,46209
253465,46208
236500,46208
295547,46208
44290,46207
123180,46207
224667,46207
208427,46207
222949,46206
107205,46206
296248,46206
203854,46206
34919,46206
18569,46206
244251,46205
244558,46205
104215,46204
87033,46204
272283,46204
258526,46204
268948,46203
204721,46203
164858,46203
48216,46202
276281,46202
162352,46202
184682,46202
147722,46202
227952,46202
256874,46202
203864,46201
59550,46201
16471,46201
211776,46201
60175,46201
68808,46201
252529,46201
51602,46201
258238,46200
185691,46200
269377,46200
265643,46200
202642,46200
379,46199
272958,46199
87620,46199
110195,46198
150496,46198
96810,46198
82997,46198
268444,46197
294879,46197
7833,46196
262980,46196
219475,46196
159462,46196
183197,46196
173876,46195
63027,46195
291614,46195
1321,46195
149006,46195
70238,46195
296258,46195
81082,46195
183567,46194
189121,46193
73721,46192
25561,46192
5676,46192
182043,46192
190553,46192
153286,46192
267694,46192
157403,46191
289844,46191
266998,46191
11378,46190
292292,46190
144232,46190
226887,46190
295422,46189
56188,46189
21290,46189
225326,46189
59679,46189
185436,46188
209666,46188
206355,46187
268722,46186
119228,46185
166947,46185
243223,46185
237737,46185
158649,46184
236645,46183
260149,46183
164720,46183
198328,46183
292980,46182
72034,46182
156257,46182
248913,46181
290153,46181
182641,46181
52716,46180
129812,46180
60408,46180
252701,46180
256651,46180
72518,46180
199194,46179
39732,46179
288,46179
196143,46178
123511,46178
23121,46178
28207,46178
138712,46178
244653,46178
219706,46177
195840,46177
3170,46177
19908,46177
168710,46177
85817,46177
192853,46177
276354,46176
291221,46176
205189,46175
212696,46175
245860,46175
48986,46175
183519,46174
256398,46174
267881,46174
230687,46174
150187,46174
134670,46173
71199,46173
293283,46173
286352,46173
167832,46172
250165,46172
227100,46172
253263,46172
152195,46172
265907,46172
179151,46171
281412,46171
57631,46171
267992,46170
36275,46170
222844,46170
176571,46170
217029,46170
272976,46170
255354,46170
267372,46169
192446,46169
230540,46168
270030,46168
59728,46168
294980,46167
99374,46167
280218,46167
260828,46167
170132,46167
280578,46166
270023,46166
286872,46166
277457,46166
211670,46165
58947,46165
131313,46165
223356,46165
294083,46165
63505,46165
44652,46165
216821,46165
35288,46165
239507,46164
109980,46164
142281,46164
177480,46164
81260,46164
121971,46164
223055,46163
187460,46163
80790,46163
177172,46163
151742,46163
229630,46162
245730,46162
274197,46162
247887,46162
264217,46161
253376,46161
7705,46161
174252,46160
95859,46160
217596,46160
210588,46159
95422,46159
49738,46159
106807,46159
68006,46159
1355,46158
203378,46158
287832,46157
196492,46157
201099,46157
290742,46157
224357,46156
42200,46156
203771,46156
21188,46156
186399,46156
266304,46156
252853,46155
184074,46155
127442,46155
248174,46155
108754,46155
73241,46155
244997,46154
136882,46154
230927,46154
281627,46154
292222,46154
89198,46153
206283,46153
156272,46153
267506,46152
289910,46152
248340,46152
253956,46152
269514,46152
256589,46152
205896,46151
207284,46151
279304,46151
282919,46151
55087,46151
110759,46150
80529,46150
175740,46150
111691,46150
119177,46150
249359,46150
69100,46150
16911,46150
67678,46149
80925,46149
218234,46149
294381,46149
211129,46148
280488,46148
65913,46148
116820,46147
236657,46147
195988,46147
246774,46147
29638,46147
236693,46147
233842,46147
130685,46146
258787,46146
284174,46145
270760,46145
50025,46145
18780,46144
29367,46144
140080,46144
260522,46144
153455,46144
224317,46144
273514,46143
272206,46143
18626,46143
254338,46143
65844,46143
270269,46142
270724,46142
199464,46142
234062,46142
240259,46142
273776,46142
2838,46142
218566,46142
84130,46142
262607,46141
121703,46141
104003,46141
80680,46141
210459,46141
91123,46141
205153,46140
3263,46139
26640,46139
74956,46139
199341,46139
55448,46139
10841,46138
1725,46138
212141,46137
75606,46137
263081,46137
30671,46136
266968,46136
156370,46136
155744,46136
150270,46135
227843,46135
130223,46135
219465,46135
256258,46134
196874,46134
274045,46134
9278,46134
102895,46134
191252,46133
279964,46132
283817,46132
158208,46132
291862,46132
277659,46132
246437,46132
168030,46131
147519,46131
103847,46131
248424,46131
30659,46130
276998,46130
293968,46130
244339,46130
223081,46130
147265,46130
69210,46130
203323,46130
84370,46129
180479,46129
74546,46129
267074,46129
164017,46129
249956,46128
131873,46128
180183,46128
10722,46127
271348,46127
230474,46127
114180,46127
208340,46127
200956,46127
159866,46127
185031,46127
50066,46127
37505,46126
212521,46126
275257,46126
118980,46126
278131,46126
10296,46125
277629,46125
216129,46125
1758,46125
30490,46124
266928,46124
134254,46124
200932,46124
205958,46124
171713,46124
289732,46124
84696,46123
81142,46123
246547,46123
164839,46122
223420,46122
107395,46122
220231,46122
170204,46122
147844,46122
293156,46122
273736,46121
243922,46121
291291,46120
248770,46120
248540,46120
984,46120
286697,46120
232933,46119
258952,46118
176746,46118
261092,46117
269463,46117
62949,46117
18677,46117
157216,46117
281694,46117
290923,46116
161871,46116
267163,46116
251996,46116
189165,46116
236467,46115
268765,46115
141337,46115
211715,46115
191829,46115
10995,46115
25068,46114
213655,46114
96381,46114
273899,46113
162141,46113
57105,46113
260351,46113
25992,46113
75091,46112
227728,46112
163664,46112
188769,46111
257223,46111
206513,46111
229530,46111
291742,46110
241572,46110
63895,46110
199619,46110
275745,46110
162725,46110
228710,46109
230509,46109
292730,46109
7413,46109
95623,46109
121446,46109
216159,46109
290604,46108
170251,46108
293356,46108
285608,46108
196581,46108
94338,46108
172139,46107
129781,46107
104261,46107
141316,46107
238517,46106
214417,46106
241623,46106
228741,46106
195176,46105
142580,46105
104524,46105
285900,46105
293617,46105
241593,46105
27151,46105
270385,46104
187205,46104
283439,46104
279573,46104
167215,46103
16620,46103
213824,46102
270855,46102
48845,46102
256976,46102
234597,46102
272657,46101
86516,46101
85850,46101
179948,46101
182977,46101
162513,46101
115840,46101
229863,46100
25391,46100
12589,46099
286837,46099
122652,46099
136111,46098
201383,46098
182866,46098
197206,46098
137429,46098
139892,46097
282299,46097
944,46097
58312,46097
244971,46097
263734,46096
52010,46096
155865,46096
55043,46096
112141,46095
196815,46095
242530,46095
53175,46095
233137,46095
198411,46095
281221,46095
140924,46094
80492,46094
251701,46094
280357,46094
280500,46093
263123,46093
251377,46093
190143,46093
11884,46092
46391,46092
179406,46092
285448,46092
103248,46092
123939,46092
121794,46091
108089,46091
249616,46091
263797,46091
199864,46090
16296,46090
187844,46090
144734,46090
145656,46090
209955,46090
10175,46090
34578,46089
140520,46089
133192,46089
84654,46089
293287,46089
258007,46088
27007,46088
269254,46088
50630,46088
177685,46087
181724,46087
92741,46087
107265,46087
38574,46087
47768,46087
80914,46087
296022,46086
281449,46086
144858,46086
36181,46086
229242,46085
295791,46085
247582,46085
282321,46085
112683,46085
122604,46084
167761,46084
139733,46084
165041,46084
165068,46084
277253,46084
20082,46084
91722,46084
175554,46084
181338,46084
272584,46084
289047,46084
98009,46083
239696,46082
258321,46081
281606,46081
120916,46080
278081,46080
276973,46080
33807,46080
86402,46080
269111,46080
264300,46079
168076,46079
295375,46079
253441,46079
260525,46078
49059,46078
263498,46078
18637,46078
26223,46077
123607,46077
189901,46077
230182,46077
68281,46077
44422,46077
137512,46077
283830,46076
240663,46076
266007,46076
138571,46076
279050,46076
49653,46076
266657,46076
192306,46075
171344,46075
62280,46075
182205,46075
270343,46075
161195,46075
28494,46075
250236,46074
234526,46073
61261,46073
290699,46073
8745,46073
36188,46073
125254,46072
202931,46072
216259,46071
253266,46071
181894,46071
277707,46071
28285,46070
242267,46070
235642,46070
276503,46069
25249,46069
218857,46069
215299,46069
178116,46068
51709,46068
231807,46068
1694,46068
171393,46068
118156,46067
191958,46067
209068,46067
234859,46066
78449,46066
107091,46066
253784,46066
149268,46065
277403,46065
264450,46065
168166,46065
262028,46065
44559,46065
130539,46065
170067,46064
282324,46064
295364,46064
262635,46064
198539,46063
173283,46063
248277,46063
5758,46063
247738,46063
141077,46063
261726,46062
44188,46062
180763,46062
275126,46062
272225,46062
165092,46062
166911,46061
22673,46061
204067,46061
215696,46061
102261,46061
36008,46061
24632,46061
287698,46060
154679,46060
53277,46060
249442,46059
264721,46059
151667,46058
263726,46058
166573,46058
273098,46058
168973,46058
77784,46058
255844,46057
225069,46057
260422,46056
244953,46056
195054,46056
214917,46056
176328,46055
173312,46055
294,46055
217959,46055
188448,46055
184034,46055
255228,46054
147742,46054
221149,46054
60263,46054
116598,46054
269372,46053
4551,46053
149252,46052
50681,46052
234324,46052
242019,46052
220520,46052
164835,46052
11382,46052
178012,46052
113618,46051
283965,46051
38679,46051
49920,46051
104724,46050
289281,46050
77029,46050
52263,46050
282593,46050
243529,46050
172623,46049
117961,46049
46427,46049
177894,46049
279403,46049
236226,46049
249103,46049
244527,46048
82975,46048
204818,46047
35233,46047
30477,46047
40185,46047
138124,46046
135698,46046
109037,46046
80396,46046
250048,46046
32250,46045
116170,46045
100140,46044
188612,46044
160173,46044
254903,46044
114564,46043
99782,46043
281590,46043
167242,46043
190685,46043
294344,46043
216692,46043
53998,46043
12761,46042
265339,46042
222592,46042
188910,46042
127745,46042
256881,46041
232036,46041
280774,46041
9006,46041
88909,46041
132901,46041
266284,46041
178519,46041
129805,46040
245595,46040
61635,46040
296157,46039
95707,46039
228359,46039
111372,46039
184561,46038
134088,46038
240081,46038
79539,46038
2312,46038
138384,46038
164484,46038
105271,46038
197362,46038
88257,46037
290983,46037
241152,46036
266164,46035
213667,46035
18843,46035
133890,46035
1304,46035
78395,46035
38441,46034
98425,46034
289771,46034
291295,46034
202273,46033
210135,46033
250159,46033
162910,46032
125971,46032
275480,46032
234575,46032
211005,46032
96654,46032
132567,46031
229483,46031
211180,46031
230816,46031
126077,46031
18937,46031
26844,46031
266057,46031
251249,46030
260332,46030
164033,46030
131486,46030
236995,46030
175193,46030
127977,46029
177259,46029
102398,46029
168601,46029
31725,46029
178138,46028
241648,46028
137086,46028
285036,46028
73217,46028
172981,46028
145127,46028
251630,46028
90197,46028
84722,46028
1668,46028
273611,46027
276062,46027
136459,46027
29223,46027
192507,46027
165468,46027
15491,46027
29180,46026
222833,46026
173153,46026
102601,46026
236188,46026
40332,46025
2379,46025
278012,46024
192800,46024
199495,46024
201793,46024
272715,46024
84538,46024
278373,46024
286770,46023
148504,46023
276180,46023
258823,46023
292261,46023
203543,46023
62501,46022
176798,46022
247840,46022
237950,46022
37825,46021
286739,46021
222593,46021
202796,46021
96982,46021
112348,46021
236821,46020
37367,46019
250130,46019
90953,46019
107991,46019
272439,46019
208750,46019
245404,46018
295424,46018
227893,46018
39613,46017
208588,46017
151926,46017
293422,46016
182541,46016
35483,46016
75521,46015
206180,46015
210754,46015
233487,46014
134767,46014
287851,46014
295555,46014
139773,46014
181875,46014
232579,46013
71340,46013
239712,46013
97277,46013
46686,46013
132240,46013
249161,46013
147041,46013
269696,46012
204448,46012
82554,46012
248399,46012
211820,46012
254526,46012
251605,46011
84077,46011
201535,46011
106118,46010
92061,46010
281072,46010
27672,46010
124182,46010
85277,46010
218545,46010
273593,46010
67533,46009
17352,46009
17435,46009
191209,46009
294258,46008
276014,46008
215566,46008
22258,46008
270609,46007
253979,46007
242171,46007
126414,46007
143090,46007
183344,46006
164192,46006
264640,46006
183803,46006
270667,46006
83160,46006
285074,46006
98538,46005
60591,46005
234932,46005
286970,46005
91227,46004
95991,46004
37003,46004
280599,46004
207605,46004
235376,46004
173237,46003
167683,46003
32790,46003
260453,46003
226111,46002
166124,46002
163358,46002
241400,46002
258002,46002
267596,46002
216630,46002
2323,46002
3212,46002
274856,46001
272720,46001
221266,46001
247030,46000
257591,46000
268337,46000
256272,46000
199276,46000
134606,46000
150373,45999
219156,45999
56870,45999
207571,45999
53225,45999
90144,45998
137980,45998
240875,45998
129767,45998
290746,45998
37591,45998
245550,45997
149888,45997
64287,45997
194873,45997
171961,45997
159682,45997
281668,45997
275336,45997
186719,45997
233470,45997
254141,45997
182300,45997
122860,45997
253937,45996
240289,45996
11405,45996
31156,45995
282018,45995
225794,45995
148913,45995
162398,45995
195553,45995
287290,45995
53532,45994
171073,45994
169778,45994
53166,45994
287183,45993
186285,45993
224073,45993
133461,45993
99923,45993
259209,45993
198917,45993
223225,45993
56382,45993
148076,45993
214589,45992
22055,45992
21689,45992
268782,45992
198427,45992
280103,45992
138467,45992
203450,45992
102905,45992
60036,45991
238290,45991
28767,45990
8138,45990
277930,45990
268113,45990
250273,45990
221025,45990
93813,45989
153531,45989
271545,45989
100900,45989
286175,45988
105214,45988
291138,45988
280090,45988
205323,45988
123392,45987
8793,45987
143933,45987
239471,45987
207334,45987
128501,45986
294349,45986
211637,45986
268097,45986
79222,45986
172384,45985
159535,45985
67853,45985
12671,45984
72339,45984
169530,45984
102430,45984
218112,45983
232221,45983
139119,45982
223337,45982
199676,45982
248410,45982
187321,45982
103032,45982
20348,45981
39434,45981
167436,45981
234246,45981
8010,45980
139968,45979
196059,45979
166544,45979
270808,45979
204207,45979
69410,45978
115307,45978
77837,45978
98159,45978
126693,45978
210304,45977
43380,45977
262065,45977
229286,45976
281045,45976
237750,45976
270910,45976
231573,45976
192219,45975
278408,45975
153516,45975
253911,45975
158799,45974
189542,45974
6774,45974
194495,45974
274457,45974
208244,45974
249333,45973
221388,45973
245973,45973
188171,45973
286508,45973
295239,45972
200427,45972
295174,45972
283415,45972
233080,45972
241248,45972
197340,45972
222943,45972
244865,45971
236652,45971
273368,45971
213964,45971
256935,45970
52487,45970
125412,45970
107359,45970
144859,45970
99595,45970
290255,45970
231893,45970
223572,45970
162041,45969
258165,45969
181801,45969
15300,45969
153600,45968
258273,45968
222945,45968
153383,45967
288547,45967
263551,45967
258615,45967
21873,45967
158369,45967
214626,45967
120741,45967
204568,45967
233302,45967
292115,45966
268552,45966
268821,45966
242778,45965
274467,45965
200973,45965
76379,45965
35133,45965
118796,45965
228991,45965
73358,45964
84559,45964
140079,45964
220886,45964
129034,45964
136658,45964
31812,45964
140050,45963
154176,45963
172565,45963
244910,45963
89461,45963
265594,45962
224264,45962
62457,45962
58931,45962
250535,45962
53542,45962
143662,45962
82409,45961
252695,45961
183159,45961
139034,45961
254707,45961
48371,45961
127417,45961
210741,45961
279915,45961
30997,45961
14643,45961
290967,45961
83813,45961
27247,45960
94733,45960
166957,45960
154230,45959
169653,45959
290409,45959
128637,45959
127726,45959
19617,45959
35283,45958
85075,45958
47763,45958
268611,45958
140343,45958
277194,45958
117167,45958
226342,45958
252669,45957
139568,45957
211612,45957
270118,45957
273387,45957
258867,45956
77978,45956
170731,45956
235974,45956
258833,45956
61647,45955
275463,45955
141052,45955
183769,45955
80804,45955
271351,45955
229651,45955
213877,45954
244465,45954
208377,45954
182960,45954
238346,45954
75540,45954
248798,45953
236675,45953
51789,45953
280738,45953
124117,45953
80883,45952
123192,45952
151662,45952
265912,45951
55064,45951
216237,45951
141326,45951
68305,45951
21000,45950
149037,45950
55696,45950
178777,45950
278253,45950
294203,45950
91952,45950
253036,45950
177380,45949
127253,45949
115712,45949
237033,45949
156988,45949
31728,45949
70187,45949
250314,45949
89413,45949
256758,45949
241252,45948
163408,45948
161094,45948
189007,45947
60060,45947
81499,45947
232709,45947
174997,45947
4136,45947
103712,45946
130914,45946
279673,45946
204141,45946
277974,45946
141784,45946
178144,45945
141858,45945
221743,45945
255041,45945
25787,45944
215237,45944
227804,45944
270422,45944
14855,45944
219344,45944
72398,45944
231153,45944
130786,45944
949,45943
257785,45943
183654,45943
176469,45943
156908,45943
258481,45942
39414,45942
115762,45942
265066,45942
282932,45942
183663,45941
122051,45940
176125,45940
190150,45940
128437,45940
284259,45940
233528,45940
259450,45940
39360,45940
211429,45940
204010,45940
178715,45939
126028,45939
169273,45939
136132,45939
252956,45939
1963,45938
118301,45938
165769,45938
43728,45938
152967,45938
217263,45938
112953,45937
187207,45937
240854,45937
274485,45937
264722,45937
208646,45937
214885,45936
38531,45936
270096,45936
150804,45935
21540,45935
267267,45935
23142,45935
2889,45935
285368,45935
264291,45935
100759,45934
283729,45934
131089,45934
177374,45934
59766,45934
110479,45934
96480,45933
46188,45933
56186,45933
132304,45933
285104,45933
171743,45932
240169,45932
16627,45932
62138,45931
39773,45931
66120,45931
213957,45931
104902,45931
239049,45931
94011,45931
91050,45931
292258,45931
144769,45931
160322,45930
289025,45930
95482,45930
288963,45930
214604,45930
213532,45930
211375,45929
235029,45929
177300,45929
248075,45929
268649,45929
207954,45928
223107,45928
82791,45928
103771,45928
273636,45927
125934,45927
173205,45927
19006,45927
45659,45927
112515,45927
146584,45926
270595,45926
220885,45926
222296,45926
246556,45925
159151,45925
262787,45925
44304,45925
154541,45924
217639,45924
6626,45924
153358,45924
263533,45924
231389,45923
81886,45923
97494,45923
277266,45923
122829,45923
247832,45923
266576,45923
146642,45922
246472,45922
240192,45922
246185,45922
206407,45922
189558,45922
228874,45922
292806,45922
83129,45922
205889,45922
106658,45922
182239,45921
71973,45921
129290,45921
260860,45921
3210,45921
160191,45920
1990,45920
171263,45920
211580,45920
227475,45920
265136,45919
165371,45919
258141,45919
263560,45919
17872,45919
33765,45919
79263,45919
279399,45918
68044,45918
18199,45917
207077,45917
55284,45917
172323,45917
173790,45917
235548,45917
231663,45917
290181,45916
105114,45916
141538,45916
100247,45916
279207,45916
106240,45916
74925,45915
233563,45915
129219,45915
209621,45915
187559,45915
163194,45915
19072,45915
79238,45914
229931,45914
246426,45914
163094,45914
190724,45914
7955,45913
227947,45913
10434,45913
278545,45913
223223,45913
27736,45913
241186,45913
174017,45912
155773,45912
184574,45912
189059,45912
33881,45912
201579,45911
206248,45911
88510,45911
59935,45911
93782,45911
253967,45911
115251,45910
8862,45910
259753,45910
229562,45909
226613,45909
121766,45909
9617,45909
94296,45909
254886,45909
246389,45909
118818,45909
165754,45909
282618,45909
246078,45909
273035,45908
296270,45908
254370,45908
211723,45908
192758,45907
84950,45907
46938,45907
284644,45907
12873,45906
291866,45906
619,45906
295833,45906
236579,45906
192981,45906
230450,45906
225004,45906
145641,45905
35511,45905
274392,45905
191106,45905
32446,45905
63575,45905
76358,45905
243133,45905
216575,45904
288739,45904
253118,45904
153674,45904
155947,45904
179157,45904
32391,45904
254039,45904
239056,45904
128006,45904
271500,45903
251075,45903
169709,45903
117192,45903
72794,45903
123106,45903
110355,45902
230874,45902
72520,45902
146977,45902
165480,45902
286799,45901
247953,45901
290792,45901
232403,45901
170759,45900
218416,45900
6721,45900
222253,45900
186395,45899
1378,45899
32653,45899
149084,45899
149527,45899
253514,45898
175140,45898
37653,45898
212682,45898
280150,45898
281459,45898
230165,45898
229839,45898
36143,45897
270018,45897
293056,45897
280239,45897
4477,45897
197917,45896
189662,45896
270548,45896
123465,45895
170546,45895
147288,45895
81949,45895
21386,45895
217018,45895
279480,45894
135333,45894
243496,45894
286900,45894
273378,45894
228368,45894
38823,45894
208198,45894
89838,45893
170361,45893
292965,45893
207918,45893
281642,45893
122816,45893
144039,45893
142760,45893
168560,45892
163486,45892
18084,45892
23418,45892
272832,45892
210296,45892
186150,45892
269559,45891
167634,45891
263437,45891
292878,45891
296158,45891
290226,45890
253223,45890
154118,45890
279793,45890
275330,45890
58278,45890
210194,45889
28379,45889
198155,45889
152929,45889
236180,45888
117639,45888
159018,45888
161576,45888
30261,45888
234325,45887
234383,45887
226309,45887
243862,45887
135336,45887
74712,45887
71925,45887
220680,45886
70761,45886
188386,45886
243006,45886
188561,45886
254237,45886
276451,45886
1914,45885
288055,45885
188088,45885
90397,45885
62722,45885
76049,45885
94757,45884
226543,45884
284806,45884
223717,45884
86854,45883
148509,45883
115376,45883
74756,45883
127584,45882
175220,45882
280869,45882
251994,45882
83854,45882
222895,45882
256859,45882
166481,45881
281457,45881
195322,45881
232743,45880
17112,45880
1295,45880
255382,45880
103135,45880
237977,45880
112127,45879
11058,45879
184727,45879
250818,45879
72527,45879
204888,45878
233760,45878
108717,45878
160565,45878
272690,45878
235908,45878
278969,45877
192553,45877
294472,45877
219026,45877
2797,45877
236039,45877
281986,45877
9621,45877
285474,45877
280718,45877
124704,45876
169826,45876
241126,45876
271033,45876
292503,45876
172346,45876
178970,45876
221034,45875
11769,45875
48746,45875
224830,45875
26574,45875
216299,45875
145266,45875
184643,45874
294255,45874
222717,45874
240727,45874
272251,45874
79890,45874
84718,45873
77431,45873
205910,45873
168762,45873
214745,45873
2969,45873
148852,45873
265034,45873
8292,45873
233019,45872
214302,45872
238055,45872
142437,45872
100525,45872
171966,45872
295462,45872
50316,45872
70630,45871
77618,45871
278126,45871
245295,45871
14926,45871
289162,45871
135594,45871
217821,45871
255533,45871
255764,45871
151072,45871
146982,45870
78656,45870
253913,45870
43251,45869
118346,45869
105534,45869
258563,45869
190764,45869
209987,45869
271484,45868
223208,45868
142899,45868
8044,45868
155692,45868
283633,45867
98122,45867
183926,45867
6383,45867
85036,45867
251563,45867
251161,45867
3590,45867
91585,45866
217396,45866
118133,45866
198862,45866
287500,45866
273876,45866
166457,45866
192090,45865
187011,45865
209783,45865
142483,45865
76490,45865
230851,45864
243066,45864
234181,45864
283239,45864
240041,45864
210174,45864
205513,45864
95027,45863
295449,45863
264168,45863
144006,45863
283475,45863
224912,45863
108002,45863
100988,45862
123842,45862
116522,45862
114719,45862
169127,45862
286732,45862
202482,45862
247240,45861
88669,45861
227891,45861
189187,45861
182827,45861
251031,45861
211025,45861
128865,45861
193608,45861
149513,45861
33461,45861
222225,45860
64591,45860
68772,45860
271189,45860
257726,45859
261573,45859
227489,45859
269935,45859
275930,45859
17171,45859
171026,45859
259655,45859
180406,45859
173149,45859
252388,45859
284237,45858
152806,45858
184932,45858
34003,45858
256243,45858
259521,45858
284245,45858
251418,45858
67275,45857
234486,45857
193915,45857
85186,45857
80586,45857
181540,45856
287611,45856
203410,45856
277638,45856
95762,45856
205293,45856
72899,45855
188477,45855
268932,45855
266791,45855
208488,45855
214878,45855
93934,45855
44383,45855
149054,45855
200649,45854
199297,45854
122590,45854
183055,45854
256596,45854
4441,45854
244379,45854
155743,45854
26683,45854
86530,45853
239224,45853
254394,45853
175318,45853
295521,45853
246781,45853
258211,45853
189514,45853
84853,45852
56512,45852
17260,45851
151146,45851
12636,45851
85461,45851
220193,45850
114865,45850
270428,45850
42534,45850
108766,45850
82977,45850
217085,45850
270008,45850
78866,45850
129438,45850
281168,45850
109856,45850
727,45849
152815,45849
7143,45849
10425,45849
267997,45849
183330,45849
283226,45848
296561,45848
183085,45848
144775,45848
190606,45848
209667,45848
210483,45848
47066,45848
287981,45848
94948,45847
263105,45847
75724,45847
105528,45847
182835,45847
180927,45847
230822,45847
273675,45847
178301,45847
282260,45847
167174,45846
4912,45846
170267,45846
103403,45846
186847,45846
287896,45846
15715,45846
162664,45845
231316,45845
32005,45845
137973,45845
293696,45845
31049,45844
209568,45844
92011,45844
237720,45844
257926,45844
179524,45844
247066,45843
263743,45843
200921,45843
73830,45843
154341,45843
30293,45843
282663,45843
122361,45842
119515,45842
235802,45842
112857,45842
149562,45842
209080,45841
189720,45841
74657,45841
223982,45841
249224,45841
76271,45841
140057,45840
281164,45840
30591,45840
211858,45840
258303,45840
83701,45839
126540,45839
131652,45839
177524,45839
151375,45839
84927,45839
71825,45838
282943,45838
124407,45838
223974,45838
273219,45838
159130,45838
74515,45838
175907,45838
227524,45838
144350,45837
261587,45837
75011,45837
153888,45837
280997,45837
294208,45836
141845,45836
43869,45836
251673,45836
257046,45836
81523,45836
292486,45836
245802,45835
205417,45835
12177,45835
156260,45835
189963,45835
226547,45835
284372,45834
104928,45834
287785,45834
188604,45834
224539,45834
243301,45834
24485,45834
198302,45834
39323,45833
31335,45833
200168,45833
281759,45833
11852,45832
194877,45832
138332,45832
16569,45832
89063,45832
228059,45831
156492,45831
174375,45831
197465,45831
219075,45831
292607,45831
32759,45831
35034,45830
225908,45830
201555,45830
201266,45830
225329,45830
288947,45829
140316,45829
264827,45829
246103,45829
168817,45829
34845,45829
110901,45829
275716,45829
227695,45829
225035,45829
114912,45829
289996,45829
288867,45829
259291,45829
56640,45828
44504,45828
145943,45828
192924,45828
40796,45828
281529,45828
23679,45828
237752,45828
142227,45828
162005,45827
38206,45827
294246,45827
234023,45827
208097,45827
241365,45827
202624,45827
42433,45827
237599,45827
228492,45827
54687,45826
180161,45826
7513,45826
208518,45826
176014,45826
295728,45826
192289,45826
183301,45826
264972,45826
259227,45826
201697,45825
119039,45825
163915,45825
247578,45825
139984,45825
77901,45825
139042,45825
107725,45825
31416,45825
42831,45825
205723,45824
83691,45824
221203,45824
139714,45824
246583,45824
255518,45824
263330,45823
183316,45823
182527,45823
153230,45823
126331,45823
246371,45823
16138,45823
148519,45823
281374,45822
183688,45822
33963,45822
290078,45822
187229,45822
230740,45821
142922,45821
37145,45821
235324,45821
174153,45821
27558,45821
239023,45821
24774,45821
202455,45821
273739,45821
281030,45821
134775,45820
188021,45820
12700,45820
140594,45820
209912,45820
265451,45820
63916,45820
9364,45820
224360,45819
189053,45819
56507,45819
115057,45819
109978,45818
177533,45818
147470,45818
236096,45818
239389,45817
190377,45817
254503,45817
148886,45817
127983,45817
101385,45817
206882,45817
228528,45817
71608,45817
108254,45817
234886,45817
121145,45816
39847,45816
88809,45816
95503,45816
177429,45815
169678,45815
92229,45815
126528,45815
252651,45815
164471,45815
254896,45815
287009,45814
279549,45814
228376,45814
156378,45814
27096,45814
229043,45813
16675,45813
91906,45813
34030,45813
236173,45813
226117,45813
105568,45813
10171,45812
247362,45812
15801,45812
171719,45812
35185,45812
11343,45812
7052,45812
63613,45812
242510,45811
176848,45811
136359,45811
219982,45811
117752,45811
70176,45811
165423,45811
44101,45811
270054,45811
18033,45810
47276,45810
193541,45810
179373,45810
29,45810
176646,45809
244468,45809
227139,45809
234835,45809
28857,45808
149302,45808
195798,45808
253546,45808
273906,45807
141983,45807
288092,45807
59538,45807
277229,45807
277132,45807
41926,45807
56648,45806
165102,45806
151540,45806
170199,45806
20297,45806
271814,45806
251307,45806
145067,45805
237539,45805
268194,45805
223569,45805
194699,45805
258205,45805
96973,45804
168923,45804
90819,45804
279829,45804
111051,45804
247809,45804
284014,45804
234949,45804
285564,45804
287164,45804
223716,45804
196327,45803
296536,45803
281173,45802
130390,45802
185568,45802
277096,45802
116840,45802
203191,45801
205653,45801
50104,45801
159110,45801
258889,45801
287024,45801
14409,45801
252932,45801
15087,45801
178344,45800
274674,45800
125092,45800
271851,45800
245230,45800
77892,45800
32702,45800
78782,45800
185137,45800
275912,45800
262288,45799
159769,45799
1003,45799
62154,45799
66450,45799
253281,45799
134649,45799
287829,45799
144538,45798
236227,45798
283716,45798
14036,45798
180460,45798
236404,45798
49999,45798
27181,45798
1757,45798
122739,45798
68847,45798
154594,45797
63807,45797
206452,45797
118327,45797
125312,45796
37542,45796
221751,45796
118774,45796
121979,45796
233153,45796
263556,45795
269589,45795
195338,45795
149097,45795
176150,45795
110662,45795
10989,45795
265898,45795
207804,45794
294409,45794
12235,45794
186325,45794
204322,45794
152709,45794
137597,45793
112517,45793
122520,45793
95969,45793
199505,45793
158255,45793
146986,45793
266759,45793
231871,45793
5199,45793
221658,45793
132271,45793
23405,45793
13290,45792
223376,45792
219247,45792
212369,45792
193433,45792
144162,45792
80867,45792
147111,45791
286676,45791
195596,45791
154925,45790
132182,45790
206829,45790
232235,45790
72632,45790
266390,45790
22496,45790
7996,45790
49446,45790
264831,45789
279718,45789
198296,45789
162800,45789
158486,45789
146186,45789
280723,45789
243119,45789
231701,45789
78697,45789
189327,45789
93280,45788
242015,45788
214644,45788
148970,45788
206562,45788
258079,45788
267766,45788
284346,45788
154414,45788
248242,45788
1409,45787
291321,45787
160766,45787
148742,45787
69592,45787
294743,45786
68200,45786
276931,45786
8276,45786
257603,45786
244847,45786
181195,45786
284290,45786
6714,45785
217751,45785
97325,45785
115959,45785
117451,45785
185438,45785
110301,45785
237152,45785
832,45785
111512,45785
221230,45785
260012,45785
261194,45785
281283,45784
227876,45784
18412,45784
173677,45784
202879,45784
189611,45784
129570,45784
182252,45784
76286,45784
239650,45784
155809,45783
207376,45783
266518,45783
123312,45783
263054,45783
114999,45783
275377,45783
288285,45783
129818,45783
121227,45783
245598,45782
270358,45782
201983,45782
148816,45782
162222,45782
228445,45782
260116,45782
253049,45782
248197,45782
295550,45782
188030,45781
29486,45781
78129,45781
212426,45781
210762,45781
228763,45781
279808,45780
242243,45780
199047,45780
295272,45780
274444,45780
9181,45780
76478,45780
198394,45779
282554,45779
277120,45779
239400,45779
283308,45779
292393,45779
226179,45778
186028,45778
261989,45778
195694,45778
173923,45778
45492,45778
265430,45778
202964,45778
287972,45777
92351,45777
11404,45777
285462,45777
191682,45777
253411,45776
215229,45776
129995,45776
220220,45776
145404,45776
87313,45776
123267,45776
246377,45775
179797,45775
215892,45775
91996,45775
174336,45775
232488,45775
280092,45775
266348,45775
112662,45775
160468,45775
151128,45774
190885,45774
198368,45774
260362,45774
236588,45774
215357,45774
285142,45774
20293,45774
233723,45773
23702,45773
290582,45773
107300,45773
189813,45773
199554,45773
122741,45772
116289,45772
249717,45772
30789,45772
252378,45772
145588,45772
243580,45772
27638,45771
73530,45771
178208,45771
18554,45771
245001,45771
155829,45771
223895,45771
168356,45771
79221,45771
199693,45771
260431,45770
191374,45770
219166,45770
202864,45770
291580,45770
16213,45769
222535,45769
169152,45769
219531,45769
128349,45769
103229,45769
197521,45769
262886,45769
106601,45769
63735,45768
269336,45768
148090,45768
142895,45767
231797,45767
252163,45767
292519,45767
210960,45767
258819,45767
261648,45766
223304,45766
294101,45766
294942,45766
150142,45766
188204,45766
44967,45766
208970,45766
4927,45766
264138,45766
145208,45765
47843,45765
275775,45765
206113,45765
94121,45765
229192,45765
241891,45764
291232,45764
95580,45764
96417,45764
191971,45764
65351,45764
245171,45764
287894,45764
83264,45764
290529,45764
256789,45764
86030,45764
259467,45763
156334,45763
240391,45763
231927,45763
12477,45763
213089,45763
193109,45763
98384,45763
136143,45763
287473,45763
206135,45763
175926,45762
68817,45762
242677,45762
214855,45762
220630,45762
17483,45762
241704,45762
291767,45762
271241,45762
163474,45762
159225,45762
168059,45762
221076,45762
245692,45761
193375,45761
39023,45761
219002,45761
212817,45761
54129,45761
233521,45761
148247,45760
49480,45760
223648,45759
224013,45759
284071,45759
7847,45759
70963,45759
76947,45759
204508,45759
286366,45759
211483,45758
190482,45758
107270,45758
90381,45758
260067,45758
59373,45758
244899,45758
279730,45758
413,45758
195654,45757
26288,45757
270007,45757
18852,45757
17743,45757
211519,45757
193130,45757
146922,45757
136712,45757
201404,45756
262754,45756
288248,45756
67303,45755
222923,45755
68618,45755
26612,45755
127322,45755
112131,45754
85432,45754
280842,45754
126385,45754
55386,45754
273037,45754
