1701,100000
1212,58214
1521,55044
671,52663
20693,50939
11236,50047
12974,49882
30128,49519
523,49447
10409,49383
62535,49213
27931,49128
4498,49073
143973,48868
154284,48773
260434,48578
236876,48555
792,48530
1083,48309
47204,48295
11976,48244
274025,48225
8555,48188
625,48178
17141,48128
8716,48083
274840,48078
54063,48034
290753,48024
5028,48000
241865,47958
244211,47905
214453,47887
236510,47864
289716,47847
2153,47842
155451,47842
11423,47776
220480,47711
38408,47688
229874,47686
1365,47679
249750,47673
229155,47653
22673,47649
272674,47577
289728,47552
225697,47529
29006,47525
116731,47520
37286,47518
236483,47506
162986,47456
202390,47444
283204,47441
290275,47439
294397,47431
53076,47385
22165,47377
240808,47367
277703,47363
296151,47361
144231,47351
115989,47350
282315,47349
267553,47346
255504,47335
25391,47334
194763,47332
290970,47331
291258,47330
1770,47321
153326,47312
159555,47312
234852,47309
239522,47304
69122,47297
142019,47294
247201,47282
19136,47257
4572,47256
17531,47253
238175,47243
286513,47223
186493,47220
284036,47205
1056,47201
203920,47200
37795,47186
13704,47179
230535,47179
246636,47170
246298,47163
3947,47162
251194,47160
21071,47150
128827,47144
222439,47132
277377,47131
23666,47130
111160,47120
3698,47104
63036,47096
259933,47096
199583,47083
231678,47080
6995,47070
1531,47068
118013,47062
281482,47060
247008,47056
172174,47041
1716,47036
214254,47035
136143,47033
145947,47023
229228,47015
264157,47012
227837,47008
256663,47005
1834,47000
180336,46999
274629,46995
1806,46990
2976,46988
261891,46982
218673,46982
60970,46978
271120,46971
187537,46970
61546,46966
209702,46958
114628,46955
187675,46940
205849,46939
128602,46935
124767,46934
42232,46920
199371,46919
2564,46911
220975,46905
8672,46901
16001,46900
240154,46899
175264,46888
267158,46887
37284,46887
288181,46885
228034,46876
269215,46868
238504,46867
30699,46865
292514,46862
181999,46854
280263,46841
91889,46838
280415,46837
229879,46830
211584,46826
174899,46824
283079,46821
285698,46819
261530,46816
263486,46815
230474,46814
18266,46813
243041,46812
295154,46811
79814,46808
212187,46807
6926,46805
271924,46801
207375,46800
29145,46796
189731,46796
60248,46792
196243,46791
284666,46790
63288,46787
240039,46779
136694,46776
268681,46776
221655,46773
194234,46770
263264,46762
467,46757
3898,46756
8857,46755
110615,46754
59779,46753
266786,46752
248417,46750
6161,46743
159867,46743
162374,46742
2823,46737
246208,46734
270287,46733
1249,46731
53633,46728
151117,46726
78325,46721
237399,46719
283742,46718
13709,46715
270613,46704
281922,46704
116879,46703
167491,46702
89958,46697
156086,46694
14294,46693
152043,46692
82200,46688
150435,46686
231981,46685
130849,46681
135765,46676
289499,46673
207028,46668
963,46667
272047,46666
136608,46666
286952,46662
263423,46652
6341,46652
72640,46646
755,46644
163850,46644
219486,46644
886,46643
121611,46642
114548,46640
1157,46638
241054,46636
7658,46633
155159,46633
178740,46632
200706,46631
248003,46629
196867,46628
132656,46625
233093,46623
223451,46619
235708,46619
131866,46610
236430,46610
257734,46609
3641,46608
259236,46608
138229,46606
140370,46606
281103,46606
283066,46605
149934,46605
221600,46605
11681,46605
154184,46604
136824,46604
288047,46602
10230,46590
121809,46589
53877,46588
184101,46586
4095,46586
136747,46586
2393,46584
258961,46581
17734,46579
114394,46579
272846,46578
274303,46577
272149,46576
236361,46575
180337,46575
10183,46571
216698,46570
193841,46569
231094,46568
436,46564
246037,46564
192545,46563
216225,46561
112089,46561
128127,46561
26490,46559
191970,46558
284266,46555
200709,46553
269747,46552
181380,46551
293769,46546
126112,46545
221993,46543
280191,46539
252035,46537
129968,46536
257837,46535
293375,46534
160601,46532
261364,46531
293653,46529
207668,46529
286082,46528
120669,46526
268617,46525
2892,46522
171092,46522
101548,46521
209552,46521
84992,46520
189287,46518
272883,46517
292961,46516
234081,46515
275600,46514
111598,46513
4966,46513
179403,46512
261254,46508
213147,46505
288243,46505
52475,46502
840,46501
178239,46499
154065,46498
233437,46496
227449,46493
395,46492
8826,46490
131974,46487
71,46486
291095,46485
206168,46483
247315,46482
242138,46482
263539,46480
179826,46479
4250,46479
279846,46479
175552,46477
195538,46475
291094,46474
162701,46474
264818,46473
201449,46472
229920,46469
2658,46464
198409,46463
192937,46461
147281,46459
227932,46457
173137,46455
60083,46453
153792,46453
175034,46452
13236,46450
293151,46449
293035,46448
242524,46444
162742,46444
249250,46442
23496,46439
10272,46438
68778,46436
173990,46436
23006,46434
145879,46430
171679,46429
230006,46419
107803,46419
268230,46417
92200,46417
19181,46416
285952,46415
8978,46414
268391,46414
16488,46412
172017,46412
276253,46411
173204,46408
251082,46407
159795,46406
292111,46405
136526,46403
209871,46403
226592,46403
243961,46401
267967,46400
114271,46395
273167,46394
208412,46392
1329,46388
1412,46386
195084,46385
111514,46380
191093,46379
248262,46378
63322,46378
238215,46377
268581,46373
17344,46373
6807,46371
243386,46371
186217,46371
37251,46371
1360,46368
140101,46368
253264,46366
224983,46365
86949,46364
152972,46364
90642,46359
115159,46358
164944,46358
119315,46355
296431,46355
153465,46354
275421,46351
269414,46348
4202,46348
184006,46347
227794,46345
95862,46344
213443,46342
196889,46341
194371,46341
81168,46339
18865,46335
203,46335
277316,46334
1541,46334
291417,46332
195324,46331
3400,46331
266745,46331
234073,46326
140808,46322
2301,46322
62805,46322
18363,46321
109876,46320
295197,46319
275543,46318
227402,46317
564,46317
92416,46314
193496,46314
249333,46314
292757,46313
29958,46313
114546,46312
178210,46310
14195,46308
225270,46307
211479,46304
194537,46303
223183,46301
25913,46299
249950,46299
222209,46299
125650,46299
230232,46297
161294,46296
231385,46295
250002,46294
294957,46293
199255,46289
165616,46288
176603,46287
174974,46286
134451,46286
25446,46285
209617,46283
148345,46282
64178,46282
243754,46282
171167,46282
222216,46281
232097,46280
30720,46279
648,46279
284863,46278
92273,46278
129969,46275
284871,46275
180441,46273
283832,46273
211853,46272
295676,46272
224720,46271
273834,46271
231288,46270
132626,46270
282773,46269
295065,46267
53435,46265
590,46264
11626,46264
2467,46263
263092,46262
266459,46262
251400,46259
191920,46257
43802,46256
245262,46256
141487,46256
191474,46255
267723,46251
76854,46251
137470,46250
241759,46250
160912,46249
5573,46249
292498,46246
191535,46246
7668,46244
262494,46244
292040,46243
203470,46242
158273,46242
181537,46242
15058,46238
259969,46235
237704,46235
253854,46234
1869,46234
5016,46233
192448,46232
210009,46231
287793,46230
276921,46229
262255,46226
145026,46224
14097,46222
165560,46222
268474,46222
11365,46222
223478,46221
7556,46221
277909,46221
54455,46219
138075,46219
260978,46218
10630,46215
273841,46215
183484,46214
51911,46214
221058,46213
77658,46212
2746,46212
5243,46211
154226,46209
3474,46209
242834,46209
194054,46209
288481,46208
170300,46207
273953,46207
151758,46206
248413,46204
137675,46204
253339,46203
131936,46199
92438,46199
272385,46197
223391,46197
294951,46196
21121,46196
280849,46195
17148,46194
242817,46194
128136,46192
257736,46191
95552,46190
281202,46190
163579,46190
179269,46189
21158,46189
39546,46189
118956,46188
148170,46187
285608,46187
201347,46187
9473,46186
275093,46184
43210,46184
236804,46183
127474,46182
196686,46180
288667,46178
136106,46178
164185,46177
8936,46177
262888,46177
139190,46175
32813,46175
217757,46175
284996,46175
239388,46175
17826,46175
205018,46174
262594,46174
29636,46173
164513,46173
210257,46172
45431,46172
87888,46172
24587,46172
135757,46171
279938,46170
109318,46169
267413,46169
38144,46167
262598,46167
125436,46165
36876,46163
220630,46162
283391,46161
196460,46161
240143,46161
193053,46159
248558,46157
162330,46156
73341,46156
1069,46155
39094,46155
4278,46155
130498,46155
137698,46152
280060,46150
189505,46149
203510,46148
169237,46146
253916,46145
98874,46145
3201,46144
10016,46144
12738,46144
219519,46142
280158,46142
100789,46142
293663,46140
247900,46140
31304,46139
36613,46138
236640,46138
116497,46137
248,46135
282056,46133
249543,46130
10300,46129
154270,46128
1965,46127
217752,46125
15623,46124
707,46124
290849,46123
277375,46122
246385,46122
228983,46121
71598,46121
71128,46120
190422,46119
4730,46117
264651,46116
104452,46115
291598,46114
237964,46113
50691,46109
271249,46108
291638,46108
615,46108
445,46107
54267,46106
171219,46106
1145,46105
53304,46104
1206,46104
2543,46101
122297,46100
3709,46100
273079,46100
222288,46099
198943,46098
245762,46098
2768,46097
155374,46097
138781,46096
78817,46096
279154,46095
13508,46095
289005,46095
288541,46094
217210,46093
73733,46093
279739,46093
220438,46092
19432,46091
155049,46091
291048,46090
70676,46089
283562,46088
249178,46087
214308,46086
60180,46086
74267,46086
187436,46084
90821,46084
131471,46084
261203,46082
236002,46081
243285,46081
61507,46080
275131,46078
1669,46078
219206,46077
239736,46076
115194,46076
207617,46075
112661,46075
253216,46074
19789,46073
213609,46071
234085,46069
48123,46066
271793,46066
291195,46065
203629,46064
10148,46063
285779,46063
105796,46059
284794,46057
237354,46057
165352,46057
39766,46056
275399,46056
234306,46053
263638,46052
271970,46052
39514,46051
292771,46051
205763,46051
15801,46050
250539,46050
128431,46049
5506,46049
203812,46049
42080,46048
217281,46047
286983,46045
227874,46045
124523,46045
87551,46042
168346,46041
24623,46039
88819,46035
128887,46035
7348,46035
129095,46035
57562,46033
292984,46032
99917,46030
263639,46029
213133,46029
87876,46029
178410,46028
277607,46027
211891,46027
286967,46025
285806,46025
282305,46025
276580,46025
180540,46024
137606,46023
90504,46023
37073,46022
104454,46020
95540,46019
276197,46019
29999,46019
237552,46019
248246,46017
38086,46016
256033,46016
8089,46016
223829,46015
141652,46014
283732,46014
3775,46014
65299,46013
56502,46013
150612,46011
226028,46011
124253,46009
277678,46009
177578,46008
257272,46008
127916,46007
217275,46007
287213,46006
18413,46006
11154,46005
229839,46004
282332,46002
225541,46000
213615,45999
125072,45999
27056,45998
219627,45998
190924,45998
241022,45998
250998,45998
150770,45996
270267,45994
47249,45993
285995,45992
98982,45992
265290,45991
133527,45991
248904,45990
236496,45990
285561,45989
286756,45988
17725,45985
264679,45985
255788,45985
131111,45983
226768,45983
275542,45983
220585,45982
1081,45982
257299,45981
258081,45980
246615,45980
278719,45978
33132,45977
296283,45976
13481,45976
204176,45976
1668,45976
197169,45975
190566,45973
272939,45973
140679,45973
6064,45972
81859,45972
6847,45970
251660,45969
95572,45968
182000,45967
108567,45967
41260,45966
191238,45966
211173,45965
137855,45965
67555,45965
219084,45965
174194,45963
292015,45961
2513,45961
249934,45960
4661,45959
241664,45957
283237,45957
200270,45957
281252,45956
160511,45954
254693,45953
45825,45953
288767,45953
257402,45952
292870,45952
59667,45952
8811,45951
2145,45951
1590,45950
3459,45948
257800,45947
203124,45947
161435,45947
281140,45945
75357,45944
39919,45942
226044,45942
216183,45942
256727,45942
9705,45941
6875,45941
12454,45941
4004,45940
53201,45940
21337,45938
10143,45938
157904,45938
82245,45936
128093,45935
173458,45933
61190,45931
92822,45931
253975,45930
269542,45930
180771,45929
239752,45929
90627,45929
284754,45929
214246,45929
1861,45929
274447,45929
75182,45928
147595,45928
208196,45927
1255,45927
226473,45926
1544,45926
283923,45925
186893,45924
222383,45924
199245,45924
172127,45924
58501,45923
229088,45923
104139,45923
135774,45922
152912,45921
223044,45920
2355,45920
213066,45918
286798,45916
269962,45916
292352,45916
282403,45916
90430,45915
216462,45912
167490,45912
231959,45910
187431,45910
154698,45910
196736,45909
225229,45909
222242,45909
8052,45908
267508,45907
240149,45907
22010,45906
129731,45906
74310,45906
254707,45906
13867,45906
140935,45905
163502,45904
16949,45904
291763,45903
296414,45903
246397,45902
53326,45902
176252,45901
58323,45901
294883,45900
3066,45900
82759,45900
211149,45899
218595,45899
22447,45899
114987,45899
19588,45898
238605,45898
236661,45896
209935,45895
248597,45895
12713,45895
256049,45894
177363,45894
30412,45891
203173,45891
262345,45890
287976,45890
249478,45889
228641,45888
256490,45888
156774,45888
148910,45887
217081,45887
282229,45887
23279,45886
160180,45886
288724,45886
275567,45884
271559,45883
279888,45883
82202,45881
104759,45880
222491,45879
205170,45879
220611,45879
232324,45877
227700,45876
112681,45876
284388,45876
63934,45875
65252,45875
12320,45874
19587,45874
288370,45874
263778,45874
111826,45873
251024,45872
276548,45872
230678,45872
203199,45870
294175,45870
255053,45869
189211,45869
30799,45868
39992,45868
6850,45868
111204,45867
275376,45867
181827,45866
184,45866
54281,45866
11073,45864
241751,45864
93,45863
280996,45862
293163,45862
258372,45862
291281,45861
128480,45861
278186,45861
2662,45859
265587,45859
261970,45858
259525,45857
287482,45857
31788,45856
5520,45856
215218,45855
274607,45855
122402,45855
9310,45854
1386,45853
107155,45852
148816,45852
286299,45851
220033,45851
46837,45850
131576,45850
281113,45849
4210,45849
246750,45849
83008,45848
5463,45848
39311,45848
220023,45846
267841,45846
125663,45846
101674,45846
281280,45845
251432,45845
208991,45842
126553,45840
296085,45840
13215,45840
254198,45839
262737,45839
287744,45838
106599,45838
11883,45838
217011,45837
5189,45837
219230,45837
40165,45837
117484,45837
68658,45836
221382,45836
17111,45835
247650,45834
172825,45833
225548,45832
6153,45832
54216,45832
200957,45832
1622,45830
204283,45830
207878,45830
207029,45829
2646,45829
235739,45827
150551,45827
276139,45826
59654,45826
632,45825
47568,45825
294059,45825
249937,45824
231779,45823
67112,45823
275570,45822
136865,45821
158699,45821
193869,45820
96055,45819
234501,45818
28556,45818
106017,45818
293722,45818
14127,45818
424,45817
115391,45815
87205,45815
31477,45814
176113,45814
144285,45814
262587,45814
250577,45813
148642,45813
295372,45813
285849,45812
212165,45812
20494,45811
106279,45810
161361,45809
44119,45809
281214,45809
249485,45808
128851,45807
144343,45807
130771,45806
289865,45806
211681,45805
222061,45805
220182,45804
204705,45804
235902,45804
143476,45803
104204,45802
34133,45801
28507,45801
194108,45800
48088,45800
21425,45800
271981,45799
4962,45798
80494,45797
80,45796
264318,45795
10447,45794
212105,45794
46076,45794
222653,45793
226598,45793
270073,45792
186252,45792
37657,45792
106245,45792
253911,45791
254177,45791
249424,45790
258762,45789
111994,45789
239492,45789
20264,45788
151855,45787
96978,45786
253550,45786
242418,45786
237129,45786
238089,45786
252076,45785
257227,45784
204347,45784
194757,45782
46281,45782
228703,45781
3375,45780
190934,45780
274812,45779
192061,45778
27650,45778
175715,45778
227791,45777
63252,45776
168612,45776
111035,45775
277175,45774
31766,45774
277337,45773
288037,45772
291899,45772
244390,45771
215845,45770
8148,45770
129431,45769
141699,45768
213071,45767
3166,45767
2158,45765
139344,45764
815,45764
67716,45764
19353,45763
182727,45763
86012,45762
138701,45762
12257,45760
80026,45760
113998,45760
289753,45760
274271,45759
251028,45759
265658,45758
6623,45758
179126,45758
187943,45758
223099,45757
143814,45757
247949,45757
24790,45757
16445,45757
211133,45757
291523,45756
291583,45755
289527,45755
253276,45754
209694,45752
189406,45752
170230,45751
114386,45751
192293,45750
168976,45750
220963,45750
270662,45749
1703,45749
265621,45749
293223,45749
247706,45749
142344,45749
38992,45748
283256,45748
213922,45748
164217,45748
228386,45747
147151,45745
86746,45745
261132,45745
107882,45745
215149,45744
264020,45744
211388,45744
295459,45744
6508,45742
71085,45741
277324,45741
210111,45740
118247,45740
40601,45740
1650,45740
149814,45739
149027,45738
32627,45738
81897,45738
292135,45737
268734,45736
237689,45736
265205,45735
236931,45735
220849,45735
296042,45735
152684,45735
222574,45734
267012,45734
256559,45734
259926,45734
283987,45734
271238,45733
31050,45733
273074,45733
113018,45733
128973,45732
49628,45732
3957,45732
165558,45732
127048,45732
295354,45731
271112,45731
254514,45731
53470,45730
71675,45729
148246,45729
185119,45728
22411,45727
186565,45726
200469,45726
189300,45726
94059,45726
130225,45726
150075,45725
182527,45725
236506,45724
173153,45723
244136,45723
291644,45723
285904,45722
208618,45722
110017,45722
292513,45722
210927,45721
236146,45720
208071,45720
292181,45719
287275,45719
230815,45719
285338,45719
151129,45719
59351,45718
183546,45717
213766,45717
277060,45717
235621,45717
115980,45717
253921,45717
271920,45716
244489,45716
276294,45714
249624,45714
225786,45713
6574,45712
284520,45712
161153,45711
185079,45711
2036,45710
233102,45710
227908,45709
239093,45709
57331,45708
292008,45707
1404,45706
210621,45705
246078,45704
153757,45703
6471,45703
49119,45702
193633,45702
107145,45702
106784,45702
292951,45702
5791,45701
281873,45700
188515,45700
187310,45700
251845,45700
271657,45699
289943,45699
255136,45698
276687,45697
3637,45697
266013,45696
34757,45696
180499,45695
107219,45695
171996,45694
259970,45694
21991,45694
38909,45693
5648,45692
151005,45692
26775,45692
296455,45692
294603,45691
199071,45690
276207,45690
2815,45690
145494,45690
202373,45689
15945,45689
274723,45689
88501,45689
60206,45688
120501,45688
269866,45688
247662,45687
190024,45687
2732,45686
217440,45686
83403,45685
266971,45684
15890,45684
239280,45684
242358,45684
140776,45683
43109,45681
261104,45681
235239,45681
277284,45681
121,45680
47128,45680
293064,45680
273445,45680
245529,45680
226613,45679
191412,45678
223304,45678
274593,45677
241408,45677
10420,45677
296143,45677
205598,45677
12587,45676
16691,45676
21910,45675
241458,45675
287250,45675
79135,45674
128969,45674
34685,45674
7076,45673
216931,45673
216983,45673
175238,45673
3603,45673
155295,45673
239251,45672
262242,45672
279497,45672
486,45672
223751,45671
270621,45671
25025,45671
197271,45671
230514,45671
103020,45670
108924,45670
244102,45669
246249,45669
188319,45669
106127,45669
177084,45668
185674,45666
293157,45665
190418,45665
75667,45665
168880,45664
126668,45663
246699,45663
14549,45662
9044,45662
267564,45660
3488,45660
137626,45660
290657,45660
242767,45659
199103,45659
130240,45659
252517,45659
133938,45659
259778,45659
1214,45657
296374,45656
9550,45656
49936,45656
253775,45654
290893,45654
126491,45653
263333,45653
267796,45653
294518,45652
57776,45652
17072,45652
239199,45650
200675,45649
106057,45649
290073,45649
265671,45649
190634,45648
102326,45648
155442,45648
162108,45647
163405,45647
13884,45646
109405,45646
265350,45645
293657,45644
291261,45644
246413,45643
286348,45643
13352,45643
159459,45643
293119,45642
243921,45642
292237,45642
204984,45642
245941,45641
247937,45641
25092,45641
20766,45641
9272,45640
67790,45640
217389,45640
140885,45639
201175,45639
193453,45639
283720,45639
245008,45639
3399,45638
293439,45638
207423,45638
221947,45637
5518,45637
224896,45637
190763,45637
128719,45636
268586,45636
127287,45635
112472,45634
266949,45634
186626,45634
66745,45633
206114,45633
266717,45633
13218,45633
255889,45632
243575,45632
250919,45629
197189,45629
151124,45628
13330,45628
221026,45627
267349,45627
342,45626
9132,45626
64388,45625
284004,45624
233195,45624
146127,45623
106031,45621
278699,45621
281254,45621
255526,45621
271747,45620
61194,45620
138556,45620
113526,45619
119332,45619
260718,45619
129723,45619
218378,45619
42019,45618
109844,45618
17013,45618
3953,45617
28362,45617
45958,45617
208405,45617
54269,45617
166765,45615
290902,45615
174855,45615
290551,45614
134395,45614
207513,45614
87456,45614
198390,45613
166353,45613
218261,45613
198877,45613
276887,45612
283234,45612
27157,45612
242437,45612
141983,45611
20881,45611
221332,45611
287342,45611
163283,45611
228164,45611
249161,45610
187552,45609
239662,45609
289063,45609
204981,45609
159134,45608
211251,45608
137833,45607
153084,45607
222262,45607
198720,45607
179586,45607
206452,45607
286276,45607
204960,45606
286149,45606
245723,45606
242828,45605
115942,45605
204606,45605
260960,45605
211943,45604
175090,45604
173240,45604
134514,45604
267747,45603
223033,45603
257336,45603
213964,45603
193896,45602
251086,45602
107317,45602
275388,45602
239990,45602
272611,45601
138037,45600
12145,45600
234726,45600
33632,45600
211700,45600
8649,45599
272075,45599
267086,45598
169540,45597
279492,45597
250540,45596
206319,45596
227193,45596
19414,45596
279299,45595
151647,45595
244645,45594
124906,45594
42231,45594
267798,45594
190001,45594
199820,45593
22111,45593
230120,45593
53881,45593
176878,45592
18815,45592
52152,45591
189898,45591
221673,45591
80176,45591
28168,45591
96932,45591
284663,45590
216155,45590
293556,45589
237608,45588
15827,45588
281969,45588
15921,45587
5270,45586
278361,45586
215105,45585
285270,45585
12060,45584
274412,45584
176342,45584
8080,45584
281432,45584
177963,45584
1636,45583
165687,45582
228336,45581
208436,45581
2307,45580
147252,45580
264340,45580
250466,45579
164033,45579
4673,45579
220187,45578
55884,45577
193276,45577
25643,45577
266087,45577
198182,45576
212279,45576
236203,45576
293909,45575
263122,45575
282749,45575
159685,45575
230361,45575
224512,45574
186237,45574
229652,45574
3602,45573
120120,45573
107276,45573
183046,45573
228250,45572
151407,45572
63159,45571
247601,45571
284104,45571
272739,45570
198855,45569
151983,45569
186473,45568
276268,45568
172628,45568
162321,45567
135113,45567
68453,45566
154893,45565
206688,45565
217975,45565
269443,45565
192609,45565
147706,45565
171371,45564
248138,45564
240597,45564
256045,45564
252832,45564
263095,45563
68598,45563
193379,45562
202727,45561
4760,45561
192041,45561
189540,45561
210061,45561
141655,45560
271243,45560
281637,45560
230790,45560
232782,45560
899,45559
197712,45558
105773,45558
213815,45558
275290,45558
83269,45557
292266,45557
248150,45557
247299,45557
13582,45556
196722,45555
275665,45555
256851,45555
176903,45555
223778,45555
190982,45554
250430,45553
4050,45552
199948,45552
20697,45552
126756,45551
281952,45551
255792,45551
90219,45550
257657,45550
246528,45549
259944,45549
228072,45549
2171,45549
19148,45549
127332,45548
183611,45548
206185,45547
286538,45547
137794,45547
18176,45547
94185,45546
182889,45546
114137,45545
226447,45545
172803,45545
186412,45545
280556,45544
217974,45544
83577,45544
272289,45544
155738,45544
295276,45544
251890,45543
101603,45543
189739,45542
290269,45542
196755,45541
193709,45541
222428,45541
134488,45541
210549,45541
218592,45540
229999,45540
259988,45540
39380,45540
18126,45539
243759,45539
52354,45539
75177,45539
246441,45539
268199,45538
292334,45538
202754,45538
225262,45537
984,45537
244509,45536
149788,45536
267625,45536
246357,45536
147816,45536
202944,45534
263983,45534
65878,45534
14145,45533
4731,45533
286961,45533
244723,45533
268893,45532
261543,45532
170898,45532
280623,45532
246521,45531
279772,45531
210090,45531
274194,45531
38198,45531
28039,45530
64903,45530
165093,45529
201835,45529
225979,45529
63807,45528
146997,45528
262577,45528
179782,45528
270714,45528
711,45528
195331,45528
178794,45527
170303,45527
289500,45526
238162,45526
266026,45526
106181,45526
20672,45526
61088,45525
113010,45525
198127,45524
274209,45524
245832,45524
11727,45524
254870,45524
188338,45523
161628,45523
65765,45522
274436,45522
271665,45522
260108,45522
243110,45521
233192,45521
172895,45521
227049,45520
50630,45520
148258,45520
214416,45520
260440,45520
209070,45518
12631,45518
224421,45517
237736,45517
221256,45517
132512,45517
269793,45517
72319,45517
8739,45517
25272,45516
229699,45516
8286,45516
250315,45516
204784,45516
286407,45516
99906,45516
103371,45516
248947,45516
206524,45516
208287,45516
29495,45515
288610,45515
17314,45515
168670,45513
155101,45513
266366,45513
220424,45512
292606,45512
278552,45512
189115,45511
295960,45511
263776,45511
250039,45511
260754,45510
264100,45510
17410,45510
150162,45509
10270,45509
39201,45509
287252,45508
175339,45508
250010,45508
260758,45508
40103,45508
45972,45508
284697,45507
172014,45507
54305,45507
37051,45506
218091,45506
194552,45506
238976,45506
162227,45506
208012,45505
132470,45504
7752,45504
63285,45504
154567,45503
261144,45503
187948,45503
245093,45502
228129,45502
269584,45502
6370,45502
151009,45502
194018,45501
277627,45500
137393,45500
212063,45500
99711,45500
104654,45499
233990,45499
216275,45499
22855,45499
48565,45499
60817,45499
311,45498
182032,45498
234674,45498
8571,45497
273390,45497
195912,45497
272486,45497
173911,45497
206497,45497
106107,45497
242108,45496
10010,45496
244574,45496
230967,45495
285709,45495
292712,45495
114866,45494
194983,45494
283063,45494
267019,45494
121571,45494
106998,45494
203074,45494
100541,45493
105482,45492
124596,45492
18201,45492
191213,45491
1626,45491
10725,45490
293243,45490
241123,45490
145133,45489
4160,45489
284719,45489
244523,45489
39162,45489
71340,45488
77525,45488
646,45488
24157,45487
55938,45487
213504,45487
7934,45487
252042,45486
280089,45486
232481,45486
823,45485
283788,45485
8626,45485
70195,45484
263650,45484
103448,45484
244969,45484
289589,45483
74057,45483
163202,45483
292986,45482
3714,45482
143196,45482
230473,45482
260490,45482
275719,45482
255228,45481
232189,45481
278855,45480
73753,45480
206857,45480
275797,45480
96279,45480
166379,45480
41084,45479
9790,45479
265200,45479
164593,45479
176598,45479
253480,45479
203189,45478
228567,45478
265626,45478
165441,45477
69363,45477
4003,45477
226621,45477
247050,45476
278303,45476
147767,45476
233414,45475
400,45475
180993,45474
101796,45474
86344,45474
119616,45474
267152,45473
177238,45473
201066,45472
67298,45472
225407,45472
12160,45472
225546,45472
293905,45471
123194,45471
144875,45471
90490,45471
9429,45471
29234,45471
290318,45470
177442,45470
282547,45470
33922,45469
10685,45469
199385,45468
193652,45468
138689,45468
221464,45467
212890,45467
3799,45467
201423,45467
206297,45466
3498,45466
290103,45466
293659,45466
290725,45466
260319,45466
249239,45465
170316,45464
126826,45463
12722,45463
28563,45463
205272,45463
30576,45463
29913,45462
223688,45462
279633,45462
92829,45461
288468,45461
291355,45461
172262,45461
213038,45460
150453,45460
244808,45460
213514,45460
248353,45460
244966,45459
222811,45459
177763,45459
139543,45459
26626,45459
88038,45459
244640,45458
147453,45458
216172,45458
255437,45457
260331,45457
269900,45457
278646,45456
101794,45456
229069,45456
259140,45455
1426,45454
229242,45454
104911,45453
92142,45452
6650,45451
246706,45451
180463,45451
6603,45450
286273,45450
237189,45450
234238,45450
188586,45450
4159,45450
283594,45450
4944,45449
202322,45449
160390,45449
265209,45449
208840,45448
153648,45447
106984,45447
206665,45447
221853,45446
202613,45445
86664,45445
230277,45445
23013,45445
193645,45445
286301,45445
193290,45444
135027,45444
59232,45442
294400,45441
258240,45441
110787,45440
243999,45439
179187,45439
213797,45439
3895,45438
208814,45438
278688,45438
267365,45438
190909,45437
130257,45437
174439,45436
8345,45436
164512,45435
1457,45435
293427,45434
108116,45434
287442,45434
267946,45434
21083,45433
236696,45433
166096,45433
147806,45433
261117,45432
237662,45432
63712,45431
239293,45431
219281,45431
280792,45431
284955,45431
266508,45431
282268,45430
276699,45430
160066,45430
3281,45430
174693,45429
285514,45429
2346,45429
31187,45429
103104,45429
238963,45429
272519,45429
174414,45428
286830,45428
233035,45428
142760,45428
187777,45428
192124,45428
290591,45427
152369,45427
291204,45427
279230,45427
52302,45427
171109,45426
112306,45426
200202,45426
35677,45425
127495,45425
20486,45424
24758,45424
150697,45424
146727,45424
13253,45423
289387,45423
56182,45422
268222,45422
204478,45422
148718,45421
214493,45421
10161,45421
51963,45421
282562,45421
262201,45420
169637,45420
243887,45420
249899,45420
91528,45419
0,45419
217394,45419
230116,45419
8314,45419
243081,45418
83340,45418
201894,45418
210529,45418
149005,45418
203231,45417
264669,45417
263604,45417
129208,45417
181926,45417
168789,45416
253309,45416
90295,45416
25394,45416
104313,45416
215235,45415
12520,45415
18826,45415
202217,45415
265518,45414
139716,45414
272308,45414
270955,45414
166298,45413
223056,45413
135531,45413
3417,45412
184153,45412
241359,45412
256405,45412
266728,45411
51388,45411
145867,45411
211589,45411
286546,45411
274934,45411
294751,45410
263651,45410
108508,45410
61667,45409
10308,45409
266573,45409
276994,45409
188844,45408
288353,45408
158687,45408
162299,45408
276837,45408
159016,45408
9356,45408
256539,45407
24505,45407
104180,45406
206787,45406
114681,45406
93861,45406
177512,45406
762,45406
222725,45406
277708,45405
240472,45405
250905,45405
294686,45405
202358,45405
230401,45404
30099,45404
293576,45404
102434,45404
161004,45403
285401,45403
227615,45403
295787,45403
271978,45403
136169,45402
155540,45402
4620,45401
278188,45401
172969,45400
283275,45400
278950,45400
273140,45399
144781,45399
2921,45399
292137,45399
232466,45399
101908,45399
126247,45399
264622,45399
835,45399
208498,45398
168791,45398
293048,45398
194726,45398
140678,45398
269733,45398
28743,45397
235475,45397
250775,45397
136287,45397
256752,45396
21655,45396
239185,45396
287195,45396
11638,45396
127809,45396
265132,45396
2049,45395
278283,45395
154564,45395
287058,45394
26303,45394
282,45394
263496,45394
270905,45394
128163,45393
15110,45393
87607,45392
206156,45392
3435,45392
74093,45392
228967,45392
213323,45391
263226,45391
134842,45391
143461,45390
269124,45390
255435,45390
95590,45389
207919,45389
83710,45389
196171,45388
239390,45388
32457,45388
99167,45388
12889,45387
179304,45387
227812,45386
13156,45386
281372,45386
275503,45386
280716,45385
271759,45385
228126,45385
288015,45385
150469,45384
270161,45384
198261,45384
89095,45384
268927,45384
276557,45383
83176,45383
222256,45383
231586,45383
244119,45383
137849,45383
29963,45383
174542,45382
189460,45382
195224,45382
287037,45382
16534,45382
128327,45381
103061,45381
35028,45381
143551,45381
248318,45381
206845,45380
270174,45380
240151,45379
205223,45379
10373,45379
133154,45379
167297,45379
281647,45378
125828,45378
278678,45378
275933,45378
288811,45377
281665,45377
52917,45376
146370,45376
181980,45376
5674,45376
187606,45376
182547,45375
170544,45375
243203,45375
371,45375
111694,45375
118398,45375
259193,45375
257942,45374
208189,45374
178726,45374
237188,45374
271501,45374
268218,45374
294611,45374
63636,45374
251801,45372
279392,45372
28257,45372
158682,45372
158754,45372
276479,45371
104964,45371
242559,45370
80807,45370
209762,45369
236976,45369
74496,45368
288668,45368
194524,45368
229296,45368
272097,45367
8217,45367
126082,45367
233510,45367
159086,45367
115319,45367
241346,45367
180539,45367
270650,45367
276329,45366
180588,45366
252885,45366
296462,45365
115448,45365
123410,45365
223833,45364
9372,45364
5036,45364
292122,45364
253685,45364
190453,45363
111629,45363
1550,45363
261107,45363
170783,45363
288362,45362
211817,45362
221249,45362
229725,45362
214172,45362
214713,45362
171346,45361
289611,45361
289893,45361
18656,45361
724,45361
183117,45360
281638,45360
101894,45360
291358,45359
61178,45359
16677,45359
116274,45359
278134,45359
234985,45359
144673,45359
246382,45358
80179,45358
9649,45358
19870,45358
112190,45358
140595,45358
69865,45358
272072,45358
140688,45357
128992,45357
206966,45357
140389,45357
137809,45357
183881,45356
200044,45356
33946,45356
184482,45356
276258,45355
215773,45355
279041,45355
285624,45355
265428,45354
174929,45354
1018,45354
1883,45353
126936,45353
253045,45353
201426,45352
201338,45352
261295,45352
35005,45352
224876,45352
250865,45352
195501,45352
17481,45352
187828,45352
182690,45351
260157,45351
257929,45351
96291,45351
272965,45350
36062,45350
266208,45350
268859,45350
182228,45349
264783,45349
238949,45349
1241,45349
157601,45349
227918,45349
233014,45349
289948,45348
234738,45348
221372,45348
258135,45348
98263,45347
75164,45347
91703,45347
269271,45347
295897,45346
167029,45346
245763,45346
168941,45346
140540,45345
233060,45345
6818,45345
185496,45345
184699,45345
176715,45344
193427,45344
263456,45344
35784,45344
190229,45344
238153,45344
117688,45344
209227,45344
90156,45343
141319,45343
271877,45343
139051,45343
237256,45343
124647,45342
201692,45342
210381,45342
237654,45342
102395,45342
267055,45342
205250,45342
185656,45341
169832,45341
75788,45341
52537,45341
273816,45340
2017,45340
773,45340
193405,45340
269977,45340
139829,45339
115844,45339
130059,45339
291741,45338
130,45338
180010,45338
130604,45338
6878,45338
45866,45338
271678,45338
275974,45337
169075,45337
77498,45337
175655,45337
192825,45337
232992,45337
26104,45337
276302,45336
5452,45336
141367,45336
249484,45336
124435,45336
231838,45336
215784,45336
6373,45335
198791,45335
247632,45335
266564,45334
95169,45334
159590,45334
295240,45334
228988,45334
2725,45334
284008,45334
290563,45334
216611,45333
292849,45333
82864,45333
1905,45333
93335,45333
230628,45332
282757,45332
138344,45332
269557,45332
271007,45332
286434,45332
215781,45332
175763,45332
156232,45331
15880,45331
127751,45331
13616,45331
171324,45331
221260,45330
212962,45330
84583,45330
132408,45329
290954,45329
8792,45328
248649,45328
215622,45328
293619,45328
187128,45328
258517,45328
271789,45327
12950,45327
131505,45327
199206,45327
215369,45327
82285,45327
188154,45327
80459,45327
272563,45327
177303,45326
234066,45326
11892,45326
166061,45326
115138,45326
212067,45326
271599,45326
226571,45325
270971,45325
264025,45325
129510,45325
192807,45325
235164,45325
81581,45325
179873,45324
191986,45324
229668,45324
165726,45324
232473,45323
170252,45323
284451,45323
169707,45322
157688,45322
249963,45322
64871,45322
259272,45322
149364,45321
220405,45321
253991,45321
172743,45321
88621,45321
12159,45320
264533,45320
232894,45320
275169,45320
47169,45319
272108,45319
192658,45319
36093,45318
239562,45318
251637,45318
289483,45318
226370,45318
75,45318
165749,45318
183081,45318
198494,45318
133240,45318
168275,45317
280362,45317
176143,45317
67004,45316
244347,45316
257480,45316
2304,45315
14017,45315
9663,45314
1632,45314
9516,45314
151965,45313
34476,45313
23583,45313
148296,45313
11497,45313
202663,45313
30579,45312
76154,45312
263764,45312
216382,45311
138952,45311
214681,45311
247826,45311
30615,45311
2141,45310
244688,45310
279961,45310
37312,45310
182314,45310
295159,45310
10746,45309
244757,45309
266814,45309
155766,45309
261733,45309
1844,45309
12187,45308
286997,45308
2672,45308
250613,45308
165110,45308
280084,45307
295294,45307
40848,45307
6648,45307
295738,45307
215635,45306
271433,45306
116682,45306
225765,45306
90634,45306
291434,45306
296297,45305
177930,45305
268731,45304
2551,45304
9197,45304
136499,45304
121699,45303
285324,45303
205509,45303
208568,45303
89240,45303
278630,45303
265840,45303
160017,45302
255557,45302
192730,45302
113356,45302
4351,45302
180834,45301
13453,45301
199644,45301
196946,45301
267209,45300
98950,45300
9704,45300
212092,45300
221712,45299
199438,45299
243488,45299
130186,45299
6398,45299
257999,45299
215600,45298
214362,45298
255453,45298
131883,45298
10235,45298
244879,45298
289300,45297
270820,45297
189687,45297
119600,45297
10689,45297
234159,45296
203832,45296
117491,45296
193892,45296
241756,45296
199197,45295
94536,45295
220404,45295
184996,45294
294020,45294
4033,45294
15094,45293
281858,45293
56665,45293
106195,45293
254149,45293
263975,45293
284270,45293
89695,45293
226570,45293
166347,45293
100564,45292
204875,45292
3057,45292
976,45292
148146,45292
140605,45292
249699,45292
176047,45292
109697,45292
262619,45291
292553,45291
243946,45291
275496,45291
239397,45291
290517,45291
237454,45291
56492,45290
120074,45290
83145,45290
243650,45290
278412,45290
75446,45289
152367,45289
220314,45289
48330,45289
219311,45289
236656,45288
214164,45288
286892,45288
190869,45288
258779,45288
228299,45287
247203,45287
32172,45287
142300,45287
242833,45286
275753,45286
202222,45286
190838,45286
59159,45286
38304,45286
175898,45286
246661,45285
181025,45285
173326,45285
267243,45285
172506,45285
71043,45284
239407,45284
196763,45284
268504,45284
253518,45284
199295,45284
184756,45284
245544,45283
1315,45283
235050,45283
21936,45283
270146,45283
193249,45283
265438,45283
214731,45283
86981,45282
25598,45282
23339,45282
109691,45281
295379,45281
275401,45281
200707,45281
94540,45281
15257,45281
210253,45281
166012,45280
172527,45280
255661,45280
161827,45280
218931,45280
130140,45279
35926,45279
91245,45279
187021,45279
291578,45279
9653,45279
184525,45279
153507,45278
195267,45278
210094,45278
98802,45278
215595,45277
279309,45277
222945,45277
277378,45277
272055,45276
216329,45276
293483,45276
148389,45276
421,45276
204931,45275
258955,45275
292925,45275
257391,45275
227632,45275
263393,45274
276541,45274
193026,45274
217397,45274
282983,45274
2981,45274
242130,45274
1976,45273
10238,45273
100613,45273
186853,45273
208107,45273
269353,45273
241178,45273
223610,45273
145040,45273
255847,45273
107316,45273
10027,45272
150347,45272
184931,45272
231227,45272
213271,45271
177010,45271
109568,45271
65365,45271
56953,45271
237950,45270
101624,45270
273046,45270
241785,45270
3499,45270
75178,45270
294895,45270
1811,45269
2006,45269
189732,45268
291622,45268
160701,45268
242431,45268
33791,45268
277669,45268
13073,45268
119958,45268
134886,45268
38892,45267
806,45267
231145,45267
189754,45267
47924,45267
187057,45267
159909,45266
16599,45266
249419,45266
138252,45266
177604,45266
282892,45266
4422,45266
204892,45266
13251,45265
86561,45265
212595,45265
275234,45265
6489,45264
268716,45264
115243,45264
209270,45264
124504,45263
240926,45263
56368,45263
55645,45263
1567,45263
140113,45263
238249,45263
109482,45263
205353,45263
24786,45262
29810,45262
269422,45262
132029,45262
242435,45262
1476,45262
247839,45262
47906,45261
112846,45260
9342,45260
244303,45260
254612,45260
6419,45260
59765,45260
219516,45259
48003,45259
268139,45258
75048,45258
175971,45258
110363,45258
283213,45258
288356,45258
1739,45258
129343,45257
190737,45256
112760,45256
30785,45256
271814,45256
156137,45256
18372,45256
278720,45255
287734,45255
220718,45255
282731,45254
12232,45254
86689,45254
266106,45253
280239,45253
279500,45253
109419,45253
213145,45252
215370,45252
2705,45252
21105,45252
107601,45252
225913,45252
210444,45252
160682,45252
143240,45252
207219,45251
183974,45251
293899,45251
45315,45251
179129,45251
196291,45251
208561,45250
258163,45250
17577,45250
262154,45250
34362,45250
260914,45249
247099,45249
157134,45249
285257,45249
11022,45249
296056,45248
188839,45248
121985,45248
176195,45247
274239,45247
9540,45247
176838,45247
289585,45247
218175,45247
14119,45247
291388,45246
215586,45246
7188,45246
3582,45246
240067,45246
201753,45246
77802,45245
59736,45245
198865,45245
253814,45244
74869,45244
167720,45244
56662,45243
142313,45243
287886,45243
151218,45243
240153,45242
232088,45242
186,45242
230823,45242
287421,45241
56401,45241
167423,45241
178470,45241
250513,45241
455,45241
274144,45241
224998,45241
170774,45241
74366,45240
185952,45240
8700,45240
113971,45240
15206,45240
284220,45240
33702,45240
283082,45239
133817,45239
293452,45239
36411,45239
280667,45239
157623,45239
142175,45238
5677,45238
14305,45238
287505,45238
195949,45237
281766,45237
160918,45237
67305,45237
7036,45237
31067,45237
218993,45237
21429,45237
208803,45236
165010,45236
176152,45236
238833,45236
168553,45236
121976,45235
285527,45234
293233,45234
284951,45234
266175,45234
253358,45234
174276,45234
11716,45233
197146,45233
200289,45233
92338,45233
241786,45233
239244,45233
149250,45233
3120,45232
4617,45232
26314,45231
81457,45231
243321,45231
172365,45230
222514,45230
16986,45230
248016,45229
19970,45229
5793,45229
40365,45229
195748,45228
13056,45228
287846,45228
125087,45228
223629,45228
177328,45228
211213,45228
273408,45228
44410,45228
90615,45227
144907,45227
262968,45227
217317,45226
104975,45226
196858,45225
171697,45225
272917,45225
230086,45224
148916,45223
219260,45223
271728,45223
274259,45223
76773,45223
250024,45223
103627,45223
192917,45222
186287,45222
295924,45222
263468,45222
91973,45222
10662,45222
141973,45221
281451,45221
10001,45221
221679,45221
21757,45220
93263,45220
45133,45220
283181,45220
26644,45220
231561,45220
240193,45219
217436,45219
185822,45219
290308,45219
188194,45219
254258,45219
937,45219
245507,45219
243846,45219
281474,45219
234405,45218
269442,45218
260236,45218
266410,45218
52852,45218
258963,45218
249158,45218
180348,45217
255069,45217
216992,45217
276536,45217
198525,45216
229556,45216
56794,45216
109041,45216
292585,45215
231835,45214
137448,45214
234958,45214
176434,45214
273653,45214
179717,45214
279647,45213
229706,45213
267123,45213
260325,45213
241812,45213
48384,45213
248969,45213
189203,45213
180307,45213
289240,45212
242306,45212
36045,45212
288066,45212
212329,45212
200056,45212
212143,45211
248644,45210
141278,45210
271523,45210
262733,45210
280048,45210
290736,45210
247882,45210
238951,45210
221280,45209
253629,45209
205038,45209
56979,45209
173988,45209
95920,45209
216804,45208
281851,45208
274923,45208
125560,45208
282182,45208
265702,45207
106169,45207
226614,45207
193603,45207
174567,45206
130264,45206
188373,45206
139530,45205
265546,45205
34158,45205
183581,45205
35415,45204
122014,45204
217454,45204
28017,45204
211423,45204
11290,45204
292274,45204
9340,45204
217861,45204
211619,45203
235763,45203
290608,45203
288004,45203
270669,45203
66942,45203
55816,45203
213437,45203
291670,45202
285766,45202
251246,45202
164357,45202
241990,45202
173057,45202
607,45202
205540,45202
116092,45202
87347,45202
41050,45201
266596,45201
207361,45201
24016,45201
94435,45201
86764,45201
115037,45201
106602,45201
1616,45200
214587,45200
285969,45200
59563,45200
166845,45200
276576,45200
134702,45200
250648,45200
250572,45199
245406,45199
176375,45199
232798,45199
214678,45199
80287,45199
98993,45198
293276,45198
47183,45198
232558,45198
180201,45198
168098,45198
7656,45197
30526,45197
296485,45197
12854,45197
142948,45197
255508,45197
77892,45196
291273,45196
222403,45196
108781,45196
291990,45196
292183,45196
291572,45196
257641,45196
906,45196
168569,45196
208292,45195
101118,45195
47544,45195
76252,45195
1535,45195
267332,45195
283198,45195
224638,45195
191050,45194
254030,45194
170272,45194
6148,45194
244484,45194
2816,45194
234181,45194
235439,45194
98708,45193
83223,45193
53003,45193
280531,45193
148726,45192
216048,45192
290189,45192
2824,45192
164902,45191
267043,45191
278052,45191
213400,45191
354,45191
290651,45191
132722,45190
65761,45190
292846,45190
40327,45190
7120,45189
113255,45189
176096,45189
281375,45189
154407,45189
180879,45189
158285,45189
158757,45188
62853,45188
24602,45188
22574,45188
258100,45188
236618,45188
294233,45188
276813,45188
40852,45188
187518,45188
97512,45188
270556,45187
212636,45187
255720,45187
142818,45187
12111,45187
163552,45187
281192,45186
148929,45186
153160,45186
11477,45186
161536,45186
178547,45186
264279,45186
272960,45186
230982,45186
21164,45185
15702,45185
258503,45184
249674,45184
231681,45184
229756,45184
233539,45183
2858,45183
84550,45182
294553,45182
180537,45182
267684,45182
235388,45182
247953,45182
273304,45181
231035,45181
236825,45181
243487,45181
262203,45180
213555,45180
186991,45180
253798,45180
121686,45180
200799,45180
230799,45179
282481,45179
108852,45179
264705,45178
119625,45178
209533,45178
289743,45178
201754,45178
263749,45178
207271,45178
241742,45177
245781,45177
257798,45177
166590,45177
216125,45177
274050,45177
237841,45176
1272,45176
260493,45176
260332,45176
71860,45176
168686,45175
170254,45175
208552,45175
268836,45175
248553,45174
133480,45174
276807,45173
280788,45173
89924,45173
134528,45173
274464,45173
108904,45173
100374,45172
2569,45172
278257,45172
178314,45172
55353,45172
213807,45172
274302,45172
7798,45172
151959,45172
125165,45171
170865,45171
266080,45171
196392,45171
233545,45171
277522,45171
203869,45170
215817,45170
278581,45170
231134,45170
223219,45170
244003,45170
252096,45170
34400,45170
118,45170
96810,45170
248111,45169
252412,45169
274009,45169
183535,45169
281264,45169
168981,45169
258022,45169
203673,45169
251913,45169
229790,45169
7128,45168
233662,45168
43792,45168
122031,45168
272673,45167
241213,45167
254665,45167
294201,45167
260216,45167
3366,45167
245276,45167
174833,45166
61993,45166
203078,45166
207760,45166
158686,45166
85467,45166
3770,45165
273542,45165
294215,45165
33310,45165
235768,45165
197983,45165
282783,45164
200606,45164
35334,45164
67994,45164
72893,45164
112251,45164
221150,45164
179,45164
254623,45164
10607,45164
217168,45164
197188,45164
52195,45164
128313,45163
279545,45163
238146,45163
51970,45163
245914,45163
147466,45162
267506,45162
286985,45162
180556,45162
18053,45162
264228,45162
1058,45162
269642,45162
258258,45162
263846,45161
167636,45161
273501,45161
245078,45161
1308,45161
237506,45160
287616,45160
114222,45160
291249,45160
241608,45160
162309,45160
296451,45160
276381,45160
3681,45159
177222,45159
177251,45159
17529,45159
264431,45159
227557,45159
282212,45159
184352,45159
285398,45159
296165,45158
156710,45158
7055,45158
249799,45157
258829,45157
271115,45157
244548,45157
71386,45157
181137,45156
6199,45156
152633,45156
127422,45156
267864,45156
26927,45155
99168,45155
264772,45155
139785,45154
77640,45154
215632,45154
213308,45154
19610,45154
148868,45153
209756,45153
207295,45153
238073,45153
215544,45153
33681,45153
276799,45153
23230,45153
84480,45153
178862,45152
279894,45152
270332,45152
240075,45152
235526,45151
129771,45151
101960,45151
221527,45151
222079,45151
273474,45151
32377,45151
162392,45151
3849,45151
171344,45151
281743,45150
117101,45150
228537,45150
265103,45150
154213,45150
42359,45150
285351,45150
249607,45149
18247,45149
285775,45149
75438,45149
211975,45149
7858,45149
270753,45149
171108,45149
200188,45149
228460,45148
232591,45148
6350,45148
71923,45148
84309,45148
240166,45148
271870,45148
154648,45148
277939,45148
260663,45148
228929,45147
63430,45147
194609,45147
277046,45147
250103,45147
28251,45147
124924,45147
9171,45147
155658,45147
292282,45147
223026,45146
161833,45146
233559,45146
178278,45146
223022,45146
288695,45146
260411,45146
10627,45145
194354,45145
197721,45145
229286,45145
208181,45145
8951,45144
252055,45144
2207,45144
151398,45144
80602,45144
85970,45143
115383,45143
273643,45143
145399,45142
32132,45142
266059,45142
281019,45142
17160,45142
107688,45142
2935,45142
230311,45141
229102,45141
156278,45141
25637,45141
226198,45141
1671,45140
116197,45140
245807,45140
249246,45140
62136,45140
78748,45140
225854,45140
11748,45140
295918,45140
205497,45139
262583,45139
228974,45139
254335,45139
171958,45139
258379,45138
293614,45138
232060,45138
45112,45138
134615,45138
95620,45138
294847,45138
162394,45137
138529,45137
64606,45137
97245,45137
193707,45136
238812,45136
129967,45136
162747,45136
259882,45135
20639,45135
106341,45135
130287,45135
163349,45135
225048,45135
148560,45135
118946,45135
284607,45134
3437,45134
94000,45134
102164,45134
247078,45134
173393,45134
278472,45134
235898,45133
15120,45133
254387,45133
247358,45133
237021,45133
69569,45133
74550,45132
234061,45132
253608,45132
275155,45132
108442,45132
218524,45132
223966,45131
8953,45131
275887,45131
254659,45131
263085,45130
14515,45130
265499,45130
225426,45130
119367,45130
128490,45129
164554,45129
262495,45129
214361,45129
284244,45129
252764,45129
17536,45129
183453,45129
116689,45129
135796,45129
46702,45129
7490,45129
12887,45128
213314,45128
266511,45128
8570,45127
147388,45127
194333,45127
96781,45127
270097,45126
1461,45126
103847,45126
223852,45126
960,45126
267982,45125
291581,45125
279949,45125
7595,45125
124482,45125
71132,45125
254090,45124
206461,45124
289298,45124
98585,45124
6708,45124
149006,45124
194655,45124
48015,45124
251586,45124
177926,45123
288825,45123
113833,45123
13569,45123
258065,45122
227571,45122
259069,45122
157996,45122
229755,45121
105269,45121
9530,45121
125578,45121
35551,45121
199223,45121
259500,45121
257693,45121
175919,45121
142065,45120
240588,45120
172778,45120
221309,45120
19256,45120
29566,45120
158168,45120
89426,45120
256905,45120
255951,45119
4204,45119
211414,45119
6786,45119
116810,45119
234064,45119
93599,45119
230289,45119
259166,45118
256447,45118
107603,45118
121804,45118
7493,45117
22375,45117
291419,45117
102902,45117
242929,45117
164278,45117
679,45117
156802,45116
152826,45116
138668,45116
280278,45116
252958,45115
211099,45115
54816,45115
39170,45115
235313,45115
201255,45115
277370,45115
295775,45114
730,45114
218521,45114
184115,45114
88848,45114
289222,45114
219168,45114
220786,45114
192792,45114
108586,45114
256036,45113
177833,45113
280371,45113
226412,45113
130211,45113
268702,45113
31756,45113
272496,45113
246917,45113
39947,45113
242636,45112
255277,45112
247038,45112
201938,45112
94811,45112
222758,45112
263118,45112
255197,45112
262251,45112
231438,45111
1786,45111
3978,45111
140805,45111
284632,45111
191659,45111
288653,45111
89013,45111
19153,45111
151391,45111
5325,45111
244024,45111
195095,45111
232237,45110
29415,45110
170241,45110
150607,45110
246291,45110
120642,45110
250873,45110
69386,45109
80815,45109
71054,45109
174179,45109
257546,45109
80365,45109
21272,45109
169455,45109
49400,45108
265989,45108
186502,45108
171225,45108
238088,45108
142701,45108
236576,45108
212001,45108
274861,45108
294315,45107
228289,45107
274756,45107
92042,45107
206287,45106
112071,45106
277664,45106
146159,45106
238326,45105
224278,45105
203157,45105
215488,45105
32995,45105
275239,45105
16752,45105
264534,45104
99065,45104
283959,45104
266361,45104
209695,45104
215325,45104
194320,45104
265818,45104
282816,45103
128498,45103
8146,45103
246800,45103
198006,45103
294370,45103
216994,45103
293687,45103
257288,45103
285705,45103
68304,45103
187571,45103
186092,45103
92704,45103
285872,45103
120466,45103
96486,45102
12623,45102
190871,45102
196447,45102
197539,45102
295017,45102
235709,45102
291630,45102
228855,45102
193156,45101
156973,45101
24650,45101
233963,45101
293900,45101
35154,45101
280375,45101
68501,45100
296037,45100
280980,45100
254115,45100
270850,45100
18027,45100
283896,45100
234365,45100
238995,45100
24447,45100
9817,45099
197092,45099
257134,45099
251326,45099
242654,45098
90462,45098
230892,45098
267037,45098
178194,45098
204978,45098
15029,45098
226580,45098
116729,45098
287577,45097
239720,45097
211773,45097
191654,45097
110398,45097
254767,45096
235661,45096
180788,45096
157875,45096
196024,45096
282256,45096
187164,45095
116727,45095
295618,45095
285797,45095
121030,45095
182566,45095
199779,45095
90010,45094
71136,45094
142257,45094
68387,45094
11506,45094
54806,45094
41853,45094
291172,45093
214182,45093
258660,45093
18713,45093
207105,45093
279552,45093
57277,45092
146896,45092
183966,45092
225155,45092
234512,45091
236594,45091
275773,45091
60368,45091
220868,45091
10374,45091
294532,45091
120675,45091
283208,45090
11764,45089
236303,45089
814,45088
273730,45088
96826,45088
1086,45088
233374,45088
652,45088
68717,45088
123348,45087
268662,45087
275885,45087
294031,45087
50726,45087
252410,45087
273404,45087
219895,45086
148854,45086
246551,45086
171801,45086
144361,45086
287910,45086
35368,45086
296519,45085
275659,45085
120834,45085
189508,45085
75317,45085
225664,45085
262675,45085
235496,45085
71134,45084
215090,45084
219591,45084
246947,45084
202931,45084
229590,45084
186173,45084
286537,45083
64772,45083
250478,45083
131700,45083
93360,45083
75555,45083
217266,45083
261549,45083
292180,45083
191423,45082
190139,45082
123406,45082
275811,45082
180234,45082
242175,45082
14608,45082
143020,45082
237754,45082
140503,45082
20133,45082
267855,45081
24857,45081
253618,45081
101540,45081
65076,45080
109362,45080
292619,45080
206333,45080
28932,45080
223000,45080
237554,45080
9546,45080
219622,45080
195573,45079
254524,45079
4227,45079
19225,45078
111386,45078
164881,45078
289866,45078
145094,45078
204824,45078
28621,45077
145780,45077
189364,45077
273350,45077
295110,45076
38449,45076
258265,45075
82998,45075
133192,45075
1024,45075
70641,45075
181521,45075
257366,45074
271413,45074
57251,45074
248475,45074
125886,45074
122740,45074
3135,45073
248825,45073
41219,45073
163679,45073
249512,45073
198646,45073
177584,45073
296614,45073
191569,45073
74705,45073
291490,45073
239112,45072
282903,45072
220810,45072
159372,45072
251459,45072
30075,45072
152337,45071
146155,45071
120543,45071
286391,45071
255114,45071
280056,45071
249045,45071
210880,45071
66005,45070
13192,45070
16639,45070
21764,45070
263530,45070
222527,45070
295952,45070
248717,45070
280592,45070
259584,45070
920,45069
167052,45069
191156,45069
148650,45069
173637,45069
79362,45069
229034,45069
9592,45068
217903,45068
142290,45067
2660,45067
175925,45067
131090,45067
91515,45067
34750,45067
179531,45066
134919,45066
238612,45066
285280,45066
107375,45066
1510,45066
181553,45066
239120,45066
292750,45065
160308,45065
280777,45065
9669,45065
294374,45065
177400,45065
226401,45065
248975,45064
152899,45064
224286,45064
167314,45064
187734,45064
244296,45064
6400,45064
223544,45064
204575,45063
10513,45063
117266,45063
8831,45063
242391,45063
13510,45063
234639,45063
264664,45062
233752,45062
276970,45062
270322,45062
133712,45062
212185,45062
193263,45062
98439,45062
189610,45061
130448,45061
191561,45061
284516,45061
285468,45061
143690,45061
33263,45061
215927,45060
204017,45060
2335,45060
258447,45060
235176,45060
118259,45060
150833,45059
285147,45059
142886,45059
153488,45059
157351,45058
228861,45058
250661,45058
18538,45058
222918,45058
157899,45058
2097,45058
69878,45058
227642,45058
245617,45058
56392,45057
53347,45057
145652,45057
279096,45057
166057,45057
64702,45056
237617,45056
261790,45056
92095,45056
20309,45056
163928,45056
122672,45055
18472,45055
18823,45055
294599,45055
256308,45055
291611,45055
161481,45055
58700,45054
81461,45054
194392,45054
192826,45054
5244,45054
292500,45054
112904,45054
251511,45054
149593,45054
11547,45054
109424,45053
136709,45053
264573,45053
284761,45053
34593,45053
254741,45053
220559,45053
905,45053
163456,45052
269873,45052
205639,45052
141975,45052
101652,45051
259083,45051
234785,45051
51727,45051
10120,45051
156344,45051
199546,45051
264450,45050
278776,45050
9767,45050
153452,45050
879,45050
288801,45050
39819,45050
4637,45049
292639,45049
73553,45049
174778,45049
9627,45048
221192,45048
240674,45048
33251,45048
8090,45048
3158,45048
166862,45048
230381,45048
32497,45048
130468,45048
263551,45048
270802,45048
209385,45047
277428,45047
103830,45047
183950,45047
289937,45047
278825,45047
295170,45047
123426,45047
175986,45046
290425,45046
197194,45046
104747,45046
254754,45046
201501,45046
160700,45046
4242,45046
174234,45046
5001,45046
7975,45046
295855,45045
68557,45045
221537,45045
19763,45045
142035,45045
3024,45045
35922,45044
237616,45044
256168,45044
129488,45044
239821,45044
194632,45044
288760,45044
256654,45043
27489,45043
248637,45043
275667,45043
39012,45043
29642,45043
169995,45042
75128,45042
200325,45042
226988,45042
277875,45041
282764,45041
24576,45041
2606,45040
209203,45040
34527,45040
256326,45040
50878,45040
285093,45040
224168,45040
256882,45040
182565,45040
272444,45040
296520,45039
149812,45039
107196,45039
183684,45039
604,45039
12819,45039
273727,45039
238915,45039
232045,45039
172793,45039
14980,45039
50788,45039
202065,45039
191313,45039
269135,45038
572,45038
135289,45038
178656,45038
293606,45038
286463,45038
211924,45038
275647,45038
280238,45037
237870,45037
90719,45037
91434,45037
231653,45037
684,45037
230807,45037
131523,45037
263263,45037
213433,45036
281628,45036
217421,45036
195717,45036
226595,45036
17808,45035
139709,45035
38979,45035
290416,45035
253059,45035
248284,45035
269746,45034
174935,45034
235192,45034
207880,45034
166125,45034
148564,45034
253343,45034
265026,45034
34715,45034
207549,45034
140305,45033
71213,45033
571,45033
113911,45033
287924,45033
27819,45033
11353,45032
14734,45032
180745,45032
34383,45032
167486,45032
195828,45032
238029,45032
169933,45032
163067,45031
204938,45031
159996,45031
53518,45031
283270,45031
294398,45031
153193,45031
49335,45031
228713,45031
243087,45031
61926,45031
220977,45031
272167,45031
227436,45031
151361,45030
91982,45030
262176,45030
39015,45030
10313,45030
247806,45030
221901,45030
145265,45030
284109,45030
244658,45030
198314,45029
237667,45029
287370,45029
40652,45029
26971,45029
97912,45029
134896,45029
39073,45029
293475,45029
251818,45028
290005,45028
286896,45028
190322,45028
122088,45028
286511,45028
138657,45028
295385,45028
171870,45027
286883,45027
234399,45027
220696,45027
43623,45027
254031,45026
168948,45026
50151,45026
288885,45026
224546,45026
121063,45026
105182,45026
231857,45026
170246,45026
266940,45026
12443,45026
59553,45026
280348,45026
194317,45026
149082,45025
103709,45025
273766,45025
110079,45025
87506,45025
286436,45025
169068,45025
98152,45025
220210,45025
279280,45025
263680,45025
58643,45024
4509,45024
190071,45024
205651,45024
208333,45024
26545,45024
1738,45024
189963,45024
285859,45023
93393,45023
198682,45023
256965,45022
211341,45022
72298,45022
196629,45022
23696,45022
108448,45022
292982,45022
271026,45021
202023,45021
171820,45021
204249,45021
12669,45021
221904,45021
146352,45021
277125,45020
253597,45020
178390,45020
216514,45020
184899,45020
123365,45020
28993,45020
15881,45019
10649,45019
33770,45019
1561,45019
138908,45019
233430,45019
193,45019
86136,45019
231522,45018
242780,45018
144682,45018
283515,45018
199781,45018
285696,45018
225780,45018
264923,45017
121433,45017
206908,45017
125529,45017
253387,45017
146402,45017
240833,45017
182480,45017
265959,45017
243239,45017
168452,45017
163896,45017
5686,45016
288962,45016
150155,45016
18838,45016
20593,45016
227967,45016
291247,45016
94647,45015
40533,45015
133263,45015
246501,45015
168778,45015
58495,45015
184238,45015
77570,45015
271828,45015
265148,45015
6949,45014
34321,45014
92681,45014
272040,45014
231734,45014
81557,45014
178466,45014
229143,45013
258634,45013
860,45013
216068,45013
2212,45013
219413,45013
253552,45013
168660,45012
120880,45012
271452,45012
213473,45012
7457,45012
283038,45012
264852,45012
117187,45011
222433,45011
289103,45010
229669,45010
241523,45010
119979,45010
74401,45010
241833,45010
294359,45010
213606,45010
85727,45010
264418,45010
250804,45009
292377,45009
8960,45009
189628,45009
102353,45009
278359,45009
218664,45009
224115,45008
243945,45008
27994,45008
12007,45008
115285,45008
207507,45008
265196,45008
102868,45007
109330,45007
295220,45007
145323,45007
77432,45007
41,45007
151298,45007
95987,45007
284856,45007
1307,45007
274835,45007
293936,45006
177715,45006
180152,45006
283125,45006
269300,45006
189823,45006
126547,45006
239679,45006
18940,45006
249662,45006
142143,45005
281443,45005
6112,45005
203699,45004
108397,45004
27154,45004
270978,45004
288703,45004
107730,45004
254847,45004
267450,45004
257625,45004
144632,45004
266992,45004
251034,45004
293007,45004
265143,45003
199517,45003
274036,45003
201779,45003
84759,45003
151024,45003
160821,45003
169534,45003
26086,45002
13314,45002
247547,45002
204380,45002
49195,45002
109777,45002
52908,45002
94250,45002
65576,45002
254210,45001
29060,45001
260293,45001
155863,45001
4097,45001
5206,45001
164543,45001
15107,45001
136539,45000
3030,45000
291900,45000
215,45000
292629,45000
189722,45000
221729,45000
282887,44999
554,44999
276376,44999
29426,44999
267205,44999
77392,44999
96711,44998
255119,44998
149851,44998
156069,44998
287925,44998
278233,44998
280215,44998
47581,44998
245808,44998
169500,44998
244105,44998
271259,44997
229490,44997
286140,44997
245998,44997
179732,44997
249466,44997
281220,44997
103469,44997
2374,44996
292966,44996
26870,44996
106056,44996
134858,44996
241746,44996
48747,44996
161974,44996
241407,44996
84988,44996
114167,44996
186349,44996
256659,44995
84002,44995
250220,44995
267734,44995
73501,44994
264333,44994
176606,44994
239200,44993
119711,44993
235518,44993
108803,44993
258101,44993
17085,44993
77858,44993
261863,44993
31896,44993
252306,44993
275373,44993
137277,44993
114388,44992
265715,44992
272343,44992
216782,44992
248503,44992
12213,44991
202007,44991
261335,44991
285256,44991
19644,44991
189905,44991
101892,44991
289501,44990
6739,44990
18010,44990
145095,44990
182137,44990
257056,44990
269954,44990
28944,44990
167041,44990
75662,44990
141895,44989
164052,44989
37811,44989
23149,44989
254542,44989
220768,44989
196321,44989
137473,44989
281725,44989
209726,44989
296118,44989
187506,44989
241783,44988
281990,44988
264947,44988
247463,44988
215419,44988
296509,44988
22391,44988
261341,44988
43787,44987
9970,44987
205192,44987
214316,44987
135519,44987
207666,44987
133544,44987
283731,44987
88871,44987
192591,44987
262058,44986
281821,44986
136474,44986
9251,44986
15408,44986
59253,44986
295321,44986
258000,44986
4474,44986
273381,44986
5977,44986
280844,44985
176442,44985
3619,44985
166937,44985
609,44985
13637,44985
5257,44985
205283,44985
64766,44985
259984,44984
290040,44984
242260,44984
175315,44984
216299,44984
86349,44984
70116,44984
1584,44984
210940,44984
9554,44984
7730,44983
250673,44983
251592,44983
292276,44983
265634,44983
30657,44982
290248,44982
147003,44982
276450,44982
117433,44982
191611,44982
249394,44982
654,44982
204042,44982
138013,44982
203616,44982
176850,44982
183726,44982
217268,44982
231232,44981
16946,44981
242457,44981
289978,44981
277978,44981
87921,44981
167639,44981
40150,44980
162293,44980
172035,44980
4772,44980
122501,44980
189935,44980
164444,44979
140311,44979
165297,44979
191083,44979
141767,44979
7882,44979
238234,44979
258373,44979
6879,44979
287842,44978
23184,44978
266610,44978
245252,44978
107755,44978
277037,44978
248695,44978
94944,44978
6780,44977
222807,44977
205893,44977
165942,44977
141343,44977
85351,44977
239273,44977
3852,44976
156243,44976
254748,44976
40853,44976
230236,44976
20323,44976
107756,44976
209157,44976
246925,44976
187997,44976
267680,44975
96939,44975
198453,44975
242855,44975
289828,44975
248793,44975
224664,44975
260749,44975
191937,44974
7413,44974
5720,44974
60585,44974
104352,44974
227805,44974
180030,44974
293577,44974
195386,44974
204697,44974
29231,44974
18527,44974
223344,44974
276538,44974
139678,44973
12076,44973
261158,44973
34007,44973
256938,44973
277320,44973
141087,44973
15037,44973
7708,44973
223030,44973
288646,44973
164876,44973
149994,44972
164605,44972
4650,44972
162730,44972
287320,44972
36117,44972
282167,44972
10946,44972
267231,44972
240121,44972
225977,44972
84792,44971
290656,44971
291825,44971
274838,44971
233613,44971
27775,44971
57525,44971
153829,44970
25550,44970
25266,44970
187782,44970
77150,44970
250785,44970
217542,44970
257849,44970
169557,44970
83434,44970
154889,44970
90464,44970
21161,44970
252929,44969
146587,44969
52542,44969
255393,44969
287583,44969
66707,44969
229559,44969
274767,44969
247847,44969
39545,44968
255165,44968
161729,44968
50763,44968
131613,44967
291301,44967
36943,44967
90977,44967
10464,44967
165823,44967
16966,44967
174817,44967
117886,44967
1866,44967
276179,44967
27472,44967
98493,44967
88494,44966
277915,44966
261531,44966
250007,44966
255420,44966
266190,44966
259089,44966
1998,44966
159198,44966
209682,44966
240557,44966
125336,44966
209569,44965
254997,44965
