1723,100000
816,58242
10179,53469
8959,52382
3172,52178
51636,52081
3300,51903
5853,51891
1401,51595
1800,51566
159149,51145
32458,50944
12475,50674
10690,50648
11080,50609
39830,50559
42439,50541
3043,50251
70232,50245
17764,50184
109082,50157
8301,50106
293751,50094
3411,50065
72065,50028
18482,49986
25260,49874
282888,49804
34286,49739
13806,49713
4185,49640
6911,49631
12382,49549
5142,49470
28631,49430
99006,49413
28377,49412
24651,49351
51429,49290
25862,49260
251143,49241
1605,49191
264876,49148
88867,49122
25151,49103
162830,49084
280134,49022
197098,48980
185494,48970
43895,48956
161728,48938
18547,48910
12553,48897
33584,48881
46708,48851
20485,48844
102212,48843
27894,48750
5727,48744
145741,48667
8430,48655
65374,48643
12189,48624
274048,48614
52372,48613
5003,48603
99119,48592
5325,48585
10596,48568
13332,48561
210450,48559
4224,48556
4615,48544
12838,48524
5872,48493
2861,48491
8800,48480
160907,48453
5402,48451
27019,48417
244589,48389
39405,48363
4941,48361
186124,48355
38015,48284
1256,48266
49161,48250
178945,48247
22082,48244
95638,48235
262404,48232
58627,48209
15503,48204
91296,48199
67081,48189
34609,48154
15701,48151
2296,48101
218514,48076
38947,48076
30614,48058
57754,48057
18376,48053
84224,48048
214135,47993
4325,47988
8679,47986
3759,47985
19324,47972
259389,47965
75291,47952
22179,47947
79030,47942
17384,47941
2200,47941
33970,47936
32074,47914
44751,47899
151153,47896
170043,47881
18188,47877
44887,47877
239941,47870
8437,47870
52360,47863
47702,47821
188464,47819
41957,47818
12828,47814
70521,47804
25354,47801
56705,47788
99422,47786
987,47784
199866,47762
14625,47756
27832,47754
47483,47729
24148,47720
48341,47709
6733,47707
14157,47704
44962,47704
23310,47702
6973,47699
209920,47696
5799,47696
4937,47696
33054,47689
159397,47673
275481,47670
20415,47650
209207,47646
64493,47643
157150,47637
38225,47634
40195,47628
6216,47626
37279,47625
54276,47615
173799,47610
93809,47610
24195,47607
286664,47607
14522,47607
273388,47600
18651,47592
5399,47583
570,47565
2612,47557
92152,47553
187273,47548
13310,47542
223804,47540
2026,47539
177093,47532
193946,47525
262811,47523
118494,47520
145544,47515
34517,47511
139878,47498
42545,47496
204959,47492
293665,47486
1570,47479
39653,47478
138448,47477
14617,47475
3389,47462
22275,47454
119518,47444
231091,47437
103385,47436
266985,47422
227536,47421
6353,47416
4784,47413
44396,47413
119321,47411
68283,47391
9709,47388
12329,47387
237673,47363
212503,47360
172870,47357
162273,47355
245103,47347
10922,47341
217876,47337
123823,47336
269024,47335
75157,47334
12538,47332
285523,47330
42708,47330
233725,47325
280186,47320
77698,47312
279867,47293
35999,47291
294142,47285
25176,47276
27100,47274
217209,47271
71268,47265
118088,47262
18499,47259
286349,47253
224008,47248
143414,47242
425,47233
4894,47228
13460,47219
57736,47219
45767,47212
73686,47202
767,47201
208302,47199
3701,47198
240359,47184
164309,47182
48720,47181
252886,47175
1576,47164
222243,47163
12068,47161
112059,47154
55787,47151
96614,47142
80068,47139
186786,47139
281724,47137
166466,47133
72999,47131
53258,47128
26093,47119
29451,47119
101971,47111
277495,47110
57018,47106
74985,47099
5659,47095
16027,47093
55983,47091
160611,47088
36038,47084
11242,47077
275679,47077
1931,47073
6146,47073
244742,47072
284957,47072
33076,47068
231486,47061
109199,47053
14184,47044
74124,47043
2676,47029
37212,47025
244115,47023
223523,47022
9265,47018
10242,47008
245652,47006
28363,47006
39711,47001
11955,46996
146121,46993
270517,46993
27709,46992
181630,46987
24063,46986
275784,46980
5998,46979
77818,46978
249097,46977
108221,46976
69200,46973
13009,46972
33867,46964
12734,46955
218167,46954
248288,46952
254952,46949
255189,46948
6627,46948
25794,46946
73111,46944
151887,46944
248756,46935
251001,46934
3665,46932
234673,46929
14047,46927
281491,46927
201609,46924
42185,46922
2693,46920
275366,46919
36289,46918
83077,46915
108165,46910
244231,46908
253438,46906
35938,46905
230414,46883
43828,46879
31223,46878
1580,46874
233889,46869
6950,46868
38667,46863
296480,46863
146583,46858
21231,46856
247140,46851
270726,46845
43949,46843
109328,46841
275092,46838
135238,46836
174657,46831
55321,46829
273692,46826
17277,46826
26502,46825
247085,46825
271648,46823
17622,46823
181423,46823
171907,46822
97305,46814
3910,46812
2267,46811
8669,46810
2077,46809
237309,46806
276592,46802
259631,46802
272729,46800
253935,46799
25704,46798
1277,46791
32186,46785
25790,46784
46587,46783
981,46781
151736,46781
185757,46778
39150,46777
2297,46774
4494,46773
13630,46773
130543,46769
38132,46769
15137,46768
95678,46765
15476,46758
284408,46758
42406,46757
9895,46756
159538,46755
270983,46755
29515,46752
28889,46749
217191,46745
232751,46743
270321,46742
78503,46739
119935,46736
157638,46731
5455,46731
108945,46729
17395,46720
15093,46718
5956,46711
7724,46704
144165,46704
273873,46702
32624,46700
25252,46697
180138,46693
4698,46692
148427,46691
2766,46689
42076,46683
290918,46677
281125,46677
259555,46675
4675,46674
43409,46673
296382,46673
12347,46661
288951,46660
220436,46655
37714,46646
180901,46646
16840,46646
225943,46645
177032,46643
23119,46643
14768,46638
2192,46636
284994,46634
45577,46631
197947,46631
95480,46630
273721,46628
168878,46627
278049,46627
238923,46625
49769,46623
2702,46623
293160,46619
266461,46618
162023,46616
258932,46611
10897,46610
146402,46609
277982,46607
11931,46607
165023,46602
1142,46600
2631,46599
123246,46596
19356,46595
210565,46595
90888,46593
169386,46592
290560,46592
158831,46590
55204,46590
287765,46589
219629,46589
5498,46587
244162,46587
260109,46585
7198,46585
11830,46584
187555,46583
16182,46581
265961,46572
282680,46571
214686,46568
252497,46567
224659,46564
14665,46556
235363,46556
29510,46552
19722,46550
15576,46547
7383,46544
291421,46544
93121,46542
12740,46541
195576,46541
26957,46541
275631,46541
257674,46540
26282,46539
4423,46538
276057,46537
19716,46536
187747,46535
269860,46535
12961,46534
59340,46533
50244,46531
37118,46529
259564,46527
32498,46527
7580,46525
124086,46521
266075,46519
948,46516
258496,46512
3293,46512
247309,46508
14025,46508
281653,46503
190658,46503
84365,46500
240500,46500
146397,46499
143943,46499
242681,46498
101818,46497
20977,46497
68449,46496
774,46496
85572,46492
292453,46491
21610,46489
161920,46487
187980,46485
27515,46485
293124,46485
24769,46484
278127,46482
68490,46481
12606,46479
255320,46478
52856,46478
17045,46477
246353,46475
284687,46474
231272,46473
246326,46473
123183,46473
278713,46472
244366,46472
237260,46470
117025,46467
117622,46465
128334,46464
4911,46462
253703,46460
104151,46459
253600,46458
158553,46457
187311,46456
7936,46455
196786,46455
3232,46454
260916,46452
39854,46452
178600,46451
285667,46449
17466,46448
89261,46447
234725,46445
190393,46445
33798,46443
169254,46442
269149,46438
49324,46437
47449,46437
6473,46436
15102,46435
108650,46435
244863,46435
235474,46435
277015,46432
264885,46430
15620,46427
147788,46426
273355,46426
282912,46425
234967,46423
294973,46423
166967,46422
66192,46421
122375,46420
251945,46415
23225,46415
55360,46414
251981,46414
49081,46410
1158,46409
209389,46408
223412,46407
110356,46406
7962,46402
61899,46402
219566,46400
261322,46399
555,46399
9905,46399
2177,46397
353,46396
6796,46396
249731,46395
102786,46393
294343,46391
232843,46391
162180,46388
269054,46388
225219,46386
234733,46385
10616,46385
62432,46381
121441,46378
167934,46377
269608,46376
164908,46376
37858,46374
150853,46373
11580,46372
142973,46372
179522,46369
24362,46368
135198,46368
159183,46368
251413,46367
200501,46366
235985,46365
245186,46364
117552,46363
164482,46362
97880,46360
270235,46359
214199,46358
12180,46358
202435,46358
269500,46358
30076,46357
19944,46356
218844,46355
136588,46354
44407,46353
84804,46353
81975,46350
2294,46349
276261,46349
91593,46345
2422,46343
1109,46342
37471,46342
285752,46340
283512,46338
49265,46337
157394,46336
284513,46336
2601,46336
170054,46334
275417,46333
259904,46332
148687,46329
152105,46329
286964,46328
72082,46328
179924,46327
133725,46326
125572,46326
261681,46326
7621,46325
225525,46325
14254,46325
262507,46325
199570,46320
238514,46319
67297,46318
8178,46316
203930,46315
219698,46315
10538,46313
65870,46313
27742,46313
241251,46312
146574,46312
28902,46310
228853,46309
226646,46308
1182,46308
201680,46307
268076,46304
143666,46301
245623,46301
200001,46300
144639,46299
37321,46298
260386,46298
22024,46296
8436,46295
267399,46295
90849,46295
53159,46295
289847,46294
205308,46294
21795,46292
291828,46290
5273,46290
249045,46289
3081,46287
191379,46286
255570,46286
66592,46285
3240,46284
102238,46283
1935,46282
242630,46282
261257,46281
203106,46280
273109,46279
233117,46276
127403,46273
5037,46273
5365,46272
45433,46272
200205,46269
129494,46267
169810,46266
204161,46264
158171,46263
293434,46263
146034,46260
10104,46257
7194,46257
95028,46256
259801,46256
39588,46255
3507,46254
3103,46251
245576,46249
149011,46249
6438,46246
192208,46245
284774,46244
175682,46243
5320,46242
15497,46240
87999,46240
13203,46237
29306,46235
68492,46235
169474,46235
168264,46234
254642,46232
34038,46231
134755,46229
10998,46229
150548,46225
53387,46224
137928,46222
236605,46222
148676,46221
293077,46220
81707,46220
280677,46220
5071,46220
281566,46219
255056,46218
39465,46215
1929,46213
241341,46212
270727,46211
90474,46210
149892,46209
242324,46208
187136,46207
267418,46207
2740,46203
80021,46202
181822,46200
220122,46200
14712,46199
15727,46199
142882,46198
137804,46196
31321,46196
4582,46195
238061,46195
251220,46194
265828,46194
6895,46193
208450,46192
204303,46191
106957,46188
214,46187
223033,46186
291431,46185
21513,46185
231578,46185
59165,46184
262210,46182
283,46182
295006,46179
218904,46176
12956,46175
33079,46175
228592,46174
7338,46171
3537,46170
242031,46169
15570,46168
291770,46166
280547,46166
272801,46165
29785,46165
222341,46165
3968,46164
282770,46164
4359,46163
15589,46161
293796,46160
244367,46160
211738,46159
175348,46159
227293,46159
200484,46157
259593,46156
292475,46156
19932,46156
291680,46156
190756,46156
8995,46155
1884,46155
4833,46154
9424,46154
22579,46153
260570,46150
197374,46150
254889,46150
261335,46150
220191,46150
104917,46149
173806,46148
293832,46148
229490,46148
117040,46148
20524,46148
259540,46148
174920,46147
140321,46144
144800,46143
9667,46143
269675,46142
34707,46142
145663,46140
246101,46138
282484,46137
9223,46136
225382,46133
266583,46133
255830,46130
165886,46129
3042,46128
293384,46127
128708,46126
178921,46123
1819,46123
170560,46121
33557,46119
200566,46119
209285,46118
4101,46117
289798,46117
249780,46117
10106,46117
259614,46116
131215,46115
276430,46115
104064,46115
16332,46113
4873,46113
202432,46112
8567,46112
259827,46111
277626,46111
252617,46110
277617,46110
193600,46109
242144,46109
255492,46108
271098,46107
271739,46105
1573,46102
284961,46099
268364,46096
202566,46095
103125,46093
293650,46092
88017,46092
971,46091
39801,46090
285388,46089
49807,46089
232137,46087
51594,46087
11043,46087
370,46087
152600,46087
114359,46085
270648,46085
16624,46084
228927,46083
198020,46082
78746,46082
3769,46080
284953,46080
294666,46079
13972,46079
118557,46079
294927,46078
291297,46076
164158,46075
238965,46075
240785,46074
2239,46072
150237,46072
202246,46072
13840,46072
39641,46071
27562,46070
120811,46069
228091,46069
194223,46069
150028,46066
35373,46066
160561,46064
30543,46064
260251,46063
248482,46063
157556,46061
188549,46060
228255,46059
279994,46059
215648,46058
17443,46057
133855,46056
235048,46056
134433,46055
10605,46055
188582,46054
258982,46053
148774,46053
42858,46050
18861,46049
125524,46049
245847,46049
148498,46048
21683,46047
160864,46047
230957,46047
31376,46047
59724,46046
15410,46046
149534,46046
40714,46045
92341,46045
6277,46043
150016,46043
15937,46040
194893,46040
5898,46036
63666,46036
179222,46036
184370,46035
286385,46034
86181,46033
269303,46033
16195,46032
4906,46032
156024,46031
102033,46031
222187,46027
28983,46026
31492,46026
243996,46025
64516,46025
23146,46024
219276,46023
441,46022
255241,46022
231432,46021
15816,46021
222161,46019
239503,46019
272636,46019
191250,46018
242384,46018
3911,46018
270317,46018
26654,46018
236710,46018
241483,46016
123288,46016
137576,46016
17195,46015
281644,46013
83776,46013
4957,46012
289512,46010
22318,46010
217761,46010
62473,46009
4627,46009
150077,46007
292505,46007
271325,46007
249327,46007
265834,46007
217635,46006
295597,46005
218169,46004
183946,46003
20676,46003
117608,46003
229878,46002
108437,46002
237183,46001
290694,46001
78742,46000
18721,45998
200045,45998
228153,45998
112685,45998
134187,45997
273499,45997
182831,45996
178387,45994
270784,45994
278466,45994
81740,45994
5968,45993
155064,45991
142760,45990
85737,45988
192855,45988
283461,45987
221060,45987
158281,45986
243392,45985
105455,45985
291879,45984
263517,45983
282566,45981
185450,45981
277479,45980
9320,45980
30512,45980
112060,45977
243781,45977
77055,45976
4486,45976
17311,45975
288404,45975
25811,45975
292815,45975
191500,45973
58032,45973
234310,45973
192989,45971
54430,45969
39134,45969
168411,45968
118764,45968
40410,45967
238846,45966
242965,45965
205720,45962
8027,45962
59338,45961
115993,45961
3054,45960
26237,45960
252625,45959
228666,45959
230386,45959
120826,45958
252664,45957
289396,45957
128094,45957
272126,45956
7871,45955
157457,45955
65173,45955
183893,45955
1149,45954
144111,45954
215798,45953
7598,45952
106055,45952
175681,45951
11019,45951
53819,45950
39390,45946
163138,45946
180630,45945
268012,45944
232548,45943
163512,45943
241465,45943
280217,45942
258022,45941
92331,45941
208964,45941
156481,45940
21114,45939
2990,45939
233762,45937
92110,45936
211538,45936
3021,45935
3202,45935
182495,45935
178175,45935
6418,45934
260388,45933
157072,45932
2851,45931
128412,45930
247901,45929
179158,45929
49486,45929
223892,45928
229269,45928
178102,45927
145092,45927
235919,45925
53848,45924
223722,45924
11564,45924
252839,45923
257784,45923
211372,45923
271949,45922
43009,45921
279564,45920
148031,45919
189005,45918
16594,45918
180282,45916
42325,45914
242166,45914
269990,45913
290376,45912
30632,45911
2390,45911
254020,45910
226661,45910
263763,45910
287592,45910
213077,45910
202016,45909
218041,45908
241083,45906
34709,45906
275456,45904
102673,45904
173290,45904
236136,45904
229696,45903
195258,45903
284373,45903
162325,45902
295256,45902
222427,45902
279933,45901
217170,45901
140313,45899
245732,45899
266516,45898
37517,45898
2845,45896
188005,45896
247109,45895
180023,45894
18815,45893
21796,45893
151752,45893
149608,45893
329,45892
45643,45892
28641,45891
83223,45890
277588,45890
161417,45889
212880,45889
278359,45889
174714,45888
223945,45888
219316,45888
208320,45888
133690,45888
165251,45888
272296,45887
264607,45884
11870,45884
38723,45883
4462,45883
274171,45882
129137,45881
241822,45880
9636,45880
238359,45880
282951,45878
148101,45878
180750,45878
43994,45875
295955,45875
4291,45875
11590,45875
290766,45875
242972,45874
15889,45874
199836,45874
3020,45873
51285,45873
230746,45872
134115,45872
32356,45871
86252,45870
35566,45869
273863,45868
214278,45867
263126,45866
219433,45866
163477,45865
156933,45865
242210,45865
233088,45864
28351,45864
295439,45863
46637,45863
22145,45861
244396,45859
4258,45859
153325,45859
153062,45859
247679,45859
241296,45857
285353,45856
178758,45855
151282,45855
85136,45854
97495,45853
143429,45853
148527,45852
151628,45852
259260,45852
291437,45852
7446,45851
179566,45851
135512,45851
182327,45850
210011,45848
210827,45847
227598,45847
236793,45847
282333,45846
281444,45845
152064,45844
22802,45844
155488,45843
289772,45843
262922,45842
277058,45842
165174,45842
201745,45841
107698,45841
130643,45841
32038,45840
2557,45839
216105,45838
4839,45838
37109,45837
267488,45837
154475,45837
291908,45835
231233,45835
179243,45835
11204,45834
87664,45834
51825,45833
51600,45832
18783,45832
875,45831
68509,45831
2116,45830
115288,45830
17091,45830
293331,45830
204226,45829
66160,45829
86711,45829
251835,45829
206578,45828
242438,45828
221925,45828
236847,45827
166492,45826
24124,45826
293758,45825
293004,45824
16254,45824
15147,45823
127234,45822
146229,45822
173766,45821
249547,45820
234141,45820
12892,45820
133244,45819
92034,45819
117697,45818
223681,45818
190843,45818
34412,45817
43631,45817
74714,45816
94422,45816
57689,45815
378,45815
210231,45814
16557,45814
171,45814
271669,45813
247571,45811
155845,45811
1911,45811
1212,45811
230501,45810
166224,45810
8921,45810
277090,45809
190368,45809
273856,45808
136315,45808
232915,45807
211502,45807
265315,45807
127441,45807
236695,45806
290398,45806
8331,45806
148003,45806
29863,45804
283345,45804
15069,45804
35063,45804
172147,45803
260604,45802
93589,45802
58669,45802
13544,45801
165016,45801
168873,45800
198113,45800
154356,45800
238774,45799
130052,45799
265942,45797
77104,45795
118379,45795
166418,45794
39220,45794
192905,45793
28074,45793
96248,45793
228289,45793
288330,45792
295119,45792
131968,45792
72523,45792
213834,45790
117266,45790
8456,45789
93850,45789
241183,45788
10202,45788
285582,45787
284647,45786
132491,45785
292254,45785
149331,45785
145031,45785
275162,45785
12163,45784
184888,45784
228526,45783
293879,45782
14315,45782
142080,45781
50370,45781
267182,45781
248923,45781
52349,45781
81189,45780
167823,45779
33772,45779
55650,45779
214920,45776
243654,45776
71468,45775
166422,45775
8459,45775
78137,45775
274973,45774
251533,45774
189034,45774
20590,45774
276272,45774
236335,45773
189046,45773
284908,45773
270759,45773
157955,45773
15553,45772
271372,45772
239393,45772
5497,45771
216261,45771
178853,45770
296037,45770
125002,45770
169282,45768
4184,45768
3736,45768
242728,45767
161402,45767
96979,45767
232979,45766
40801,45766
82460,45765
10488,45764
250421,45763
295309,45762
50933,45762
87513,45761
216669,45761
60374,45761
255609,45761
32354,45760
18696,45760
47730,45759
141531,45758
233288,45757
107807,45757
29064,45756
292889,45756
7774,45756
172078,45756
221829,45755
221614,45755
189322,45755
15463,45755
230888,45753
205546,45753
258933,45753
236403,45752
106185,45752
293072,45752
175276,45751
43463,45750
155009,45749
131324,45749
53815,45749
58227,45749
246196,45748
32297,45748
276591,45747
142969,45747
282456,45746
30679,45746
198696,45746
277353,45746
12125,45745
280574,45744
277701,45744
294375,45744
509,45744
193079,45743
288655,45741
258609,45741
6948,45740
41987,45740
96555,45739
138970,45739
251351,45738
57872,45738
13239,45738
86464,45737
268939,45737
238791,45736
255482,45736
36313,45736
166354,45736
7257,45736
114958,45735
121404,45735
91633,45735
49634,45735
21214,45735
206825,45734
20260,45734
148602,45733
2369,45733
165393,45732
2237,45732
3098,45731
212750,45730
25507,45730
232456,45730
245061,45730
159047,45730
284572,45730
32853,45729
187327,45728
93159,45728
2778,45727
2530,45727
42777,45726
1513,45726
251722,45725
248313,45725
158566,45725
29013,45724
272357,45724
200545,45724
225772,45722
85219,45722
121394,45721
66058,45721
211552,45720
26966,45720
236055,45720
5887,45720
14610,45719
218330,45719
295601,45719
246630,45718
24398,45718
24393,45718
191188,45718
129316,45717
261535,45717
276767,45717
247516,45717
70705,45716
93463,45716
49062,45715
120114,45715
8804,45714
181093,45713
6018,45713
197332,45713
276990,45712
220188,45711
43897,45711
5807,45708
152635,45707
222911,45707
21199,45706
36888,45706
209051,45706
212010,45705
45310,45704
274943,45704
235306,45703
96191,45703
272607,45703
296003,45702
55701,45702
205400,45701
92823,45701
76260,45700
278589,45699
286422,45699
180859,45699
289660,45698
291971,45698
264326,45696
18107,45695
258251,45695
38642,45695
275883,45695
165367,45695
21311,45694
7620,45694
113356,45694
4725,45693
232544,45693
260294,45693
286693,45693
248684,45693
121666,45692
261135,45692
192752,45692
157326,45691
291041,45691
19302,45690
222024,45690
217844,45690
59854,45690
10211,45690
151999,45690
69820,45689
106912,45689
65510,45689
244877,45688
269214,45688
278467,45687
3301,45687
187725,45687
274138,45686
247274,45686
195297,45686
215643,45686
128516,45685
1010,45685
161156,45685
283482,45684
146688,45684
246986,45684
204336,45684
145750,45683
261214,45683
115812,45682
2866,45682
290465,45682
167628,45682
2662,45682
30785,45681
10781,45680
105724,45680
107909,45679
47665,45679
39148,45678
235925,45678
112188,45678
240254,45678
239160,45677
293939,45677
4337,45676
227242,45674
283287,45674
273701,45674
225317,45674
264693,45674
145787,45673
84952,45673
47648,45672
9183,45671
5620,45671
249387,45671
257951,45670
256351,45670
119752,45670
32812,45670
3268,45669
36048,45669
45179,45668
198589,45668
82179,45668
35335,45668
40820,45667
179612,45667
45997,45666
228128,45665
354,45665
5475,45665
231904,45664
266369,45664
230658,45664
157234,45664
249155,45664
84214,45663
195385,45662
289438,45662
260932,45660
89747,45660
184142,45660
73697,45660
166684,45659
236988,45658
153718,45658
273382,45658
3826,45657
188586,45656
52660,45655
140910,45655
294764,45653
258794,45653
39062,45652
164900,45652
103547,45652
34273,45652
188284,45652
62902,45651
117240,45651
226153,45650
114496,45649
244948,45649
170000,45648
24648,45648
154136,45648
24510,45647
197125,45646
265714,45646
5843,45646
176733,45645
19562,45645
188439,45645
213306,45645
104134,45644
16314,45644
183322,45644
213040,45644
123393,45643
126906,45643
230915,45643
227461,45642
192252,45642
13000,45641
216949,45640
291931,45640
14484,45640
98657,45639
258068,45639
106582,45639
249095,45639
268887,45638
237757,45638
286374,45637
30170,45637
256536,45636
50742,45636
269779,45636
209647,45636
57271,45635
75172,45635
76848,45635
33739,45634
289186,45634
207001,45634
275148,45633
117835,45633
283955,45633
232731,45632
18926,45631
136613,45631
8009,45631
164133,45631
273487,45631
23349,45630
172192,45629
243558,45629
21424,45629
280115,45629
285004,45628
251588,45628
105589,45628
14360,45627
6780,45627
242714,45626
15459,45626
135610,45624
18289,45624
240304,45624
223783,45623
37629,45623
250371,45623
158746,45622
162952,45621
278749,45620
194138,45620
191910,45620
186659,45619
202963,45619
5355,45619
25301,45619
277008,45618
285988,45618
272945,45618
28805,45618
207108,45618
230568,45618
190193,45617
3784,45617
113397,45616
19125,45616
228413,45616
171526,45616
228076,45616
6141,45616
137673,45616
213176,45615
102712,45614
120351,45614
235883,45614
26023,45613
96867,45611
88812,45611
282213,45610
269537,45610
9370,45610
54670,45610
40909,45610
122325,45610
125873,45609
262941,45608
23050,45608
226937,45608
18513,45608
142382,45608
178691,45607
213965,45607
26405,45607
223389,45607
226790,45607
164857,45606
222441,45606
38068,45606
23554,45606
283700,45606
246490,45605
271734,45605
295944,45605
218806,45605
238465,45604
203621,45604
6889,45603
251795,45602
165760,45602
236514,45602
101501,45602
276432,45601
284382,45601
22156,45601
9039,45601
1973,45600
6113,45600
38204,45599
276074,45598
85671,45598
80142,45598
213432,45596
227590,45596
289725,45596
31936,45595
50568,45595
125154,45594
112764,45593
161353,45593
65673,45592
275105,45592
223533,45591
18228,45590
201657,45589
185250,45589
131247,45589
226746,45588
14122,45588
163965,45588
206264,45588
195974,45588
113686,45588
109970,45586
7769,45586
237942,45586
239025,45585
8634,45585
62777,45585
233818,45584
204153,45584
251140,45582
254311,45582
145270,45582
20489,45582
296394,45581
246412,45581
135256,45581
119979,45580
252996,45580
37930,45579
250563,45579
291175,45579
224307,45579
83578,45578
56943,45578
135647,45578
269236,45577
261358,45577
264606,45576
97711,45576
59592,45576
73527,45575
239059,45575
63381,45575
281565,45575
217769,45574
27206,45574
243584,45573
174594,45573
225798,45573
191112,45572
247799,45572
72083,45571
104317,45571
207707,45570
236561,45570
229868,45570
17924,45570
81454,45570
280870,45569
275273,45569
166518,45569
40813,45568
242256,45568
295762,45568
157349,45568
145595,45567
245896,45567
115983,45567
286952,45567
127061,45566
140898,45566
25417,45565
40189,45564
17767,45564
79375,45562
211711,45562
14655,45562
508,45562
47829,45562
20520,45562
11723,45561
27797,45561
217431,45561
164348,45561
239589,45560
215317,45560
39559,45560
159422,45560
201975,45559
146632,45559
182860,45559
185730,45558
254277,45558
280109,45558
273021,45557
170576,45557
12001,45557
201063,45557
156956,45556
229463,45556
26532,45556
122294,45555
272050,45555
278023,45555
280858,45554
48308,45554
266393,45553
214873,45553
177177,45553
248560,45553
45253,45551
155317,45551
281750,45551
271724,45551
49085,45550
176971,45550
199981,45550
141387,45550
39744,45549
257905,45549
96992,45549
58392,45549
278654,45548
259443,45548
267234,45548
230859,45548
217609,45548
235496,45548
256638,45547
81548,45547
187802,45547
243615,45547
250510,45547
132723,45546
269731,45546
263862,45545
32244,45545
17938,45544
49677,45544
25572,45543
28550,45543
283380,45542
257469,45542
13582,45542
40757,45542
174246,45542
3798,45542
37389,45542
243517,45541
152450,45541
257370,45541
89591,45540
169567,45540
141103,45540
14392,45540
285257,45540
90174,45540
252217,45539
242337,45539
116309,45539
218751,45538
252518,45538
269259,45538
15305,45538
283611,45537
210461,45537
5118,45537
171455,45537
1250,45536
281524,45536
201073,45536
137625,45536
31597,45536
198274,45535
110710,45535
73472,45535
183912,45535
85533,45535
244202,45535
288905,45534
238170,45534
199335,45534
134096,45534
20615,45534
57965,45533
275762,45533
195396,45532
247860,45532
212978,45532
21303,45532
158771,45531
30260,45531
193324,45531
29854,45530
10356,45529
160669,45529
206631,45529
17759,45529
5859,45528
136449,45528
2195,45528
178015,45528
4586,45528
2259,45527
62635,45527
98904,45527
220487,45526
200612,45526
187475,45525
278285,45525
167301,45525
87866,45524
295430,45524
126444,45524
221305,45524
237011,45524
214576,45524
4818,45523
139036,45523
131579,45523
206870,45523
104425,45523
12048,45523
184616,45523
78283,45522
213765,45521
213180,45521
235388,45521
249561,45521
67083,45520
271607,45520
169939,45520
44093,45520
5526,45520
167563,45519
230741,45519
295289,45519
112512,45519
270389,45518
8263,45518
200982,45518
189267,45517
63231,45517
14862,45517
281748,45517
285551,45516
54294,45516
184912,45516
152512,45515
193827,45515
211309,45515
586,45515
208148,45514
7526,45514
84034,45514
245975,45514
46674,45514
209496,45514
272809,45514
39976,45514
267795,45513
62172,45513
252866,45513
187339,45513
284789,45511
277300,45511
175512,45511
264939,45510
23508,45510
32008,45510
55571,45510
253688,45509
206806,45509
23400,45509
24918,45508
172036,45508
70010,45507
191329,45507
289314,45507
17077,45506
243981,45506
189426,45506
13982,45506
273664,45505
131443,45505
270309,45505
140655,45505
109242,45505
192932,45505
207200,45505
200393,45504
155356,45504
24369,45504
114335,45504
14743,45504
149220,45503
207500,45503
198567,45503
77900,45502
216047,45502
49747,45502
19478,45502
17478,45501
149553,45501
1967,45501
285532,45500
172121,45500
280977,45500
162201,45500
249294,45500
35839,45499
145938,45499
128991,45499
217366,45499
238616,45498
162605,45498
21670,45497
158425,45497
96573,45497
211984,45496
235920,45496
273689,45496
25879,45496
201675,45496
4182,45496
146612,45496
10739,45496
216363,45496
13958,45496
188357,45495
280620,45495
219144,45495
189926,45495
117485,45495
23064,45494
208034,45494
262682,45494
27857,45493
257780,45493
211585,45493
160871,45492
37955,45492
37283,45492
16673,45491
219084,45490
19351,45490
7888,45488
197779,45488
204191,45488
66705,45487
14849,45487
170920,45487
256203,45486
178195,45486
182463,45486
141157,45484
136871,45484
74942,45484
229587,45484
217200,45484
268540,45484
248953,45484
18998,45483
264740,45482
28425,45482
8587,45481
19987,45481
261261,45480
131118,45480
29942,45480
292630,45480
93183,45480
291925,45479
192266,45479
290235,45479
280834,45478
93012,45478
17135,45478
269282,45477
7999,45477
232089,45477
60306,45476
6261,45476
243013,45476
271983,45476
186330,45476
39872,45475
95239,45475
172580,45475
206819,45474
2585,45474
161056,45474
266808,45474
274944,45474
131865,45473
264278,45473
264779,45473
17617,45473
235830,45473
293057,45473
4574,45472
22975,45472
241524,45472
182247,45472
110673,45471
215688,45470
249470,45470
47167,45470
281848,45470
5243,45468
249311,45468
1065,45468
273679,45468
148974,45467
107058,45467
214511,45467
194664,45467
49340,45466
249566,45466
184675,45466
226130,45466
181237,45466
8394,45465
257713,45465
2865,45465
138561,45465
111056,45465
226468,45464
117716,45463
5405,45463
229334,45463
292031,45463
247009,45463
133098,45462
3918,45462
287697,45462
248736,45462
229304,45461
5908,45461
11072,45461
239610,45461
59529,45461
274365,45460
38767,45460
162857,45460
218456,45460
275736,45460
46775,45459
168899,45459
708,45459
169929,45459
1333,45458
38560,45458
269206,45458
260619,45458
261294,45457
236408,45456
250705,45456
264045,45456
114521,45455
7458,45454
167813,45454
189740,45454
228480,45454
35416,45454
9906,45454
7090,45454
237808,45453
180633,45453
34339,45453
15728,45453
186347,45453
262881,45453
100340,45452
273913,45452
99898,45452
2688,45452
238478,45452
38761,45452
194753,45452
19278,45452
182158,45452
180674,45452
237438,45452
134258,45452
76645,45451
3352,45451
17479,45451
198932,45450
120999,45450
51700,45449
295028,45449
18835,45449
14913,45449
139723,45449
12800,45449
22607,45449
142575,45448
136987,45448
172485,45448
191432,45448
193066,45447
77586,45447
174466,45447
281259,45447
219644,45447
65636,45446
288545,45446
268816,45446
219325,45446
116014,45444
195710,45444
6939,45443
251625,45442
4792,45442
1215,45441
178339,45441
42073,45441
125112,45440
143155,45440
284813,45440
9305,45440
18548,45439
229844,45439
6518,45438
230556,45438
279685,45438
179229,45438
256094,45438
154726,45438
280361,45438
7909,45438
110678,45437
172498,45437
6463,45437
279874,45437
44042,45437
147733,45437
63915,45436
229268,45436
12679,45435
1970,45435
57225,45435
126845,45434
190250,45434
215155,45433
173089,45433
146406,45432
296020,45432
156001,45432
237671,45432
172056,45432
283031,45432
295936,45431
125692,45431
231163,45431
198855,45431
30349,45431
13368,45431
36235,45431
172207,45431
281044,45430
277063,45430
118872,45429
280079,45429
33339,45429
100023,45429
24637,45428
110665,45428
74605,45428
189159,45428
240250,45428
168890,45427
275277,45427
3334,45427
102348,45426
295693,45426
3386,45425
4035,45424
42102,45424
285112,45423
89483,45423
29722,45423
156349,45423
3384,45422
139757,45422
244036,45422
101646,45422
182024,45421
102936,45421
223798,45421
19195,45421
132865,45421
228794,45421
233779,45421
251839,45420
81194,45420
16869,45420
151184,45420
18201,45420
21010,45420
262380,45420
29996,45420
267489,45420
2949,45419
233740,45418
284835,45418
241589,45418
166482,45418
6557,45417
135294,45417
292183,45417
245939,45416
267555,45416
37275,45415
291186,45415
98468,45415
28754,45415
42966,45415
288136,45414
154305,45414
56325,45413
144654,45412
23409,45412
260983,45411
200144,45411
296098,45410
8974,45410
294644,45409
195215,45409
231246,45409
13212,45409
221156,45409
224,45409
42699,45409
221454,45409
217477,45408
238152,45408
93724,45408
182451,45407
166271,45407
293190,45407
164807,45407
197686,45406
265140,45406
218912,45406
235610,45406
23243,45405
254543,45405
19291,45405
3990,45405
272920,45405
229106,45405
282041,45404
287361,45404
270451,45404
35051,45403
170429,45403
147823,45403
262366,45403
188164,45403
15856,45403
6930,45403
43025,45402
187972,45402
203034,45402
238565,45402
65537,45402
166463,45402
8114,45401
214276,45401
130614,45401
186496,45401
47283,45400
101950,45400
259042,45400
4884,45400
204665,45400
285916,45399
111563,45399
274454,45399
21170,45399
200271,45399
244099,45398
284414,45398
279383,45398
32609,45397
184618,45397
14007,45397
10456,45397
1039,45396
21850,45396
278535,45396
16801,45395
250388,45395
272706,45395
278817,45394
20060,45394
230855,45394
773,45393
79179,45393
82259,45393
282012,45392
287710,45392
228543,45392
279060,45392
80524,45392
278973,45392
288371,45392
41721,45391
244595,45390
256039,45390
24936,45390
228801,45390
286889,45389
153838,45389
66881,45389
212321,45389
287037,45389
277920,45389
147050,45388
62474,45388
665,45388
187610,45388
264495,45388
276961,45387
134633,45387
177421,45386
190091,45386
242862,45386
34378,45386
28917,45385
4723,45385
230368,45385
290283,45385
275959,45385
175442,45385
167309,45385
163130,45385
246039,45384
236138,45384
272946,45384
245454,45384
47093,45384
138512,45383
166110,45383
125768,45383
62853,45382
21877,45382
219890,45382
288959,45381
270708,45381
47022,45381
134712,45381
286235,45381
64392,45380
107681,45380
225582,45380
193836,45380
229480,45380
253123,45380
163547,45380
273742,45380
49780,45379
290706,45379
239777,45378
32298,45378
12211,45377
264972,45377
162012,45377
136582,45377
294913,45377
193580,45377
216652,45376
14074,45376
222560,45376
275040,45376
14894,45376
267585,45376
234203,45375
136761,45375
256328,45375
56230,45375
25866,45375
287398,45375
143000,45374
29169,45374
253679,45374
30486,45374
6833,45374
120220,45373
72478,45373
175742,45372
125028,45372
32773,45372
35620,45372
93935,45372
935,45372
255315,45371
237503,45371
111780,45371
166055,45371
182088,45371
235417,45370
37691,45369
286309,45369
7939,45369
135365,45369
284428,45369
139323,45369
279571,45368
281497,45368
274248,45368
277398,45368
182937,45368
273824,45367
92247,45367
225338,45367
224437,45367
184908,45366
192434,45366
208077,45365
126058,45364
166981,45364
20922,45364
248567,45364
268728,45364
247096,45363
104250,45363
230706,45362
22757,45362
133803,45362
133619,45361
245155,45360
291620,45360
256960,45360
184920,45360
188648,45360
247382,45360
211392,45359
102427,45359
62436,45359
120367,45359
100333,45358
3949,45358
234707,45358
260178,45358
57639,45358
117090,45358
58945,45357
136883,45357
107967,45357
268882,45357
14895,45357
118657,45357
7789,45357
49034,45357
51607,45356
288598,45356
43713,45356
201674,45356
70578,45356
12332,45355
60634,45355
9964,45354
12772,45354
185901,45354
190082,45353
269139,45353
284663,45353
188733,45353
245039,45353
221259,45352
64465,45352
244008,45351
290733,45351
22033,45351
53084,45351
58313,45351
290851,45351
189213,45351
92622,45351
162427,45350
238080,45350
273855,45350
39230,45350
144132,45349
33276,45349
27571,45349
14437,45349
215384,45349
38338,45349
14656,45348
1850,45348
19836,45348
154538,45348
158385,45348
7770,45348
246260,45347
22220,45347
92289,45347
142490,45347
46155,45346
18746,45346
1462,45346
236113,45346
240268,45346
212231,45346
256306,45346
235507,45345
15294,45345
184006,45345
287749,45345
261875,45345
13062,45345
294966,45345
137663,45344
21571,45344
239286,45344
3572,45344
190304,45344
282102,45344
247205,45343
54833,45343
17166,45343
280695,45343
269235,45343
24616,45342
127390,45342
142663,45342
248702,45341
13878,45341
164253,45340
228547,45340
15095,45340
260751,45340
288314,45340
281274,45340
136039,45339
188836,45339
1838,45338
99361,45338
13132,45338
221945,45338
107302,45338
240411,45337
251896,45337
6584,45337
247964,45337
209277,45336
199202,45336
70444,45336
166197,45336
80117,45335
278468,45335
287741,45334
68644,45334
282029,45334
158593,45333
16607,45333
28167,45333
197570,45333
9799,45332
9716,45332
167568,45332
38850,45332
247037,45332
165377,45331
215174,45331
12186,45331
241131,45331
82155,45330
13597,45330
249866,45330
149748,45330
201999,45329
8253,45329
20433,45329
102014,45329
974,45329
259896,45329
145115,45329
41440,45328
293046,45328
34313,45328
36468,45328
88244,45328
279838,45328
107056,45328
94605,45327
296082,45327
279850,45327
264510,45327
233234,45327
116850,45326
38035,45326
278215,45326
17882,45326
88091,45325
212281,45325
840,45325
281702,45325
208205,45325
269020,45325
253158,45325
30243,45324
248949,45324
216948,45324
292868,45324
283606,45324
252943,45324
237684,45324
203943,45323
262863,45323
125299,45323
101017,45323
77660,45323
159624,45323
136672,45323
134878,45323
260545,45323
186448,45323
31568,45322
87660,45322
258507,45322
206633,45322
178498,45322
263628,45321
285533,45321
15597,45321
237188,45321
39221,45320
254263,45320
111989,45319
285571,45319
214948,45319
240203,45319
31580,45319
147680,45319
45436,45319
10453,45318
65767,45318
172567,45318
180038,45318
73758,45317
57395,45317
250647,45317
97520,45316
282738,45316
180294,45315
213574,45315
3150,45315
8043,45315
69430,45315
205091,45315
240184,45314
184771,45314
230007,45313
236983,45313
281278,45313
37890,45313
193469,45313
169416,45313
155713,45312
211990,45312
264322,45312
250890,45312
750,45312
286942,45312
106551,45311
215966,45311
90928,45311
171442,45311
1861,45310
107827,45309
32620,45309
97492,45309
245417,45309
8705,45308
141237,45307
237419,45307
55106,45307
147238,45307
222886,45307
15199,45307
186272,45307
186912,45307
204036,45306
186152,45306
111828,45306
284131,45306
266716,45305
66886,45305
233311,45305
44327,45305
186284,45305
15138,45304
74174,45304
119209,45304
220111,45304
290595,45303
91905,45303
176625,45303
99028,45303
285668,45303
252412,45303
293378,45303
209043,45303
133789,45302
96565,45302
105646,45302
275732,45302
245687,45302
186074,45301
143460,45301
2134,45301
277442,45301
250436,45301
185176,45301
133365,45300
253074,45300
225557,45300
226831,45300
233629,45299
36401,45299
1532,45299
4176,45299
69092,45298
229637,45298
101093,45298
199865,45298
224282,45298
174893,45297
272587,45297
160057,45297
260,45297
260514,45297
39819,45297
168795,45296
6602,45296
74654,45295
25237,45295
209047,45295
66573,45295
243211,45295
290618,45295
276203,45295
1512,45294
262031,45294
237862,45294
611,45294
56713,45294
119662,45294
250571,45293
275794,45293
38105,45293
281743,45293
168122,45292
232886,45292
283739,45292
180551,45292
230869,45292
90684,45292
40229,45292
15762,45292
235060,45292
17085,45291
42693,45291
229223,45291
8953,45290
125677,45290
139481,45290
147073,45290
48882,45290
84126,45289
254171,45289
77917,45289
263914,45288
151878,45288
6242,45288
170553,45287
53572,45287
286004,45287
108444,45287
152734,45287
6620,45286
113908,45286
42794,45286
257948,45286
48819,45285
222639,45285
236801,45285
82138,45285
238385,45285
31005,45284
296354,45284
121545,45284
292102,45284
9359,45284
292797,45284
58,45283
30182,45283
184499,45283
227976,45283
243089,45283
283154,45283
61364,45283
130064,45283
204290,45283
247914,45282
270697,45282
227361,45281
154922,45281
101382,45281
202095,45280
280209,45280
254577,45280
4525,45280
199200,45280
126839,45280
219908,45279
7467,45279
98167,45279
225487,45279
229546,45279
167107,45279
243674,45278
15039,45278
49945,45278
169808,45278
168123,45277
889,45277
6985,45277
233254,45277
175904,45276
268139,45276
282922,45276
135732,45276
200517,45276
164666,45276
223729,45276
1319,45275
131531,45275
250621,45275
281140,45275
252785,45275
2340,45274
53212,45274
2463,45274
26077,45273
43183,45273
176865,45273
209126,45273
110089,45272
255276,45272
284251,45272
25767,45272
33062,45272
101271,45272
254686,45271
87515,45271
262700,45271
253832,45270
247015,45270
113032,45270
105130,45270
288978,45269
99543,45269
82524,45269
84099,45269
140362,45269
56246,45269
113719,45268
218212,45268
1895,45267
11526,45267
19733,45267
213803,45267
287324,45267
147071,45267
282404,45266
186439,45266
1085,45266
262606,45266
111852,45265
13663,45265
161842,45265
154693,45264
60199,45264
224488,45264
20445,45263
178927,45263
101171,45263
31154,45262
212736,45262
133640,45262
210511,45261
245865,45261
48878,45261
219984,45260
255360,45260
237519,45260
6869,45260
219945,45260
4507,45259
238287,45259
266772,45259
84085,45258
220852,45258
50302,45258
238104,45258
13465,45258
21463,45258
26159,45257
141608,45257
179806,45257
388,45257
21403,45256
277197,45256
133804,45256
248063,45256
288872,45256
124841,45256
193101,45256
168440,45255
26287,45255
158115,45255
42809,45255
45443,45255
107032,45255
240320,45255
162412,45254
83520,45254
217287,45254
3253,45254
180583,45254
152933,45254
242481,45253
217998,45253
49676,45253
233052,45252
204403,45252
2380,45252
7442,45252
265637,45252
222031,45252
283277,45252
118591,45252
17687,45251
179534,45251
250556,45251
242110,45251
2484,45251
214582,45250
239766,45250
205949,45250
57859,45250
34246,45250
34067,45250
199575,45249
281949,45249
16214,45249
39073,45249
254054,45249
260271,45249
49921,45249
250959,45249
21162,45248
22093,45248
93199,45248
1218,45248
225475,45248
102700,45248
222638,45248
85532,45247
222104,45247
260856,45247
70674,45247
7011,45247
126730,45246
29087,45246
3346,45246
11893,45246
225123,45246
166332,45246
207309,45246
1832,45246
129118,45246
106112,45245
61434,45244
89502,45244
132267,45244
279246,45243
9110,45243
179777,45243
246545,45243
229476,45243
211438,45243
119176,45242
209576,45242
197432,45242
258985,45242
221333,45241
268706,45241
178090,45241
247172,45241
2849,45240
14910,45240
27312,45239
218548,45239
238709,45239
138634,45239
75219,45239
162279,45239
271808,45238
230639,45238
280334,45238
229183,45238
6775,45237
251269,45237
253052,45237
161553,45237
231725,45237
18974,45236
275018,45235
17733,45235
205036,45235
88845,45235
55449,45235
12200,45235
162014,45235
290163,45235
291090,45234
239098,45234
4202,45234
258517,45234
295717,45234
289495,45233
139423,45233
154478,45233
219265,45233
37984,45233
262726,45233
291757,45232
294580,45232
54840,45232
262030,45231
219911,45231
175936,45231
160860,45231
117642,45230
194123,45230
130724,45230
236166,45230
281152,45230
102784,45230
291575,45230
238958,45230
29980,45230
2381,45229
137768,45229
233475,45228
245117,45228
295765,45228
228393,45228
39893,45228
87534,45228
284439,45227
144777,45227
101675,45227
117055,45227
184073,45227
16483,45227
296405,45226
217897,45226
78631,45226
210324,45226
177372,45226
239088,45226
51969,45226
231487,45225
286561,45225
66076,45225
92709,45225
31891,45225
143883,45225
109074,45224
12384,45224
54215,45224
107027,45224
11744,45224
251115,45223
152894,45223
239071,45223
18363,45223
46377,45223
228558,45223
283214,45223
250544,45223
92507,45222
268563,45222
294804,45222
181032,45221
63033,45221
21201,45221
176587,45221
33210,45221
256519,45220
194250,45220
164286,45220
84974,45220
205940,45220
233138,45219
191666,45219
277904,45219
121586,45218
258345,45218
91485,45218
44675,45218
293826,45218
206025,45217
10357,45217
61133,45217
173289,45216
290466,45216
35621,45216
885,45215
58654,45215
217180,45215
208112,45215
13675,45215
131715,45215
264087,45215
142442,45215
9637,45215
287146,45215
32714,45215
243542,45215
227212,45214
1255,45214
213582,45214
237681,45214
286535,45214
21397,45213
291422,45213
25904,45213
171271,45212
223777,45212
293130,45212
197282,45211
258415,45211
11538,45211
159650,45211
251740,45211
22071,45211
39585,45211
143425,45211
49836,45211
168296,45210
192659,45210
173633,45210
287921,45210
66831,45210
240732,45209
284770,45209
29648,45209
189613,45209
220383,45209
54001,45209
3538,45208
138877,45208
235264,45208
3721,45207
227749,45207
133699,45207
36060,45207
136209,45207
199901,45207
258688,45206
227672,45206
77414,45206
270016,45206
259176,45205
58423,45205
29055,45205
59038,45205
137221,45205
208031,45205
5343,45205
207252,45205
133383,45205
213019,45204
160886,45204
133953,45204
3313,45204
1531,45203
238160,45203
274628,45203
144736,45203
82502,45203
66372,45202
23722,45202
89555,45202
290943,45202
230101,45201
15683,45201
60067,45201
21541,45201
118404,45200
136463,45200
266371,45200
43,45200
199451,45200
188162,45200
47118,45200
84342,45199
83293,45199
250386,45199
141107,45199
4629,45198
295670,45198
200417,45198
234050,45198
262795,45198
2382,45198
118959,45197
108976,45197
95178,45197
93241,45197
104041,45197
37300,45196
84017,45196
64357,45196
89903,45196
227163,45196
27204,45196
275096,45195
265207,45195
220369,45195
64971,45195
80251,45195
902,45195
89776,45195
109444,45194
703,45194
222699,45194
189869,45194
268172,45194
265363,45193
19881,45193
2510,45193
279561,45193
6628,45193
191246,45193
14873,45192
22653,45192
264753,45192
241144,45192
159486,45191
106657,45191
86900,45191
192431,45191
258097,45191
213675,45191
231326,45190
173388,45190
56276,45190
271889,45190
89981,45190
58896,45190
273221,45189
268478,45189
259378,45189
143449,45189
276214,45188
140537,45188
280310,45188
204013,45188
21953,45188
262824,45188
78856,45188
212152,45188
292966,45187
12816,45187
228148,45187
33597,45187
274478,45187
20150,45187
151868,45187
240322,45186
204159,45186
245957,45186
241385,45186
147141,45186
188227,45186
150413,45186
164436,45186
212927,45185
277443,45185
223976,45185
288833,45185
230650,45185
112146,45184
239738,45184
234161,45184
119856,45184
42901,45184
45676,45184
284102,45184
245029,45183
104940,45183
275911,45183
293492,45183
281502,45183
293694,45183
283673,45183
228981,45183
66962,45182
194491,45182
196636,45182
135549,45182
143799,45182
490,45182
179516,45181
248860,45180
244995,45180
226384,45180
48408,45180
8403,45179
22796,45179
241680,45179
3727,45179
126850,45179
162197,45179
16837,45179
248394,45179
279023,45179
285236,45178
97620,45178
253652,45178
292833,45178
244453,45178
199806,45178
181475,45178
74177,45178
61747,45178
85585,45177
28763,45177
176847,45177
260448,45177
107291,45177
141844,45177
111800,45177
58433,45176
71876,45176
96376,45176
2428,45176
166656,45176
279296,45176
195922,45176
274769,45176
273215,45176
212994,45176
213555,45176
110068,45175
128572,45175
208465,45175
7058,45175
55710,45174
260528,45174
23970,45174
282865,45174
41584,45173
52318,45173
225997,45173
103191,45173
247052,45173
578,45172
53764,45172
201272,45172
156192,45171
59804,45171
284549,45171
89057,45171
265556,45171
234053,45171
5653,45171
123302,45171
204288,45171
256527,45171
196192,45170
182167,45170
39947,45170
259535,45170
205932,45170
259800,45170
243304,45170
214290,45170
106604,45169
192737,45169
73679,45169
121803,45168
259331,45168
252950,45168
214693,45168
30526,45168
206239,45167
192506,45167
264148,45167
305,45167
120094,45166
9409,45166
91429,45166
139214,45166
242780,45165
260953,45165
4167,45165
164960,45165
233954,45165
209354,45164
18068,45164
234429,45164
277527,45164
283194,45164
283152,45164
190103,45164
233676,45163
223604,45163
24533,45163
111649,45163
28202,45163
286739,45163
35980,45163
47655,45163
120371,45163
145831,45162
23303,45162
19353,45162
171482,45162
286429,45162
15498,45162
200043,45161
2624,45161
231000,45161
239433,45161
11784,45160
277512,45160
221559,45160
97269,45160
25027,45160
96234,45160
235808,45160
252398,45159
28911,45159
87101,45159
17580,45159
215650,45159
43498,45159
194367,45159
151265,45158
133895,45158
279669,45158
228557,45158
191880,45158
187766,45158
88094,45158
227564,45157
232840,45157
264041,45157
280555,45157
274837,45157
232717,45157
4652,45156
204530,45156
42780,45156
232228,45156
246738,45156
256513,45156
51954,45156
241447,45156
286380,45156
812,45156
266822,45156
197637,45155
104100,45155
233833,45155
245768,45155
218492,45155
5354,45154
131830,45154
268977,45154
7651,45154
111995,45154
841,45154
17426,45154
6184,45154
21429,45153
246449,45153
163383,45153
9849,45153
186723,45153
253795,45153
248074,45153
139500,45153
239997,45152
6089,45152
5670,45152
44232,45151
132824,45151
27187,45151
174237,45151
292354,45151
156845,45151
220931,45150
189207,45150
10582,45150
166068,45150
107400,45150
160332,45150
289125,45150
285643,45150
231170,45150
79335,45150
199393,45149
281429,45149
262268,45149
205070,45149
292758,45148
10448,45148
280187,45148
295265,45148
166724,45148
171016,45148
291632,45147
10002,45147
282152,45147
12361,45147
145756,45146
81791,45146
174489,45146
2657,45146
3166,45146
183068,45146
102103,45146
62096,45145
114978,45145
842,45145
135845,45145
270937,45145
70546,45145
70206,45144
42988,45144
4077,45144
136857,45144
29171,45144
258246,45144
223696,45143
249895,45143
77780,45143
230058,45142
163089,45142
3767,45142
271779,45142
76025,45142
193158,45141
291153,45141
289923,45141
186400,45141
290827,45141
137291,45140
27689,45140
178388,45140
292441,45139
291237,45139
296319,45139
7910,45139
254012,45139
286657,45138
216859,45138
173098,45138
113931,45138
9431,45138
3492,45138
154741,45137
199536,45137
7637,45136
208748,45136
240240,45136
26735,45136
144663,45135
35792,45135
4787,45135
115695,45135
14187,45135
18627,45135
134732,45135
291967,45135
260125,45135
1062,45134
274830,45134
278014,45134
286390,45134
97403,45134
1031,45134
205243,45133
134257,45133
174679,45133
158991,45133
186205,45133
211201,45133
163538,45132
85713,45132
292483,45132
2446,45131
148946,45131
37143,45131
7258,45131
2136,45131
23985,45131
63259,45130
269974,45130
14269,45130
270076,45130
146719,45130
136569,45130
281752,45129
78669,45129
233151,45129
87074,45129
109410,45129
34358,45129
228224,45128
5061,45128
112458,45128
1493,45128
178019,45128
178725,45127
17933,45127
212769,45127
718,45127
29381,45127
213515,45127
129522,45127
194165,45126
12709,45125
161092,45125
3553,45125
42891,45125
151186,45125
12187,45125
296548,45125
115879,45125
203188,45124
12152,45124
50691,45124
31161,45124
275858,45124
204076,45123
249206,45123
196825,45123
284704,45123
33257,45123
105239,45123
260591,45122
221037,45122
10832,45122
203095,45122
132297,45122
292142,45121
132024,45121
30332,45121
205264,45121
33964,45121
140870,45121
284914,45121
215599,45121
20227,45121
167525,45121
13816,45121
205172,45120
67307,45120
256678,45120
196038,45120
9959,45120
4139,45119
253812,45119
195402,45119
113160,45119
136584,45119
205177,45119
230731,45119
58689,45119
237551,45119
1650,45119
266567,45118
91592,45118
97020,45118
265055,45118
208092,45118
146269,45118
256742,45118
276248,45117
19377,45117
267943,45117
168894,45116
211097,45116
66622,45116
170159,45115
21595,45115
267479,45115
178633,45115
23133,45115
143461,45115
4829,45115
172257,45115
237658,45114
270562,45114
178868,45114
28643,45114
189695,45114
256693,45114
237173,45114
293635,45113
134877,45113
270395,45113
263948,45113
193310,45112
238007,45112
155656,45111
229003,45111
142538,45111
9938,45111
280675,45111
265639,45111
29752,45111
281438,45111
1637,45111
264891,45111
5222,45111
262641,45111
239095,45111
56414,45110
149232,45110
243752,45110
238961,45110
287079,45110
278846,45110
54719,45110
110018,45109
261266,45109
165932,45109
123367,45109
28993,45109
278071,45109
102070,45109
205286,45109
4602,45108
10988,45108
91765,45108
6212,45108
212381,45108
20779,45108
208632,45107
279835,45107
122365,45107
39911,45107
292468,45107
267083,45106
162719,45106
247984,45106
270458,45106
3357,45105
160003,45105
245979,45105
224719,45104
196610,45104
247947,45104
221941,45104
22890,45104
255878,45104
232427,45104
278365,45104
129563,45104
1428,45104
2478,45103
133492,45103
248443,45103
257223,45103
197444,45102
208969,45102
166307,45102
240158,45102
113558,45101
288678,45101
12483,45101
266208,45101
209074,45101
131484,45100
194629,45100
97055,45100
206464,45100
285507,45100
198138,45100
16684,45100
265522,45099
101778,45099
195611,45099
39826,45099
153687,45099
289026,45098
166447,45098
23944,45098
158123,45098
290958,45098
285259,45097
242480,45097
153157,45097
28130,45097
283473,45097
74154,45097
268352,45097
261845,45096
282047,45096
21931,45096
14019,45096
171537,45096
103105,45096
25387,45095
16322,45095
218962,45094
262855,45094
206976,45094
270888,45094
289289,45094
37350,45094
439,45094
256859,45093
281127,45093
142734,45093
166099,45093
257002,45093
1873,45093
182563,45093
760,45093
135072,45093
1071,45093
32267,45092
257596,45092
204801,45092
135100,45092
115221,45092
122253,45091
225838,45091
211830,45091
287264,45090
138955,45090
233427,45090
161403,45090
224799,45090
196252,45090
195527,45090
247307,45090
191373,45090
3105,45089
227021,45089
255488,45089
593,45089
292530,45089
13408,45089
178094,45089
110715,45088
677,45088
11493,45088
266253,45087
181046,45087
216260,45087
182818,45087
1521,45087
255259,45086
230241,45086
68482,45086
11205,45086
56518,45086
15265,45086
216621,45086
259391,45086
228156,45086
210002,45086
196948,45085
99827,45085
239012,45085
205981,45085
168167,45085
238941,45084
209928,45084
122384,45084
71895,45084
205498,45084
237375,45084
253055,45084
294273,45084
47737,45084
9806,45083
7840,45083
171311,45083
10268,45083
282,45083
241594,45083
51050,45082
148108,45082
122935,45082
132902,45082
191582,45082
7164,45082
29497,45082
220829,45082
214617,45082
6010,45082
38067,45081
287860,45081
42909,45081
281266,45081
240840,45081
293701,45081
187323,45081
106726,45080
292461,45080
122838,45080
283831,45080
275963,45080
189168,45080
256571,45079
142351,45079
283499,45079
21843,45079
118855,45079
42135,45079
4719,45079
289902,45078
211827,45078
192940,45078
232645,45078
211484,45078
22830,45077
283313,45077
52697,45077
259434,45077
294520,45077
168136,45076
42649,45076
257412,45076
275739,45076
74991,45076
245338,45075
13422,45075
221323,45075
162029,45075
273904,45075
264703,45075
246995,45075
223498,45075
164268,45075
279271,45075
11387,45074
232000,45074
6203,45074
272190,45074
82930,45074
1883,45074
38112,45074
295264,45074
211441,45074
159333,45074
245232,45074
2205,45073
200743,45073
10032,45073
263565,45073
48101,45073
40751,45073
203726,45073
147953,45073
143217,45073
228367,45073
256972,45073
39578,45072
138434,45072
260614,45072
168862,45072
177348,45072
1657,45072
204702,45072
272817,45072
69917,45072
233749,45072
237938,45072
210268,45071
218312,45071
163515,45071
201522,45071
238929,45071
255953,45071
290501,45071
8057,45070
241590,45070
158550,45070
223524,45070
109052,45070
13163,45070
143982,45070
192478,45070
284706,45070
41681,45070
247609,45069
124053,45069
135179,45069
15754,45069
156338,45069
185165,45069
115658,45069
233794,45068
5073,45068
166270,45068
21115,45067
278085,45067
266509,45067
248130,45067
249111,45067
88241,45067
84359,45067
240596,45066
280355,45066
271341,45066
224441,45066
276351,45065
2118,45064
217939,45064
8074,45064
155349,45064
170663,45064
222640,45064
233394,45063
12462,45063
36032,45063
13552,45063
8176,45062
50936,45062
29187,45062
203882,45062
215638,45062
2763,45062
187693,45062
295365,45062
294630,45062
135040,45062
238634,45061
43341,45061
268777,45061
169155,45061
77943,45061
272297,45061
69865,45061
20670,45061
2482,45061
112413,45061
279971,45061
11741,45061
141386,45060
257593,45060
233265,45060
186265,45060
6365,45060
160522,45060
86594,45060
279400,45059
273805,45059
155360,45059
250974,45059
284505,45059
260104,45059
233589,45059
281974,45058
258088,45058
294684,45058
265353,45058
174368,45058
201177,45058
711,45057
239644,45057
207063,45057
258627,45057
290685,45057
264102,45056
266316,45056
225152,45056
220901,45056
84882,45056
76243,45055
103368,45055
257374,45055
214671,45055
263431,45055
173120,45055
152318,45055
63773,45055
228090,45055
89205,45055
29066,45055
98422,45055
16352,45055
152726,45055
128290,45054
131335,45054
192544,45054
270307,45054
116152,45054
49645,45054
82033,45053
164150,45053
30302,45053
3973,45053
251463,45053
18598,45053
165130,45053
237791,45052
63919,45052
125665,45052
251726,45052
162202,45052
27035,45052
191632,45052
135986,45052
292883,45051
262964,45051
36790,45051
288418,45051
22775,45051
268665,45051
287778,45051
30720,45050
199,45050
45468,45050
197591,45050
8062,45050
196818,45049
98543,45049
7893,45049
118067,45049
143254,45049
76506,45049
221803,45048
12328,45048
157620,45048
214580,45048
51544,45048
105228,45048
279473,45048
34597,45048
248907,45047
269488,45047
244451,45047
263857,45047
291725,45047
8435,45047
88226,45047
107995,45047
206957,45047
221420,45047
25212,45047
150831,45047
274149,45046
2643,45046
31439,45046
51601,45046
242596,45046
278693,45046
80046,45046
209393,45046
197340,45045
142104,45045
264977,45045
242340,45045
195723,45045
99324,45045
25864,45045
283125,45045
181404,45045
53746,45044
15283,45044
238777,45044
66586,45044
250155,45044
126689,45044
152060,45044
259078,45043
192819,45043
82329,45043
220828,45043
168234,45043
281792,45043
161822,45043
190493,45042
242762,45042
130105,45042
240716,45042
211578,45042
122150,45042
226066,45042
11082,45042
263943,45042
215249,45042
278081,45042
268537,45042
161248,45042
14294,45041
62886,45041
29238,45041
130271,45041
244387,45041
203267,45041
268157,45041
247069,45041
21707,45041
156104,45041
273737,45041
276000,45041
12968,45041
154404,45040
229899,45040
193693,45040
261908,45040
260155,45040
212405,45040
242078,45040
210170,45040
258976,45039
293148,45039
122168,45039
203295,45039
67290,45039
211620,45038
259075,45038
209011,45038
108042,45038
190934,45038
209341,45038
213124,45038
236842,45038
186468,45038
253624,45038
240208,45038
159864,45037
255542,45037
22348,45037
193514,45037
166079,45037
135538,45037
237257,45037
227329,45037
201566,45037
10516,45037
225803,45037
123351,45037
288204,45036
155781,45036
57683,45036
249412,45036
234935,45036
120026,45036
283456,45036
50548,45036
159709,45036
193628,45035
266159,45035
223270,45035
290214,45035
19043,45035
136511,45035
106518,45035
279385,45035
201686,45035
34173,45035
207371,45034
95029,45034
6580,45034
21822,45034
259760,45034
90930,45034
209562,45034
269148,45034
6753,45033
89524,45033
216787,45033
262564,45033
31757,45033
17848,45033
247653,45033
21856,45032
106460,45032
278783,45032
208158,45032
244097,45032
61388,45031
126445,45031
68328,45031
35170,45031
291423,45031
8834,45031
11346,45031
178918,45031
163088,45030
71866,45030
110670,45030
141661,45030
20509,45030
266043,45029
272195,45029
85816,45029
176310,45029
222073,45029
64485,45029
228399,45029
243881,45029
29622,45029
74792,45028
260152,45028
166353,45028
255449,45028
126926,45028
277927,45028
158980,45028
256361,45028
73007,45027
96408,45027
17669,45027
284081,45027
70533,45027
168465,45026
275058,45026
291454,45026
234430,45026
65143,45025
49301,45025
163410,45025
266752,45025
116713,45025
48797,45025
105595,45025
16417,45025
118204,45025
128930,45024
279779,45024
21993,45024
79656,45024
33317,45024
220596,45024
114894,45024
2976,45024
268920,45024
221106,45023
234699,45023
88113,45023
3285,45023
165911,45023
648,45022
194339,45022
157908,45022
264905,45021
2597,45021
250907,45021
283289,45020
288240,45020
275609,45020
242829,45020
83016,45020
278607,45020
184264,45020
15691,45019
253153,45019
251051,45019
125407,45019
235122,45019
9668,45019
193772,45019
284447,45019
201332,45018
52164,45018
120611,45018
146387,45018
284173,45018
207352,45018
231806,45018
252046,45018
293827,45017
194439,45017
45589,45017
189576,45017
25854,45017
150881,45017
3560,45017
166356,45017
81464,45017
294104,45017
273091,45017
71958,45017
114839,45017
46450,45016
287133,45016
6442,45016
283992,45016
258557,45016
141499,45016
203345,45016
247943,45016
208067,45016
30057,45016
265489,45016
156409,45015
285335,45015
29291,45015
184030,45015
208810,45015
231862,45014
230932,45014
115647,45014
161408,45014
3354,45014
19701,45014
57585,45014
138947,45014
179507,45013
133189,45013
49181,45013
224827,45013
195378,45013
218620,45013
28140,45013
73186,45013
213428,45013
140146,45013
254425,45013
91639,45012
235003,45012
242355,45012
27983,45012
75422,45012
51537,45011
206517,45011
55320,45011
127144,45011
227436,45011
32539,45011
146228,45011
97836,45010
209559,45010
72165,45010
216067,45010
139999,45010
268879,45010
5810,45009
289946,45009
16459,45009
1126,45009
257834,45009
36413,45009
13247,45009
287688,45009
106492,45008
1300,45008
198346,45008
93820,45008
296155,45008
89251,45008
241316,45008
117670,45008
279739,45008
211448,45008
296357,45008
205027,45007
272052,45007
204586,45007
281216,45007
268993,45007
205435,45006
24111,45006
163642,45006
262843,45006
244580,45006
3201,45006
222086,45006
135289,45006
283915,45006
223428,45006
55394,45005
126328,45005
230340,45005
8113,45005
63048,45005
221391,45005
215908,45005
206003,45005
167953,45005
104816,45004
14160,45004
212840,45004
203843,45004
10271,45004
214425,45004
225518,45004
271025,45004
93048,45004
254549,45003
13366,45003
248226,45003
170927,45003
163771,45003
10636,45003
117248,45003
172648,45003
243333,45003
193205,45003
53438,45002
163513,45002
14654,45002
256688,45002
263380,45002
283354,45001
92547,45001
255307,45001
986,45001
270276,45001
129874,45001
169137,45001
296140,45001
198672,45001
152587,45001
286338,45001
72470,45001
62577,45000
272046,45000
176963,45000
245455,45000
244266,45000
188636,45000
172049,45000
202255,44999
263618,44999
265281,44999
2100,44999
221992,44999
267495,44999
204806,44999
187603,44999
267377,44998
9853,44998
163144,44998
99078,44998
1571,44998
112339,44998
269146,44998
871,44998
278128,44998
293043,44998
242850,44997
180351,44997
241153,44997
289492,44997
25061,44997
232696,44997
31101,44997
60194,44997
20308,44997
267642,44997
152076,44997
269749,44997
10323,44996
251240,44996
79720,44996
115077,44996
60286,44996
177599,44996
234864,44996
222103,44996
37666,44996
91361,44996
270950,44995
88408,44995
259795,44995
108105,44995
201538,44995
234489,44995
1595,44995
10066,44995
199702,44995
13657,44995
176265,44994
174447,44994
284114,44994
236218,44993
181381,44993
139313,44993
54036,44993
193408,44993
205095,44993
261718,44992
144822,44992
803,44992
265096,44992
159212,44992
244681,44992
200889,44992
244779,44992
243561,44991
29977,44991
217377,44991
139685,44991
2385,44991
84084,44991
96955,44991
272823,44990
32150,44990
290200,44990
260992,44990
266101,44990
160451,44990
103520,44990
195114,44990
22066,44990
229190,44990
70784,44990
123657,44989
282317,44989
131832,44989
93197,44989
76879,44989
223168,44989
148864,44989
287533,44989
203457,44989
169895,44989
185229,44988
22859,44988
33401,44988
88567,44988
24781,44988
279738,44987
241342,44987
253757,44987
5461,44987
191115,44987
197494,44987
29967,44987
231238,44987
94812,44987
710,44987
137807,44986
5736,44986
548,44986
30965,44986
21408,44986
281619,44986
233338,44986
19953,44985
304,44985
259617,44985
38989,44985
244657,44985
265323,44985
12492,44985
279183,44985
271632,44985
164214,44985
165329,44985
293118,44985
271168,44985
9873,44984
19723,44984
195792,44984
92366,44984
233135,44984
6449,44984
279879,44984
31059,44983
205327,44983
278177,44983
198321,44983
159003,44983
440,44983
160455,44983
205620,44983
260806,44983
133215,44982
19010,44982
59014,44982
218930,44982
148056,44981
148830,44981
167747,44981
146099,44981
193347,44981
22195,44981
230991,44981
202846,44981
204020,44981
187398,44981
130210,44980
259548,44980
101732,44980
55373,44980
126106,44980
252526,44980
10523,44979
218964,44979
295633,44979
169190,44979
80388,44979
93893,44979
173608,44979
202741,44979
235955,44978
172157,44978
185004,44978
291089,44978
261107,44978
19685,44978
41118,44978
24156,44978
248533,44977
198557,44977
193425,44977
25409,44977
218842,44977
294660,44977
245483,44977
188104,44977
175917,44977
38096,44977
14503,44977
212254,44977
234683,44977
77634,44977
269172,44977
182326,44977
70235,44977
227631,44977
24087,44976
191222,44976
21185,44976
229320,44976
48056,44976
267919,44976
278588,44976
