1757,100000
15481,58469
20070,53412
9177,52752
126687,51972
2791,51612
6788,51329
247637,50381
3222,49674
136407,49622
22795,49248
24346,49029
35449,49025
50193,48892
125194,48816
17274,48751
821,48748
1680,48692
2258,48638
21466,48619
38851,48612
7312,48452
73436,48449
9796,48244
3735,48213
9364,48187
5214,48155
20353,48125
5774,48089
11998,48083
107363,48031
30154,47992
22551,47877
123920,47852
284174,47846
288835,47826
18972,47791
295999,47786
37969,47740
223,47712
214907,47693
11569,47691
24318,47688
90389,47676
11459,47654
2187,47643
9965,47641
223898,47617
104,47592
18054,47565
51837,47564
117142,47518
81082,47508
117506,47485
210296,47474
218526,47428
119287,47424
15490,47387
203543,47384
222417,47383
43147,47370
161884,47360
138632,47351
38634,47343
275644,47336
221280,47332
168,47331
211100,47331
72527,47323
119718,47320
11140,47314
140380,47305
239382,47304
269068,47303
139,47301
1071,47291
6001,47288
223748,47288
199693,47272
244506,47269
140219,47269
143,47266
181271,47264
19288,47260
31548,47256
235642,47248
202043,47247
131622,47244
257179,47243
73797,47239
54559,47230
5661,47230
225069,47230
20616,47226
135163,47217
277850,47205
15063,47184
7651,47182
16138,47180
197600,47173
9625,47170
22213,47169
280432,47168
100405,47142
212143,47130
112982,47130
274871,47127
5923,47123
122680,47121
275323,47114
254081,47109
287321,47103
260500,47099
192507,47096
212663,47093
267635,47092
161244,47090
19993,47090
232256,47087
91713,47082
251036,47079
256999,47065
15458,47061
122705,47060
277028,47053
266459,47051
278214,47042
145985,47033
85186,47032
290970,47032
141742,47025
117,47023
192390,47018
2957,47017
287978,47013
2827,47013
235670,47002
19431,47000
266004,46997
77930,46996
16014,46988
83147,46982
262,46971
27567,46971
77830,46971
242179,46967
547,46965
240146,46961
148345,46952
249653,46952
75643,46942
125915,46931
288618,46929
111167,46924
253514,46922
246614,46921
269018,46921
75853,46917
31367,46914
290656,46913
24907,46910
81,46902
291321,46898
252093,46892
25278,46878
13595,46875
168526,46860
12638,46858
52919,46855
189894,46852
2556,46850
228835,46849
110323,46848
122643,46846
28541,46846
94118,46845
437,46837
296158,46834
3062,46830
219465,46828
91722,46821
145767,46818
11497,46816
40098,46812
74624,46812
117015,46804
65306,46802
175637,46799
224168,46797
253170,46796
198962,46786
54192,46786
141728,46785
35086,46777
699,46771
182820,46769
17420,46761
57249,46755
29470,46749
172432,46746
183800,46746
43457,46745
292111,46742
70,46740
128783,46736
50104,46732
285790,46730
33986,46730
170053,46728
165092,46726
211973,46720
185563,46720
251867,46719
278205,46718
293474,46715
588,46714
3847,46713
230901,46711
269781,46710
115733,46709
120818,46705
295089,46700
110383,46700
182940,46698
206279,46696
9641,46694
218118,46693
201993,46689
228904,46685
57193,46683
103712,46681
49588,46681
32387,46679
253013,46677
171776,46673
24571,46670
288189,46669
294798,46669
303,46667
22290,46665
103,46664
281932,46661
27383,46658
88593,46656
290804,46654
89481,46653
176230,46652
218879,46649
514,46648
190707,46645
46899,46640
275584,46640
193232,46638
157002,46636
26797,46633
268114,46632
180927,46631
216306,46631
212411,46629
263567,46625
292003,46623
230540,46622
202632,46622
217561,46621
259856,46620
9144,46619
188611,46618
220768,46611
122,46608
56658,46608
185085,46604
283348,46603
10072,46602
98,46601
30685,46599
485,46596
44877,46596
186237,46595
522,46595
454,46590
144632,46586
507,46584
248911,46584
66120,46579
250613,46578
205219,46576
237995,46572
284487,46572
369,46572
137299,46571
3319,46568
73,46566
292314,46566
56285,46564
292745,46563
81605,46562
276312,46561
245560,46560
224740,46559
99,46557
13586,46557
263154,46556
86516,46553
43138,46548
247905,46547
17196,46542
11286,46541
139806,46537
290594,46534
96071,46532
244833,46531
166749,46530
266103,46530
254067,46530
22258,46530
111282,46528
257852,46528
270550,46525
164260,46524
253376,46522
21455,46522
230545,46520
81525,46520
263702,46520
187948,46517
180259,46516
5202,46513
83,46512
248495,46512
133452,46511
196654,46510
171949,46510
106307,46509
19009,46507
143235,46504
234805,46502
246752,46502
226037,46502
276033,46501
260362,46500
28166,46500
244736,46500
98136,46497
294646,46496
97866,46496
215579,46496
238272,46496
150150,46493
109241,46486
137477,46485
187164,46484
32567,46484
221574,46484
24992,46484
267961,46483
32662,46482
236108,46481
104663,46477
42232,46476
290207,46476
66946,46474
295304,46472
40156,46472
262832,46470
235964,46470
89210,46470
162010,46470
247237,46470
8577,46467
211057,46466
245931,46464
165916,46459
148809,46459
235974,46458
204384,46458
140867,46456
209674,46454
19481,46454
285841,46453
265853,46453
232832,46451
199233,46450
8326,46450
13217,46449
84,46444
261391,46443
25679,46443
456,46442
261525,46440
34008,46440
21266,46440
55720,46434
234748,46432
28876,46430
116168,46430
130181,46429
73420,46424
79607,46423
49407,46421
288003,46421
229448,46421
23923,46421
734,46419
284103,46416
101464,46413
292971,46410
201404,46408
231779,46408
231755,46407
175076,46407
198713,46406
210627,46406
220223,46406
255691,46404
154648,46400
6488,46399
199221,46399
278264,46399
221025,46398
216935,46398
191871,46396
98321,46396
234,46396
174,46396
293151,46392
212146,46389
293246,46387
36496,46385
123205,46384
42054,46382
253971,46382
158387,46381
261139,46381
209455,46380
113037,46379
274347,46378
27798,46376
5934,46375
88136,46374
157783,46374
16978,46373
5566,46373
33543,46373
52193,46371
16327,46371
241833,46370
107997,46368
227279,46367
70953,46367
132954,46366
272720,46366
33312,46363
268117,46363
268988,46361
82,46360
229481,46359
82760,46359
288947,46356
137,46356
31387,46355
180143,46354
93361,46354
235486,46351
155517,46349
32919,46347
166546,46340
260001,46338
268106,46337
82028,46330
78395,46330
206128,46329
76766,46327
151822,46326
41975,46326
237171,46325
185292,46325
196923,46325
233054,46320
148587,46319
272493,46319
261256,46318
116187,46317
222,46317
288424,46311
159791,46310
72626,46309
253253,46306
300,46306
202996,46306
58155,46304
258072,46303
282262,46303
205664,46302
42424,46302
256700,46301
190617,46301
237423,46299
269925,46297
173374,46296
274387,46295
249354,46295
199210,46293
289188,46293
21246,46293
226496,46292
58501,46292
26954,46291
276918,46289
246496,46287
293096,46285
224982,46284
142952,46283
65710,46281
97646,46281
220553,46279
23627,46275
149005,46274
233326,46269
209353,46267
277101,46266
1863,46266
81451,46266
166911,46266
212187,46264
254280,46264
271127,46262
11094,46262
19020,46261
69621,46260
285406,46258
224100,46257
266780,46255
248058,46255
198987,46254
113699,46254
210613,46254
289371,46253
274027,46251
280576,46251
173460,46249
3048,46249
216237,46249
247498,46248
29025,46246
199979,46245
267634,46245
255889,46245
828,46244
269501,46244
295844,46243
23949,46241
114386,46241
296,46241
136982,46240
257770,46239
284984,46236
166574,46236
52783,46234
187162,46234
211439,46233
209738,46232
264179,46231
177178,46230
147248,46229
122941,46228
262208,46228
292222,46227
175352,46227
250294,46227
35655,46226
274631,46224
5725,46224
29297,46224
271712,46223
219992,46221
280415,46219
240825,46218
27047,46216
317,46216
223408,46216
196360,46215
228133,46215
36975,46215
27056,46214
22341,46212
279888,46210
250296,46208
125910,46207
208864,46204
7389,46202
191571,46200
219427,46200
44867,46198
201453,46196
288801,46195
9817,46192
26873,46192
15491,46189
283241,46187
87095,46187
85,46186
53175,46186
2040,46186
82172,46185
285745,46185
14332,46185
207603,46184
163,46183
288285,46180
271507,46180
196130,46180
190434,46180
124,46178
112334,46177
37560,46175
289908,46173
229289,46172
266445,46171
262636,46171
263438,46171
226121,46171
203703,46170
65365,46170
230731,46168
238834,46167
240770,46167
1711,46166
182746,46166
60611,46166
281789,46166
257268,46166
231576,46165
286500,46164
80137,46164
253421,46163
122816,46161
281642,46160
156878,46160
161005,46159
252039,46156
284124,46155
207027,46154
131423,46152
40433,46151
233487,46151
218372,46151
144162,46150
248434,46149
49475,46148
254030,46148
278369,46144
238654,46144
118207,46142
20803,46142
218183,46142
243360,46141
235335,46141
151066,46140
287183,46140
276096,46140
189409,46139
93430,46138
8082,46138
206392,46137
224391,46134
205814,46133
276050,46132
233898,46132
156352,46132
276054,46131
180162,46131
130977,46131
27576,46129
244382,46126
282265,46124
5199,46123
98234,46122
131928,46122
15426,46121
96,46121
139704,46120
230485,46119
220117,46118
118723,46116
206006,46116
181973,46114
276066,46113
28494,46112
242130,46112
9602,46108
234639,46106
295541,46105
244313,46105
269279,46103
213012,46102
200772,46101
217237,46101
277798,46101
33614,46101
285468,46101
21413,46100
291882,46100
9041,46099
19036,46098
239934,46096
220868,46096
156282,46094
293213,46094
69141,46091
185438,46090
184380,46090
266173,46087
45492,46087
255601,46087
95779,46086
275264,46086
258742,46086
119126,46086
43975,46085
228654,46084
165942,46084
250622,46083
280556,46082
276551,46082
280500,46082
162374,46082
218907,46079
78731,46079
267974,46078
155518,46078
260211,46078
289779,46077
260140,46077
71025,46076
178084,46074
79029,46073
186359,46073
165687,46071
3472,46070
223515,46070
24567,46069
204653,46067
217668,46066
225737,46065
186783,46064
68186,46064
169026,46064
279087,46063
247993,46063
6259,46062
52339,46061
207764,46061
253917,46061
87290,46060
40150,46060
7218,46060
270227,46059
290833,46059
163277,46059
178521,46059
233913,46058
79814,46058
88715,46058
40947,46057
296347,46056
203074,46056
209249,46056
174908,46055
222777,46055
189743,46055
258833,46054
281341,46053
112860,46052
231082,46052
268705,46051
288897,46049
118171,46049
247112,46048
269104,46048
81015,46043
77163,46043
15196,46042
207359,46039
65058,46039
286604,46038
76548,46035
33927,46035
42566,46034
166118,46034
260865,46033
181855,46033
195135,46032
238015,46030
270337,46030
288918,46028
253802,46027
47272,46022
77928,46021
239280,46020
193812,46018
9216,46018
30396,46017
195798,46017
4374,46017
239094,46016
225786,46015
34559,46014
105720,46014
181513,46014
108078,46013
177084,46011
235501,46011
96937,46009
255040,46009
44794,46007
88168,46006
82217,46006
134832,46006
219898,46004
58017,46004
262018,46002
194212,46001
231435,46001
73609,46001
290872,46000
1068,46000
182965,45999
24224,45998
56143,45997
185143,45996
33669,45995
264982,45994
36250,45994
279,45993
158894,45992
124182,45992
4091,45991
95213,45991
126009,45989
167491,45987
280,45987
245008,45987
1347,45986
132217,45985
246654,45984
18033,45984
2889,45984
47535,45983
2641,45982
295004,45982
149860,45981
127732,45980
233083,45979
60466,45979
220886,45978
52415,45978
78276,45977
286612,45977
22697,45976
220089,45975
234830,45975
158331,45975
21526,45974
247897,45971
281719,45970
278892,45970
272538,45969
79224,45969
282558,45968
156540,45967
82718,45967
249308,45966
202606,45965
292432,45963
40365,45963
53296,45962
223631,45961
229490,45961
204649,45960
203838,45960
245346,45959
77716,45959
139264,45959
245710,45959
52,45958
289759,45957
13812,45956
39500,45955
184228,45955
248303,45953
295375,45953
25034,45952
1022,45951
5335,45949
140249,45949
67721,45948
243407,45948
272754,45947
200585,45946
71464,45946
186798,45945
106511,45945
272070,45945
135784,45945
73375,45945
91825,45944
269682,45942
120691,45941
29438,45940
287179,45938
207548,45937
282551,45936
184006,45934
81985,45933
38357,45932
271236,45932
126385,45932
242735,45931
213003,45930
148519,45930
89910,45930
211582,45930
284451,45930
293507,45929
65316,45928
275054,45928
180341,45927
287063,45926
183813,45925
115253,45925
130240,45923
190737,45923
88087,45923
232014,45923
115354,45923
123760,45922
200925,45922
164937,45922
168379,45921
182977,45920
192300,45920
182216,45919
239288,45919
253111,45919
286334,45918
150306,45918
277577,45917
185242,45917
169376,45917
280203,45917
289746,45915
259041,45915
263501,45914
258,45914
152953,45910
263258,45910
137253,45908
215871,45907
176668,45906
19163,45905
279079,45904
277716,45904
261902,45903
2670,45903
65039,45903
54738,45903
3897,45902
133474,45902
267698,45901
264977,45901
289370,45901
228747,45900
243359,45900
257942,45900
217472,45899
294589,45898
42746,45898
210329,45895
26348,45892
169980,45892
21211,45887
23121,45886
179664,45885
79,45884
183046,45884
288428,45884
36873,45884
159123,45883
179389,45883
181641,45882
25465,45882
91363,45882
294,45881
229598,45880
156124,45880
159744,45880
260497,45880
180539,45878
166135,45878
109675,45877
20407,45876
226491,45876
206121,45875
219031,45874
43453,45874
43818,45874
224258,45872
42063,45871
146,45870
280960,45870
76916,45870
275415,45869
290998,45869
226360,45869
276253,45869
294264,45868
91093,45868
143697,45865
244042,45864
257168,45864
124810,45863
259821,45863
544,45863
12607,45863
251353,45863
195198,45862
191829,45861
133437,45860
164191,45860
970,45859
241766,45857
92920,45857
168383,45856
176418,45855
255403,45854
141706,45854
160376,45853
202786,45853
37598,45852
293396,45852
83813,45851
104105,45849
182333,45848
181755,45847
238996,45846
4108,45846
279908,45845
210409,45845
270059,45844
262692,45843
93702,45842
7898,45842
219851,45842
179121,45841
155311,45841
251,45841
264369,45840
119118,45838
177452,45838
93382,45838
175192,45837
16781,45836
1506,45835
261961,45834
257443,45834
235355,45834
278698,45834
219236,45833
355,45832
230506,45832
117915,45831
294402,45830
276413,45830
280241,45829
100614,45829
242335,45829
225934,45829
33379,45828
173330,45828
77901,45827
266699,45827
1485,45826
213546,45826
178449,45826
262741,45826
43963,45826
110346,45825
149822,45825
278942,45825
252651,45825
280400,45823
227837,45823
181993,45823
203607,45822
167517,45822
66756,45821
112910,45820
107467,45819
119882,45819
239392,45819
32453,45818
8255,45814
228093,45814
133111,45814
47371,45813
60602,45813
177303,45813
225744,45813
286434,45813
89442,45812
86113,45812
195555,45812
93012,45812
98935,45812
51618,45812
207617,45812
81864,45811
11754,45811
192505,45809
31454,45809
66040,45809
14376,45808
49659,45806
18351,45806
96130,45805
287403,45804
262371,45804
43996,45803
83008,45803
148075,45803
296209,45803
255145,45803
220134,45802
16892,45802
34045,45802
278598,45801
258226,45801
206131,45801
9165,45801
200262,45800
131223,45800
152748,45800
274981,45800
180385,45800
286461,45800
275567,45799
168257,45798
78185,45797
210024,45796
253183,45795
184105,45794
272003,45793
26493,45793
26135,45793
256579,45793
272990,45792
264157,45792
117622,45791
295542,45791
189928,45791
82971,45791
160989,45790
189839,45790
243952,45790
43039,45790
4933,45789
287941,45788
226228,45788
248422,45787
185501,45786
5852,45785
257046,45785
71072,45785
137459,45785
62084,45785
157172,45783
124322,45782
278498,45781
295374,45781
160389,45781
238121,45780
258374,45780
187704,45780
94764,45779
268299,45779
211969,45778
70696,45777
260515,45777
84952,45776
255933,45776
231508,45776
274419,45775
77890,45775
106300,45774
218857,45774
12821,45774
249956,45773
96010,45772
139088,45772
290865,45772
200048,45771
54309,45769
289456,45769
204648,45769
211500,45769
116806,45768
218893,45768
137886,45767
265446,45767
241751,45767
271245,45765
280354,45765
21594,45764
281668,45762
241865,45762
219126,45761
245776,45761
295565,45760
129204,45760
267297,45759
90836,45759
63689,45758
510,45758
230282,45757
134808,45756
5776,45756
210910,45756
110281,45754
281123,45754
12730,45753
284768,45753
259008,45752
176091,45750
247328,45750
242923,45750
132281,45750
250661,45749
120049,45749
2816,45748
236475,45748
139696,45747
277289,45747
178146,45746
86780,45746
242990,45746
277459,45746
182355,45746
281252,45745
222428,45745
43882,45745
80806,45744
2082,45744
264159,45743
287316,45743
270287,45743
214455,45742
236635,45742
222919,45741
272068,45741
185243,45741
186418,45741
263799,45741
255851,45740
149161,45740
91806,45740
205925,45739
211129,45739
189775,45739
272861,45738
196524,45738
253387,45738
9549,45738
225585,45737
219464,45737
283699,45735
166814,45735
10504,45735
223751,45734
150480,45733
248216,45733
273010,45733
60093,45733
269446,45732
90859,45732
280434,45731
2261,45729
8511,45728
209423,45728
117199,45727
276992,45727
88833,45727
175552,45727
69537,45726
63858,45726
34834,45726
279430,45726
258487,45726
293539,45726
224618,45725
64956,45725
290795,45724
163606,45724
68536,45724
166573,45724
228825,45723
192993,45723
175127,45722
205195,45722
241152,45721
111691,45721
67189,45720
252053,45720
161693,45719
45809,45719
251242,45718
292040,45718
148568,45718
224918,45718
280997,45718
165051,45718
251986,45717
228879,45717
32574,45717
64837,45716
156406,45716
205641,45715
67394,45715
217882,45714
174998,45714
34095,45714
161361,45714
227724,45714
99909,45713
75682,45712
138908,45712
137457,45711
287888,45710
83633,45709
164169,45708
285046,45707
61784,45707
67166,45706
138369,45706
275196,45706
17689,45705
228149,45705
184950,45705
279739,45704
270054,45704
70761,45704
211900,45704
289631,45704
268952,45702
207680,45701
115137,45700
163579,45700
278245,45700
241274,45699
191619,45698
290589,45698
83601,45698
184689,45697
278464,45696
261473,45695
211289,45695
146413,45695
13317,45695
277909,45694
116242,45694
157814,45694
257453,45693
11198,45693
201555,45692
233102,45692
184727,45691
140,45691
90556,45691
7691,45689
22833,45689
190403,45688
128719,45688
248843,45688
108549,45687
13981,45685
134842,45685
165279,45684
272611,45683
258274,45683
203437,45683
185067,45682
176994,45682
29415,45682
281194,45680
201347,45680
291841,45680
294944,45678
197259,45678
5862,45678
251526,45677
178127,45676
106725,45675
71554,45675
196616,45675
294848,45674
276320,45674
208523,45673
65431,45672
50263,45671
256892,45671
272814,45670
114803,45670
288541,45669
176629,45668
84448,45663
269215,45663
259238,45662
284971,45661
174248,45661
37609,45660
12571,45660
187040,45660
89613,45660
14014,45659
292278,45659
124485,45658
276535,45658
52499,45658
176294,45657
201222,45657
90642,45656
253635,45656
2910,45655
208852,45655
168255,45654
261494,45653
71294,45653
218944,45653
138004,45652
263579,45652
121518,45651
102974,45651
287923,45650
178035,45650
200943,45650
20275,45650
75178,45648
178606,45647
18852,45647
266958,45646
202426,45645
268945,45645
182866,45644
152936,45643
267953,45643
105340,45643
56132,45642
44060,45641
177894,45640
137552,45640
245037,45639
289120,45639
293573,45639
4573,45639
144574,45638
104313,45638
277718,45638
209034,45637
150075,45637
8784,45636
242817,45636
16207,45636
245662,45635
115598,45635
179034,45634
265562,45634
235192,45634
136949,45634
293005,45634
260026,45633
50507,45633
177239,45633
169194,45633
271924,45632
286656,45632
209012,45632
267198,45631
82820,45631
203394,45631
90837,45631
148693,45631
29867,45629
195183,45629
11047,45629
260350,45628
214585,45628
134363,45627
247974,45627
217501,45627
198329,45626
236611,45626
109494,45626
272309,45625
213700,45624
2460,45624
262155,45624
210387,45624
223572,45623
282310,45623
436,45622
79204,45622
267553,45621
62137,45621
217626,45620
250672,45620
258874,45620
285544,45619
118314,45619
242566,45619
48343,45619
204049,45619
83307,45618
14621,45616
69536,45616
141797,45614
19525,45614
192239,45614
277082,45614
198556,45614
98187,45613
170014,45612
219194,45612
145819,45612
137086,45611
214842,45611
167682,45611
223563,45610
163446,45610
245203,45609
171069,45609
104889,45608
269645,45608
121301,45607
229855,45607
81263,45607
175848,45607
205971,45607
214632,45606
15399,45606
101876,45605
130900,45605
129337,45605
282485,45604
258810,45604
242828,45602
257383,45602
118303,45602
284536,45601
239273,45600
197334,45600
258973,45599
88602,45599
50785,45598
197591,45598
159866,45598
183535,45598
169637,45598
45180,45597
47795,45597
140594,45596
293682,45596
66438,45594
281160,45594
249395,45593
93246,45593
126942,45593
269988,45591
259804,45590
127462,45590
146284,45589
277589,45589
162579,45589
14469,45588
243622,45588
242716,45588
169260,45588
86697,45588
201473,45586
275749,45586
129968,45585
33631,45585
289818,45585
289427,45585
294203,45584
9377,45584
11525,45584
266148,45584
225693,45583
194937,45583
149063,45583
176193,45582
269094,45582
213694,45582
43380,45581
69323,45581
180873,45581
190234,45581
98631,45581
179688,45580
181093,45580
40521,45580
134702,45580
231332,45580
133936,45579
254392,45579
7424,45579
199732,45579
27996,45578
78782,45577
194074,45577
8937,45577
264968,45577
225669,45576
44423,45576
14338,45576
256107,45576
203361,45576
140711,45576
282632,45575
215978,45575
255474,45575
34347,45575
559,45574
68941,45574
51479,45574
182770,45572
296445,45572
173337,45572
214033,45572
38470,45571
6524,45570
294246,45570
120999,45569
230968,45569
218,45569
223508,45568
162483,45568
243763,45568
89924,45568
257159,45567
296130,45566
295918,45565
278486,45565
271152,45565
292140,45565
220071,45565
219692,45564
201120,45564
159674,45564
223044,45564
277399,45564
237964,45563
241366,45562
41897,45562
280728,45562
233179,45562
284069,45562
246469,45561
251218,45560
225270,45559
292393,45559
245322,45559
252189,45558
269958,45558
128167,45558
117210,45557
98849,45557
19636,45556
289690,45556
243513,45556
286068,45555
279645,45555
180014,45555
70884,45555
191566,45555
97353,45554
59814,45554
186990,45554
210225,45553
112683,45552
271434,45552
276695,45552
197208,45552
214896,45552
235763,45552
150727,45551
204996,45551
46572,45551
204860,45550
21319,45550
241528,45550
191561,45548
196078,45548
292453,45548
288586,45548
151951,45548
226713,45547
173875,45546
246774,45546
210125,45546
273058,45546
30326,45546
232051,45544
289499,45544
271777,45544
245424,45544
218757,45543
268319,45543
268946,45543
235491,45542
200988,45542
187765,45541
164145,45540
262958,45540
167787,45540
114064,45540
285491,45540
235591,45539
171092,45539
194697,45539
148661,45539
183519,45539
285260,45539
206441,45539
194658,45538
255992,45537
220613,45537
10951,45537
104756,45536
11725,45535
5471,45535
68769,45534
80235,45534
253043,45534
9690,45534
278159,45533
163668,45533
9519,45533
265566,45533
149865,45532
234940,45532
25947,45531
107601,45531
183974,45531
222209,45531
83773,45530
47230,45530
108218,45529
131525,45529
78656,45529
85951,45528
183767,45528
275355,45528
105534,45528
97419,45526
261672,45526
217749,45526
126553,45526
233533,45526
279631,45526
294626,45526
267840,45526
135962,45526
153144,45525
195095,45525
195941,45525
238721,45524
276461,45524
129439,45524
294059,45524
70624,45524
90156,45523
227118,45523
2501,45523
124273,45523
88401,45522
173137,45522
195212,45522
254035,45521
89206,45521
208493,45521
133198,45520
164489,45520
295145,45520
942,45519
199870,45519
105333,45519
247802,45519
17185,45519
61880,45518
235366,45518
140316,45518
34884,45517
118136,45517
162321,45517
350,45516
156205,45516
287786,45516
252869,45516
285313,45515
155894,45515
197006,45515
261648,45515
80612,45513
255975,45513
227883,45513
249003,45512
123076,45512
269704,45512
107270,45511
287075,45511
30445,45511
1714,45511
204263,45510
260538,45510
282403,45510
88638,45510
73025,45509
139484,45509
219039,45509
256881,45509
267660,45509
273642,45509
142827,45509
148546,45509
133693,45508
185532,45508
19632,45508
1564,45508
182645,45508
236285,45508
205026,45508
128442,45508
204981,45507
285004,45507
280897,45507
157609,45507
221963,45507
287132,45507
5691,45506
192688,45506
281737,45505
53127,45505
16777,45505
67736,45505
4019,45504
157125,45504
245432,45504
286174,45504
82021,45503
221026,45502
295384,45502
147667,45502
54201,45501
173074,45500
205140,45500
272674,45500
181574,45500
257124,45499
148294,45499
251113,45499
196731,45498
143912,45498
206711,45498
277974,45497
178553,45497
288180,45497
243233,45497
262302,45497
167555,45497
21105,45497
62591,45496
251886,45495
54812,45495
271196,45495
227147,45494
253,45494
155685,45494
222272,45494
265986,45493
132249,45493
255602,45493
294565,45492
293485,45491
138998,45490
124548,45490
206756,45489
274972,45489
15091,45489
156998,45488
80509,45488
100943,45488
10474,45488
158247,45488
95936,45488
178918,45487
153326,45487
170839,45487
202835,45486
283531,45486
63866,45486
270857,45486
255533,45485
112314,45485
282367,45484
23905,45484
55396,45484
225567,45483
245495,45483
212077,45483
244904,45482
272913,45482
284481,45482
273163,45481
272874,45480
207410,45480
129378,45479
246902,45479
175753,45479
295483,45478
277080,45478
142907,45478
260895,45478
292581,45477
4892,45477
266254,45477
11070,45477
130678,45477
261064,45476
244166,45476
278263,45476
17591,45476
212661,45476
259304,45475
197412,45475
158558,45475
134613,45475
223734,45475
222220,45474
185012,45474
229989,45474
147070,45474
253913,45473
275125,45473
228490,45472
292146,45472
106031,45472
267898,45471
228170,45471
217635,45471
213013,45470
262956,45470
251406,45470
292940,45469
138364,45469
270028,45469
262735,45469
213818,45468
246483,45468
295934,45467
69112,45467
156403,45467
267365,45467
258857,45466
15326,45465
259321,45465
207894,45465
81226,45465
277231,45464
86991,45464
18673,45464
262580,45464
98522,45464
54331,45464
265524,45463
192498,45462
150709,45462
59461,45461
266142,45461
68934,45461
128882,45460
130428,45459
71609,45459
72,45459
160557,45459
98769,45459
165374,45458
58029,45458
280597,45458
130462,45458
247970,45458
178782,45458
110079,45457
291374,45457
237041,45457
49400,45457
285139,45456
169422,45456
282718,45456
249810,45456
16093,45455
82528,45455
121013,45455
136303,45455
21783,45455
77921,45455
136118,45454
36174,45454
33753,45454
13405,45454
256449,45454
261929,45453
246034,45452
258542,45452
281656,45452
150280,45452
278908,45451
35845,45451
283228,45451
185072,45451
194081,45450
117461,45450
101256,45449
267781,45448
285,45448
259262,45448
227,45447
245185,45447
66935,45446
213312,45446
280752,45446
292944,45445
10881,45445
177697,45445
146845,45445
283092,45444
241026,45444
216121,45444
204834,45444
236155,45444
124120,45444
203459,45443
232112,45443
50923,45442
41134,45442
271623,45442
234324,45442
93614,45441
250781,45441
218173,45441
93575,45441
198696,45440
178804,45438
240857,45438
224796,45437
117181,45437
227538,45436
218438,45436
207375,45436
208062,45436
165438,45435
164228,45435
179102,45435
30305,45435
274326,45435
251784,45434
3044,45434
1627,45433
258982,45433
78588,45433
24049,45432
205191,45432
34498,45432
112036,45431
259241,45431
76,45431
202589,45430
54370,45430
230214,45430
147806,45429
200325,45428
203533,45428
28914,45428
264991,45428
274154,45428
10406,45428
294553,45428
44927,45427
279156,45427
9585,45427
20686,45427
245238,45427
122361,45427
271112,45427
267090,45426
64646,45426
114202,45426
283710,45426
234137,45425
293720,45425
257955,45425
171080,45425
137269,45424
292070,45424
919,45424
139058,45424
38309,45424
150388,45422
9904,45422
290014,45422
90776,45421
248739,45421
227318,45421
69119,45420
52438,45420
111211,45420
1016,45420
119968,45420
16323,45420
172640,45419
247180,45419
270269,45418
39076,45418
210680,45417
269629,45417
246208,45416
237557,45416
56117,45416
274593,45416
627,45416
80331,45416
265495,45416
284385,45416
224029,45415
145023,45415
51602,45415
236135,45415
279146,45414
187359,45414
247012,45414
62145,45414
55357,45413
49377,45413
9908,45413
262430,45413
192358,45413
66650,45412
82880,45412
237531,45412
252401,45412
150162,45411
295391,45411
9133,45411
220330,45411
277036,45411
183150,45411
146019,45411
5953,45411
278923,45411
145556,45410
86168,45410
31513,45410
123413,45409
184609,45408
188710,45408
285524,45407
281197,45407
98880,45406
121582,45406
23110,45406
204073,45406
265080,45405
173017,45405
274491,45405
154567,45404
243982,45404
243419,45403
262598,45403
49975,45403
256789,45403
86091,45402
6806,45402
146929,45402
216575,45402
265161,45402
8027,45402
241186,45401
90374,45401
282239,45401
185451,45401
138141,45401
79484,45400
82136,45399
272761,45399
221088,45398
241782,45398
8598,45398
1124,45398
195214,45398
2676,45398
160056,45398
133107,45397
142290,45397
197577,45397
7157,45396
272397,45395
238170,45395
79018,45395
21014,45395
181448,45395
161475,45395
169759,45394
269912,45394
339,45394
21039,45394
246829,45394
81187,45394
204525,45394
147867,45394
210055,45393
5636,45393
258960,45393
18046,45393
24788,45391
120732,45391
250466,45391
6351,45390
263295,45390
169931,45390
243384,45390
215791,45389
19732,45389
161435,45389
200553,45389
191579,45389
62429,45388
165352,45388
273276,45388
269321,45388
129677,45388
195944,45386
55468,45386
185695,45385
263496,45385
86423,45384
36290,45384
117178,45383
188633,45382
281910,45382
163864,45382
276909,45382
226805,45381
270760,45381
2969,45380
183752,45379
293318,45379
106250,45379
246633,45378
119838,45378
223688,45378
275336,45378
252306,45377
31533,45377
179590,45377
295127,45377
89573,45376
268013,45376
228246,45376
62564,45376
290973,45375
163688,45375
22285,45375
242895,45375
237330,45375
180003,45375
193494,45375
247406,45375
112165,45375
187262,45374
292520,45374
209204,45373
283779,45373
174226,45372
205187,45372
242220,45372
152096,45372
235576,45371
17113,45371
195512,45371
224008,45370
16580,45370
139036,45370
56489,45370
184155,45370
236023,45370
152809,45370
275854,45370
147730,45369
177253,45369
131434,45369
201496,45369
194906,45369
191259,45368
4752,45368
167465,45368
287976,45368
238750,45367
265403,45367
165765,45367
256317,45367
293833,45367
6897,45366
160518,45366
265698,45365
247083,45365
172462,45364
120245,45364
151349,45363
206311,45363
263678,45363
62157,45363
83760,45363
109628,45363
252543,45362
83577,45362
3215,45362
68802,45361
114963,45361
111261,45361
200881,45361
123958,45361
184591,45361
750,45360
250956,45360
162972,45360
57435,45360
178252,45360
173781,45359
157657,45359
289898,45359
270853,45358
271793,45358
296070,45357
1783,45357
14248,45357
154672,45357
205600,45357
288847,45356
228998,45356
163163,45356
202171,45356
281754,45356
141456,45355
17346,45354
237983,45354
274366,45354
171159,45354
218175,45354
56040,45353
881,45353
187460,45353
63583,45353
258303,45353
255294,45352
31032,45352
276845,45352
174081,45352
189754,45352
122115,45352
236002,45351
269202,45351
268708,45350
167997,45350
84530,45350
39115,45350
87841,45350
196993,45350
107788,45349
8457,45349
47421,45349
275383,45349
231058,45348
13364,45348
281443,45348
95788,45348
52776,45348
253468,45348
206860,45347
201926,45347
131143,45347
209382,45347
141655,45346
261017,45346
283923,45346
113924,45346
294552,45346
272200,45346
221673,45346
177853,45346
268338,45345
162660,45344
277096,45344
111793,45344
184148,45343
161485,45343
181471,45343
244899,45342
94685,45341
210529,45341
290947,45341
261526,45341
90141,45341
275134,45341
231201,45340
205859,45340
133930,45339
10313,45339
268029,45339
223819,45339
149490,45339
198448,45338
223833,45338
296506,45338
189731,45338
207739,45338
189891,45338
83300,45337
221099,45337
259104,45337
182843,45336
157545,45336
175790,45336
122269,45336
43085,45335
80365,45335
111204,45335
199955,45335
70543,45335
44617,45335
211817,45335
185509,45334
211149,45334
195242,45334
56204,45334
222939,45334
199181,45334
136537,45333
42436,45333
1321,45333
103915,45333
130634,45332
243616,45332
96982,45332
224181,45332
66450,45332
262983,45331
85866,45331
252263,45331
249181,45331
179138,45331
25160,45331
2188,45331
262511,45330
62399,45330
111358,45330
254592,45330
250078,45329
151602,45329
163460,45329
272657,45329
256670,45328
268354,45328
208291,45327
216272,45327
209712,45327
140558,45326
269669,45326
248277,45326
292101,45325
96213,45325
278258,45325
63306,45325
197471,45324
269193,45324
292503,45324
181137,45323
190151,45323
196423,45323
257684,45323
205758,45322
253849,45322
81019,45322
4942,45322
169855,45322
210215,45322
17449,45321
177335,45321
180745,45321
190159,45320
167574,45320
208010,45320
222369,45319
173047,45319
265031,45319
240149,45318
21,45318
145411,45318
292229,45318
135312,45318
146891,45318
210733,45318
278655,45317
228034,45317
258463,45317
144011,45317
224900,45317
156496,45317
280906,45317
78875,45317
240663,45316
231390,45316
269339,45316
186059,45316
278222,45316
243584,45315
146102,45315
87347,45314
53598,45314
3506,45314
203378,45314
72871,45314
140406,45314
127442,45314
265440,45314
63259,45313
72726,45313
255519,45313
164484,45313
241070,45312
6714,45312
140341,45311
119167,45311
178651,45311
270320,45310
168827,45310
296345,45310
191381,45310
230668,45310
6894,45310
106712,45309
168020,45308
258519,45308
113977,45307
292352,45307
264435,45307
279524,45307
261978,45307
244527,45306
272489,45306
231354,45306
229443,45306
153233,45306
267016,45306
295167,45305
259926,45305
267746,45305
258922,45304
291172,45304
194871,45304
229686,45304
211173,45303
99917,45303
276919,45303
166536,45302
108450,45302
285627,45302
65572,45302
78193,45302
109012,45302
105965,45301
152899,45301
7752,45300
223284,45300
172863,45299
30918,45299
195374,45299
229544,45298
127071,45298
216695,45298
178876,45298
42593,45298
113435,45298
290659,45298
60850,45297
267021,45296
241013,45296
131815,45296
291021,45295
173077,45295
245010,45295
98970,45295
182997,45295
83738,45294
287894,45294
266248,45294
38273,45294
178518,45292
4993,45292
286803,45292
197122,45292
241928,45291
264861,45291
211669,45290
46997,45290
216424,45290
291834,45290
288635,45290
294000,45289
240959,45289
223802,45289
196684,45289
285343,45288
287697,45288
251789,45288
16900,45288
215875,45287
33381,45287
225999,45287
270100,45287
194231,45287
225309,45286
242120,45286
199798,45286
237637,45286
186132,45286
267626,45286
271153,45286
247799,45285
68613,45285
273167,45285
226714,45285
262682,45284
28379,45284
219750,45284
48867,45284
620,45284
163054,45284
279058,45284
188652,45283
289819,45283
205484,45283
43863,45283
68036,45282
286463,45282
106886,45282
283321,45282
9824,45281
351,45281
120706,45281
190862,45280
53557,45280
212555,45280
204984,45280
166298,45279
225463,45279
196059,45279
255187,45279
80714,45278
189988,45278
223689,45278
222277,45278
204270,45278
133983,45278
171485,45277
142387,45277
22453,45277
52679,45277
265832,45277
206701,45277
151563,45277
248269,45277
175800,45277
207366,45276
235350,45276
90693,45276
149345,45275
54409,45274
44621,45274
278602,45274
185984,45274
35771,45274
278274,45274
228431,45274
225464,45274
268233,45273
235647,45273
197970,45273
294941,45273
65648,45272
285371,45272
182685,45272
218386,45272
273080,45272
283725,45271
114627,45271
258621,45271
232943,45270
245308,45270
106247,45270
263615,45269
188895,45269
35152,45269
223204,45269
245840,45269
266572,45268
10632,45268
179069,45268
154448,45268
138950,45268
202326,45268
288378,45267
151551,45267
144768,45267
215188,45266
148843,45266
226693,45266
296151,45266
191644,45266
296259,45266
589,45265
184713,45265
28616,45265
294006,45265
113349,45264
94749,45264
222060,45264
262876,45264
220787,45264
213667,45264
205232,45264
174451,45263
149753,45263
269415,45263
71238,45263
255165,45263
284605,45263
63956,45262
285114,45262
137743,45262
231970,45262
220234,45261
289202,45261
13538,45261
267325,45261
210145,45261
271113,45261
230148,45261
248238,45260
217454,45260
251131,45260
87607,45259
58947,45259
255197,45259
62138,45259
207913,45259
1355,45259
163230,45258
269112,45258
265507,45258
219570,45258
255229,45257
197081,45257
244314,45257
34492,45257
174651,45256
10054,45256
288360,45256
174927,45256
226167,45256
225328,45255
65270,45255
246625,45255
15811,45254
138639,45254
75669,45254
251580,45253
236731,45253
26223,45253
271759,45253
181230,45253
3492,45252
156355,45252
278884,45252
137969,45252
229252,45252
262789,45252
200041,45251
11452,45251
102894,45251
240440,45251
254921,45251
112966,45251
234724,45251
10596,45250
243850,45250
294922,45250
224462,45250
248579,45249
176059,45249
240214,45249
260636,45249
147324,45249
274904,45249
100242,45248
283084,45248
98125,45247
32399,45247
21000,45246
186985,45246
160437,45246
272345,45245
217994,45245
275713,45245
221448,45245
202267,45245
191463,45244
248349,45244
165075,45244
184037,45244
87887,45244
91852,45243
150892,45243
65077,45243
151726,45242
264722,45242
46837,45242
87409,45242
21468,45241
41408,45241
199922,45241
156780,45241
93782,45241
147768,45241
188103,45240
12283,45240
183546,45240
24152,45240
137169,45240
276281,45239
187791,45239
149114,45239
245782,45239
218012,45238
239624,45238
40665,45238
128733,45238
266523,45237
253979,45237
293651,45237
1557,45237
67355,45237
123919,45237
256218,45237
176902,45236
233172,45236
161890,45236
121305,45236
190028,45236
110686,45235
118657,45235
2892,45235
269953,45235
187192,45234
294558,45234
733,45234
65374,45234
182436,45234
264050,45234
236490,45233
52554,45233
177662,45233
258015,45232
1036,45232
256588,45232
160249,45232
50405,45232
1560,45232
23477,45232
278120,45232
76527,45231
252345,45231
194085,45231
513,45231
23858,45231
117628,45231
142703,45231
260747,45231
213575,45231
538,45231
189227,45230
112625,45230
197092,45230
2476,45230
240316,45230
173656,45230
222935,45230
258514,45230
164655,45230
221737,45229
244265,45229
55398,45229
167085,45228
215781,45228
175708,45228
120309,45228
258564,45228
236251,45228
21540,45228
283995,45228
163850,45228
196474,45227
111610,45227
267313,45227
290965,45227
285414,45227
295440,45227
194609,45226
257325,45226
256763,45226
286062,45226
160660,45225
154184,45225
14494,45225
212018,45225
273998,45225
269571,45225
284585,45225
229844,45225
47114,45224
279788,45224
253375,45224
192698,45224
284666,45224
22866,45224
256280,45224
45370,45223
174756,45223
245979,45223
15414,45223
239336,45223
175917,45223
224934,45223
251534,45223
20060,45223
259252,45223
36251,45221
293203,45221
172481,45220
227168,45220
236998,45220
256005,45220
266115,45220
243026,45220
597,45220
193554,45219
121186,45219
241219,45219
278199,45219
197146,45219
105,45219
126254,45219
230764,45219
57998,45219
51441,45219
214922,45218
248741,45218
234436,45218
180133,45218
72587,45218
274620,45218
268734,45217
3875,45217
165165,45217
209763,45217
293472,45217
209093,45216
63036,45216
207407,45216
220483,45216
281922,45216
257672,45215
6020,45215
205357,45215
123816,45215
25249,45214
237897,45214
229181,45214
248146,45214
50343,45214
64388,45213
284439,45213
117524,45213
142216,45213
5504,45213
291110,45213
78129,45213
69846,45213
287903,45212
222522,45212
152789,45212
252349,45212
271115,45212
181664,45212
206824,45212
3002,45212
258666,45212
142175,45211
293183,45211
23563,45211
204054,45211
252639,45211
34040,45211
274049,45211
92472,45210
209797,45210
259933,45210
34702,45210
244090,45210
18455,45210
188168,45210
141751,45210
163374,45210
479,45210
210830,45209
163475,45209
27708,45209
233322,45209
220021,45208
151922,45208
291973,45208
176762,45207
214950,45207
246361,45207
199444,45207
2993,45207
207893,45206
117417,45206
114378,45206
161638,45205
223374,45205
124988,45205
271665,45205
220314,45205
288815,45205
204752,45205
215432,45205
239610,45205
159657,45204
156587,45204
121030,45204
237994,45203
212022,45202
253928,45202
92975,45202
258921,45202
5972,45202
109223,45202
285334,45201
209846,45201
255175,45201
162398,45201
106549,45201
293248,45201
228646,45200
76427,45200
179893,45200
53702,45200
215005,45200
263385,45200
255042,45200
224262,45199
252225,45199
161860,45198
59430,45198
295490,45198
159127,45198
263618,45198
11593,45198
203707,45198
125163,45197
254101,45197
283718,45197
37719,45196
242128,45196
210198,45196
260277,45196
88469,45196
153644,45196
284133,45195
233522,45195
52888,45195
275641,45195
276741,45195
197478,45195
130593,45195
126948,45195
25521,45194
265467,45194
134104,45194
249590,45194
295164,45193
129011,45193
258055,45193
5016,45192
154049,45192
291246,45192
155,45192
143756,45191
207990,45191
189517,45191
80024,45191
153974,45191
125010,45190
7650,45190
9825,45190
200146,45189
283330,45189
99435,45189
191661,45189
211840,45189
291352,45189
190226,45189
266833,45189
123183,45189
287083,45188
186252,45188
45636,45188
254573,45188
126147,45188
209039,45188
181545,45188
145994,45188
44951,45188
152804,45188
221770,45188
133085,45188
116449,45187
5427,45187
233143,45187
73501,45187
262635,45187
183229,45187
123746,45186
30197,45186
80536,45186
271639,45186
197911,45185
199153,45185
162674,45185
118269,45185
173776,45185
118185,45185
46067,45185
136854,45185
448,45184
253165,45184
292609,45184
169325,45183
171816,45183
4994,45183
239573,45183
14459,45183
175000,45182
12623,45182
683,45182
148247,45182
130124,45182
190360,45181
280959,45181
91122,45181
160009,45181
163208,45181
288736,45181
253867,45181
255316,45180
204476,45180
265494,45180
190070,45180
52454,45180
274247,45179
269940,45179
162978,45179
137393,45179
138960,45179
281072,45178
271228,45178
228804,45178
30390,45178
256656,45178
200787,45178
296371,45178
35260,45177
192542,45177
254542,45177
279915,45177
239127,45176
237223,45176
212473,45176
60203,45176
6024,45176
163910,45175
120431,45175
126855,45175
292242,45175
13193,45175
104452,45175
226956,45175
68628,45175
220697,45174
277600,45174
105578,45174
193531,45174
171738,45174
126129,45174
233544,45174
263354,45174
61484,45174
162436,45174
266843,45173
63550,45173
178182,45172
126937,45172
170045,45172
22514,45172
199832,45171
293287,45171
78153,45171
279508,45171
169644,45170
221876,45170
161474,45170
224474,45170
291095,45170
166977,45170
277504,45170
50178,45170
270428,45169
149636,45169
77565,45169
183674,45169
138685,45169
213824,45169
216621,45169
184467,45169
275330,45169
191308,45168
291241,45168
270869,45168
80116,45168
249379,45168
87348,45168
119859,45166
287819,45166
96025,45166
69232,45166
69596,45166
252771,45166
195609,45166
246228,45165
30490,45165
244005,45165
172969,45165
270852,45164
165660,45164
285409,45164
210866,45164
10081,45164
140718,45164
283006,45164
263092,45164
116522,45164
189144,45164
189498,45164
57227,45164
277415,45163
230117,45163
32103,45163
144769,45163
49810,45163
25007,45163
199641,45163
61708,45163
181318,45163
294492,45162
261377,45162
144727,45161
144165,45161
64794,45161
188446,45161
183042,45160
268700,45160
517,45160
249140,45160
75395,45160
231232,45159
281005,45159
160565,45159
186937,45159
33,45159
221906,45159
12777,45159
186161,45159
220182,45158
211733,45158
76050,45158
148677,45158
277874,45157
211216,45157
192303,45157
245606,45157
172324,45157
6232,45156
246702,45156
166778,45156
70037,45156
28366,45156
283374,45156
178690,45156
26733,45156
181744,45156
140445,45156
232339,45155
23650,45155
117187,45155
247788,45155
129458,45154
658,45154
245427,45154
48331,45154
154023,45154
163513,45154
46567,45153
179207,45153
150385,45153
201177,45153
226296,45152
235953,45152
207007,45152
271132,45152
846,45152
267284,45152
145395,45152
764,45151
88881,45151
258685,45151
194344,45150
28328,45150
45577,45150
176943,45150
179236,45150
275587,45150
214752,45149
116790,45149
222140,45148
241336,45148
238137,45148
176974,45148
277703,45148
57339,45148
128922,45147
288109,45147
97137,45147
85881,45146
32494,45146
193969,45146
113301,45146
65602,45145
288593,45145
23421,45145
70585,45144
176075,45144
280424,45144
183063,45143
22151,45143
204518,45143
139937,45143
263135,45143
215185,45143
93294,45143
204381,45143
284960,45142
160474,45142
237345,45142
285008,45142
293741,45142
132640,45142
249718,45141
94896,45141
2069,45141
268068,45141
201854,45140
101924,45140
144169,45140
247236,45140
39992,45140
25664,45139
131120,45139
11610,45139
285353,45139
178037,45139
195516,45139
53713,45139
290952,45139
139360,45138
190764,45138
64810,45137
246821,45137
226594,45137
239740,45137
229414,45136
213815,45136
207878,45136
26843,45136
154176,45136
277190,45136
139117,45135
125663,45135
193261,45135
248587,45135
56515,45135
220453,45135
267540,45135
82817,45135
183792,45135
120834,45135
276777,45135
233462,45135
216419,45134
291231,45134
195316,45134
71288,45134
22191,45134
275376,45134
48205,45134
187049,45134
263606,45134
233575,45134
208301,45133
185572,45133
221464,45133
262797,45133
262204,45133
180336,45133
245496,45133
290477,45133
147003,45133
257705,45132
277954,45132
205424,45132
86856,45132
9367,45132
211299,45132
193441,45132
244445,45132
697,45131
229069,45131
151124,45131
133251,45131
268069,45131
78313,45130
115648,45130
167401,45130
40968,45129
212878,45129
199166,45129
216025,45129
247650,45129
249188,45129
206785,45129
22775,45129
11232,45128
269,45128
331,45128
260901,45128
252317,45127
144,45127
283497,45127
137979,45127
237424,45127
133302,45127
219840,45127
290422,45127
173419,45127
216482,45126
237820,45126
215704,45126
289868,45126
256942,45126
98269,45126
295449,45126
288496,45126
171167,45126
45979,45126
246,45125
77431,45125
203673,45125
243409,45124
13393,45124
255234,45124
190382,45124
239294,45124
173022,45124
263821,45124
136249,45124
292706,45124
166233,45124
90664,45123
258503,45123
140193,45123
158251,45123
78739,45123
229022,45123
70587,45122
215722,45122
259793,45122
166029,45122
118277,45122
172243,45122
199974,45121
268861,45121
273612,45121
230966,45121
100939,45120
134491,45120
221354,45120
172210,45120
294344,45120
240033,45120
77731,45119
26288,45119
277903,45119
211853,45119
194183,45119
5967,45119
215988,45118
175652,45118
246106,45118
203978,45118
240330,45118
206798,45118
240437,45118
257915,45118
11039,45117
7616,45117
272715,45117
140053,45117
152996,45116
252303,45116
145143,45116
181940,45116
146417,45116
137722,45115
279729,45115
196829,45115
172687,45115
283677,45115
267069,45114
264838,45114
1784,45114
178556,45114
138510,45114
236614,45114
265820,45113
276062,45113
235718,45113
872,45113
230844,45112
282290,45112
42006,45112
195169,45112
162593,45112
243525,45112
35602,45112
203763,45111
224615,45111
265671,45111
178197,45111
221209,45111
39037,45111
187234,45110
261656,45110
221501,45110
213554,45109
259508,45109
38848,45109
184817,45109
205510,45109
209293,45109
276198,45109
211560,45108
127916,45108
283220,45108
249458,45107
294957,45107
245832,45107
157370,45107
276716,45107
211507,45107
90934,45106
170667,45106
286716,45106
213972,45106
252840,45106
268214,45106
93701,45105
114940,45105
273101,45105
205928,45105
16269,45105
22692,45105
217757,45105
288161,45105
268953,45105
209080,45105
252380,45105
180459,45104
223369,45104
213758,45104
159551,45104
288965,45104
269563,45104
264273,45104
13278,45104
174469,45103
263260,45103
241024,45103
288416,45103
272101,45102
217428,45102
259158,45102
4735,45102
230022,45102
191091,45102
240849,45102
169811,45101
261954,45101
135241,45101
251389,45101
252915,45100
259367,45100
189013,45100
244688,45100
34056,45100
160907,45100
252505,45099
146587,45099
132238,45099
179283,45099
260285,45099
19316,45099
70926,45098
188839,45098
24370,45097
264075,45097
273477,45097
128939,45097
205176,45097
290488,45097
4866,45097
179337,45096
58557,45096
196220,45096
290,45096
225383,45096
124168,45096
198653,45096
144086,45096
165698,45095
169142,45095
141489,45095
1408,45095
10697,45095
202390,45095
237523,45094
292265,45094
225129,45094
223150,45094
278895,45094
18110,45094
266149,45094
45058,45094
36722,45094
244589,45094
255663,45093
221384,45093
250846,45093
128557,45093
223014,45093
218952,45092
264732,45092
230242,45092
234650,45092
8828,45092
288120,45092
201951,45092
173973,45092
254370,45092
15818,45092
176250,45091
226970,45090
201820,45090
150816,45090
1330,45090
165811,45090
97161,45090
150494,45090
110014,45090
29079,45089
200811,45089
269602,45089
234911,45089
259032,45089
227012,45089
205182,45089
179110,45088
295702,45088
289825,45088
54726,45088
270961,45088
113882,45088
208967,45087
244824,45087
85653,45087
2389,45087
55605,45087
242816,45087
200680,45087
253784,45086
175662,45086
176143,45085
161164,45085
52008,45085
249869,45085
76419,45085
188297,45085
212233,45084
1372,45084
209070,45084
196276,45084
128676,45084
170091,45084
158904,45083
140745,45083
253608,45083
196920,45083
212833,45083
262362,45083
286114,45083
187247,45082
291731,45082
173823,45082
204726,45082
280578,45082
214264,45082
266407,45082
171370,45081
82307,45081
223974,45081
247528,45081
263512,45080
295183,45080
156609,45080
59266,45080
53084,45080
238450,45080
109555,45080
114869,45080
186899,45080
142696,45080
276192,45079
190982,45079
231025,45079
292980,45079
180881,45079
114823,45079
288000,45079
130930,45078
71923,45078
68372,45078
249605,45078
65029,45078
275064,45078
264658,45078
27151,45078
248959,45078
286515,45077
243245,45077
159593,45077
294602,45077
278852,45077
263982,45077
74352,45076
34219,45076
265533,45076
141348,45076
222383,45076
147229,45076
165102,45076
157380,45076
190859,45076
132785,45076
237750,45075
232122,45075
3216,45075
178192,45075
281484,45075
227622,45075
217323,45075
223178,45075
167832,45075
158463,45074
115498,45074
137336,45074
254553,45074
90175,45074
67353,45074
160105,45074
96930,45074
243298,45074
150155,45074
61926,45074
183200,45074
245169,45074
176807,45074
219362,45073
242622,45073
239201,45073
274290,45073
289737,45073
236876,45073
293867,45073
170361,45073
168284,45073
183763,45072
182044,45072
93285,45071
260374,45071
220781,45071
264901,45071
183340,45071
169458,45071
235424,45070
161599,45070
173309,45070
173751,45070
115443,45069
123157,45069
15931,45069
108859,45069
273542,45069
66169,45069
125605,45069
277619,45069
193245,45069
293877,45068
137032,45068
293220,45068
182630,45068
284315,45068
30215,45068
18189,45068
217705,45067
186527,45067
117833,45067
173960,45067
91704,45067
201138,45067
190394,45067
145867,45066
198579,45066
169493,45066
254773,45066
195871,45066
255180,45066
261563,45066
633,45066
40289,45065
78041,45065
67278,45065
241325,45065
258522,45065
233153,45064
222227,45064
193900,45064
273025,45064
34444,45064
93553,45064
71895,45064
207263,45064
279525,45064
223258,45062
114855,45062
156186,45062
241489,45062
175520,45062
156971,45062
293581,45062
216441,45062
47652,45062
290711,45061
254582,45061
247769,45061
9430,45061
160669,45061
29094,45061
39387,45061
202003,45061
169993,45061
115716,45061
273847,45061
277064,45061
168398,45061
8402,45061
148359,45061
174713,45061
191160,45060
188246,45060
239303,45060
64128,45060
189223,45060
54841,45059
236058,45059
176125,45059
198125,45059
211869,45059
107664,45059
211663,45059
269064,45059
97015,45058
198253,45058
287110,45058
244541,45058
193527,45058
22655,45058
221734,45058
291523,45058
1405,45057
255196,45057
153794,45057
265663,45056
229719,45056
218306,45056
128267,45056
268839,45056
250608,45055
185708,45055
140925,45055
283482,45055
95417,45055
247737,45055
37910,45055
218642,45055
234480,45055
254177,45055
223307,45055
283707,45054
288767,45054
219972,45054
247151,45054
100459,45054
257266,45053
179693,45053
3288,45053
226768,45053
260276,45053
252966,45053
211461,45053
211343,45052
15446,45052
226880,45052
227614,45052
148764,45052
246439,45052
146273,45052
56408,45051
113930,45051
256814,45051
219652,45051
121400,45051
13292,45051
186453,45051
216576,45051
268286,45051
72147,45051
101390,45051
196875,45050
131413,45050
216821,45050
159293,45050
182668,45049
8667,45049
73858,45049
2384,45049
286526,45049
30068,45049
250279,45049
104408,45048
223360,45048
258698,45048
268158,45048
55770,45048
170248,45048
132509,45048
263849,45047
222018,45047
165095,45047
174230,45047
145232,45047
186787,45046
275531,45046
101266,45046
169758,45046
103028,45046
283240,45046
7923,45046
39150,45046
113396,45045
269159,45045
198546,45045
289227,45045
200722,45045
182658,45045
84230,45045
74427,45045
173002,45045
61346,45044
621,45044
178647,45044
188338,45044
1245,45043
11242,45043
295443,45043
91890,45043
292325,45043
2734,45042
118305,45042
222391,45042
296600,45042
27626,45042
230947,45042
81025,45042
209027,45042
230876,45042
224578,45041
260028,45041
248302,45041
146316,45041
279856,45041
108926,45041
7656,45041
70367,45040
226615,45040
15425,45039
17218,45039
174348,45039
254131,45039
188849,45038
284218,45038
100214,45038
158878,45038
229607,45038
290519,45038
45305,45038
235465,45038
99310,45038
288745,45038
245491,45038
279182,45038
169029,45037
250540,45037
251416,45037
82188,45037
93803,45037
35253,45037
31477,45037
236173,45037
47032,45036
112458,45036
283894,45036
78228,45036
133126,45036
250292,45036
99434,45036
235621,45036
42690,45036
128414,45036
183292,45035
55270,45035
143071,45035
267221,45035
217988,45035
259160,45035
285898,45035
104570,45035
229939,45035
231317,45034
2068,45034
220856,45034
218557,45034
11666,45034
67267,45034
191895,45034
286935,45034
182235,45033
154506,45033
314,45033
263966,45033
273408,45033
240195,45033
228233,45032
261634,45032
288705,45032
71245,45032
289098,45032
16421,45032
99895,45031
291965,45031
288522,45031
214218,45031
247315,45031
107902,45031
100322,45031
90293,45031
13965,45031
219832,45030
275904,45030
3618,45030
251086,45030
279882,45030
225751,45030
117437,45030
248000,45029
178088,45029
54845,45029
264473,45029
167299,45029
207450,45029
14091,45029
20088,45029
183169,45028
279012,45028
69910,45028
199479,45028
232897,45028
230640,45028
287494,45027
293619,45027
267591,45027
219216,45027
184480,45026
294372,45026
294729,45026
243240,45026
200168,45026
158046,45026
752,45026
290269,45026
166102,45026
166642,45026
198107,45025
163487,45025
278418,45025
250886,45025
162986,45025
125385,45025
160037,45025
225050,45025
206732,45024
34587,45024
166777,45024
54473,45024
125459,45024
28173,45024
184118,45024
112498,45024
284527,45024
212952,45024
238994,45024
34248,45023
20187,45023
193331,45023
141733,45023
274960,45023
265303,45023
281264,45023
260115,45022
234903,45022
205207,45022
214520,45022
214301,45022
243092,45022
174778,45022
153382,45021
12498,45021
284549,45021
196540,45021
296592,45021
251973,45021
164633,45021
129723,45021
41762,45021
108547,45021
285875,45020
184570,45020
127958,45020
200291,45020
183085,45020
153507,45020
193249,45020
219230,45019
2802,45019
288661,45019
41724,45019
249406,45019
64472,45019
268780,45019
137927,45019
122701,45019
50372,45019
165081,45019
102245,45019
1636,45019
217417,45018
286615,45018
278716,45018
117285,45018
81581,45018
94468,45018
152703,45017
142481,45017
255755,45017
246708,45017
117541,45017
226592,45017
71085,45017
248473,45016
291105,45016
236719,45016
176206,45016
170013,45016
209855,45016
26452,45016
130042,45016
16656,45016
284844,45015
275221,45015
170777,45015
282414,45015
132824,45014
241290,45014
263950,45014
88167,45014
278647,45014
198241,45014
204207,45014
107250,45013
14557,45013
143035,45013
28713,45013
289097,45013
223487,45013
186277,45013
8726,45013
266885,45013
114065,45013
244755,45013
252697,45013
210639,45013
220806,45013
198219,45012
10944,45012
255570,45012
243051,45012
134913,45012
293422,45011
96919,45011
214930,45011
282666,45011
199719,45011
264315,45011
208665,45011
125726,45011
118512,45011
160308,45011
293218,45010
21323,45010
231095,45010
221207,45010
204719,45010
135158,45010
64847,45010
158699,45009
237539,45009
284804,45008
249419,45008
215763,45008
203743,45008
125816,45008
281067,45007
258788,45007
19235,45007
281531,45007
130763,45007
12490,45005
111085,45005
203182,45005
291473,45005
289419,45005
210241,45005
89446,45005
216201,45005
232287,45004
290045,45004
323,45004
168447,45004
114076,45004
67713,45004
249519,45004
28849,45004
119200,45003
230165,45003
184565,45003
246383,45003
69064,45003
14512,45003
54269,45003
291845,45003
271558,45003
273729,45003
165480,45003
271667,45003
229968,45002
233366,45002
219695,45002
99742,45002
228189,45002
115326,45002
96404,45002
281549,45002
203443,45001
119255,45001
265290,45001
295257,45001
190553,45001
249168,45001
282378,45001
197411,45001
260605,45000
190145,45000
148909,45000
254557,45000
275863,45000
132837,45000
269978,45000
221137,45000
291740,44999
84937,44999
139778,44999
238436,44999
98671,44999
205818,44998
257545,44998
160972,44998
241054,44998
40647,44998
29156,44998
223632,44998
199683,44997
280477,44997
197692,44997
270775,44997
288573,44997
296042,44997
42963,44997
276784,44997
15580,44997
269792,44996
144434,44996
1204,44996
7056,44996
257737,44996
198433,44996
166961,44996
188514,44996
290429,44996
197112,44996
28220,44996
256957,44996
138535,44995
257147,44995
196173,44995
191017,44995
242243,44995
8870,44995
278246,44995
286407,44995
88848,44995
62554,44995
224731,44995
293674,44994
43886,44994
59645,44994
713,44994
73947,44994
167474,44994
225939,44993
83621,44993
561,44993
233470,44993
165923,44993
179483,44993
151005,44993
109130,44993
215847,44993
221517,44993
114980,44993
10796,44992
150997,44992
153445,44992
293051,44992
246545,44992
281387,44992
265309,44992
116598,44992
239185,44991
798,44991
254905,44991
259988,44991
169290,44991
168841,44991
85072,44991
113086,44991
69855,44991
10689,44991
731,44991
208109,44991
128815,44990
238292,44990
149210,44990
116090,44990
280766,44990
227988,44990
254384,44989
9882,44989
172977,44989
39754,44989
267491,44989
208793,44988
132627,44988
118561,44988
154984,44988
145903,44988
64251,44988
148868,44988
214123,44988
191970,44987
191890,44987
63337,44987
124778,44987
239221,44987
125274,44987
157671,44987
3640,44987
46679,44987
283655,44987
65573,44986
170566,44986
182548,44986
276297,44986
999,44986
77059,44985
273596,44985
235562,44985
187663,44985
268097,44985
228237,44985
211935,44984
284788,44984
255216,44984
221086,44984
107888,44984
143993,44984
284525,44983
216335,44983
280318,44983
6733,44983
14191,44983
286725,44982
49329,44982
11269,44982
197647,44982
154572,44982
239672,44982
113252,44982
265483,44982
207137,44981
237185,44981
295428,44981
184181,44981
274781,44981
30997,44981
80516,44981
278027,44980
212105,44980
62428,44980
2516,44980
233451,44980
244671,44980
121653,44980
127282,44980
225426,44980
289568,44979
194756,44979
272687,44979
177627,44979
213697,44979
187321,44979
118764,44979
273003,44978
97211,44978
170630,44978
198695,44978
244018,44978
242056,44978
261145,44978
282401,44978
36181,44978
251146,44977
88131,44977
286561,44977
253036,44977
233789,44977
261692,44977
273916,44977
207648,44976
250396,44976
132086,44976
247985,44976
114359,44976
13720,44976
66504,44975
198279,44975
178217,44975
194195,44975
265727,44975
228671,44975
250874,44975
217100,44975
163136,44974
194018,44974
258065,44974
159500,44974
52305,44974
289369,44974
14643,44974
282668,44973
270592,44973
167450,44973
138316,44973
7422,44973
268467,44972
284791,44972
64759,44972
270793,44972
281782,44972
132656,44972
106467,44971
273734,44971
17583,44971
272875,44971
222704,44971
251858,44971
29770,44971
168727,44971
262214,44971
196065,44971
278262,44970
110193,44970
239254,44970
24013,44970
143408,44970
208023,44970
140552,44969
245906,44969
25557,44969
246217,44969
293039,44969
61928,44969
201070,44969
562,44969
155932,44968
278917,44968
154794,44968
270215,44968
242295,44968
189279,44968
202147,44968
219227,44968
175869,44968
174968,44968
104125,44968
51636,44967
265676,44967
151082,44967
280479,44967
160269,44967
31046,44967
268591,44967
106996,44967
245459,44967
161309,44967
7129,44966
228449,44966
247088,44966
226134,44966
294680,44966
115057,44966
277948,44965
190343,44965
174728,44965
175471,44965
15527,44965
252411,44965
15918,44965
292886,44965
100871,44964
182401,44964
109878,44964
286494,44964
11421,44964
282181,44964
278935,44964
171220,44964
131418,44963
196860,44963
127259,44963
8229,44963
240818,44963
241873,44963
161452,44963
262434,44963
277059,44963
162091,44962
3257,44962
62361,44962
72060,44962
282,44962
107609,44962
249541,44962
286235,44962
82571,44962
177107,44962
285402,44962
178692,44962
136674,44962
143336,44961
294197,44961
224189,44961
23518,44961
235111,44961
73776,44961
29173,44960
223396,44960
236835,44960
187212,44960
204391,44960
253881,44960
278114,44960
274878,44960
214628,44960
185593,44960
172135,44960
170062,44960
273552,44959
32501,44959
16372,44959
263910,44959
207219,44959
230167,44959
292203,44959
272902,44959
173135,44959
174186,44959
232533,44959
153991,44959
277029,44959
182356,44959
199783,44959
28429,44958
263974,44958
24223,44958
218609,44958
261489,44958
246996,44958
241758,44958
251605,44958
223018,44958
100997,44957
262736,44957
183052,44957
291869,44957
36827,44957
244509,44957
35511,44956
265451,44956
262937,44956
53365,44956
212551,44955
257327,44955
810,44955
271551,44955
70868,44955
29950,44955
149381,44955
5190,44955
171522,44954
82594,44954
208107,44954
134008,44954
192897,44954
288338,44954
273872,44954
30128,44954
269297,44954
71235,44953
218982,44953
180352,44953
239271,44953
45958,44953
206783,44953
204485,44953
264754,44952
238503,44952
283594,44952
68803,44952
205719,44952
217970,44952
91359,44952
251122,44952
173169,44952
151448,44952
264996,44951
204376,44951
172492,44951
241253,44951
200783,44951
253952,44951
261173,44951
100346,44951
104948,44951
6972,44951
215646,44950
22126,44950
267037,44950
280060,44950
143156,44950
23702,44950
211557,44950
254664,44950
161052,44949
198957,44949
248066,44949
271728,44949
39327,44949
269406,44949
42055,44949
265364,44949
200709,44948
203407,44948
249911,44948
206631,44948
112013,44948
211141,44947
158971,44947
29942,44947
277922,44947
240970,44947
59728,44947
2,44946
296239,44946
229470,44946
212713,44946
178447,44946
188274,44946
205290,44946
265464,44946
50101,44946
292363,44946
174414,44946
222491,44946
25651,44946
913,44946
263270,44946
292752,44946
136269,44946
199627,44945
203128,44945
261270,44945
79592,44945
169867,44945
265028,44944
266222,44944
228242,44944
236067,44944
177115,44944
127182,44944
245655,44944
37013,44944
217630,44944
210931,44944
92729,44944
209433,44943
217169,44943
117708,44943
128910,44943
212783,44943
219591,44943
240151,44943
219041,44943
99711,44943
285224,44943
26659,44942
233272,44942
242866,44942
205128,44942
159416,44942
229547,44942
102588,44942
19370,44942
176450,44941
65876,44941
100463,44941
155652,44941
5475,44941
65717,44941
209082,44941
83793,44941
226861,44940
268703,44940
284855,44940
246521,44940
213209,44940
260137,44940
213333,44939
204802,44939
100222,44939
151313,44939
114540,44939
7920,44939
48644,44939
142385,44939
234568,44939
105465,44939
144981,44938
266404,44938
85821,44938
1387,44938
289824,44938
155697,44938
272914,44938
252897,44937
4913,44937
188867,44937
173414,44937
290289,44937
271036,44937
258321,44937
187229,44937
103069,44937
183072,44937
264038,44937
173937,44937
111043,44937
277427,44937
8276,44937
279228,44937
275538,44937
193517,44937
162109,44937
99119,44936
216279,44936
58149,44936
205,44936
12395,44936
232684,44936
284997,44936
45183,44936
291536,44936
196392,44935
95628,44935
7772,44935
106914,44935
233722,44935
233942,44935
163075,44935
221463,44935
158844,44934
61596,44934
228753,44934
211005,44934
142724,44934
223001,44934
284415,44934
185097,44934
102697,44934
251075,44934
232728,44934
207714,44934
49605,44933
173408,44933
245359,44933
193804,44933
1448,44933
289006,44933
198384,44933
67513,44933
52307,44933
279560,44932
237865,44932
108198,44932
222669,44932
253872,44932
83665,44932
74285,44932
119999,44931
272306,44931
261236,44931
228077,44931
122427,44931
118354,44931
279819,44931
251714,44931
169229,44931
260494,44931
141153,44931
246357,44930
3540,44930
224748,44930
278408,44930
237064,44930
140290,44929
194192,44929
827,44929
231204,44929
195197,44929
193771,44929
212010,44929
85167,44929
207751,44929
246377,44928
252122,44928
261356,44928
204247,44928
246110,44928
254623,44928
262904,44928
248093,44928
180499,44928
279127,44927
275829,44927
164233,44927
9393,44927
180019,44927
294214,44927
206232,44926
84057,44926
85406,44926
189471,44926
187155,44926
153633,44926
274943,44926
272844,44926
30546,44926
32418,44926
241903,44926
277040,44926
226229,44926
237454,44925
244058,44925
108904,44925
217751,44925
