1775,100000
30149,50126
2955,49995
12592,49537
5069,49514
1567,49422
1463,49341
3309,49042
1960,48964
20252,48824
6422,48735
4388,48628
26289,48295
5681,48186
19882,48174
5569,48086
5080,48047
34817,47996
3850,47979
124667,47927
239581,47817
215649,47803
170963,47796
231536,47781
218931,47766
293900,47763
203475,47740
43810,47737
147388,47732
253954,47727
241634,47712
206646,47708
7115,47708
145203,47706
157996,47698
12076,47690
261960,47677
274458,47676
5978,47667
142035,47663
187150,47649
99249,47648
256098,47648
81112,47647
254942,47639
252410,47634
6909,47633
256021,47624
199092,47624
1504,47614
189191,47611
263583,47611
212016,47607
275856,47589
295240,47589
211633,47588
227748,47587
203926,47579
194885,47572
250434,47567
173872,47555
4175,47554
200542,47530
231354,47519
285933,47518
240057,47517
246925,47514
213468,47513
5255,47510
187256,47502
225590,47501
157024,47496
156110,47495
229460,47495
187275,47492
156278,47491
146357,47480
187098,47477
197176,47475
179644,47473
203157,47465
245980,47464
170402,47463
158578,47458
257133,47453
166126,47445
168438,47444
287739,47439
113261,47433
125548,47421
136564,47412
198345,47403
262951,47402
110435,47401
240976,47400
270449,47398
654,47397
230925,47393
119242,47386
262111,47384
162578,47382
178915,47377
109376,47371
240013,47368
155263,47362
194643,47359
143351,47357
246413,47357
183643,47356
171181,47354
168699,47340
174958,47340
160737,47339
277226,47334
270091,47331
870,47329
204493,47324
192980,47324
188235,47324
115232,47320
294521,47319
168041,47318
229983,47310
122782,47309
127640,47306
272590,47304
285579,47302
201101,47301
142097,47300
218385,47299
173480,47296
140805,47296
215560,47295
126038,47293
168015,47278
242765,47277
190160,47273
193276,47270
244768,47269
102818,47268
176189,47268
147118,47267
131526,47267
39566,47264
958,47262
283202,47261
170530,47259
248750,47256
138974,47248
116857,47248
266912,47248
230575,47232
108462,47230
208892,47228
82149,47226
149978,47225
93789,47223
202663,47219
181236,47217
132429,47215
273631,47211
106678,47206
281723,47206
294790,47204
293116,47202
244643,47202
105060,47200
199271,47194
158573,47193
126536,47193
126800,47193
194945,47192
140183,47190
239853,47183
217389,47181
181980,47180
217747,47178
155011,47169
125555,47167
153315,47163
19515,47163
109419,47161
76498,47161
181651,47160
130038,47157
121918,47155
174528,47155
293778,47153
111467,47149
97983,47149
112729,47149
147502,47147
205283,47146
129109,47143
115694,47141
208333,47139
130327,47139
107536,47136
242336,47133
284698,47132
122304,47131
171027,47128
214303,47126
116693,47117
79362,47117
248788,47116
167110,47109
237657,47105
167619,47105
149682,47102
208107,47100
86821,47098
205003,47096
145316,47096
147640,47096
123087,47093
127610,47090
269666,47089
242760,47089
185120,47088
208041,47088
107317,47087
125473,47087
135731,47086
89325,47085
104240,47084
178690,47076
100424,47075
222414,47065
181634,47061
146387,47060
123651,47059
289937,47058
238731,47052
151233,47051
127541,47051
178100,47048
112549,47048
108479,47045
180823,47043
118259,47040
126220,47040
138439,47034
256938,47025
2606,47023
138886,47016
107889,47011
291957,47008
102013,47007
119000,47006
288811,47005
288881,47003
137827,47002
81051,46998
82876,46998
99332,46994
135580,46989
195224,46977
141564,46977
245639,46976
276937,46976
182679,46974
100134,46969
60601,46967
118673,46966
10313,46961
119386,46958
249296,46956
244293,46956
163167,46955
287622,46951
99912,46950
169413,46949
82375,46945
108421,46938
126082,46938
138419,46938
115149,46938
138037,46937
152068,46928
223102,46928
179585,46926
136783,46925
5519,46925
168709,46924
136722,46920
129104,46919
289711,46919
109163,46919
223020,46917
131847,46917
138785,46916
264220,46915
265245,46915
152378,46913
204650,46906
100183,46905
233448,46899
140774,46895
191678,46894
127021,46890
294104,46887
114260,46883
205534,46883
90085,46882
250896,46881
118905,46875
154672,46873
212836,46872
137536,46870
276956,46869
267487,46866
3355,46864
115952,46863
199385,46859
106089,46857
283268,46854
235059,46853
220026,46853
129931,46852
277523,46850
126904,46847
134173,46847
279814,46846
1344,46839
125716,46839
134741,46835
81572,46832
153634,46829
74703,46825
75433,46824
80655,46822
85511,46814
113657,46812
183119,46810
228501,46806
158776,46800
128308,46800
142149,46795
296492,46788
231516,46787
202803,46786
133482,46784
260551,46782
170719,46779
181761,46777
155950,46774
279635,46774
117310,46772
231759,46765
50041,46762
241332,46761
168339,46759
211833,46758
284267,46754
95909,46754
225212,46752
3865,46752
28168,46751
127604,46748
230799,46748
202717,46745
285995,46744
114493,46739
1141,46736
262052,46735
104564,46734
180806,46727
280287,46725
23176,46723
262345,46723
78835,46717
21092,46713
73183,46713
121,46711
196193,46704
189518,46703
172878,46701
107598,46696
95549,46695
122621,46687
6608,46686
231934,46685
153313,46684
61508,46682
269026,46681
140125,46680
233213,46678
180501,46677
1550,46677
98802,46674
292897,46671
168100,46668
209617,46666
3021,46662
89219,46661
77411,46658
10363,46656
78060,46656
224491,46656
138727,46654
105517,46651
147051,46649
235785,46648
2031,46647
118448,46647
15809,46642
143057,46641
114523,46639
92016,46639
105149,46634
116497,46633
269283,46632
127047,46627
155627,46627
286503,46625
267087,46623
164578,46617
167555,46616
67451,46614
146475,46614
226595,46612
222514,46609
254148,46607
209096,46606
81236,46605
256889,46603
258964,46601
262916,46600
28190,46595
207585,46595
188890,46593
128424,46593
201705,46586
247342,46585
132926,46582
203693,46580
99095,46578
4632,46572
5686,46570
87524,46566
70566,46566
28487,46564
165684,46562
144153,46557
186888,46553
79584,46551
22041,46549
288498,46548
119717,46546
246505,46544
103478,46539
289500,46539
91126,46538
178225,46538
45972,46537
84407,46536
234637,46534
124121,46533
92042,46532
244975,46531
202220,46531
283493,46528
203271,46525
293119,46525
90564,46524
149169,46515
24522,46514
281264,46513
110610,46513
184528,46509
202697,46507
30832,46504
216080,46498
250775,46497
261437,46497
71159,46493
252959,46493
163597,46492
149652,46492
207400,46491
242221,46490
196406,46487
73191,46487
129854,46486
277270,46486
268365,46485
21764,46484
73800,46480
242216,46478
178162,46476
4486,46474
271637,46473
234466,46472
175875,46468
1834,46466
289347,46466
123868,46464
152341,46461
283997,46460
12818,46458
100801,46457
20644,46457
173486,46457
227564,46456
294604,46452
192078,46451
282760,46450
234758,46449
130840,46443
114682,46441
59831,46441
92999,46439
2152,46437
216228,46436
283270,46435
79242,46434
138702,46433
290907,46432
184613,46432
279320,46429
127638,46428
740,46425
148599,46425
296147,46425
10308,46425
224720,46424
98273,46413
142773,46413
283576,46411
256019,46409
156932,46407
3688,46406
234353,46405
4881,46404
293548,46404
239492,46402
295594,46401
176147,46399
267035,46398
279976,46397
271815,46396
94516,46393
45133,46392
265327,46392
277066,46391
295145,46391
237233,46391
213221,46390
232029,46389
201974,46385
266745,46382
98448,46381
284545,46379
17310,46378
262588,46378
209683,46375
47183,46373
15588,46370
175783,46370
238240,46369
118593,46366
223022,46366
77393,46364
248718,46362
272455,46362
220120,46361
139910,46354
276197,46353
8052,46352
243089,46351
218969,46348
108450,46346
231193,46345
242829,46344
105045,46342
77949,46342
207085,46336
293832,46334
248264,46332
273317,46331
245358,46329
65753,46328
224373,46327
13578,46324
9694,46322
202166,46322
147422,46316
291501,46316
285371,46316
13481,46315
154492,46310
294501,46310
264562,46309
88892,46306
188851,46300
176016,46296
168135,46292
254176,46288
99136,46288
58053,46288
218346,46288
240191,46286
67220,46286
278871,46286
3182,46284
78945,46284
85686,46283
267520,46283
286642,46280
295032,46278
282288,46278
24593,46276
6926,46276
296537,46275
187507,46275
272108,46274
123025,46272
264631,46270
256369,46265
864,46264
216611,46258
70649,46257
26519,46257
226165,46254
182763,46253
136019,46253
13345,46253
196782,46251
211391,46251
1150,46249
37286,46249
80013,46247
251839,46241
221086,46240
292640,46239
250593,46237
281969,46236
67857,46235
3895,46234
43277,46234
268230,46234
273858,46231
266545,46230
180514,46230
253806,46229
230733,46228
270690,46228
172379,46227
243683,46226
210037,46226
205813,46224
8007,46224
286167,46221
156232,46221
238736,46219
108783,46217
34976,46216
229780,46216
248517,46215
206711,46214
223916,46213
286476,46212
87551,46211
65424,46210
57895,46209
102965,46208
218665,46208
233547,46207
56655,46207
289866,46206
262296,46205
280192,46205
259662,46204
166298,46204
93898,46203
296595,46203
228793,46200
170347,46199
11584,46197
272263,46195
195509,46194
254693,46194
13788,46193
171845,46193
61049,46192
6584,46190
296485,46190
165498,46189
230136,46188
296221,46187
262740,46187
88896,46186
294094,46186
247547,46184
106154,46184
166119,46184
192178,46183
244208,46183
238821,46182
60925,46181
194710,46181
270384,46181
266404,46181
254882,46180
1137,46179
159963,46179
189803,46175
98838,46175
10662,46174
208397,46172
282132,46172
170646,46171
238093,46168
186362,46166
254327,46166
282327,46165
89940,46164
146637,46164
118272,46163
216877,46162
270182,46160
138236,46160
220585,46158
8315,46155
2943,46154
157171,46154
191659,46153
179782,46152
235425,46152
284587,46151
264025,46150
146727,46150
5754,46149
4326,46149
227376,46148
284761,46147
255952,46147
2563,46145
138229,46143
3836,46143
88819,46142
162241,46140
77389,46136
262968,46136
278007,46134
120675,46134
239108,46133
156142,46131
220095,46130
156796,46127
244012,46125
289593,46125
179703,46125
290586,46124
272765,46123
248568,46122
108229,46121
30514,46121
144050,46121
145652,46120
224503,46119
46570,46114
282921,46114
279869,46113
253501,46113
250404,46113
235451,46110
241512,46109
282832,46106
81259,46105
801,46104
88524,46102
289768,46102
152249,46102
25306,46101
242116,46101
112964,46100
69073,46097
248780,46096
1659,46094
14359,46094
192778,46093
241662,46093
259692,46092
103709,46091
140687,46088
3088,46088
139493,46088
515,46088
279205,46087
3185,46086
282668,46086
175205,46085
290275,46083
272762,46083
173124,46082
257837,46082
237854,46082
198471,46081
239372,46079
2239,46079
923,46077
283083,46076
266463,46074
12082,46073
211876,46072
90748,46072
4619,46071
188900,46071
280744,46070
269235,46070
293861,46069
63185,46069
257641,46069
273643,46069
251802,46067
15379,46066
137605,46064
259869,46063
249051,46062
73975,46062
210490,46062
105789,46058
269918,46057
228544,46057
287197,46055
258763,46054
229025,46053
185824,46052
268590,46051
180582,46047
15795,46046
61194,46046
247109,46044
285899,46044
42139,46044
304,46043
7171,46043
93468,46041
230361,46041
231339,46040
194889,46040
91957,46038
203620,46038
262891,46038
289521,46037
166539,46037
255762,46036
125208,46034
132386,46034
193496,46033
179403,46029
231757,46027
168679,46027
114628,46027
227449,46024
294426,46022
124021,46022
288004,46021
4642,46021
4658,46019
260587,46019
265192,46018
36614,46018
255753,46018
214552,46017
234412,46016
249898,46016
21560,46015
168031,46015
249201,46012
202833,46012
294845,46011
237754,46011
9360,46009
65582,46008
234030,46008
279813,46007
139146,46007
227522,46006
26275,46006
204249,46005
118602,46005
287701,46004
288136,46004
61545,46003
126229,46003
6050,46003
43464,46000
265880,46000
419,45999
151642,45999
182494,45998
85623,45998
152869,45998
251129,45998
12178,45997
257056,45996
157774,45994
286683,45993
8134,45993
267011,45990
229228,45990
5822,45988
277054,45987
156410,45985
261596,45985
227232,45983
38187,45983
1646,45983
278804,45981
104633,45979
203155,45979
106590,45978
280552,45978
296509,45978
142904,45977
273136,45977
124210,45976
236258,45974
215777,45973
152561,45973
274652,45972
201719,45972
239990,45971
200779,45971
18241,45971
56837,45970
262888,45970
120596,45969
285301,45969
196455,45968
100726,45968
204357,45967
199217,45966
234654,45965
208814,45965
185232,45963
116783,45962
59496,45961
12768,45961
294295,45960
263069,45960
290167,45959
7771,45959
206048,45959
114843,45959
69323,45958
285928,45958
217331,45958
177878,45956
151729,45955
276401,45955
5153,45955
31906,45954
290830,45953
248648,45953
241571,45952
278529,45952
33076,45951
235271,45951
229088,45950
40621,45950
109003,45949
206888,45948
218802,45948
287266,45948
276536,45947
28556,45947
27694,45946
252939,45946
3066,45946
169995,45945
277329,45944
191311,45943
195765,45942
191834,45942
2659,45940
69889,45939
265206,45939
290747,45939
44282,45939
294260,45938
287282,45937
14405,45937
293100,45937
212770,45937
215331,45936
395,45935
236341,45935
102266,45935
234102,45935
213676,45934
172788,45934
257604,45934
219619,45933
67178,45932
261374,45931
187459,45930
8416,45929
73797,45927
160701,45926
122523,45926
105173,45926
235892,45925
30423,45925
290197,45925
64529,45924
225165,45924
194434,45923
157314,45922
278638,45922
54216,45922
135942,45922
175763,45920
290671,45919
155382,45918
286613,45918
170526,45918
261150,45917
168190,45916
224758,45915
262018,45914
64969,45913
12985,45913
263118,45913
3301,45913
226955,45912
191689,45912
51973,45910
120305,45910
121132,45910
243477,45909
206524,45907
144043,45907
250453,45906
276634,45906
105941,45905
193495,45904
279200,45904
282664,45904
268927,45903
1235,45902
95875,45902
266197,45901
281376,45900
1449,45899
291552,45898
249751,45898
266989,45897
266396,45894
284507,45894
647,45894
271924,45892
281174,45891
100943,45890
231682,45890
61708,45890
282231,45889
57799,45888
247281,45887
164616,45886
226534,45884
233357,45884
284307,45882
14281,45881
179258,45880
83351,45879
239291,45879
122822,45879
256142,45878
278451,45875
255529,45874
76914,45874
171774,45872
272161,45871
159978,45869
35489,45868
269701,45868
26701,45867
261572,45866
185419,45866
164167,45865
12857,45864
134919,45864
167208,45862
82126,45862
192162,45862
292499,45860
266956,45859
144418,45858
250577,45858
266761,45858
262066,45858
186217,45855
202706,45855
173009,45854
236523,45854
290934,45853
251029,45853
18542,45852
242490,45852
4547,45852
115670,45850
9942,45850
23680,45849
44204,45847
46751,45847
174511,45847
296357,45847
5810,45847
273368,45846
150877,45845
233283,45845
94685,45845
192503,45843
214041,45843
143187,45840
253224,45840
542,45840
121883,45840
134551,45839
159884,45839
229857,45839
178340,45838
97071,45838
281707,45838
140885,45838
167843,45837
33573,45836
171019,45835
62818,45835
240039,45834
87342,45834
195538,45834
234853,45833
265301,45832
12265,45832
176819,45831
158695,45831
210295,45831
160962,45831
252471,45831
282549,45830
259072,45830
787,45830
152369,45830
212794,45829
26713,45829
147614,45829
172022,45829
23010,45828
254744,45828
142239,45827
261491,45826
198228,45825
241521,45823
258994,45820
36211,45820
9166,45820
27223,45820
217994,45819
186927,45817
270650,45817
244537,45817
277249,45816
14233,45815
287734,45814
23901,45811
7852,45810
15644,45810
21659,45810
251908,45810
180078,45810
272256,45809
89400,45808
271630,45807
233786,45803
6356,45803
262340,45803
274301,45802
179238,45802
256007,45802
24956,45801
144981,45801
48684,45801
209183,45799
184395,45798
274302,45798
267443,45798
97412,45797
228792,45797
269715,45796
174156,45796
286208,45794
291258,45794
180348,45793
253176,45793
285272,45792
215929,45792
167477,45792
132099,45791
248633,45789
260120,45789
228174,45788
91381,45788
238702,45788
256774,45788
287767,45787
238347,45787
155885,45787
50854,45787
285189,45786
112089,45786
260084,45785
250825,45785
36739,45785
234285,45785
64648,45784
61388,45784
160308,45783
7252,45783
249003,45783
281701,45782
19136,45782
266557,45781
189739,45781
212807,45781
16288,45780
1577,45780
257200,45780
218152,45779
23229,45779
216570,45779
179065,45778
2786,45778
219408,45777
170978,45777
204603,45776
294532,45776
53303,45776
215628,45775
586,45775
109265,45773
253997,45771
226238,45771
292673,45771
292361,45771
239007,45770
88767,45770
211805,45770
287083,45769
236846,45769
283811,45769
17485,45768
1058,45768
166774,45767
237983,45767
144256,45766
50791,45766
224985,45766
223009,45765
145840,45764
15940,45764
246032,45764
277469,45764
237377,45764
28876,45763
288102,45763
216552,45763
285844,45762
217479,45762
140769,45761
207752,45761
252764,45760
87871,45759
142099,45759
265950,45759
3999,45759
170172,45756
279526,45756
229405,45756
170962,45755
45092,45755
5317,45755
289142,45755
165276,45755
190418,45754
207744,45754
287989,45752
259273,45752
243840,45752
24448,45752
278302,45752
269900,45751
271830,45750
79169,45749
180165,45749
163037,45749
4673,45748
175232,45747
157217,45747
259370,45746
120693,45746
223915,45746
283299,45746
100613,45745
158809,45745
199616,45744
170386,45742
33123,45741
187985,45740
136656,45739
256326,45739
52554,45738
6573,45738
79630,45738
257539,45738
174040,45737
105795,45737
17143,45737
5066,45737
235226,45736
78627,45736
291528,45735
237265,45734
219396,45733
221787,45733
233067,45733
103308,45733
266792,45732
274928,45732
166249,45732
209512,45731
115802,45731
129759,45731
239157,45731
232039,45730
77793,45730
167427,45728
244561,45727
272894,45727
294634,45727
238269,45727
187976,45726
281194,45726
190371,45726
185590,45725
284746,45725
6392,45724
256602,45724
7348,45724
94049,45724
145480,45724
215346,45723
76169,45723
3603,45723
57291,45722
250878,45722
7925,45721
506,45721
285840,45721
255414,45720
296577,45720
240262,45720
288776,45720
201870,45719
83437,45719
247292,45717
213297,45717
253059,45717
45979,45717
273852,45715
136818,45713
106335,45713
22241,45712
218816,45711
224361,45710
228790,45710
142912,45710
22980,45709
181821,45709
193464,45708
227081,45708
197723,45708
198124,45707
159024,45707
89465,45707
201759,45707
254132,45706
292972,45706
240412,45706
252871,45705
74006,45704
74387,45704
291583,45703
275309,45703
287510,45703
193990,45702
78012,45702
265801,45702
23163,45702
109264,45701
248520,45700
148869,45699
288793,45698
96113,45697
245642,45697
278389,45696
39602,45694
2002,45693
127258,45693
271178,45691
4033,45691
29117,45690
292553,45690
182389,45690
257922,45688
201758,45687
255452,45687
206185,45687
206327,45687
294597,45685
208628,45685
69945,45685
246291,45683
287774,45683
60710,45682
17542,45682
34944,45682
260432,45681
81697,45680
8878,45679
13569,45678
255521,45678
237801,45677
247527,45677
259016,45677
238817,45676
276552,45675
158346,45674
184356,45674
129089,45674
5829,45674
233060,45673
190659,45673
684,45673
149094,45672
259380,45672
259362,45672
2185,45671
27278,45670
296374,45670
53137,45669
291544,45669
176136,45669
261770,45668
197817,45668
123547,45668
84146,45667
191273,45667
256706,45665
156311,45664
295173,45663
265707,45663
20441,45662
123300,45662
187675,45661
14667,45661
263662,45661
237685,45659
69420,45659
249780,45659
237190,45659
3305,45658
233897,45658
157041,45658
131832,45658
105694,45657
171173,45657
255361,45657
284862,45656
10431,45656
206286,45655
271747,45655
290683,45654
285682,45654
278354,45654
111502,45654
197591,45654
161149,45654
221152,45654
23481,45653
232487,45653
158680,45653
128693,45653
177386,45652
131856,45652
10137,45652
232072,45652
101544,45651
4000,45651
78877,45650
47139,45650
214190,45650
247476,45650
248564,45649
271221,45649
209748,45649
73510,45649
183572,45648
102922,45646
213050,45646
72507,45646
212667,45645
268810,45645
133839,45644
208495,45644
256308,45644
257835,45644
11733,45644
15100,45644
116313,45643
246462,45643
260180,45643
82477,45643
252525,45642
275020,45642
50998,45641
181730,45641
95754,45641
259568,45641
88668,45641
266000,45640
64772,45639
199917,45639
256789,45638
196205,45638
260871,45638
202358,45637
270314,45637
227700,45637
239670,45637
196410,45637
282403,45636
241583,45636
243759,45635
194646,45634
167661,45634
130203,45632
32932,45632
23104,45630
272615,45630
198615,45629
175961,45628
163692,45628
43801,45628
286227,45628
182233,45627
25097,45627
261971,45627
117872,45627
132539,45627
151575,45626
131045,45626
251637,45626
34993,45626
274932,45624
200803,45624
265406,45624
80634,45624
275266,45624
208924,45623
53396,45623
282923,45623
213443,45622
211866,45622
295855,45622
170769,45622
251746,45622
178370,45621
5352,45621
25383,45620
44426,45619
153757,45619
273524,45619
253075,45619
265314,45618
242391,45618
120541,45617
2090,45617
293435,45617
217713,45617
207056,45616
238000,45616
233242,45615
231349,45614
141987,45614
285168,45614
91529,45614
240496,45614
70952,45614
246678,45613
9509,45613
296410,45612
199561,45611
137122,45611
67938,45611
280522,45609
170093,45609
34959,45608
283669,45608
258616,45607
3373,45607
241408,45607
274550,45606
267037,45606
208027,45605
216048,45605
229544,45605
290310,45605
203629,45604
131557,45603
187736,45603
227812,45601
33968,45601
278624,45601
236468,45600
147280,45599
180062,45598
221425,45598
2173,45598
287176,45597
47637,45596
206123,45594
54109,45594
152370,45594
181553,45593
151957,45593
180574,45593
200792,45593
91753,45592
170316,45591
271282,45591
100872,45590
108439,45590
1398,45589
251030,45589
132097,45588
207310,45588
139058,45588
163042,45587
81149,45586
89155,45586
8242,45586
266041,45586
89193,45586
8488,45585
261046,45585
41543,45584
124386,45583
11249,45583
109211,45582
202824,45582
288521,45581
194428,45581
259577,45581
39989,45580
235701,45580
254579,45580
15265,45580
95169,45579
19644,45578
288857,45578
275831,45577
104454,45577
55351,45577
144822,45577
263739,45577
158789,45577
233042,45576
226086,45576
270173,45576
145874,45575
33612,45575
270076,45575
237900,45574
182000,45574
31678,45574
257507,45574
291817,45573
91085,45573
235787,45573
61046,45572
268800,45572
209405,45572
209059,45571
7200,45571
15872,45570
52679,45568
31915,45568
268617,45568
204671,45568
260187,45567
167669,45566
174657,45565
272093,45565
172024,45564
7987,45564
6346,45564
294073,45563
291951,45563
54331,45562
59947,45562
246710,45561
25510,45561
204205,45560
78659,45560
176903,45559
278039,45558
2414,45558
138560,45557
221722,45557
249120,45557
295019,45556
12778,45556
178388,45556
113445,45556
64128,45556
164373,45556
164872,45555
250570,45555
260185,45555
109885,45553
223595,45553
284788,45553
258087,45553
261987,45553
130319,45552
227589,45552
262904,45552
256556,45552
293253,45551
207520,45551
134652,45551
235097,45550
75528,45550
259658,45550
189775,45550
76783,45550
16092,45549
254195,45549
289561,45549
19962,45549
167191,45549
237108,45548
293177,45548
199206,45548
196150,45547
204907,45547
236553,45546
284489,45546
254978,45546
26641,45546
271352,45546
226880,45546
140655,45546
145195,45545
92393,45545
226215,45545
22430,45545
176701,45544
36668,45544
7799,45543
57354,45543
1849,45542
101871,45542
157736,45542
292852,45542
35014,45542
254136,45541
141123,45541
178008,45540
196867,45540
260914,45540
196468,45539
19114,45539
177538,45539
147281,45538
270635,45537
213727,45537
272097,45537
78712,45537
171230,45536
249094,45535
194787,45535
9306,45535
195740,45535
167710,45534
87504,45534
138639,45534
221769,45533
162443,45533
1891,45533
134744,45532
143193,45532
154976,45532
270687,45532
273613,45531
186554,45530
6949,45530
190362,45530
256851,45530
223228,45530
92142,45528
168332,45528
259303,45528
41375,45527
170606,45527
226277,45527
259169,45527
41413,45527
248986,45526
206381,45526
194859,45525
246529,45525
239526,45525
183619,45525
208337,45524
270121,45524
273139,45524
34559,45524
245120,45524
35631,45523
279788,45523
150428,45523
140518,45523
176111,45523
111160,45523
235980,45523
234041,45522
183484,45522
50539,45522
12669,45521
295021,45521
237316,45521
239408,45520
80742,45519
271153,45519
17766,45518
7067,45518
193379,45517
210573,45517
103208,45516
191961,45516
111539,45515
238373,45514
293499,45514
207501,45514
212105,45513
173263,45513
266534,45513
255315,45512
39419,45512
282095,45512
282546,45511
169821,45511
181289,45510
261364,45510
273330,45510
229537,45510
49403,45510
24894,45509
236597,45509
186460,45509
27198,45508
189174,45508
294011,45508
110570,45507
53972,45507
277551,45507
179040,45507
276519,45507
184999,45506
8670,45506
11326,45505
77112,45505
16434,45504
285599,45504
204485,45503
181827,45503
280824,45502
36417,45502
40004,45501
231259,45500
247230,45500
126722,45500
7369,45499
164118,45499
280784,45499
247208,45499
27460,45498
109138,45498
154545,45498
154782,45498
175512,45498
93197,45497
158616,45497
132210,45497
273062,45497
94865,45497
258909,45497
9336,45493
289477,45493
90141,45492
8102,45492
156403,45492
179055,45492
259498,45492
291919,45492
257998,45491
253767,45491
206464,45491
278921,45491
292958,45491
90664,45491
124929,45490
208114,45490
293981,45490
145926,45490
213944,45490
91300,45489
194289,45489
4655,45489
211087,45488
19273,45488
216407,45488
290474,45488
46567,45487
58240,45487
22165,45487
207421,45487
288712,45487
293797,45487
197225,45486
274204,45486
236674,45486
90913,45486
172738,45486
230524,45486
229430,45485
66157,45485
203964,45485
282229,45485
6651,45485
228914,45485
27553,45484
234296,45484
247777,45484
3893,45484
204555,45484
234825,45483
132407,45483
18959,45483
5579,45483
232429,45483
73602,45482
222610,45481
225648,45480
117619,45480
76043,45480
276006,45480
286832,45480
234508,45479
219740,45479
236936,45479
142124,45478
258062,45478
234552,45478
264100,45478
117491,45478
210260,45477
37402,45477
273047,45477
5514,45476
38639,45476
192407,45475
202101,45475
245020,45475
87003,45475
200469,45475
2432,45474
168483,45474
11506,45474
286999,45474
277441,45474
156887,45474
206910,45474
231095,45473
169298,45473
31488,45473
288751,45472
206808,45472
246758,45472
200186,45472
262877,45472
275619,45472
266765,45471
247403,45471
178868,45471
32433,45470
13469,45470
295664,45470
100335,45470
275708,45470
268474,45470
280694,45470
245872,45469
294803,45469
98350,45469
186533,45469
217501,45469
96878,45468
188170,45468
51870,45468
170212,45467
284323,45467
242276,45466
277506,45466
293582,45466
270941,45465
158047,45465
27299,45465
122745,45464
199756,45464
161212,45464
31890,45464
261921,45464
144469,45463
171137,45463
90107,45463
191748,45462
109979,45461
246545,45461
220062,45461
44300,45461
167235,45461
266815,45460
233949,45460
295477,45460
266431,45460
258919,45460
157863,45460
10414,45459
255902,45459
47977,45458
273134,45458
113698,45457
217266,45457
218092,45457
245583,45457
194192,45457
257104,45456
270131,45456
288725,45456
190135,45456
114394,45456
55001,45455
47195,45455
225243,45455
4716,45454
15416,45454
127768,45453
269530,45453
264931,45453
16215,45452
32554,45452
60328,45452
262322,45452
279877,45452
169229,45451
230006,45451
151971,45451
192199,45451
192969,45451
267339,45450
268014,45449
143476,45449
3773,45449
254203,45448
293514,45448
229802,45448
263792,45448
161888,45448
182332,45447
196131,45447
282542,45447
218732,45447
52454,45447
246137,45447
79881,45446
174055,45445
288212,45445
14277,45445
214254,45445
133519,45445
207289,45445
130139,45444
86431,45444
741,45444
256907,45444
119535,45444
98950,45444
232011,45444
164328,45444
39766,45444
225413,45443
164195,45443
166713,45443
160806,45442
88713,45442
295276,45442
271970,45441
228334,45441
662,45441
188045,45441
95425,45441
144357,45441
243612,45440
150577,45440
155310,45439
234276,45439
246567,45439
274811,45439
6012,45438
20824,45438
264747,45437
168225,45437
48214,45437
196271,45436
192057,45436
277339,45436
310,45436
164836,45435
263289,45435
263252,45435
99704,45435
31221,45434
143617,45434
277448,45434
168357,45434
214165,45434
245638,45434
296370,45434
177624,45433
279055,45433
8282,45433
258997,45433
256997,45432
104102,45432
57565,45432
256626,45432
221993,45432
271023,45432
136389,45431
161947,45431
288578,45431
244445,45431
285672,45431
262608,45431
225988,45430
192870,45430
9221,45429
38851,45429
163396,45429
264240,45429
188286,45428
222534,45428
89688,45428
216222,45427
13274,45427
161474,45427
10899,45427
121584,45426
269873,45426
226518,45425
170042,45425
45502,45425
57473,45425
200707,45424
231211,45424
11838,45424
242482,45424
193322,45424
262246,45424
39854,45424
158561,45423
44151,45423
216242,45422
178384,45422
212022,45421
117025,45420
224041,45420
113518,45420
254793,45420
274838,45419
53418,45419
126846,45419
15890,45419
215466,45419
224816,45419
185984,45419
225786,45419
159393,45419
224002,45418
82319,45418
278979,45418
287235,45418
145929,45417
195120,45417
176220,45417
44330,45417
195566,45416
111091,45415
276260,45415
140413,45415
249783,45414
267610,45414
104759,45414
85784,45413
40784,45413
236563,45413
49308,45412
263715,45412
210974,45412
256636,45411
49478,45411
266646,45411
118948,45411
78301,45410
283629,45410
254566,45410
225460,45410
246695,45410
92777,45410
275351,45409
22403,45409
289837,45409
266786,45408
254115,45408
215307,45408
76551,45407
16097,45407
92769,45407
11154,45407
81791,45406
283033,45406
261069,45406
128738,45406
294166,45406
291779,45406
245139,45406
29303,45406
29464,45405
220323,45405
294533,45405
168346,45405
164039,45404
285931,45404
92467,45404
185870,45404
213425,45403
262038,45403
211507,45403
218381,45402
196466,45402
74754,45402
15401,45401
27469,45401
245789,45401
242817,45401
283890,45400
252126,45400
9446,45400
275600,45400
115736,45400
4153,45400
219822,45399
1121,45399
48879,45399
95233,45399
233348,45399
167653,45399
294117,45398
80523,45398
239124,45397
325,45397
8326,45397
95893,45397
30724,45397
117120,45397
288051,45396
203850,45396
35494,45396
94301,45396
27289,45396
62965,45396
275994,45395
163015,45395
9780,45395
234843,45395
7256,45395
96899,45395
155058,45394
7673,45394
266835,45394
272119,45394
248306,45394
293064,45394
282870,45394
29526,45394
238162,45393
58108,45393
296575,45393
229,45393
129919,45393
136302,45393
95106,45393
74203,45393
31968,45392
279828,45392
205975,45392
213111,45392
235991,45392
184740,45391
161277,45391
291316,45391
287561,45391
227874,45390
55111,45390
82411,45390
144150,45390
277284,45390
88131,45389
218575,45389
274418,45389
49408,45389
80558,45389
255568,45389
151420,45388
140728,45388
221635,45388
4325,45388
220032,45388
295682,45387
116549,45387
151259,45387
165146,45387
122651,45387
274930,45387
215361,45387
42276,45386
190264,45386
293506,45386
140848,45386
79640,45385
75983,45385
101005,45385
149491,45385
14749,45385
169520,45385
245683,45385
226372,45384
179056,45384
46816,45384
255366,45383
205787,45382
265141,45382
233509,45382
73796,45381
187308,45381
57453,45381
276410,45381
284293,45381
220537,45380
156238,45380
127076,45380
230672,45380
201083,45380
245964,45380
236726,45379
266231,45379
153176,45379
287298,45379
271112,45379
9032,45379
181655,45378
220598,45378
11318,45377
184283,45377
124906,45377
183841,45376
135601,45376
57743,45376
222185,45376
4257,45376
288575,45376
4873,45375
34527,45375
287600,45375
269442,45375
46316,45374
186982,45374
192583,45374
292641,45374
74229,45374
227549,45374
241576,45374
239406,45374
91681,45374
153242,45373
206153,45373
26987,45373
269898,45373
55595,45373
81161,45372
12683,45372
201863,45372
99895,45371
240352,45371
12383,45371
193941,45371
10638,45371
256377,45371
237037,45371
37855,45371
9976,45370
178459,45370
139396,45370
257026,45370
207523,45370
56762,45369
41761,45369
18930,45369
87776,45369
274492,45368
37710,45368
6960,45368
283081,45368
125106,45367
125743,45366
192782,45365
98955,45365
128503,45365
133618,45365
115159,45364
19519,45364
268871,45363
161452,45363
286235,45363
187289,45363
122105,45363
237444,45363
183589,45362
284230,45362
205820,45361
288098,45361
216705,45361
286407,45361
240105,45360
10216,45359
236602,45359
9946,45359
215782,45358
3634,45358
91502,45357
280792,45356
78428,45356
230497,45356
169660,45356
270796,45356
16122,45356
145495,45356
190159,45356
296528,45355
43613,45355
261757,45355
251692,45355
133360,45354
21423,45354
174914,45354
124091,45354
274988,45354
148045,45353
93322,45353
264085,45353
208806,45353
118013,45353
175203,45353
133928,45352
158760,45352
30825,45351
21856,45351
89795,45351
249936,45351
273430,45350
115137,45350
37460,45350
288439,45350
293014,45350
6341,45349
77421,45348
263970,45348
64029,45348
65648,45348
233584,45348
279005,45348
233118,45348
289394,45348
82637,45348
125720,45347
249677,45347
272445,45347
59894,45347
253890,45347
294233,45346
208195,45346
282376,45346
211166,45346
76091,45345
130393,45345
162445,45345
223297,45345
205020,45345
237557,45344
33135,45344
231341,45344
36537,45343
91167,45343
203504,45343
39737,45342
246365,45342
282736,45342
270351,45342
131564,45342
262914,45341
158340,45341
213755,45341
273734,45341
19633,45341
265337,45341
240037,45341
272309,45341
204649,45341
75087,45341
238194,45340
238562,45340
5985,45340
156480,45340
13909,45340
284331,45339
250295,45339
160335,45339
215232,45339
289349,45339
259653,45339
262392,45339
253005,45339
294124,45338
94986,45338
73286,45338
216840,45338
257557,45338
190790,45338
260491,45337
205288,45337
36197,45336
100222,45336
200494,45336
69569,45336
130568,45336
186937,45336
26036,45335
292182,45335
2055,45335
233525,45335
285458,45335
182770,45334
280912,45334
282508,45334
13415,45334
272725,45334
127187,45334
172977,45333
264001,45333
51128,45333
122423,45333
17588,45333
137560,45332
42232,45332
287837,45332
159342,45332
199227,45332
267187,45331
265258,45331
3564,45331
267541,45331
214541,45331
32893,45330
279487,45330
276624,45330
261935,45330
233549,45329
7532,45329
287330,45329
267967,45329
134568,45329
270292,45329
249009,45329
58748,45329
129820,45329
191365,45328
3409,45328
233286,45328
10601,45328
46154,45328
57286,45328
23621,45328
173466,45327
8776,45327
210688,45327
217536,45327
30498,45327
85918,45326
103333,45326
274333,45325
240047,45325
4508,45325
119321,45325
58895,45325
3598,45325
114314,45325
264650,45325
276481,45324
109628,45324
243743,45324
3914,45324
15639,45324
147404,45324
263659,45323
232912,45322
174431,45322
58246,45322
45189,45322
238605,45322
256333,45322
282411,45321
278884,45321
146922,45321
290924,45321
189899,45321
214674,45321
269127,45320
11480,45320
245982,45320
171458,45320
205065,45320
193803,45319
112225,45319
174993,45318
59558,45318
18401,45318
271213,45318
18361,45318
208109,45318
42432,45318
6752,45317
14097,45317
235667,45317
239081,45317
281351,45317
282332,45317
257965,45317
203523,45316
212185,45316
155821,45316
267428,45316
251088,45316
240869,45316
269682,45316
169029,45316
271915,45315
13599,45315
23666,45315
246296,45315
124757,45315
3057,45314
237648,45314
145344,45314
286858,45313
290887,45313
142380,45313
179237,45313
283450,45313
189483,45312
223467,45312
283203,45312
22030,45312
210868,45312
84703,45311
147881,45311
12520,45311
251134,45311
41223,45311
157619,45311
238224,45311
142229,45310
251814,45310
284076,45310
43314,45310
142830,45309
3701,45309
252946,45308
292659,45308
78187,45308
222029,45308
9059,45307
180857,45307
207373,45307
210229,45307
91729,45307
225833,45307
4332,45307
67814,45306
121892,45306
255146,45306
295741,45306
229440,45306
24421,45306
142056,45306
254628,45305
172563,45305
15371,45305
190465,45304
295243,45304
8365,45304
62102,45303
180463,45303
242064,45303
271452,45303
143756,45303
24739,45303
296449,45303
269924,45303
271833,45302
201664,45302
61633,45302
131804,45302
3465,45302
219,45301
255301,45301
254189,45301
230966,45301
87905,45300
279524,45300
59706,45300
265766,45300
262878,45300
268339,45300
73814,45299
63189,45299
269655,45299
106079,45299
133240,45299
255107,45299
22031,45299
248348,45298
37148,45298
27537,45298
288009,45298
250244,45298
127755,45297
174480,45297
76982,45297
183446,45297
268681,45297
265265,45297
296113,45297
170366,45297
154124,45296
72812,45296
5656,45295
284996,45295
289314,45295
161796,45295
110787,45294
7312,45294
76785,45294
190147,45294
256752,45294
180435,45293
232497,45293
118039,45293
283993,45293
185888,45293
258536,45292
206172,45292
106467,45292
184867,45292
203798,45292
215683,45292
15642,45291
204176,45291
85332,45291
245759,45291
220033,45291
83836,45290
31889,45290
271303,45290
289350,45290
48080,45290
2989,45290
282486,45289
198432,45289
57222,45289
85360,45289
188338,45289
296130,45288
86059,45288
251511,45288
164896,45288
5151,45288
253491,45288
203787,45288
178197,45288
164978,45287
47733,45287
74804,45287
58107,45287
280521,45287
10970,45287
6865,45287
276259,45286
33702,45286
264205,45285
42206,45285
283361,45285
245209,45285
202183,45285
264705,45285
240338,45285
225800,45284
244596,45284
3230,45284
98114,45284
218537,45284
178557,45283
248206,45283
38144,45283
236503,45283
88154,45283
287281,45283
259836,45282
91370,45282
132260,45282
89015,45282
216563,45281
289619,45281
242426,45281
217817,45281
82993,45281
89912,45281
238299,45280
255528,45280
83209,45280
33938,45280
286516,45280
244303,45279
154094,45279
267462,45279
284972,45279
88782,45279
16269,45279
170334,45279
48703,45279
187725,45279
10878,45278
69749,45278
38330,45278
263920,45278
284090,45278
20782,45278
180336,45278
11332,45277
263146,45277
257366,45277
199230,45277
152086,45277
152843,45277
278186,45276
218241,45276
133931,45276
222123,45276
203824,45275
228738,45275
101578,45275
123983,45274
291611,45274
540,45274
143471,45274
250806,45274
32029,45274
289569,45273
237666,45273
281320,45273
236930,45273
289607,45272
120269,45272
246088,45272
294990,45272
17250,45272
116527,45271
230217,45271
177683,45271
234354,45271
178807,45271
38913,45271
90146,45271
283646,45271
204472,45270
110488,45270
112572,45270
203707,45270
263036,45270
250978,45270
220744,45270
97087,45269
25308,45269
74472,45269
109569,45269
287745,45268
232549,45268
118538,45268
22109,45268
158737,45268
179336,45267
202698,45267
244084,45267
15425,45267
185695,45266
260017,45266
139706,45266
219527,45266
204654,45266
292026,45265
290651,45265
226000,45265
162227,45265
79592,45265
197708,45264
177541,45264
153855,45263
286273,45263
239270,45263
251714,45263
246544,45263
179239,45263
281625,45262
22335,45262
283642,45262
54033,45262
289101,45261
144201,45261
134715,45261
218767,45261
112498,45260
133789,45260
95314,45260
285667,45260
288081,45260
58217,45259
112984,45259
205357,45259
15891,45259
259281,45259
231527,45258
239230,45258
171030,45258
241243,45258
284780,45258
53056,45258
42615,45258
14501,45257
215661,45257
294378,45257
133115,45257
26490,45256
247320,45256
106650,45256
290716,45256
178457,45256
131504,45256
60391,45256
226243,45256
221216,45255
249384,45255
286747,45255
149584,45255
162674,45255
294778,45254
166617,45254
193245,45254
10309,45254
260471,45254
39315,45254
117136,45253
110038,45253
282983,45252
224774,45252
228853,45252
293728,45252
198031,45252
282867,45252
167799,45252
95974,45252
291281,45251
291065,45251
224789,45251
190619,45251
267502,45251
3391,45250
141624,45250
173057,45250
254952,45250
270457,45250
2931,45250
197289,45250
288892,45249
202032,45249
20454,45249
178042,45249
246310,45249
75649,45249
289855,45248
293343,45248
133149,45248
135779,45247
7220,45247
225257,45247
253718,45247
100871,45247
270418,45247
196167,45247
204984,45247
292534,45246
93121,45246
287603,45245
146373,45245
244503,45245
134811,45245
112165,45244
16864,45244
74084,45244
289366,45244
213929,45244
12713,45244
40836,45244
112573,45243
192185,45243
239459,45243
222092,45243
244516,45243
276724,45243
93129,45242
262873,45242
98982,45241
31550,45241
199372,45241
132380,45241
254810,45241
107250,45241
209542,45241
77132,45240
29794,45240
203264,45240
49367,45240
230101,45239
29591,45239
285778,45239
101419,45239
5054,45238
152813,45238
274730,45238
193881,45238
165165,45237
121578,45237
163336,45237
6817,45237
269683,45237
154910,45237
222371,45236
291875,45236
250812,45236
220021,45236
252972,45235
62804,45235
36621,45235
202556,45235
254534,45235
42980,45235
152332,45235
116129,45235
277103,45235
173885,45235
116090,45234
197219,45234
213437,45234
7190,45234
107983,45233
243956,45233
201054,45233
258916,45233
228556,45233
179267,45233
226901,45232
164587,45232
217552,45231
18524,45231
10325,45231
116119,45231
238436,45231
169158,45231
172615,45230
7825,45230
236815,45230
64,45230
55278,45229
267145,45229
116123,45229
215370,45229
243946,45229
271244,45228
293111,45228
227787,45228
295926,45227
285709,45227
139615,45227
239441,45227
294199,45227
185591,45227
53635,45226
243876,45226
17655,45226
10111,45226
128330,45225
28710,45225
10192,45225
200621,45225
88291,45225
294451,45225
77540,45225
273975,45225
168948,45225
219516,45224
202124,45224
36258,45224
75049,45224
217807,45223
75737,45223
217406,45223
269726,45223
125156,45223
173268,45223
67778,45223
167817,45222
233543,45222
233822,45222
264832,45222
143537,45222
269746,45221
121111,45221
259165,45221
218169,45221
835,45221
257406,45221
256302,45220
3284,45220
236244,45220
138260,45220
224849,45220
255258,45220
31029,45220
198633,45220
111064,45220
191610,45220
69817,45219
223344,45219
284710,45219
285042,45219
247913,45219
284934,45219
110001,45218
35520,45218
28331,45217
62378,45217
181385,45217
43493,45217
290680,45217
243312,45217
174812,45217
49134,45216
87483,45216
36505,45216
122376,45216
92666,45216
10711,45216
213395,45216
69413,45215
237698,45215
226304,45215
187164,45215
260754,45215
173064,45214
295432,45214
53102,45214
226015,45214
180921,45213
256677,45213
33013,45213
65020,45213
10490,45212
45686,45212
218488,45212
276636,45212
173742,45211
11963,45211
156851,45211
185409,45210
210115,45210
295351,45210
200972,45210
14305,45209
181145,45209
224035,45209
149411,45209
155574,45209
192549,45209
35635,45209
87074,45209
72452,45209
242185,45208
245254,45208
260391,45208
199964,45208
102058,45208
294330,45208
289963,45208
269747,45207
29426,45207
189935,45207
209762,45206
17555,45206
76854,45206
163072,45206
35914,45206
289238,45206
226528,45206
139836,45206
180262,45206
267429,45206
194970,45205
274105,45205
293206,45205
288653,45205
229467,45205
287627,45205
39779,45205
42229,45204
246223,45204
238175,45204
256609,45204
10391,45204
134884,45204
196656,45204
190146,45203
263430,45203
289737,45203
231222,45203
281120,45203
178961,45203
187188,45202
194295,45202
155845,45202
284091,45202
231814,45202
54214,45202
288093,45201
39100,45201
26206,45201
10946,45201
36817,45201
188619,45200
24864,45200
241190,45200
285868,45200
262099,45199
236361,45199
7033,45199
215939,45199
210733,45198
38700,45198
246461,45198
221392,45197
279534,45197
128722,45197
14795,45197
293314,45196
35555,45196
268082,45196
238408,45196
53219,45196
270183,45196
275383,45196
99030,45195
222531,45195
261005,45195
742,45195
145246,45195
37877,45195
250850,45195
64133,45195
135616,45194
165739,45194
247201,45194
249705,45194
89936,45194
263604,45193
287357,45193
257207,45193
154149,45193
212133,45193
145022,45192
292546,45192
283335,45192
102949,45192
272832,45192
199612,45192
239661,45192
276133,45192
134774,45191
60760,45191
289118,45191
285853,45191
151200,45191
268704,45191
196044,45191
202078,45191
250307,45191
257687,45191
188507,45190
187920,45190
230892,45190
39929,45190
80944,45189
285205,45189
110358,45189
175660,45189
257588,45189
224894,45189
262539,45188
28930,45188
240142,45188
131462,45188
168113,45188
30555,45188
127685,45188
250268,45188
154715,45187
191683,45187
191843,45187
59814,45187
248812,45187
242104,45187
227783,45187
215245,45187
102845,45186
189353,45186
187304,45186
92681,45186
151807,45186
11575,45186
25058,45185
67157,45185
120797,45185
18455,45185
241391,45185
223374,45185
186355,45185
267792,45185
281147,45184
255889,45184
1749,45184
157587,45184
154112,45184
191089,45183
138743,45183
279182,45183
21231,45183
127491,45183
27291,45182
270621,45182
272387,45182
89968,45182
268636,45182
226334,45181
169933,45181
176751,45181
271504,45181
27009,45181
276652,45181
269985,45181
193683,45180
275729,45180
292634,45180
260844,45180
205810,45180
218522,45180
749,45180
262523,45180
237337,45179
112846,45179
32065,45179
92101,45179
254433,45179
143171,45179
189754,45179
85575,45178
139736,45178
237507,45178
155663,45178
154481,45178
46033,45178
260487,45178
264414,45178
187334,45178
35037,45177
3149,45177
283079,45177
83147,45177
221915,45177
218002,45177
199089,45177
218334,45177
156771,45177
262243,45177
275540,45177
37486,45176
287091,45176
33445,45176
220806,45176
3447,45176
254345,45176
134435,45176
184964,45176
257734,45175
92884,45175
101603,45175
284800,45175
54985,45175
276206,45175
283828,45175
285688,45175
237314,45174
112834,45174
273877,45174
130294,45174
142452,45174
95358,45174
88826,45173
286119,45173
235913,45173
14357,45172
31050,45172
285606,45172
31703,45172
288041,45172
195499,45172
121459,45172
205445,45171
210351,45171
241961,45171
168962,45171
260824,45171
236651,45171
84992,45171
287503,45171
17122,45171
2094,45170
199291,45170
163574,45170
283228,45170
252229,45170
224983,45170
67313,45170
6859,45170
106304,45170
209831,45169
211294,45169
39051,45168
56906,45168
153619,45168
178729,45168
166800,45167
233486,45167
265288,45167
268734,45167
8773,45167
122485,45167
153836,45167
279640,45167
72830,45166
32634,45166
221027,45166
47128,45166
296291,45166
21661,45166
24,45166
245808,45165
251883,45165
257594,45165
79427,45165
291824,45165
287718,45165
219939,45165
274230,45165
6564,45165
4338,45164
262108,45164
242643,45164
11262,45164
173843,45164
80313,45164
286884,45164
246660,45164
276389,45164
38149,45163
218568,45163
217178,45163
230812,45163
235466,45163
245677,45163
221117,45163
110993,45163
215813,45162
10098,45162
240376,45162
282908,45162
228785,45162
16323,45162
266570,45162
140686,45162
162369,45162
260420,45161
256781,45161
74255,45161
295420,45161
278157,45161
89553,45160
5784,45160
272025,45160
256498,45160
40055,45160
120062,45160
175354,45160
5657,45160
234028,45160
191313,45160
87122,45159
1335,45159
7842,45159
130217,45159
167539,45159
271752,45159
266050,45159
236772,45158
94391,45158
232829,45158
94493,45158
207091,45158
265047,45158
55462,45157
263439,45157
158501,45157
26854,45157
240760,45157
122501,45156
145646,45156
278752,45156
8494,45156
278397,45156
55578,45156
282954,45156
264141,45155
225383,45155
15444,45155
261221,45154
214889,45153
265916,45153
8841,45153
283895,45153
30092,45153
218047,45153
253410,45153
92427,45153
164677,45153
20672,45152
124109,45152
214825,45152
160700,45152
99742,45152
206110,45152
245449,45152
159444,45152
183487,45152
11209,45151
171996,45151
212388,45151
45481,45151
169618,45151
70782,45150
237717,45150
247204,45149
171169,45149
127492,45149
238234,45149
283552,45149
277045,45149
295103,45149
291628,45148
244411,45148
269523,45148
161309,45148
1793,45148
40323,45148
150190,45148
130358,45148
45815,45147
276383,45147
240106,45147
270157,45147
248427,45147
241974,45146
18722,45146
282380,45146
177363,45146
249221,45146
59127,45145
259099,45145
72709,45145
99426,45145
228233,45145
218341,45145
247236,45145
288460,45145
14841,45145
12159,45145
225958,45144
176753,45144
130362,45144
18114,45144
253584,45144
240701,45144
288065,45144
292585,45143
267510,45143
112888,45143
178290,45142
265480,45142
260883,45142
253905,45142
68915,45142
190584,45142
296366,45142
11090,45142
194871,45141
14059,45141
256933,45141
30127,45141
49445,45140
87057,45140
258921,45140
250719,45140
254152,45140
238218,45140
199922,45140
143509,45140
215009,45139
228641,45139
262721,45139
239002,45139
204885,45139
89633,45138
265585,45138
242538,45138
107444,45138
116922,45138
170256,45138
254998,45138
165808,45137
254703,45137
37550,45137
231699,45137
184994,45137
249586,45136
185766,45136
117822,45136
205469,45136
268217,45136
138920,45136
41051,45136
11951,45135
144231,45135
28719,45135
45476,45135
287804,45135
237417,45135
117378,45135
216666,45135
196245,45135
157954,45135
252314,45135
7935,45134
32950,45134
209444,45134
290773,45134
293475,45134
285073,45133
35570,45133
190648,45133
204979,45133
46937,45133
8472,45133
221074,45133
292844,45133
269660,45133
263799,45133
224603,45133
231200,45132
237505,45132
209657,45132
273974,45132
96850,45132
295154,45132
102933,45132
155364,45132
234547,45132
164815,45131
239623,45131
156915,45131
32356,45131
242869,45131
172460,45130
245938,45130
222320,45130
35742,45130
154529,45130
289724,45130
223478,45130
122248,45130
113611,45129
39397,45129
44877,45129
190018,45129
228402,45129
200077,45129
296460,45128
255215,45128
73951,45128
162427,45128
258339,45128
181397,45128
89209,45128
176366,45127
23115,45127
144945,45127
39251,45127
3268,45127
179004,45126
278790,45126
269271,45126
24268,45126
219598,45126
265566,45126
258308,45126
80901,45126
234300,45125
36676,45125
165763,45125
255067,45125
195092,45125
173656,45125
179035,45125
38634,45125
287169,45125
17999,45125
47217,45124
240154,45124
275770,45124
67195,45124
230201,45124
241519,45123
254681,45123
78861,45123
207888,45123
195857,45123
139245,45123
206244,45123
230013,45122
194906,45122
128789,45122
137567,45122
261678,45122
280726,45122
287697,45122
177452,45122
232929,45122
277591,45122
19903,45122
287358,45121
112929,45121
146583,45121
47822,45121
267679,45121
205844,45121
215946,45121
19181,45121
170887,45121
194720,45120
189006,45120
154772,45120
56925,45120
293490,45120
295896,45120
287742,45120
273152,45120
282688,45120
122510,45120
261486,45119
255012,45119
91131,45119
103595,45119
261772,45119
291970,45119
280817,45118
217368,45118
193263,45118
21390,45118
147694,45118
120002,45118
275665,45118
18607,45118
267208,45117
238920,45117
82745,45117
241233,45117
207996,45117
128127,45117
187482,45116
196186,45116
258929,45116
253268,45116
78503,45116
286550,45116
177122,45116
254055,45116
240012,45116
6516,45115
124808,45115
168716,45115
194553,45115
254111,45115
253952,45115
229812,45115
279507,45115
281922,45115
44145,45115
229618,45114
202784,45114
272645,45114
285343,45114
95081,45114
180005,45114
198196,45114
169260,45113
234798,45113
3265,45113
184314,45113
255965,45113
289707,45112
280843,45112
232730,45112
284457,45112
89222,45112
30695,45112
100577,45112
272962,45112
192638,45112
262731,45112
147651,45111
295307,45111
267865,45111
100276,45111
101079,45111
73980,45111
160914,45111
102233,45111
233591,45111
296266,45111
269651,45110
140239,45110
258946,45110
28501,45110
241175,45110
167019,45110
287871,45110
7659,45110
205620,45109
140591,45109
104707,45109
97358,45109
162017,45109
228936,45109
268096,45109
286852,45109
290483,45109
42909,45109
291496,45109
129829,45109
136817,45108
93232,45108
157516,45108
148788,45108
47226,45108
214647,45108
61276,45108
192829,45108
183260,45107
194447,45107
286120,45107
21121,45107
223397,45107
293579,45107
72147,45106
125825,45106
269083,45106
218357,45106
231720,45106
139079,45106
200783,45106
289393,45106
167785,45106
277232,45106
136810,45106
197152,45106
77405,45106
172152,45106
147354,45106
265592,45105
127714,45105
47960,45105
224479,45105
88950,45105
38826,45105
271019,45105
188943,45105
77865,45105
226678,45104
94479,45104
282496,45104
207604,45104
172806,45104
185028,45104
177273,45103
218670,45103
205761,45103
227538,45102
37328,45102
164315,45102
208667,45102
63776,45102
293793,45102
108027,45102
295385,45102
206818,45102
37731,45102
278699,45101
86567,45101
10685,45101
187057,45101
136824,45101
6574,45101
281117,45101
287646,45101
1503,45101
94905,45100
8571,45100
197850,45100
201864,45100
208522,45100
208568,45100
235387,45100
9901,45099
52075,45099
263932,45099
260403,45099
123223,45099
7496,45099
212916,45099
151026,45098
17387,45098
284131,45098
262302,45098
95690,45098
38976,45098
148570,45097
23950,45097
35183,45097
99909,45097
163475,45096
247099,45096
158965,45096
17432,45096
216300,45096
143973,45096
282180,45096
19158,45096
149446,45095
261877,45095
187766,45095
49924,45095
223854,45095
109410,45095
191505,45095
267739,45095
40203,45095
204359,45095
167286,45095
272294,45094
57619,45094
191840,45094
231729,45094
227972,45094
212633,45094
285666,45094
105,45094
199516,45093
18383,45093
235403,45093
292410,45093
247650,45093
204718,45093
291899,45093
222023,45093
114532,45093
142586,45093
290248,45093
34643,45093
187602,45093
167079,45093
286472,45092
99711,45092
279448,45092
216279,45092
191338,45092
258873,45092
153077,45092
169534,45092
238721,45091
173005,45091
209437,45091
208822,45091
186622,45091
89131,45091
235954,45091
283435,45091
144485,45091
274362,45091
275535,45091
124987,45091
178175,45091
48412,45090
154241,45090
77336,45090
179686,45090
66670,45090
292157,45090
170694,45090
255874,45090
293379,45090
228178,45089
14075,45089
213589,45089
286249,45089
272668,45089
219589,45088
186663,45088
281237,45088
274430,45088
270654,45088
59830,45088
222927,45088
210779,45088
139942,45088
262603,45087
254393,45087
280807,45087
97776,45087
3036,45087
285811,45087
150494,45087
117455,45087
276445,45087
90060,45086
249973,45086
206965,45086
296379,45086
196511,45086
246383,45086
191851,45085
21573,45085
111291,45085
261210,45085
255932,45085
147985,45085
168847,45085
88221,45085
126093,45085
247303,45085
51443,45084
24427,45084
22027,45084
74627,45084
202993,45084
125196,45084
142387,45084
192288,45084
246294,45083
201209,45083
227434,45083
54447,45083
3025,45083
144776,45083
122991,45083
183901,45083
69958,45083
38551,45082
280208,45082
81451,45082
246657,45082
197007,45082
276661,45081
183200,45081
105404,45081
14300,45081
166319,45081
218952,45081
154550,45081
239700,45081
26872,45081
121244,45080
156859,45080
68209,45080
218850,45080
125394,45080
1096,45080
76676,45080
295399,45079
244168,45079
249299,45079
270024,45079
95630,45079
248465,45079
137588,45079
284496,45079
162830,45079
2140,45079
265186,45078
248149,45078
254683,45078
219974,45078
222379,45078
53066,45078
292614,45078
177686,45077
185121,45077
234319,45077
222969,45077
27506,45077
225614,45077
228176,45077
227616,45076
284393,45076
56502,45076
245795,45076
161956,45076
216145,45076
251645,45076
132808,45076
278961,45076
161419,45076
52979,45076
285409,45076
108816,45076
53316,45076
279322,45076
47757,45076
277569,45075
274968,45075
33553,45075
191751,45075
253648,45075
1116,45075
189018,45075
160106,45075
143838,45075
6499,45074
231135,45074
7124,45074
141519,45074
239788,45074
204874,45074
75667,45074
135233,45073
209932,45073
12352,45073
35204,45073
89408,45072
295273,45072
225228,45071
239569,45071
97762,45071
116827,45071
117984,45071
247075,45071
112463,45071
274044,45071
214568,45071
81299,45071
80392,45071
230329,45071
2622,45071
219362,45071
239716,45071
230503,45070
232951,45070
9880,45070
132381,45070
231255,45070
199432,45069
273594,45069
283602,45069
208172,45069
3732,45069
103226,45069
29636,45069
293170,45068
255062,45068
138073,45068
260363,45068
75358,45068
245008,45068
36760,45068
270338,45068
233571,45067
116332,45067
19852,45067
180079,45067
241322,45067
202461,45067
251082,45067
161179,45067
16996,45066
231173,45066
94538,45066
232891,45066
23823,45066
127712,45066
283434,45066
150731,45066
4630,45066
283707,45066
273065,45066
268112,45066
219062,45066
295642,45065
247358,45065
90693,45065
213484,45065
258232,45065
4500,45065
265558,45065
123271,45065
214458,45065
139433,45065
98057,45065
13122,45065
177249,45065
206943,45064
291052,45064
224077,45064
244888,45064
13654,45064
14315,45064
166408,45064
287317,45064
187134,45063
141694,45063
191467,45063
200300,45063
210745,45063
202590,45063
284224,45063
175910,45062
157368,45062
283038,45062
80063,45062
222659,45061
2564,45061
111268,45061
181818,45061
28036,45061
196816,45060
288307,45060
287087,45060
207035,45060
36351,45060
81198,45060
5595,45060
287723,45060
172825,45059
133918,45059
41936,45059
147768,45059
204414,45059
216586,45058
257901,45058
276145,45058
165065,45058
28328,45058
1587,45058
237113,45058
49645,45058
194387,45058
169480,45058
45783,45058
34445,45058
243472,45057
230947,45057
11222,45057
226582,45057
33361,45057
237636,45057
180426,45057
254921,45056
173890,45056
3534,45056
109296,45055
200994,45055
198703,45055
49319,45055
89571,45055
179003,45054
111688,45054
160660,45054
195385,45054
97129,45054
48941,45053
41683,45053
31229,45053
18310,45053
50104,45053
103084,45052
118657,45052
282090,45052
268925,45052
285907,45052
210,45052
36736,45052
290753,45052
294031,45051
278825,45051
110873,45051
151282,45051
202589,45051
91877,45051
46101,45051
116601,45051
24953,45051
114308,45050
129510,45050
80858,45050
237681,45050
206273,45050
55240,45050
292242,45050
133711,45050
283298,45049
187120,45049
192665,45049
240741,45049
43616,45049
127531,45049
46479,45049
218993,45049
294121,45049
205943,45049
262251,45049
103801,45048
122357,45048
201362,45048
179252,45048
262434,45048
198261,45048
250132,45048
283102,45048
235652,45047
259357,45047
134089,45047
213739,45047
13131,45047
8233,45047
236148,45047
48145,45047
47879,45047
136208,45047
135914,45047
109377,45047
32441,45047
163463,45046
192968,45046
186542,45046
105823,45046
229354,45046
121363,45046
16263,45046
249406,45046
198107,45046
55035,45045
76125,45045
244685,45045
45784,45045
260729,45045
77463,45045
4856,45044
105338,45044
173804,45044
14982,45044
292314,45044
42153,45044
254485,45044
215785,45043
53410,45043
210133,45043
98745,45042
183902,45042
247897,45042
19353,45042
240477,45042
75499,45042
117499,45042
105126,45042
183322,45042
9409,45042
151726,45041
220250,45041
272453,45041
220969,45041
11269,45041
274127,45041
145834,45041
23132,45041
263351,45041
75259,45041
206628,45041
12266,45041
138720,45040
287482,45040
232639,45040
209700,45040
65991,45040
99772,45040
292289,45040
188823,45040
96116,45040
69787,45039
185848,45039
54236,45039
27190,45039
30429,45039
237637,45039
282562,45038
295726,45038
70472,45038
21656,45038
13253,45038
284711,45038
217872,45038
51804,45038
158259,45037
271902,45037
292201,45037
235518,45037
91437,45037
190895,45037
31323,45037
293493,45037
169716,45037
12522,45036
291000,45036
78171,45036
285993,45036
196680,45036
287131,45036
32221,45036
224354,45036
220617,45035
228678,45035
285600,45035
14289,45035
243022,45035
207851,45035
266863,45035
60923,45035
273327,45035
254912,45035
292629,45035
9814,45035
152428,45034
165928,45034
9646,45034
262497,45034
265710,45034
59484,45034
29913,45034
173576,45034
224345,45033
263606,45033
122176,45033
165777,45033
205275,45033
206202,45033
232373,45033
126613,45033
30644,45033
145180,45032
243765,45032
234494,45032
215537,45032
25278,45032
269237,45032
292008,45032
280595,45031
265390,45031
173303,45031
198241,45031
234224,45031
82820,45031
55180,45031
164802,45031
169174,45030
105027,45030
11205,45030
31209,45030
62484,45030
271704,45030
85467,45030
125675,45030
195170,45030
149618,45029
88400,45029
240234,45029
150385,45029
190117,45029
57658,45028
79327,45028
117993,45028
89476,45028
72898,45028
189633,45028
240861,45028
211235,45028
208543,45028
204909,45028
115812,45028
38271,45027
277109,45027
196986,45027
36162,45027
29574,45027
72276,45027
263298,45026
202059,45026
247644,45026
232808,45026
276687,45026
115280,45026
77478,45026
194998,45026
109785,45026
50768,45025
292733,45025
238080,45025
32380,45025
237887,45025
147618,45025
251286,45025
176884,45024
137743,45024
212882,45024
277394,45024
238894,45024
178256,45024
268156,45024
234841,45024
263967,45024
140679,45024
11118,45023
212686,45023
259349,45023
42986,45023
283676,45023
11301,45023
200619,45022
288556,45022
260118,45022
202754,45022
237739,45022
166289,45022
189422,45021
199775,45021
160471,45021
183007,45021
15745,45021
120993,45021
114576,45021
7524,45021
212473,45020
13985,45020
170951,45020
80245,45020
215211,45020
273291,45020
290269,45020
3100,45019
183676,45019
223903,45019
248321,45019
230029,45019
221498,45019
116293,45019
252623,45019
278942,45019
199555,45019
1631,45019
267492,45019
44155,45018
59331,45018
241380,45018
276933,45018
268977,45018
285429,45018
184334,45017
152728,45017
143162,45017
101475,45017
159241,45017
219686,45017
115327,45017
216198,45017
194250,45017
247058,45017
287381,45016
181399,45016
170720,45016
51280,45016
86553,45016
32628,45016
63288,45016
244727,45016
23153,45016
119063,45016
53242,45016
127898,45015
148000,45015
225191,45015
23086,45014
43500,45014
214232,45014
26909,45014
153992,45014
145881,45014
228911,45014
36573,45014
201782,45014
67171,45014
199650,45014
90162,45013
154774,45013
251664,45013
233947,45013
105754,45013
247117,45013
277423,45013
278270,45012
135378,45012
120244,45012
99578,45012
41198,45012
445,45012
188800,45012
231828,45012
208325,45012
47741,45012
255783,45011
263954,45011
264096,45011
58607,45011
163502,45011
52283,45011
254177,45011
279088,45011
183593,45011
152603,45010
5506,45010
6079,45010
137023,45010
110682,45010
271301,45009
625,45009
236333,45009
262494,45009
212014,45009
268349,45009
187597,45008
26397,45008
149788,45008
7074,45008
202772,45008
27606,45008
229076,45008
235401,45008
254548,45008
45559,45008
42394,45008
209027,45008
67697,45008
221274,45008
105536,45007
256536,45007
35835,45007
9299,45007
5636,45007
14283,45007
94226,45006
210389,45006
12298,45006
75157,45006
280979,45006
92273,45006
207299,45006
47320,45005
184398,45005
135159,45005
176850,45005
250534,45005
286343,45005
43023,45005
5537,45005
272885,45005
213276,45005
208183,45005
19345,45004
226382,45004
3368,45004
170619,45004
60787,45004
52741,45004
194331,45004
80237,45004
286131,45003
212703,45003
286125,45003
27031,45003
282606,45003
191795,45003
110717,45003
244150,45002
3675,45002
294669,45002
204261,45002
171293,45002
228179,45002
83279,45002
289029,45001
247170,45001
281482,45001
68549,45001
232384,45001
192727,45001
296307,45001
10602,45001
31018,45001
155949,45001
95593,45001
75317,45001
113364,45000
271714,45000
135498,45000
206307,45000
289222,44999
221853,44999
145633,44999
160666,44999
175159,44999
76892,44999
283168,44999
42562,44998
267478,44998
147856,44998
286679,44998
241753,44998
260764,44998
226368,44998
121667,44998
200471,44998
165268,44998
260897,44998
188779,44998
221329,44998
289920,44997
212890,44997
228139,44997
226972,44997
265205,44997
24350,44997
156455,44997
166258,44997
248979,44997
121120,44996
8201,44996
207857,44996
90303,44996
52632,44996
24224,44996
279444,44996
136173,44996
206035,44996
242759,44995
23355,44995
59817,44995
65077,44995
238977,44995
30306,44995
242463,44995
104323,44995
163444,44995
207715,44994
180850,44994
279173,44994
251052,44994
265440,44994
142856,44993
100191,44993
190929,44993
265184,44993
291391,44993
7396,44993
252604,44993
208967,44993
241650,44993
154177,44993
261414,44992
282000,44992
255782,44992
94954,44992
235815,44992
203837,44992
180745,44992
149231,44992
104134,44992
208405,44992
69320,44992
203484,44992
5958,44991
87117,44991
106462,44991
140879,44991
26600,44991
174981,44991
524,44990
272234,44990
244486,44990
272448,44990
241275,44990
148026,44990
4606,44989
224836,44989
159071,44989
196220,44989
2380,44988
280844,44988
60589,44988
4063,44988
176757,44988
236325,44988
232391,44988
257204,44988
251099,44988
252725,44988
258208,44988
187470,44987
119117,44987
170300,44987
107686,44987
266120,44987
293258,44987
244902,44987
49316,44987
177656,44986
137435,44986
89997,44986
270237,44986
236719,44986
229769,44986
295387,44986
265500,44986
216983,44986
154848,44986
104685,44985
280651,44985
60876,44985
151129,44985
204,44985
129903,44984
262597,44984
172401,44984
231581,44984
190626,44984
293121,44984
3656,44984
194012,44984
81167,44984
8148,44984
100152,44984
218716,44984
61968,44983
107791,44983
276486,44983
221542,44983
232500,44983
229785,44983
76801,44983
98615,44983
125088,44982
290918,44982
57189,44982
153783,44982
49303,44982
289355,44982
75788,44982
190429,44982
248145,44981
248749,44981
20546,44981
45,44981
261727,44981
173655,44981
255027,44981
198522,44981
156786,44981
252699,44980
42319,44980
113315,44980
18586,44980
149033,44980
47114,44980
241900,44980
198138,44980
93346,44980
162713,44980
142482,44980
240832,44980
221489,44980
92723,44980
173528,44979
47880,44979
208357,44979
491,44979
180253,44979
