185,100000
27499,55998
5437,51955
143925,51771
233,51525
194360,51157
20142,50654
62194,50398
2926,50231
165100,49967
2101,49828
202580,49522
245119,49454
5017,49452
264334,49386
30714,49308
295576,49265
254853,49235
28934,49219
199069,49218
277541,49195
207069,49012
268793,48993
19809,48984
22061,48962
168887,48945
257296,48941
30510,48923
78634,48919
212312,48886
57103,48792
288758,48776
280200,48734
107770,48691
160103,48596
20741,48573
169565,48561
880,48546
131554,48525
105036,48507
243520,48495
10366,48479
252726,48476
37663,48472
185709,48434
262379,48428
123807,48424
231498,48401
247815,48368
234668,48328
262417,48325
287247,48325
247099,48305
269755,48299
100036,48281
84195,48274
2318,48214
252158,48213
114653,48201
41549,48200
279269,48193
85039,48193
239657,48183
74864,48182
176861,48174
289686,48163
239083,48154
296067,48144
173467,48143
295246,48130
271125,48129
194747,48127
287076,48114
289156,48099
44522,48090
226294,48052
156261,48029
268572,48016
267597,47986
115946,47972
201229,47968
245316,47964
286549,47944
264793,47926
231617,47922
236266,47913
69690,47905
257621,47900
2252,47899
169882,47895
84681,47895
191266,47888
276536,47884
261219,47882
173744,47872
273751,47854
224350,47837
182827,47833
5438,47832
268411,47812
95614,47804
182894,47802
25137,47797
118990,47791
172842,47788
219712,47788
232472,47787
288476,47784
109343,47781
291830,47772
121558,47761
139373,47757
104097,47749
15739,47733
199044,47731
148515,47729
10473,47727
230294,47726
129957,47726
164462,47695
284454,47686
268195,47676
143991,47671
155899,47670
89915,47669
296458,47653
179623,47645
128755,47639
279484,47638
242391,47627
223589,47625
229346,47612
92989,47604
170650,47603
227071,47602
271440,47601
183320,47592
291386,47585
96579,47584
241890,47574
223856,47572
276417,47569
17366,47564
191445,47561
156592,47552
284432,47550
237827,47545
200490,47541
99522,47540
201814,47539
103242,47533
11492,47524
257248,47515
245881,47510
225014,47510
219846,47508
266637,47500
291073,47492
154544,47481
168721,47479
292368,47478
98363,47465
152639,47462
163930,47460
158755,47455
237936,47440
94930,47436
283416,47434
227139,47434
195640,47432
232828,47430
282378,47430
193123,47427
18056,47422
227568,47422
257279,47422
257634,47419
289868,47416
188057,47414
242255,47412
23036,47412
188409,47409
120430,47408
145656,47407
1918,47406
240078,47404
286870,47401
977,47398
227375,47397
149549,47395
100106,47374
241534,47369
262591,47369
241032,47367
243102,47364
271089,47362
159790,47357
286989,47356
89333,47352
168535,47351
283926,47343
113549,47332
264519,47329
86519,47325
22320,47320
111782,47320
170709,47320
234415,47317
187906,47309
182121,47305
279283,47301
204029,47299
199363,47296
106589,47294
258074,47291
126044,47281
133896,47279
41900,47276
249106,47275
284345,47269
20306,47265
258580,47263
98728,47262
257514,47260
273326,47258
258897,47255
130905,47252
1353,47250
150052,47247
231845,47244
135001,47244
135514,47244
256414,47243
6025,47239
187901,47237
105094,47237
291086,47232
183324,47230
10445,47229
209732,47225
82958,47218
254051,47210
225400,47207
198543,47197
291661,47194
81849,47194
176414,47193
10655,47189
241810,47189
111919,47188
35441,47186
235877,47182
109562,47180
271067,47178
274681,47176
74115,47175
104239,47173
38856,47172
100128,47172
183720,47172
52664,47171
185060,47170
150771,47163
255330,47162
149440,47162
269739,47159
276286,47157
128374,47154
33585,47151
230041,47148
83114,47146
256342,47145
245958,47144
201066,47140
88564,47135
266922,47131
243183,47131
278074,47128
15386,47127
37674,47119
278465,47119
232589,47115
224410,47114
201860,47113
206502,47112
230183,47111
118509,47110
8728,47108
210886,47107
205824,47106
169341,47105
210443,47104
164367,47104
162115,47102
257290,47101
196657,47099
187296,47096
248607,47096
91846,47087
253811,47084
251095,47084
184555,47082
259917,47080
169078,47076
275012,47075
35282,47071
231754,47068
217934,47067
202335,47062
185234,47059
271516,47059
135908,47059
105216,47058
896,47052
166781,47043
13027,47040
167121,47039
178592,47037
2129,47034
294649,47033
211638,47033
284354,47031
175131,47030
103702,47028
33674,47025
233755,47020
124083,47014
264004,47012
210379,47006
285288,47004
273736,47004
184208,47002
277855,46994
160616,46991
134937,46988
177058,46988
143293,46988
153733,46986
211918,46984
232640,46981
21421,46978
174643,46973
280127,46972
37431,46970
78993,46969
220544,46969
263045,46968
229323,46967
172074,46961
100725,46961
245324,46960
275104,46959
78532,46958
160302,46951
135037,46951
257966,46951
243572,46949
294440,46948
221524,46946
243802,46945
158483,46945
210965,46944
248254,46943
106286,46937
229131,46937
250262,46937
185734,46936
257324,46935
203728,46935
275656,46932
184537,46931
152462,46930
284947,46929
203597,46926
123106,46923
33963,46922
196643,46921
286280,46920
249400,46919
98347,46918
248415,46912
189398,46907
268026,46906
207256,46904
252892,46904
266454,46904
256613,46903
244992,46901
284926,46894
157460,46892
175683,46891
240015,46891
244141,46890
231853,46885
237731,46884
154222,46882
205361,46881
175836,46881
164668,46878
242113,46877
174765,46877
288390,46876
193684,46875
642,46875
282098,46873
7129,46872
195988,46872
183906,46872
249236,46866
153101,46866
541,46866
221684,46866
209517,46859
102214,46858
241347,46853
248286,46852
286438,46851
242815,46850
254587,46848
147078,46844
31043,46843
163831,46842
245506,46841
199303,46841
96217,46840
29270,46840
29768,46839
284548,46839
272616,46837
11843,46836
223330,46836
242001,46835
287022,46832
281728,46832
250456,46828
272971,46827
259080,46826
149424,46826
28159,46823
96373,46823
125684,46821
100530,46820
224112,46819
240192,46818
201211,46816
260209,46815
155931,46813
269569,46812
27045,46812
209500,46811
102608,46809
278284,46807
284981,46806
245401,46805
220861,46803
212759,46801
208437,46800
219475,46798
253881,46796
279853,46796
68716,46792
290912,46792
276756,46785
144096,46784
139668,46783
182345,46782
175427,46782
284937,46781
105884,46780
181783,46780
3394,46779
143212,46778
272079,46778
24844,46776
290973,46776
92035,46776
213192,46774
195388,46774
155231,46772
272454,46772
220119,46770
29724,46769
139269,46769
99206,46769
280742,46767
264353,46765
289490,46763
254344,46763
140004,46762
148523,46762
185760,46755
267624,46752
189097,46750
240044,46749
268509,46749
247444,46747
106950,46746
201941,46744
105317,46744
161673,46744
205097,46738
167502,46738
180973,46735
129818,46734
263569,46732
205513,46730
284650,46730
69437,46728
247595,46727
166841,46727
267108,46723
262027,46721
55999,46721
201726,46717
208315,46716
165789,46714
210983,46713
283165,46713
290531,46712
74590,46712
190533,46708
220443,46708
226543,46707
111374,46705
153374,46704
274532,46703
164471,46700
235518,46699
200113,46699
243512,46698
240560,46698
255633,46698
262288,46696
147834,46695
3643,46692
282663,46689
145242,46688
184901,46687
251701,46684
157021,46683
143736,46682
282744,46681
265721,46681
215492,46680
256473,46679
217218,46678
282875,46677
242673,46676
258038,46675
23213,46674
79429,46673
295714,46672
80866,46671
37831,46671
247262,46671
291015,46670
194053,46669
280881,46667
196046,46667
251902,46665
271484,46664
184846,46663
8092,46662
172727,46659
163526,46658
248216,46657
199077,46656
290612,46656
184854,46654
236906,46653
268399,46652
141093,46648
272191,46647
185712,46646
283764,46645
262962,46645
161001,46645
11224,46644
156629,46644
264539,46644
118001,46642
258574,46641
118886,46641
215063,46636
259916,46635
74973,46635
197858,46634
154503,46633
293814,46628
237133,46625
78684,46623
267384,46623
191131,46623
218483,46622
31458,46622
247999,46621
239762,46620
203293,46620
226893,46619
6380,46618
248909,46615
239514,46614
148486,46610
249560,46609
285588,46609
285373,46609
268231,46609
98913,46607
116475,46607
234695,46606
289484,46605
78937,46604
193862,46604
285163,46604
202538,46603
256258,46602
169471,46601
226469,46600
251923,46600
191657,46598
283246,46598
211086,46597
162518,46596
58812,46595
269297,46593
254122,46593
19075,46592
23083,46592
163753,46592
5746,46591
170290,46590
79766,46588
201176,46588
17963,46585
281188,46584
250820,46583
257531,46582
282673,46581
207244,46580
73674,46580
263507,46580
93584,46580
57693,46578
146493,46578
179802,46578
260466,46577
215288,46577
296472,46574
263946,46574
236100,46573
281025,46569
172959,46568
52070,46567
82919,46567
272132,46565
233723,46564
242827,46563
249449,46563
126646,46563
259467,46562
99038,46556
796,46556
205964,46554
270886,46553
256060,46551
192223,46550
206496,46549
227056,46549
252729,46548
230590,46548
82940,46547
234013,46547
240321,46546
223631,46546
55937,46546
293006,46544
128451,46544
20984,46543
144095,46542
182282,46541
51856,46540
270706,46539
207676,46538
79155,46538
240904,46537
172800,46536
254862,46536
239281,46536
156650,46533
78667,46531
171136,46530
244461,46530
104299,46529
263257,46527
279756,46527
98695,46525
146775,46523
270967,46523
221341,46523
84807,46522
184209,46521
236714,46521
140690,46519
276066,46518
100448,46518
271806,46518
30887,46517
146123,46513
215514,46513
274299,46512
180364,46511
220627,46510
116300,46510
207955,46510
56315,46509
238366,46509
191020,46509
236611,46509
205309,46508
115693,46508
295916,46507
11148,46506
199699,46506
77204,46505
212342,46502
35413,46502
152089,46501
143808,46500
258259,46500
215994,46500
293526,46500
83185,46499
212551,46499
236177,46498
288010,46498
251229,46498
151996,46498
111019,46497
216499,46496
258619,46496
143340,46496
15236,46496
31991,46496
108457,46495
296248,46495
32696,46493
242117,46492
168054,46490
172689,46489
96281,46488
291313,46487
164101,46486
4214,46485
160036,46484
136234,46483
277403,46482
279348,46482
258702,46482
74468,46482
5328,46480
254766,46478
219783,46476
263498,46475
265066,46475
292485,46475
183405,46475
260472,46475
199738,46473
139150,46473
291733,46472
172479,46471
225133,46471
235088,46470
263803,46470
173500,46468
184527,46468
48247,46468
184784,46468
266310,46467
231201,46465
162614,46465
280055,46463
230657,46462
285203,46461
257579,46460
212696,46460
174053,46456
285029,46456
288019,46456
261614,46455
121292,46454
234767,46453
289583,46452
9091,46451
270470,46451
289194,46450
169051,46450
233176,46449
88386,46449
286200,46445
149527,46444
257962,46444
233899,46443
130236,46442
158532,46442
218363,46442
242723,46441
164223,46441
117046,46441
166728,46440
14379,46439
144077,46437
271790,46436
52186,46433
273124,46433
248491,46431
263515,46429
219554,46429
246185,46428
210562,46427
282191,46427
159217,46427
225760,46427
70651,46426
112469,46425
61095,46425
68937,46424
106297,46424
230554,46422
117269,46422
250337,46421
112526,46420
136167,46420
211354,46420
217875,46419
286749,46418
1013,46418
206859,46417
284691,46417
255677,46416
246467,46416
38548,46416
212171,46416
226916,46415
276514,46414
31096,46413
93888,46412
181412,46411
250977,46411
279998,46411
213924,46411
222601,46410
200354,46409
105393,46407
145093,46406
4356,46406
277921,46405
102822,46404
295937,46404
189501,46403
259521,46402
265017,46402
205584,46400
91334,46400
259334,46399
206545,46398
171997,46398
258002,46398
101229,46398
941,46397
153699,46396
180914,46394
251914,46393
8862,46393
290539,46393
265309,46392
120748,46391
128933,46390
182708,46388
157037,46386
20961,46385
210470,46384
180,46382
90104,46382
291179,46380
241623,46379
168989,46377
7081,46376
234662,46376
208,46376
264640,46375
66880,46374
290368,46374
178785,46374
30779,46373
147653,46373
25553,46373
221076,46372
253581,46370
20861,46370
222563,46370
229225,46369
160633,46368
205690,46368
154983,46367
255540,46367
145788,46366
234062,46366
196442,46365
108103,46364
119618,46364
11285,46363
176234,46362
275561,46362
272479,46361
291295,46359
260795,46359
264435,46359
281807,46358
152074,46357
121147,46357
77314,46357
229358,46356
198503,46355
50051,46354
130609,46354
18550,46354
273253,46354
158305,46353
271411,46353
232343,46353
35824,46352
174906,46351
144058,46350
119516,46350
118368,46349
275635,46349
61656,46349
140862,46348
144919,46348
274132,46346
146801,46345
231753,46345
5421,46344
191661,46344
215388,46343
5954,46343
43826,46343
223606,46343
90917,46341
190145,46341
185970,46341
264590,46340
168009,46339
38512,46339
178756,46337
196200,46336
15103,46336
265901,46335
227277,46334
262638,46333
204329,46333
181006,46331
190755,46331
41682,46330
288696,46330
183295,46330
243404,46330
183077,46329
50366,46329
204054,46326
117265,46325
295555,46325
68366,46325
14383,46324
8598,46324
270023,46321
30016,46321
290021,46320
272679,46319
195338,46319
156846,46318
169324,46318
76468,46318
227687,46318
289789,46317
151079,46317
223181,46317
50757,46317
253063,46316
93844,46316
176583,46313
253442,46312
173,46310
117771,46310
277072,46309
156721,46309
3775,46308
281602,46307
216479,46307
213516,46306
167756,46306
239416,46305
194036,46304
211720,46303
28454,46303
274367,46302
211602,46302
204457,46301
163094,46301
260914,46301
154909,46301
34430,46300
283543,46299
251573,46298
131011,46298
291049,46298
279344,46297
279209,46297
178208,46296
129683,46295
225455,46295
179417,46294
215686,46294
99791,46294
210769,46293
256739,46293
200808,46292
70722,46292
204243,46291
163708,46291
162408,46290
3314,46289
261617,46288
22187,46287
110168,46287
34106,46286
101437,46284
63708,46283
189094,46283
50601,46283
78391,46283
287241,46283
22402,46282
218818,46281
192002,46280
154219,46279
228851,46279
285644,46279
251222,46278
261227,46278
85069,46278
264646,46278
128348,46276
77960,46275
41490,46274
225119,46273
254816,46273
97109,46272
13664,46272
202908,46271
138326,46270
15695,46269
124178,46269
8,46267
217781,46267
59111,46266
43072,46266
230540,46266
270258,46265
192070,46264
261956,46264
252392,46263
232141,46263
122125,46262
194,46261
7334,46260
165201,46257
123017,46256
150772,46256
131452,46255
28342,46255
275669,46254
185010,46254
131644,46253
154998,46252
149877,46252
239796,46251
221798,46250
221738,46249
218320,46249
234438,46249
270474,46248
224245,46247
262225,46247
78221,46246
223337,46246
200755,46245
264056,46244
140290,46244
171803,46244
184785,46244
226449,46243
177028,46243
257927,46242
169573,46241
4190,46241
158749,46241
251816,46240
199688,46240
247782,46239
36071,46239
138681,46239
190711,46238
273731,46238
288364,46236
60344,46235
242933,46235
115416,46233
40637,46233
107247,46233
217265,46233
248094,46232
60115,46232
123340,46231
27676,46231
213007,46231
164719,46230
157389,46230
184262,46229
278765,46229
23971,46229
176823,46227
294922,46227
295512,46227
173693,46225
213883,46225
83062,46225
261927,46225
237433,46225
106581,46224
65804,46223
205301,46223
210152,46223
9152,46221
196740,46221
249911,46221
198784,46221
243772,46220
249882,46219
46341,46219
117451,46218
284404,46217
291286,46217
134061,46217
230617,46215
211432,46215
262797,46215
205056,46214
164960,46214
75725,46214
159835,46213
185274,46212
296342,46212
181728,46212
249341,46211
155106,46211
10524,46211
81872,46211
286784,46210
151505,46210
33869,46209
76488,46209
198052,46209
137072,46208
104795,46208
29166,46207
141125,46206
152036,46206
123154,46206
285604,46206
260525,46206
274621,46205
63387,46205
206031,46204
100937,46203
245731,46203
261798,46202
183793,46201
174173,46201
10949,46200
155170,46199
271087,46199
80092,46197
98594,46197
197084,46196
158050,46196
176329,46196
83949,46196
192820,46195
28180,46195
95046,46195
275302,46194
172546,46194
224682,46194
130506,46193
254039,46193
132277,46193
34777,46192
210023,46192
286322,46191
204574,46191
285880,46190
264966,46190
152767,46189
9815,46189
267439,46188
159411,46188
257004,46187
245032,46186
180387,46186
134510,46186
245967,46185
234529,46185
279716,46185
263457,46185
223427,46184
41811,46183
290529,46182
265680,46181
37403,46181
37323,46181
291467,46181
246702,46180
180811,46180
79466,46180
236639,46180
82078,46180
263898,46180
189914,46179
196128,46179
267777,46178
167211,46178
171571,46178
232561,46178
196157,46178
136787,46177
241712,46177
202913,46177
186392,46176
269004,46176
259544,46176
241389,46175
45008,46175
223934,46175
206945,46174
14235,46172
164403,46172
146425,46172
236559,46171
127910,46171
149479,46170
217443,46170
291029,46170
238675,46170
170453,46168
270599,46165
139038,46165
64016,46165
161218,46164
242847,46164
47106,46163
196780,46163
245495,46163
8351,46163
207519,46163
93546,46162
254778,46162
163091,46161
2,46161
248324,46158
198001,46158
163263,46157
217794,46157
147728,46157
267,46157
147152,46156
234240,46156
70929,46156
138983,46156
182020,46156
7105,46156
17009,46155
132651,46155
163182,46154
293697,46152
227818,46152
144628,46152
91873,46151
4287,46151
237641,46150
83365,46150
251860,46149
83219,46149
45462,46148
94860,46147
242363,46147
292545,46146
196735,46145
77883,46145
152950,46143
145534,46143
249623,46142
100659,46142
292894,46142
204818,46142
15657,46141
85881,46141
174945,46140
237452,46140
286225,46139
127391,46139
194160,46138
182953,46137
245791,46137
8087,46137
33291,46137
43556,46136
47317,46136
295844,46136
131306,46136
42335,46134
261292,46134
23926,46134
272914,46134
290349,46132
55950,46131
56106,46130
263941,46129
234481,46129
198554,46129
201498,46128
266832,46128
279233,46128
244192,46127
198188,46126
137705,46125
274560,46125
228897,46125
77421,46124
92041,46124
96382,46123
261788,46122
197636,46122
42763,46122
48016,46121
168683,46121
148087,46121
261575,46121
281386,46120
256182,46120
176374,46119
266959,46118
215849,46117
293330,46117
268812,46117
283794,46116
116687,46116
97663,46116
6021,46116
215910,46114
146345,46114
111414,46114
259570,46113
172886,46113
18765,46113
232537,46113
158016,46113
199058,46111
282405,46111
249224,46110
265109,46110
264846,46110
59279,46108
98711,46108
278679,46108
260149,46107
17438,46106
135091,46106
265239,46106
103066,46106
154349,46105
105612,46105
175096,46104
121414,46104
170013,46104
215234,46104
236019,46104
140635,46103
146815,46103
87303,46103
286190,46102
113449,46102
215059,46102
181775,46102
246342,46101
113119,46101
260869,46101
233247,46100
260277,46100
243623,46100
126101,46099
139295,46099
280768,46099
247695,46099
240943,46098
141441,46098
108990,46097
190606,46097
131727,46095
57350,46095
76092,46094
271211,46094
194197,46094
167363,46094
254976,46094
70320,46093
231624,46093
241492,46093
289553,46092
282891,46091
288661,46090
171568,46090
274994,46089
192605,46089
278567,46088
68142,46088
128828,46087
262886,46087
232535,46087
253642,46086
222382,46086
206382,46086
195665,46086
195081,46086
254733,46086
3381,46086
274970,46085
2282,46085
272305,46083
289093,46083
295976,46082
280865,46082
130871,46082
60443,46082
220558,46081
218499,46080
201897,46080
80395,46079
173381,46078
86820,46076
46501,46076
70412,46075
293188,46074
264673,46073
210599,46072
296047,46072
148593,46072
243548,46071
131882,46071
189261,46071
70602,46071
165487,46071
87105,46070
44868,46070
33635,46070
28898,46070
83606,46069
215898,46069
38038,46069
215231,46069
116372,46068
293011,46068
274135,46068
221926,46067
3091,46067
277542,46066
226218,46065
125478,46064
238495,46064
258900,46064
109498,46064
154947,46063
527,46062
160344,46062
168505,46061
287319,46061
52646,46061
238209,46061
103470,46060
69712,46060
288574,46060
194921,46059
196932,46058
105370,46057
49125,46057
69590,46056
115653,46056
75978,46055
258121,46054
289442,46054
250618,46054
268310,46054
99986,46052
40768,46051
16197,46051
114272,46051
200635,46051
252516,46051
290226,46050
30602,46049
152066,46049
279872,46049
113443,46048
185463,46047
14526,46047
211637,46047
135335,46046
12301,46045
252253,46044
290494,46044
279954,46044
227365,46043
34542,46041
182238,46041
221762,46041
264427,46041
269202,46040
252521,46040
27909,46039
155907,46038
45766,46038
268070,46037
146317,46036
2289,46035
6653,46034
290316,46034
242351,46034
35189,46033
117572,46033
257033,46032
225011,46031
240700,46030
109200,46030
185545,46030
278147,46029
172137,46029
258931,46028
208592,46028
293422,46028
17300,46026
262984,46026
126264,46026
154166,46025
147707,46025
270219,46025
272211,46025
269972,46023
54460,46023
7983,46022
43834,46022
128473,46022
245997,46021
197508,46021
62688,46021
232690,46020
187128,46020
59767,46019
243497,46019
147058,46019
140668,46018
260582,46018
206024,46018
293573,46017
105986,46017
112210,46017
146058,46017
114149,46016
44194,46016
242217,46015
169242,46014
236453,46014
200523,46013
287782,46013
104485,46013
197727,46013
147411,46013
213091,46013
170624,46012
266237,46012
251829,46012
200051,46011
243909,46011
174863,46011
134457,46011
162138,46010
56820,46010
254292,46008
263608,46007
223118,46007
241095,46006
217071,46005
4288,46005
139693,46005
269413,46004
198602,46003
207489,46003
185499,46003
229697,46002
122649,46002
165963,46002
182242,46002
176649,46001
243402,46000
229492,46000
126866,46000
25709,46000
198219,45999
184881,45998
206664,45998
159309,45997
238859,45997
202654,45997
288589,45996
78767,45995
240562,45995
280863,45995
210346,45993
197626,45992
142366,45992
187867,45992
277293,45992
265641,45991
270762,45991
262754,45989
143457,45989
179731,45989
169533,45989
185158,45988
242629,45988
180214,45988
64734,45987
154580,45987
56461,45987
294269,45986
38791,45986
186758,45986
173315,45985
49524,45985
194675,45985
103705,45984
247835,45984
214293,45984
225070,45984
238830,45984
132437,45983
217285,45983
287227,45982
134234,45982
157043,45982
95243,45982
295550,45981
282666,45981
83676,45981
73859,45981
233736,45980
169780,45980
84071,45980
245751,45980
108178,45979
167634,45979
192356,45979
274977,45977
102246,45977
266128,45977
192926,45977
250159,45975
191538,45975
211268,45975
278716,45975
239855,45975
68434,45974
92171,45973
92299,45973
6180,45973
275689,45972
90059,45972
238609,45972
286518,45972
116157,45972
19835,45972
241896,45972
193155,45971
96327,45971
53450,45971
191866,45971
71059,45970
83847,45970
113006,45970
207710,45970
170809,45969
143608,45969
8559,45969
13238,45969
190080,45969
115029,45969
243037,45968
233790,45968
223076,45967
129198,45967
198882,45967
133497,45966
149142,45966
153740,45966
166507,45966
199368,45966
107052,45965
251738,45965
185733,45965
106228,45964
107529,45964
287896,45964
127077,45963
255292,45963
185166,45963
162664,45963
165777,45962
140722,45962
114599,45962
216408,45962
107066,45961
258025,45961
249295,45960
234303,45960
273832,45959
154347,45959
98300,45958
58502,45957
2813,45957
193127,45957
220969,45957
280001,45957
293539,45956
210130,45956
171211,45954
215375,45954
211323,45954
2567,45954
227069,45954
229497,45953
152004,45953
219782,45953
103747,45952
272109,45952
260394,45952
188486,45951
169082,45951
284604,45951
211472,45951
180579,45951
97601,45950
11890,45949
73106,45949
280113,45949
223625,45949
766,45948
199576,45948
18910,45947
250689,45947
42890,45947
211291,45947
55046,45945
148919,45945
198846,45945
270548,45945
169214,45943
282117,45943
216218,45943
291530,45943
273514,45943
216938,45943
295042,45943
221196,45943
269645,45943
42275,45942
266727,45942
61602,45941
192265,45941
231465,45940
257281,45940
138883,45940
117905,45939
202236,45939
192133,45939
250400,45938
133435,45937
94491,45937
158303,45937
273948,45937
38584,45937
29,45935
269356,45935
75911,45934
267096,45934
211580,45933
200208,45933
77998,45933
291888,45933
241462,45933
277948,45933
279645,45932
261112,45932
44361,45932
175436,45931
83329,45931
17340,45930
199849,45930
7768,45930
289771,45928
188278,45928
94844,45928
136340,45928
197932,45927
15671,45926
213957,45926
292004,45926
121713,45925
197861,45925
114801,45925
239169,45925
272604,45925
262072,45924
188861,45924
257984,45924
245318,45923
227211,45923
151919,45923
199569,45921
212316,45921
234606,45921
221292,45920
211664,45920
255443,45920
54530,45919
264955,45919
284403,45918
284475,45918
232341,45918
280356,45917
296259,45917
229900,45917
234042,45917
137621,45917
202288,45916
244218,45916
240927,45915
67133,45915
2974,45914
148030,45914
196806,45913
50025,45913
275269,45913
267442,45911
230735,45911
162230,45910
285355,45909
179117,45909
1378,45909
179785,45909
234014,45909
213791,45909
110026,45909
223689,45908
39387,45908
116551,45908
179037,45908
220234,45908
182404,45908
296272,45908
158797,45907
13592,45907
136847,45907
95263,45907
14698,45906
77970,45906
286404,45906
291329,45906
279972,45906
260861,45905
129183,45905
268698,45905
113418,45905
282239,45904
218301,45904
173088,45903
110188,45903
273592,45903
279339,45903
294494,45903
156652,45902
12717,45901
187672,45900
123907,45900
150289,45900
2038,45899
256278,45899
291518,45899
82863,45899
287889,45899
106699,45898
252842,45898
123398,45897
207342,45897
117514,45897
222589,45897
257597,45896
265420,45896
83414,45896
88897,45896
235215,45896
285036,45895
146293,45894
275639,45894
187836,45894
295789,45894
264024,45894
197792,45893
268853,45892
184558,45892
122656,45892
128725,45892
292141,45891
177945,45891
287326,45890
108566,45889
187132,45889
271209,45889
217978,45889
257865,45888
246379,45888
53568,45887
137385,45887
253772,45886
236423,45885
170369,45885
269230,45884
236439,45884
278986,45884
259493,45883
120901,45883
259628,45883
215162,45882
222055,45882
155662,45882
207733,45881
1181,45881
18901,45881
290588,45881
286311,45880
269090,45878
216505,45878
262073,45878
270632,45878
276515,45878
290153,45878
140324,45878
291063,45877
120945,45877
214302,45876
12912,45876
17,45876
203955,45875
2978,45874
292147,45874
82649,45874
231737,45873
248976,45873
60933,45873
292725,45872
37712,45872
238608,45872
156115,45872
277655,45871
157648,45871
164020,45871
243012,45870
198377,45870
227120,45870
218588,45870
162951,45870
291231,45870
160330,45869
111166,45869
238066,45868
14637,45868
39236,45868
210070,45868
205535,45868
186990,45867
94724,45867
194496,45867
226905,45867
136954,45866
127174,45866
134662,45866
277488,45866
151795,45866
228787,45865
292609,45865
111362,45865
102304,45865
20466,45865
234139,45865
167099,45865
42801,45865
249382,45864
145277,45864
246893,45863
87448,45863
82100,45863
219349,45863
129265,45862
210845,45862
288080,45861
100367,45861
224172,45861
214519,45861
138546,45860
125248,45860
253730,45860
3244,45860
273557,45860
143244,45860
288998,45860
142719,45859
227710,45858
262374,45858
296134,45858
255794,45857
237056,45857
217119,45857
82169,45856
132772,45856
278236,45856
200141,45855
68743,45854
4513,45854
273964,45854
289162,45853
44276,45853
262992,45853
153790,45852
35545,45852
213057,45852
71495,45852
267466,45851
148541,45851
169755,45851
102760,45850
90236,45850
223982,45850
75592,45849
189480,45849
138290,45849
16,45849
180227,45847
159252,45847
174371,45847
153261,45847
173706,45846
103924,45846
46314,45845
151067,45845
34783,45845
233300,45845
180727,45844
132290,45844
104101,45844
50666,45844
121048,45844
291302,45843
138786,45842
200249,45842
254859,45842
238235,45842
274525,45842
273271,45842
293767,45842
222878,45841
142365,45841
253466,45841
13695,45841
131915,45840
131226,45840
90207,45840
246244,45840
236788,45840
28635,45840
256757,45839
268774,45839
233953,45838
221989,45837
80750,45837
53578,45837
211051,45836
268146,45836
531,45836
277348,45836
77694,45835
118869,45835
169058,45835
159035,45835
268998,45834
221726,45833
11799,45832
243469,45831
157889,45831
177439,45831
284988,45831
240099,45830
24098,45830
261130,45830
156257,45830
71514,45829
253575,45829
39539,45829
201462,45829
187123,45828
53700,45828
290792,45828
132763,45828
100259,45827
204332,45827
148037,45827
287318,45827
92248,45826
202568,45826
194227,45826
180345,45825
281657,45825
69702,45825
56365,45824
282430,45824
229095,45824
260742,45823
1094,45823
281179,45823
119632,45823
230392,45822
274475,45822
155525,45822
193299,45822
72663,45822
176986,45822
212176,45822
185515,45822
237544,45821
169443,45821
286032,45821
182372,45821
273272,45821
116234,45821
16040,45820
272057,45820
277285,45820
142016,45820
265230,45819
102161,45819
37250,45819
190862,45819
147143,45819
135927,45818
208560,45818
235218,45817
194671,45817
216996,45816
161418,45816
11038,45816
217924,45815
205524,45814
254266,45814
184571,45814
236952,45813
154706,45813
257924,45813
92093,45813
188581,45813
169271,45813
251753,45812
247415,45812
254861,45811
101958,45811
120029,45811
254585,45811
193143,45811
162222,45811
254142,45810
293055,45810
107100,45810
241221,45810
188638,45810
49580,45810
209374,45809
24698,45809
241625,45808
270928,45808
292915,45808
255329,45808
257743,45808
185307,45808
286601,45808
207860,45808
261914,45808
195218,45808
231951,45808
185998,45807
776,45807
293062,45807
175586,45807
247875,45807
287796,45807
182677,45806
157320,45806
115453,45806
295942,45806
273483,45806
237873,45805
232148,45804
282351,45804
81601,45803
104802,45803
140991,45803
283475,45802
214643,45802
159202,45801
281043,45801
258273,45800
30580,45800
246301,45800
19177,45800
3319,45800
149229,45798
193243,45798
205244,45797
182709,45797
284,45796
33398,45796
129574,45796
103824,45796
249725,45796
113595,45795
180118,45795
36543,45795
260978,45795
90604,45795
220121,45795
176338,45795
274030,45795
4817,45795
246642,45794
85152,45792
290523,45792
251659,45792
260628,45792
132222,45791
275487,45791
144225,45790
195312,45790
247175,45790
294053,45790
290547,45790
188504,45790
251948,45790
117634,45789
262861,45789
269463,45789
120009,45789
9954,45788
7357,45788
207927,45788
203498,45788
236269,45788
244696,45787
186340,45787
290364,45787
226175,45787
219514,45787
91050,45787
291897,45786
8965,45786
102827,45786
283900,45785
54603,45785
235443,45785
127901,45784
185522,45784
213363,45784
216419,45784
177506,45784
268552,45783
88519,45783
203806,45783
61985,45782
235579,45782
197055,45782
140050,45782
279242,45781
1134,45781
194512,45780
283196,45780
7943,45779
206076,45779
245476,45779
296216,45779
201731,45779
159284,45778
250567,45778
49757,45777
200926,45776
70077,45776
230171,45776
169276,45776
2353,45776
283614,45776
52598,45776
107231,45775
4562,45775
230675,45775
227815,45774
75931,45774
6388,45774
175751,45774
246292,45774
277654,45774
117285,45774
284581,45773
193372,45773
2967,45773
81541,45773
180599,45773
161941,45772
121279,45772
263424,45771
57109,45771
165565,45771
178099,45771
134255,45771
5618,45770
75378,45770
264247,45770
221289,45770
93629,45770
212682,45770
7629,45769
134576,45769
107042,45769
288932,45769
101550,45768
268149,45768
270842,45768
1389,45767
168690,45767
212859,45766
281813,45766
86366,45766
66086,45766
287200,45765
193737,45764
255089,45764
280163,45764
233399,45764
190184,45764
58432,45764
223267,45763
171215,45762
142461,45762
81805,45762
282542,45761
84384,45761
219472,45761
94416,45761
117035,45761
235586,45760
197962,45760
224011,45760
86594,45760
186878,45759
188983,45759
192011,45759
284312,45759
2920,45758
161519,45757
256312,45757
115664,45756
167852,45756
58929,45756
272287,45755
180183,45755
234626,45755
261955,45755
234348,45755
93766,45754
188910,45754
215295,45753
10089,45753
60192,45753
132986,45752
161598,45752
15426,45752
28006,45752
182899,45752
164791,45752
162800,45752
24582,45751
231859,45751
292971,45751
166378,45751
31692,45751
138725,45750
101357,45750
258547,45750
274022,45750
137483,45749
202737,45749
145059,45748
255890,45748
130585,45748
203769,45747
292615,45747
122288,45747
188589,45747
272728,45747
192401,45746
190723,45746
286800,45746
287825,45746
65354,45746
273265,45745
243798,45745
161851,45745
292988,45745
1823,45744
269679,45744
268246,45743
3903,45743
162511,45743
144235,45743
149325,45743
289478,45742
210911,45742
210616,45742
219108,45741
174495,45741
276513,45741
261356,45741
209697,45741
83826,45741
220518,45741
36937,45741
295480,45740
24043,45740
81314,45740
103064,45740
245970,45740
257925,45740
2058,45739
146569,45739
194242,45738
152319,45738
168030,45738
256398,45738
190641,45737
165744,45737
157421,45737
226080,45736
86676,45736
219574,45736
279807,45736
189918,45736
29328,45736
164798,45736
226547,45735
211754,45735
173823,45735
284351,45735
14779,45734
40758,45734
88365,45734
259557,45734
123435,45734
151039,45733
175424,45733
203258,45733
94999,45733
248398,45732
227294,45732
265154,45732
93924,45732
218926,45732
40341,45732
222364,45732
165699,45732
250222,45732
61361,45732
136083,45732
95319,45732
146126,45731
296186,45731
289427,45731
162067,45731
287879,45731
226332,45730
133251,45730
237821,45730
83713,45730
13501,45730
260773,45729
282482,45729
7981,45729
105411,45729
149100,45728
215350,45728
76412,45728
172392,45728
30052,45728
93014,45727
212348,45727
181478,45727
200322,45727
56318,45726
183132,45725
44608,45724
134864,45724
218122,45724
139226,45724
291740,45724
215520,45723
18393,45723
125102,45723
223816,45723
148088,45721
226933,45721
81495,45720
88145,45720
267175,45720
170551,45720
253439,45719
256022,45719
257883,45719
46892,45719
85896,45719
126548,45718
242512,45718
84705,45718
261601,45718
75451,45717
138422,45717
238911,45716
271603,45716
97003,45716
224951,45714
252459,45714
267050,45714
206778,45714
19525,45714
19184,45714
69869,45714
208786,45713
76057,45713
144605,45713
221230,45713
115446,45713
216928,45712
240116,45711
250061,45711
287341,45711
128955,45710
271473,45710
91270,45710
172380,45709
198746,45709
135004,45708
138051,45708
50587,45708
29756,45708
45242,45708
274069,45708
272863,45708
167940,45708
32516,45707
272925,45707
216049,45707
278035,45707
264957,45706
196140,45706
75453,45706
92677,45706
57867,45706
279577,45706
173686,45706
281067,45705
223879,45705
155100,45705
171178,45705
292074,45705
18569,45705
268880,45704
195067,45704
250671,45704
295902,45704
227925,45703
192447,45703
253587,45703
245584,45702
244823,45702
64374,45701
257544,45700
70058,45700
134692,45700
165568,45700
238630,45699
66456,45699
191551,45699
195701,45699
259605,45699
290640,45699
241409,45697
3,45697
252768,45697
248777,45696
167946,45696
294566,45696
295504,45696
121662,45695
201286,45694
13613,45694
136749,45694
71799,45694
81562,45694
285303,45694
110353,45693
26553,45693
9104,45692
284906,45692
933,45692
187666,45692
244971,45692
236649,45692
174952,45691
71862,45691
147819,45690
137108,45690
261628,45690
280092,45690
4928,45690
275691,45690
192572,45689
20569,45689
251070,45689
261450,45687
125537,45687
7725,45687
232236,45687
262028,45686
113774,45686
263019,45685
131676,45685
257785,45685
93024,45685
65340,45685
274615,45684
52111,45684
286420,45684
49591,45684
287876,45684
69410,45683
158,45683
253900,45682
287495,45682
249717,45682
185960,45682
66675,45682
274586,45681
201414,45681
194501,45680
1386,45680
51810,45680
46983,45680
338,45679
269533,45679
61412,45679
290093,45679
204404,45679
126878,45679
247616,45679
283939,45679
292985,45678
130765,45678
246141,45678
37496,45678
99149,45678
116263,45678
104116,45677
216162,45677
48825,45677
118803,45677
202835,45677
93829,45677
275318,45677
127014,45677
227864,45675
123151,45675
235034,45675
230941,45675
276914,45674
215096,45674
249843,45674
264798,45673
176628,45673
84051,45673
281111,45673
142590,45672
164233,45672
280748,45672
283930,45672
288870,45672
241880,45671
250049,45671
294650,45671
279687,45670
150459,45670
5241,45670
124162,45669
180225,45669
277533,45669
220523,45669
274622,45668
149125,45668
276493,45668
44945,45668
287906,45668
206840,45667
85413,45667
163886,45667
35790,45667
112503,45667
40742,45666
193486,45666
179948,45666
139631,45666
65763,45666
212908,45665
243090,45665
289343,45665
171403,45665
63829,45664
104002,45664
194684,45664
127734,45664
149335,45664
257237,45664
197958,45663
53075,45663
8625,45663
3806,45663
281571,45663
255865,45662
282797,45662
115179,45662
61597,45662
161588,45662
52327,45662
267607,45662
84587,45662
270364,45661
276230,45661
82954,45661
96880,45661
165750,45661
247036,45661
267771,45660
175016,45660
263781,45660
101799,45659
118008,45659
152458,45659
259568,45659
122551,45659
114670,45659
131209,45658
165661,45658
180392,45658
130626,45658
158198,45658
72616,45658
292212,45658
271426,45658
243094,45658
217599,45658
181043,45656
171435,45656
44118,45656
170084,45656
281856,45656
27430,45656
257656,45655
79885,45655
234384,45655
171261,45654
293603,45654
292823,45654
161574,45654
231813,45654
2247,45654
210005,45653
266478,45653
162030,45653
37447,45653
161542,45653
253884,45652
60796,45652
218834,45652
60789,45652
45117,45652
180332,45651
137092,45651
184596,45651
283662,45650
222592,45650
72417,45649
236999,45649
233416,45649
268040,45649
252944,45649
69403,45649
158490,45649
4300,45647
220956,45647
217522,45647
144759,45647
77922,45647
176201,45647
26,45646
242667,45646
235700,45646
278821,45646
127404,45645
187707,45645
45866,45644
126794,45644
269999,45644
220266,45644
26487,45644
196665,45644
260713,45644
246437,45644
270062,45643
192625,45643
169330,45643
223242,45643
212910,45643
195659,45643
107237,45642
294058,45642
211407,45642
71655,45641
220798,45640
53307,45640
95762,45640
289033,45640
202820,45640
147093,45640
208496,45640
167221,45640
280774,45639
273568,45639
10679,45639
268272,45639
127706,45639
137738,45638
260588,45638
26248,45638
71429,45638
162041,45638
170904,45637
275896,45637
240602,45637
562,45637
3170,45637
134369,45637
161006,45637
247934,45636
166540,45636
283054,45636
124311,45636
51470,45636
17675,45636
131128,45636
220973,45636
116164,45635
191064,45635
215073,45635
84842,45635
11018,45635
232110,45635
274712,45635
195205,45634
143792,45634
226635,45634
104268,45634
36623,45634
11774,45633
191898,45633
269847,45633
147930,45632
207917,45631
295445,45631
47220,45631
131201,45630
255415,45630
65848,45630
142450,45630
243055,45630
263319,45630
97958,45630
252942,45629
181765,45629
276680,45628
185046,45628
290556,45628
150977,45628
255485,45628
169189,45627
236497,45627
284860,45627
63550,45627
288244,45627
32192,45626
146948,45626
90808,45625
226239,45625
241877,45625
258787,45625
233143,45625
219959,45625
216554,45625
27053,45624
147890,45624
69706,45624
223429,45624
210505,45624
129009,45624
105237,45623
177959,45623
259327,45623
180031,45623
76293,45623
245546,45623
168012,45623
86052,45623
239557,45622
236140,45622
1862,45622
279399,45621
129423,45621
213376,45621
42099,45620
7210,45620
221528,45620
222344,45619
138209,45619
85151,45618
266445,45618
167779,45618
279472,45618
167341,45618
69868,45617
73906,45617
152729,45616
180237,45616
15967,45616
271785,45616
115824,45615
275916,45615
23481,45615
30166,45615
223620,45615
220298,45615
70112,45615
176164,45615
23795,45614
276167,45614
260938,45614
25914,45614
158933,45614
12573,45614
232138,45613
276275,45613
162840,45613
142526,45613
216604,45613
75767,45612
10691,45612
121112,45612
288807,45612
196634,45612
127693,45611
321,45611
137538,45611
193398,45611
274003,45611
253620,45611
255386,45610
284363,45610
59077,45610
3751,45610
275574,45610
251399,45610
133171,45610
276966,45609
284014,45609
211046,45609
65524,45609
182491,45609
3742,45609
217647,45609
212151,45608
198949,45608
221268,45608
259963,45608
201310,45607
132646,45607
210586,45607
246856,45607
76836,45607
293162,45606
231580,45606
277238,45606
126759,45606
97651,45606
145009,45606
243444,45606
273711,45606
17825,45606
275342,45605
253492,45605
239456,45605
181098,45605
169038,45604
179401,45604
125806,45604
155847,45603
211498,45603
139811,45603
224108,45603
71681,45603
275048,45603
155809,45602
222976,45602
155254,45602
173443,45602
216345,45602
204402,45601
214432,45601
236716,45601
97914,45601
177469,45601
135026,45601
164675,45600
245166,45600
251897,45600
156571,45600
89474,45600
237323,45599
147035,45599
87151,45599
88164,45599
107094,45599
163226,45598
113727,45598
131987,45598
157657,45598
142589,45598
268241,45598
274309,45598
227077,45597
172856,45597
191114,45597
104980,45597
155832,45597
245965,45597
274241,45597
169293,45596
104952,45596
243656,45596
139406,45596
276858,45595
261911,45595
260200,45595
281473,45595
47172,45595
257333,45595
218788,45594
94854,45594
262856,45594
242252,45594
97425,45594
295262,45594
276354,45593
152183,45593
137479,45593
62011,45593
284165,45593
161987,45592
218907,45592
247846,45592
33679,45592
234217,45591
199347,45591
156936,45591
11112,45591
157508,45591
175304,45590
232995,45590
128806,45590
185578,45590
229619,45590
292908,45590
168324,45590
180640,45590
264086,45590
278795,45590
215892,45589
189124,45589
109248,45589
124840,45589
157125,45589
184534,45589
231650,45589
15002,45588
205136,45588
195480,45588
74480,45588
270508,45588
128669,45588
45557,45588
125268,45588
154820,45587
119645,45587
225156,45587
246472,45587
42841,45587
274154,45587
122076,45587
259302,45586
199344,45586
98740,45586
186843,45586
207818,45586
292998,45586
183772,45586
230085,45585
4431,45585
142720,45585
78477,45585
286668,45585
82298,45585
47076,45585
100738,45584
211138,45584
178223,45584
212188,45584
544,45584
272978,45583
243796,45583
293923,45583
54978,45582
211042,45582
208519,45582
154473,45581
137317,45581
149137,45580
124138,45580
118774,45579
275508,45579
248914,45579
218251,45579
268244,45579
184615,45579
114106,45579
234394,45579
118399,45579
152879,45579
163355,45578
161302,45578
220342,45578
154125,45578
246276,45578
243049,45578
234165,45578
94869,45577
209882,45577
95756,45576
66234,45576
271073,45576
119235,45576
166290,45575
293972,45575
159769,45575
84446,45575
272390,45575
174754,45575
210632,45575
278020,45575
98576,45574
279304,45574
41931,45574
286572,45574
244352,45574
85076,45574
71689,45574
229659,45573
248021,45573
3487,45573
225125,45573
192636,45573
209818,45573
61449,45572
247180,45572
245861,45572
227122,45572
144006,45572
31195,45572
188239,45571
264765,45571
5767,45571
13757,45571
225700,45570
117995,45570
148696,45570
185651,45570
145851,45570
225154,45569
212930,45569
239275,45569
276935,45569
239706,45569
189543,45569
39864,45569
135452,45568
296060,45568
4893,45568
273133,45568
245501,45568
233928,45568
248168,45567
176516,45567
41756,45567
196067,45567
154711,45567
236712,45566
223214,45566
282152,45566
262401,45566
192882,45566
68973,45565
115321,45565
129534,45565
158782,45564
162859,45564
19163,45564
94800,45564
271261,45564
72261,45564
167074,45563
252107,45563
673,45563
71784,45563
58072,45563
193728,45563
156760,45563
215274,45563
35005,45563
145860,45562
112132,45562
34740,45562
210285,45562
129030,45562
241451,45562
252701,45562
294513,45562
39191,45561
123126,45561
96841,45561
268864,45561
175960,45561
85630,45560
35433,45560
11211,45560
122540,45560
135398,45560
294344,45559
264257,45559
156187,45559
117146,45559
19026,45558
202661,45558
80323,45558
271373,45557
255700,45557
15790,45557
275126,45557
162387,45557
258185,45557
198789,45557
131850,45556
238362,45556
216054,45556
246719,45556
115136,45556
68613,45555
12536,45555
222635,45555
222213,45555
242067,45555
242777,45555
250309,45554
67012,45554
227804,45554
194686,45554
81232,45553
26874,45553
207708,45553
128824,45552
224902,45552
226754,45552
232879,45552
10467,45552
31751,45552
113766,45552
190860,45551
171034,45551
134787,45551
209064,45551
10766,45551
182260,45551
65941,45551
203911,45550
202629,45550
262114,45550
272855,45550
169463,45549
268257,45549
220147,45549
86567,45549
119843,45549
264336,45549
260427,45548
214551,45548
208115,45548
78557,45548
259501,45548
27672,45548
194594,45548
123772,45548
152365,45548
284260,45547
296560,45547
219006,45547
268178,45547
12618,45547
214080,45546
123071,45546
191494,45546
131542,45546
257874,45546
197168,45546
248645,45546
175395,45546
245108,45545
110260,45545
272522,45545
76943,45545
227407,45544
184438,45544
165954,45544
123372,45544
257015,45544
134381,45544
280452,45544
151782,45544
235848,45544
169036,45544
228062,45543
220622,45543
213261,45543
105137,45543
163962,45543
7189,45543
271854,45542
145621,45542
217584,45542
220064,45542
244525,45542
210304,45541
289571,45541
196482,45541
234018,45541
230024,45541
292814,45541
122181,45541
119465,45541
174628,45540
69474,45540
207575,45540
131510,45540
174187,45540
29077,45539
169107,45539
216239,45539
144695,45539
26034,45539
223763,45538
284463,45538
283028,45538
203997,45538
35,45538
212850,45538
206531,45538
164321,45538
294600,45538
212531,45538
133894,45538
170231,45537
189720,45537
239788,45537
256964,45537
275363,45537
252723,45537
93310,45537
161690,45537
291164,45536
141431,45536
212515,45536
1972,45536
286885,45536
8839,45536
270194,45536
204171,45535
120148,45535
101561,45535
33066,45535
212966,45534
79876,45534
17284,45534
273938,45534
189121,45534
205102,45534
163107,45533
107838,45533
85767,45533
223951,45532
287527,45532
182394,45532
171321,45532
295592,45532
96139,45532
286085,45532
38794,45532
248804,45531
243607,45531
293617,45531
163603,45531
246397,45531
259940,45531
111436,45531
287851,45531
274589,45530
198460,45530
207223,45530
257099,45529
286943,45529
265224,45529
97804,45529
209594,45529
29037,45529
11248,45529
125077,45529
38432,45529
185646,45528
1321,45528
256668,45528
211457,45528
227257,45528
110770,45528
100651,45528
134,45528
256421,45528
66411,45528
290631,45528
255337,45527
200248,45527
151761,45527
285694,45527
171258,45527
166553,45527
184450,45526
237612,45526
9331,45526
250835,45526
238516,45526
295939,45525
243240,45525
260139,45525
133127,45524
275585,45524
125791,45524
273249,45524
148843,45523
221463,45523
67092,45523
193760,45523
194731,45523
154674,45523
267562,45523
119134,45523
57083,45522
204948,45522
106601,45521
6929,45521
45719,45521
200055,45521
6848,45521
245793,45521
217702,45521
275390,45521
291293,45521
225242,45521
171535,45520
286970,45520
239862,45519
230749,45519
276224,45518
131301,45518
183275,45518
232521,45518
79426,45517
249393,45517
215965,45517
54981,45517
198517,45517
184959,45516
135278,45516
257860,45516
217277,45516
239315,45516
114004,45516
143970,45516
91650,45516
223166,45516
177148,45516
5886,45516
272928,45515
190483,45515
221934,45515
269621,45515
212027,45514
282106,45514
166895,45514
288208,45514
288950,45514
42918,45514
202609,45514
12960,45514
267635,45514
168773,45513
47497,45513
116329,45513
122225,45513
138062,45513
137891,45512
268744,45512
275526,45512
195489,45512
72214,45512
180135,45512
260500,45511
151352,45511
165233,45511
276863,45511
151867,45511
69275,45511
124416,45511
146862,45511
136495,45511
103032,45511
237392,45510
291383,45510
238962,45510
287775,45510
151987,45509
261938,45509
215887,45509
151677,45509
70745,45509
138042,45509
256669,45509
45181,45509
115126,45509
180343,45509
199090,45509
279719,45508
216095,45508
258237,45508
258141,45508
287936,45508
2691,45508
251605,45507
109829,45507
292690,45507
197845,45507
62534,45507
271004,45506
26593,45506
389,45506
83631,45506
139546,45506
260356,45506
235190,45506
129995,45506
287280,45505
132592,45505
28315,45504
76244,45504
103271,45504
201811,45504
248113,45504
275139,45504
160524,45503
20765,45503
133966,45503
189061,45503
213397,45502
254473,45502
278287,45502
212517,45502
210162,45502
20737,45502
240546,45502
161734,45502
141631,45502
180635,45501
115095,45501
289644,45501
103905,45500
289685,45500
182920,45500
192517,45500
259591,45499
209730,45499
99186,45499
230430,45499
83959,45499
99502,45499
273955,45499
94462,45498
260692,45497
61810,45497
59118,45497
122484,45497
246186,45497
71261,45497
38828,45497
44684,45496
257138,45496
175053,45496
219270,45496
147812,45496
250679,45496
18419,45496
134347,45496
154335,45496
243682,45495
72664,45495
23147,45495
287705,45495
58456,45495
22568,45495
187420,45495
182523,45495
220335,45494
235784,45494
280732,45494
66274,45494
17928,45493
119030,45493
105806,45493
145075,45493
23514,45492
269085,45492
113580,45492
219050,45492
205494,45492
106486,45492
163570,45491
227443,45491
73861,45491
108707,45490
208621,45490
241219,45490
201965,45490
120497,45490
274238,45490
53085,45490
149012,45490
76862,45490
238653,45490
214038,45490
56610,45490
235299,45489
141408,45489
249319,45489
275330,45489
66222,45489
264311,45489
258820,45489
233181,45488
160950,45488
288112,45488
17849,45488
182339,45488
51602,45487
24103,45487
178427,45487
251598,45487
226229,45487
83813,45487
256684,45486
194176,45486
282821,45485
293125,45485
113665,45485
141927,45485
167549,45485
240167,45485
276344,45485
155346,45485
228816,45484
127799,45484
178418,45484
216920,45484
58263,45484
110156,45483
111630,45483
253976,45483
292731,45483
92528,45483
18862,45483
5191,45483
75497,45482
275891,45482
119064,45482
198066,45482
291457,45482
156852,45481
248197,45481
293846,45481
200636,45481
280083,45481
142127,45480
199392,45480
167667,45480
159044,45480
119422,45480
268600,45480
247707,45480
187504,45480
210497,45480
258243,45480
209382,45479
252713,45478
226134,45478
291332,45478
207257,45478
127962,45478
212094,45478
204873,45477
235323,45477
196303,45477
92503,45477
252386,45476
112823,45476
228379,45476
161579,45476
289643,45476
80680,45476
218491,45475
13058,45475
287164,45475
15009,45475
262530,45475
131743,45475
251712,45475
206949,45475
218225,45475
254385,45475
284975,45475
155836,45474
88269,45474
235626,45474
241690,45474
279442,45474
73864,45474
47873,45473
15828,45473
56353,45473
255186,45473
194870,45473
288141,45473
59326,45473
239509,45472
268435,45472
202224,45472
82105,45472
293056,45472
143067,45472
232507,45472
187858,45471
241897,45471
229836,45471
17863,45471
219338,45471
244019,45471
53494,45470
155056,45470
44696,45470
218273,45470
47207,45470
253081,45470
248069,45470
252401,45470
271370,45470
275699,45470
101067,45470
131269,45470
258104,45469
259638,45469
123513,45469
547,45469
36005,45469
198289,45469
295230,45468
275638,45468
238177,45468
199947,45468
215001,45467
283814,45467
227459,45467
207103,45467
38418,45466
195754,45466
20178,45466
122346,45466
36494,45466
285451,45466
26217,45465
259004,45465
218883,45465
159394,45465
224958,45465
285919,45465
264373,45464
202699,45464
266953,45464
295184,45463
179155,45463
80537,45462
117582,45462
231566,45461
244330,45461
288520,45461
12123,45461
9869,45461
148979,45461
271604,45461
224417,45461
278004,45461
227470,45461
390,45460
169855,45460
159609,45460
4426,45460
248000,45460
143036,45460
225586,45459
166776,45459
115560,45459
213842,45459
164353,45459
198591,45459
14653,45459
49068,45459
90784,45459
16871,45458
173777,45458
206369,45458
122327,45458
220591,45458
279330,45457
246579,45457
266333,45457
93751,45457
1932,45457
111412,45457
236573,45457
183207,45456
101090,45456
203742,45456
174512,45455
155679,45455
49371,45455
214711,45455
157727,45454
169601,45454
132700,45454
271270,45454
134525,45454
3959,45454
225477,45454
248317,45454
181528,45453
272709,45453
229306,45453
121664,45453
105862,45453
295175,45453
139821,45453
76324,45453
49080,45453
130006,45453
192148,45453
43475,45453
231306,45452
258405,45452
147774,45452
54379,45452
218458,45452
59556,45452
192497,45452
163310,45452
118361,45452
158556,45452
282010,45452
291139,45451
52160,45451
256769,45451
283119,45451
190276,45451
170674,45451
271309,45451
182961,45451
285726,45451
112280,45450
169560,45450
293156,45450
15836,45450
241224,45450
221669,45449
182259,45449
111721,45449
138840,45449
28897,45449
249396,45448
24454,45448
143576,45448
240361,45448
93466,45448
276534,45448
271480,45448
240351,45447
103822,45447
222627,45447
99492,45447
175874,45447
140151,45446
252652,45446
21621,45446
291197,45446
259815,45446
285541,45446
182425,45446
141169,45445
190818,45445
230871,45445
44360,45445
157862,45445
72366,45445
150525,45445
166642,45445
249708,45445
119024,45444
214560,45444
111147,45444
119265,45444
82395,45444
266072,45444
203230,45444
94384,45444
289787,45444
225481,45444
317,45444
118262,45443
243076,45443
70589,45443
250430,45443
113454,45443
125182,45443
97322,45443
254437,45443
156328,45443
213212,45442
253856,45442
279708,45442
16923,45442
99412,45442
255235,45441
106455,45441
225849,45441
256622,45441
161948,45441
105754,45441
239289,45441
262079,45441
226162,45440
286352,45440
253672,45440
2805,45440
293198,45440
84497,45440
238121,45440
142846,45440
270647,45440
267052,45440
235906,45439
55702,45439
183693,45439
167046,45439
6317,45439
235978,45438
286350,45438
86916,45438
223459,45438
47438,45437
31851,45437
264031,45437
25311,45437
272974,45437
242733,45436
271365,45436
216181,45436
23555,45436
60779,45436
122174,45436
187374,45436
296075,45436
121274,45435
67480,45435
161271,45435
222677,45434
96147,45434
134456,45434
268971,45434
154522,45434
230629,45434
251875,45433
178787,45433
93185,45433
199362,45433
243448,45432
233521,45432
243995,45432
125789,45432
160932,45432
228758,45432
15399,45431
161403,45431
262798,45431
178143,45431
292092,45431
74320,45431
11193,45431
2578,45430
77570,45430
165965,45430
176053,45429
113972,45429
207290,45429
185904,45428
199766,45428
202469,45428
105529,45428
47282,45428
182323,45428
166458,45428
54211,45427
115325,45427
258894,45427
254289,45427
244362,45427
82025,45427
40735,45427
286432,45427
172857,45427
139030,45427
281543,45427
273551,45427
258534,45427
177114,45426
247886,45426
203295,45426
242787,45426
231291,45426
272651,45425
271364,45425
277359,45425
222375,45425
273605,45425
259005,45424
222447,45424
260374,45424
18000,45424
213496,45424
235494,45424
250925,45424
205167,45424
235930,45424
11682,45423
274845,45423
289927,45423
250921,45423
71380,45423
11608,45423
44306,45422
72656,45422
232660,45422
38706,45421
119623,45421
207550,45421
125962,45421
167238,45421
8920,45421
260419,45421
17318,45421
187738,45421
209888,45421
247115,45421
183690,45420
66150,45420
294993,45420
191260,45420
276864,45420
45442,45420
205713,45420
201652,45420
225431,45419
201743,45419
289844,45419
206282,45419
196820,45419
286770,45419
172649,45419
265550,45419
240931,45419
46413,45419
265569,45419
290348,45419
124172,45419
258375,45418
289746,45418
107579,45418
268769,45418
189437,45418
136998,45418
518,45418
280860,45418
277929,45417
50434,45417
237197,45417
155878,45417
96809,45416
256276,45416
83108,45416
188940,45416
283728,45416
281585,45416
233182,45416
46371,45416
231084,45415
69039,45415
157803,45415
98353,45415
195342,45415
8229,45414
19038,45414
212512,45414
106542,45414
253692,45414
291111,45413
293636,45413
226513,45413
289496,45413
264901,45413
288003,45412
224340,45412
138499,45411
126532,45411
168399,45411
54995,45411
215301,45411
124479,45411
129659,45410
224392,45410
124861,45410
274931,45410
31996,45410
162315,45410
264587,45410
266533,45410
103086,45410
85902,45409
261831,45409
63357,45409
106449,45409
243687,45409
219668,45409
10847,45409
170220,45409
221680,45409
263568,45409
220276,45408
133206,45408
99866,45408
272886,45408
201684,45408
141553,45408
109130,45408
226959,45408
155888,45407
279324,45407
295322,45407
201435,45407
182813,45407
214886,45407
45284,45407
258091,45407
251017,45407
79292,45407
44379,45407
250048,45407
18808,45407
256588,45406
157067,45406
162992,45406
159621,45406
98420,45406
193883,45406
249115,45406
269908,45406
67678,45406
296088,45406
72248,45406
168241,45405
40684,45405
201887,45405
580,45405
26880,45404
130889,45404
199972,45404
276002,45404
206270,45404
132698,45404
30606,45404
255683,45404
212679,45403
173661,45403
285211,45403
109958,45403
125727,45403
186890,45403
128346,45402
210415,45402
232062,45402
256452,45402
35601,45402
148825,45402
34952,45402
231792,45402
128856,45402
269786,45402
265912,45401
22096,45401
165986,45401
182758,45401
45635,45401
27520,45401
148762,45401
278482,45400
26116,45400
207696,45400
265832,45400
198963,45400
133361,45400
181338,45400
272361,45399
139568,45399
265613,45399
227478,45399
237378,45398
144460,45398
80132,45398
4194,45398
65970,45398
197699,45398
267686,45398
214332,45398
73191,45398
167761,45398
266222,45397
224966,45397
205821,45397
3787,45397
117689,45397
52269,45396
94292,45396
230758,45396
121948,45396
41640,45396
190742,45396
246558,45395
38281,45395
68989,45395
593,45395
244513,45395
279669,45395
138860,45394
157500,45394
293888,45394
225553,45394
184018,45394
84538,45394
88547,45393
158497,45393
178294,45393
278416,45393
120044,45393
173319,45393
218887,45393
241226,45393
86836,45392
127323,45392
250143,45392
134862,45392
150774,45392
143274,45392
247351,45392
50092,45392
79949,45391
247510,45391
221266,45391
200277,45391
237124,45391
294125,45391
108536,45390
93852,45390
113847,45390
212630,45389
263499,45389
53559,45389
268739,45389
161044,45389
266235,45389
279629,45389
226892,45389
215268,45389
274750,45389
218472,45388
289856,45388
166269,45388
765,45388
163534,45388
98178,45388
80007,45387
201324,45387
123496,45387
166759,45387
293667,45387
34916,45387
239859,45387
18518,45387
268009,45387
281903,45387
239258,45386
219557,45386
240845,45386
254808,45386
132715,45386
276986,45386
14451,45386
231986,45385
247592,45385
169404,45385
228431,45385
256084,45385
106335,45385
292447,45385
261540,45385
282396,45384
35021,45384
77186,45384
50306,45384
181741,45384
44460,45384
201089,45384
291206,45384
114892,45384
173985,45384
97738,45384
187192,45384
178365,45383
165091,45383
180848,45383
262958,45383
277139,45383
32766,45383
264369,45383
38239,45383
173716,45383
248913,45383
43140,45382
73928,45382
209261,45382
209429,45382
281741,45382
257307,45382
161265,45382
30583,45382
276997,45382
257565,45382
229741,45381
122913,45381
199538,45381
272757,45381
87603,45381
2945,45380
257365,45380
109463,45380
172534,45380
76681,45380
9349,45380
94665,45380
245738,45380
168058,45379
257720,45379
212207,45379
255117,45379
277874,45379
130262,45379
234771,45379
2520,45379
36250,45379
204325,45379
285691,45379
242594,45379
142006,45379
281407,45378
187253,45378
198637,45378
97838,45378
104819,45378
254197,45378
16900,45377
273888,45377
150009,45377
96798,45377
291904,45376
18216,45376
270263,45376
241293,45376
240451,45376
205,45376
124785,45376
118369,45376
307,45376
175407,45376
230759,45375
85260,45375
181744,45375
188611,45375
286994,45375
257153,45374
228410,45374
183927,45374
191259,45374
266602,45374
275674,45374
211001,45374
206340,45373
165405,45373
243133,45373
107792,45373
179892,45373
4283,45372
140988,45372
67457,45372
43732,45372
275754,45372
230591,45372
218787,45372
285777,45372
191354,45372
247447,45372
74047,45371
216184,45371
16899,45371
203628,45371
188557,45371
248851,45371
106372,45371
147568,45370
117347,45370
75794,45370
167065,45370
98799,45370
206018,45370
219436,45370
58453,45370
32999,45370
31919,45369
214229,45369
43128,45369
233386,45369
290754,45369
184641,45369
25868,45368
195515,45368
11114,45368
116763,45368
230454,45368
275095,45368
280201,45368
223563,45367
213729,45367
293309,45367
187528,45367
269145,45367
116094,45367
262569,45367
288229,45367
188202,45367
95055,45367
21983,45367
159619,45366
199297,45366
262062,45366
202078,45366
278122,45366
67104,45366
103266,45366
118812,45365
198102,45365
142479,45365
149309,45365
282693,45365
230847,45365
169255,45364
288715,45364
119815,45363
1050,45363
3946,45363
15291,45363
14644,45363
154924,45363
127370,45363
128232,45363
218836,45363
16662,45363
279044,45362
111423,45362
228581,45362
105939,45362
243505,45362
229766,45361
249041,45361
137101,45361
241796,45360
279525,45360
4803,45360
198976,45360
206734,45360
230973,45359
112917,45359
149996,45359
211734,45359
200011,45358
269377,45358
272334,45358
178706,45358
220034,45358
276448,45358
122604,45358
274856,45357
170268,45357
167124,45357
282614,45357
194640,45357
24261,45357
233850,45357
99146,45357
63385,45356
218127,45356
284424,45356
182720,45356
272913,45356
163756,45356
224646,45355
140177,45355
229063,45355
241283,45355
142844,45355
132304,45355
99072,45355
270986,45355
162494,45355
256137,45354
91384,45354
21606,45354
39666,45354
266481,45354
121792,45354
196873,45353
255122,45353
216158,45353
292310,45352
123345,45352
119336,45352
283374,45352
245598,45352
104722,45352
158279,45352
62859,45352
136353,45352
144295,45352
19972,45352
139820,45352
148750,45352
283247,45351
206412,45351
24123,45351
164701,45351
226424,45351
120990,45351
11132,45351
116328,45350
232432,45350
159814,45350
192165,45350
188002,45350
40953,45350
175801,45350
290577,45350
30368,45350
259558,45350
157439,45350
250130,45350
36610,45349
281877,45349
225514,45349
126359,45349
82729,45348
203808,45348
234627,45348
114018,45348
70063,45347
244917,45347
269853,45347
246799,45347
126895,45347
47944,45347
253956,45346
90962,45346
5164,45346
225731,45346
152834,45346
132983,45346
19366,45345
131403,45345
21851,45345
223448,45345
119254,45345
288295,45345
21647,45345
234035,45345
270883,45345
82274,45344
114080,45344
130681,45344
117887,45344
193884,45344
103264,45344
224308,45344
268010,45344
185691,45344
142211,45343
208649,45343
202024,45343
169087,45343
126736,45343
180980,45343
166627,45342
280757,45342
151660,45342
184270,45342
259838,45342
268248,45342
139735,45342
145169,45341
230550,45341
251531,45340
146252,45340
251428,45340
215574,45340
281084,45340
282609,45340
273334,45340
54482,45340
254872,45340
220253,45340
48692,45339
200985,45339
82244,45339
226117,45339
175251,45339
146828,45339
154615,45338
284160,45338
223515,45338
238094,45338
264715,45338
188254,45338
148521,45338
122162,45338
248905,45337
235872,45337
2103,45337
73474,45337
231803,45337
176385,45337
242382,45337
108797,45337
153460,45337
268370,45337
101136,45337
23911,45336
64138,45336
144737,45336
145042,45336
252483,45336
241019,45336
259655,45336
270293,45336
9503,45336
167251,45336
85659,45336
72408,45335
178428,45335
130055,45335
216908,45335
246422,45335
130087,45335
57720,45335
152476,45334
232346,45334
144836,45334
281522,45334
109008,45334
135752,45334
161500,45334
124304,45334
185678,45333
255978,45333
66936,45333
5507,45333
212628,45333
34628,45333
196437,45332
266105,45332
275571,45332
126130,45332
121447,45332
9882,45331
25184,45331
39052,45331
149873,45331
143954,45331
167856,45331
234314,45331
87293,45331
224013,45330
236850,45330
29613,45330
95832,45330
258868,45330
50,45330
204571,45330
233233,45330
274791,45330
261962,45330
234859,45330
290025,45329
197954,45329
234312,45329
118218,45329
47410,45329
167625,45329
154337,45329
19614,45329
211461,45329
219640,45329
155941,45328
181804,45328
200650,45328
230740,45328
284668,45328
214000,45328
278262,45328
270038,45328
274397,45328
177458,45327
207446,45327
207129,45327
236121,45327
210195,45327
222234,45327
85866,45327
277795,45327
240063,45327
201793,45326
82469,45326
256811,45326
92599,45326
127000,45326
233767,45326
157748,45326
123690,45326
273100,45325
254209,45325
123317,45325
174255,45325
271731,45325
150280,45325
104209,45325
183243,45325
208025,45324
24510,45324
53094,45324
295182,45324
110181,45324
115863,45324
8643,45324
40383,45323
98337,45323
261873,45323
164706,45323
130710,45323
209336,45322
193988,45322
92817,45322
264817,45322
184584,45322
249167,45322
275236,45321
260652,45321
242884,45321
267287,45320
280035,45320
215707,45320
236040,45320
204112,45320
284327,45320
194155,45320
252632,45320
195757,45320
201725,45320
153754,45320
289417,45320
238784,45319
240818,45319
119222,45319
139230,45319
2636,45319
293828,45319
227693,45319
119550,45319
224343,45319
145691,45318
255579,45318
186033,45318
245508,45318
275115,45318
278912,45318
114340,45318
24024,45318
181849,45317
277975,45317
132057,45317
17148,45317
56229,45317
191762,45317
280822,45317
108416,45317
62780,45317
81310,45317
3270,45317
124605,45316
189844,45316
291152,45316
122826,45316
135174,45316
249592,45316
161391,45315
69336,45315
53681,45315
246068,45315
8682,45315
258593,45315
119955,45315
9130,45314
119911,45314
109735,45314
237137,45314
192770,45314
281564,45314
167983,45314
282884,45314
37420,45313
64584,45313
193112,45313
223978,45313
118589,45313
201556,45313
137274,45312
115064,45312
232547,45312
246547,45312
10623,45311
234473,45311
97682,45311
196077,45311
290574,45311
100750,45311
254339,45311
117468,45311
121840,45311
24827,45311
195366,45310
57814,45310
57793,45310
216978,45310
205647,45310
288463,45310
246570,45310
162606,45310
287573,45310
294879,45309
261585,45309
58005,45309
153633,45309
21041,45309
191918,45309
233158,45309
134853,45309
247520,45309
266955,45309
281036,45308
118818,45308
257147,45308
210768,45308
51117,45308
2172,45308
182306,45308
