1854,100000
2583,64224
52908,54253
32444,50724
233479,50140
166247,49811
3190,49679
6444,49402
129782,49209
34,49132
67919,49076
6412,48938
138548,48910
11024,48898
171982,48880
218302,48834
19610,48772
87594,48758
269043,48724
213964,48645
15859,48597
630,48363
32816,48341
7577,48334
5073,48323
26862,48301
79573,48233
61901,48203
211681,48202
68890,48151
28251,48065
1576,48039
19277,48019
134029,47999
25820,47984
237382,47976
80494,47974
286695,47936
54063,47876
290849,47855
270669,47812
18940,47810
154628,47809
100668,47789
145882,47773
2026,47656
14382,47655
6181,47639
24857,47638
240965,47589
233168,47587
25763,47576
18266,47572
49628,47567
199165,47564
21126,47556
99167,47548
192807,47545
273984,47532
227270,47530
179390,47523
31308,47503
56389,47459
41930,47447
55645,47443
37149,47432
180961,47412
132838,47399
241294,47397
4660,47397
150551,47396
141974,47389
698,47374
27233,47367
6712,47356
175235,47353
17311,47346
68601,47345
50630,47345
110431,47339
194333,47325
8821,47319
233093,47314
142471,47300
64157,47281
291676,47277
2412,47271
136013,47254
22734,47245
260978,47228
6950,47225
131505,47213
244776,47192
270661,47174
8459,47173
7958,47165
1945,47147
39841,47141
267506,47137
177176,47136
263470,47133
31058,47130
52941,47128
59351,47124
280515,47123
274457,47123
14188,47115
143460,47107
7120,47105
121304,47091
12704,47082
174819,47078
289728,47076
18869,47067
259564,47053
198943,47038
137698,47037
271559,47031
7618,47001
67790,46999
114548,46997
3015,46996
608,46988
239027,46981
2157,46979
90490,46977
174215,46974
53525,46969
61178,46964
141983,46963
78025,46959
270497,46951
213636,46947
238244,46939
109685,46939
264082,46936
137662,46933
154270,46933
227151,46932
30665,46928
199117,46927
223451,46927
19446,46912
35846,46909
249710,46906
66200,46900
195103,46893
20278,46887
177817,46883
212866,46875
19784,46872
135917,46866
145293,46864
255908,46861
4292,46853
12842,46845
62426,46840
169282,46840
222341,46835
1672,46834
144212,46829
134198,46793
115037,46787
222130,46780
294712,46779
37721,46773
208196,46771
173153,46771
42079,46765
279896,46764
23666,46762
75247,46754
13465,46754
57494,46749
142895,46746
284237,46745
19510,46741
2171,46738
1905,46731
3120,46723
143980,46722
199948,46719
145978,46718
8331,46714
162657,46712
286033,46706
126390,46706
186342,46695
43662,46694
79775,46693
124055,46685
148369,46676
152041,46675
2073,46671
133873,46671
54281,46670
12697,46658
34108,46655
227212,46648
259865,46643
161764,46637
278220,46635
97557,46625
210841,46624
87781,46623
10104,46623
9666,46621
3389,46618
345,46618
111045,46614
20099,46612
171708,46602
128490,46602
267260,46597
177306,46595
25237,46585
33555,46583
192033,46581
190934,46580
22216,46567
92363,46565
29105,46565
29621,46564
3732,46558
67615,46550
267488,46545
38909,46542
5600,46539
15506,46534
142760,46534
212556,46528
8304,46527
158281,46526
220142,46526
14530,46522
267747,46518
220630,46516
18499,46515
235841,46514
2742,46514
57231,46510
202095,46508
80031,46507
41889,46506
39943,46502
22859,46498
3498,46497
184057,46496
42540,46495
241123,46492
13220,46491
138230,46485
84787,46485
205203,46477
3126,46475
45693,46466
248007,46464
9546,46459
243335,46457
18084,46450
286546,46449
20160,46445
120242,46442
5490,46442
237837,46438
61779,46438
257123,46435
296559,46429
162076,46426
14561,46426
212641,46421
12080,46414
213271,46412
2761,46411
249161,46408
28641,46406
118398,46400
216683,46399
288742,46398
207077,46398
130469,46396
232797,46396
246089,46394
179829,46393
254149,46392
62733,46389
269314,46387
5789,46386
11882,46383
142320,46381
284127,46380
204478,46378
199187,46377
3991,46373
155435,46365
281529,46365
21253,46365
8930,46363
272438,46360
21170,46359
240898,46358
266318,46358
180835,46354
28039,46350
291453,46349
106127,46348
151736,46348
5117,46347
176375,46343
11420,46336
184776,46332
53003,46329
287706,46329
56918,46325
5120,46316
137443,46312
5609,46312
10214,46307
151024,46307
92904,46303
4957,46300
218160,46298
4479,46297
58903,46295
288791,46294
76178,46293
279552,46287
17686,46285
38956,46284
209978,46283
279779,46282
169128,46276
203078,46275
224021,46274
291500,46271
7571,46269
17461,46265
7751,46264
169339,46263
250730,46261
24700,46260
294493,46259
287762,46255
257778,46254
163999,46253
1553,46253
237883,46253
187667,46252
26338,46252
209179,46251
15589,46250
149765,46250
287616,46249
12538,46249
171442,46249
214372,46246
18921,46243
294986,46239
268708,46238
164033,46231
277377,46231
29013,46229
262191,46228
11058,46224
135409,46220
226455,46217
31049,46216
9231,46214
2044,46212
231529,46211
63001,46209
134337,46207
24781,46205
81662,46203
8599,46203
271800,46202
126030,46199
259305,46196
61892,46189
259852,46187
20940,46186
17893,46185
25254,46185
59564,46180
224736,46178
56076,46176
226338,46173
24533,46172
9473,46171
154783,46170
88741,46169
287833,46169
31790,46168
111891,46167
5717,46166
202781,46164
95957,46160
240041,46159
92644,46158
116243,46158
129187,46155
71340,46154
207473,46153
244172,46153
38340,46152
25950,46152
127036,46146
143444,46143
13075,46139
100841,46137
185062,46137
263308,46137
13622,46134
208101,46131
137450,46131
4782,46130
14565,46129
735,46128
14294,46127
287320,46124
129150,46124
104541,46123
235583,46122
16357,46120
191161,46118
45443,46117
67143,46116
114866,46116
172598,46116
264664,46110
71738,46108
243390,46108
289865,46108
6796,46106
224568,46106
52443,46105
10764,46104
158510,46099
23252,46097
38992,46095
163915,46094
178171,46092
222945,46091
59716,46091
253301,46090
3175,46090
171791,46087
3374,46086
11320,46085
32194,46083
287665,46083
148882,46082
281372,46080
187058,46080
52751,46079
10029,46077
275640,46075
270267,46069
205153,46067
127145,46066
123792,46065
136379,46064
15397,46061
169327,46060
278719,46060
189054,46056
7995,46055
78631,46055
275925,46054
272606,46053
100374,46051
272543,46047
58618,46047
4652,46046
236405,46045
2246,46043
8498,46042
200397,46040
294172,46040
81433,46040
238610,46039
153173,46039
288117,46037
265802,46037
265750,46036
236309,46036
10000,46035
28646,46033
188675,46033
292559,46032
164349,46030
191564,46029
111051,46028
243881,46027
45309,46025
260572,46024
23583,46022
280239,46020
62682,46019
150845,46019
271204,46017
29969,46016
84896,46015
6176,46014
231830,46014
165772,46010
166940,46009
51252,46007
70878,46005
211462,46005
184460,46005
40327,46004
26484,46002
230474,46001
191375,46001
171589,46001
273707,46000
228763,46000
4870,45999
130498,45998
118004,45996
273632,45996
235174,45993
259175,45991
146878,45991
186940,45990
87664,45988
3188,45988
16127,45987
251246,45987
101732,45987
182169,45986
13382,45984
206037,45982
296315,45982
30460,45979
226041,45978
107868,45976
120626,45974
175703,45973
97816,45973
262370,45972
30404,45971
262766,45969
263435,45967
11593,45964
289923,45964
142701,45964
226580,45963
140465,45961
28754,45959
168981,45959
53811,45959
61407,45957
11019,45957
6508,45956
106489,45954
165457,45953
215639,45951
2873,45951
22533,45950
4227,45950
31066,45950
167303,45945
131719,45945
13518,45945
276953,45945
24786,45944
6146,45942
148483,45941
192464,45940
5365,45940
264686,45940
198644,45939
280263,45939
5729,45939
199966,45938
18656,45938
117688,45938
85874,45938
25409,45936
15300,45936
209569,45933
295911,45932
240674,45932
8306,45930
165402,45928
220122,45928
162701,45928
230016,45928
212252,45927
281995,45925
2891,45924
248143,45924
267864,45922
277458,45921
362,45920
67140,45918
8071,45918
23266,45915
230040,45914
292289,45914
255971,45914
225042,45913
61924,45912
196365,45911
15727,45911
222015,45909
275288,45909
164857,45906
111178,45906
45112,45905
25707,45902
29472,45900
24222,45899
61447,45899
16192,45897
528,45896
127160,45896
1307,45895
23655,45894
46607,45894
11187,45893
41278,45892
226663,45891
293858,45891
195603,45890
42505,45890
154559,45889
233138,45888
35492,45883
217597,45883
19986,45882
65088,45882
186767,45881
73168,45881
24855,45880
207125,45879
3178,45878
286521,45877
31864,45876
259598,45874
143352,45872
32497,45872
12347,45871
196495,45868
77480,45866
283159,45866
68363,45865
271631,45865
5264,45865
227539,45864
206287,45862
204852,45860
189879,45856
55704,45856
271329,45855
238185,45853
10300,45853
5620,45853
10356,45852
13593,45852
240211,45852
233058,45851
272058,45848
253862,45848
184417,45848
274162,45847
115021,45845
232568,45844
202049,45844
121172,45843
241083,45843
5497,45842
40007,45842
198520,45840
94260,45840
291666,45838
147949,45838
46722,45836
190229,45836
5783,45835
100554,45835
81918,45834
279291,45833
100169,45832
30937,45831
258234,45831
17426,45831
28489,45831
259461,45831
22003,45830
107356,45828
99082,45825
211114,45825
164858,45824
113222,45822
264261,45821
94690,45820
220258,45819
227276,45819
238578,45819
1622,45818
281804,45817
8155,45815
228442,45815
34242,45814
285785,45813
4154,45813
16211,45813
207313,45812
130653,45812
42649,45811
49825,45811
271682,45811
162228,45810
163398,45810
258505,45809
196322,45808
264719,45804
1806,45804
161844,45802
272973,45801
246786,45801
229242,45799
213785,45798
261163,45798
93211,45797
175807,45796
182397,45796
85804,45796
259858,45795
74404,45794
1272,45794
199224,45792
16314,45792
24147,45790
62073,45789
277881,45789
140357,45788
9128,45787
258736,45787
136623,45785
248106,45784
234757,45784
225404,45782
270788,45782
213980,45781
19908,45780
70738,45780
17536,45779
782,45779
265242,45779
84974,45777
205741,45776
291335,45775
192119,45775
180782,45773
289419,45771
22673,45769
154790,45769
81762,45768
17226,45768
203323,45766
21369,45766
280936,45766
57008,45765
108456,45765
238620,45763
102568,45762
48493,45761
3486,45761
46235,45760
21542,45760
118365,45759
226139,45759
238923,45759
219220,45758
289905,45758
263812,45757
262554,45757
111746,45755
219253,45755
101343,45754
147595,45753
1765,45752
37924,45752
190766,45750
40852,45749
251587,45749
294543,45748
74936,45747
113840,45747
60202,45746
22401,45746
221623,45746
265744,45746
2653,45744
257270,45744
48748,45743
199467,45743
15549,45743
190647,45743
237625,45741
8027,45741
98442,45741
64708,45741
39991,45739
249103,45739
176721,45738
12111,45738
224938,45738
149321,45738
241545,45737
108833,45736
229183,45735
197205,45733
104964,45733
4161,45732
79644,45732
98673,45732
18417,45732
227604,45731
219281,45729
162141,45728
149006,45728
287928,45727
212408,45727
139638,45723
6518,45722
185039,45721
70221,45720
199725,45720
52605,45719
16224,45719
47358,45718
75357,45718
192281,45717
209049,45717
251866,45717
124349,45717
191528,45716
92219,45716
169810,45716
51241,45716
270455,45715
266849,45715
245768,45714
165093,45713
179323,45713
242184,45713
7962,45712
156655,45711
66212,45711
2861,45711
164313,45710
172671,45709
236507,45709
29071,45708
33448,45708
212054,45708
7890,45707
216093,45707
258807,45707
279118,45706
101120,45705
266969,45705
29503,45703
70035,45703
205624,45702
248586,45702
209003,45701
56794,45700
3726,45700
180235,45699
2177,45697
24408,45696
269779,45696
118170,45696
187136,45694
818,45694
15801,45693
289769,45693
288041,45692
169163,45692
226613,45691
71043,45691
253779,45690
233559,45689
192828,45688
142361,45688
87101,45687
52542,45687
271692,45686
29173,45685
251586,45683
278134,45683
254892,45683
33109,45682
21987,45681
291648,45680
293475,45679
74760,45679
288047,45679
2007,45679
80,45679
156272,45679
5452,45679
104698,45677
248020,45676
17698,45675
29006,45674
19680,45672
271778,45668
154167,45666
7939,45666
189761,45666
257790,45665
117108,45665
249158,45664
182424,45664
15487,45663
249394,45663
467,45662
278654,45662
53226,45661
120555,45661
47036,45660
127718,45659
227686,45658
95843,45658
148910,45657
238233,45657
2841,45656
61842,45655
158328,45655
180771,45654
83176,45653
127328,45652
10463,45652
13163,45651
52887,45650
189015,45649
289363,45648
276939,45647
229825,45646
19874,45646
5791,45645
265163,45645
257134,45644
209098,45643
238915,45643
115779,45642
1668,45640
10267,45640
256066,45639
28255,45639
88606,45639
282341,45638
7927,45638
275131,45638
107230,45638
274602,45638
35271,45638
13251,45637
9150,45637
117702,45636
254488,45636
130290,45636
251334,45635
7784,45635
12288,45634
107918,45634
272288,45634
45642,45634
44975,45633
220801,45633
108221,45633
9667,45633
242608,45632
257798,45631
31773,45631
276121,45631
222262,45631
27060,45630
283362,45630
28092,45630
182662,45628
283216,45628
29197,45627
13663,45626
123269,45626
81065,45626
228061,45626
210646,45625
86762,45624
173589,45624
149814,45624
133137,45624
191102,45624
225863,45623
239606,45622
100642,45621
182073,45621
126197,45621
295250,45620
237432,45619
258350,45618
200237,45617
178156,45617
11872,45616
10233,45616
33221,45616
279656,45616
19182,45616
10130,45614
265888,45614
26143,45613
278607,45613
159018,45613
70476,45612
61265,45611
247087,45610
44552,45609
263843,45609
139972,45608
56665,45607
12055,45607
291285,45606
210435,45606
4423,45605
265518,45605
188032,45605
13673,45604
153748,45604
288655,45603
163083,45602
295780,45600
43381,45600
97553,45600
194418,45599
60815,45599
281249,45599
276693,45598
273828,45598
131077,45597
266567,45597
6987,45596
238514,45596
16898,45596
62722,45595
21760,45594
229187,45594
9320,45593
69812,45593
229435,45592
8518,45592
62497,45592
1652,45592
42919,45591
17924,45591
26579,45591
61017,45590
254017,45590
179126,45590
273668,45590
30920,45589
169557,45589
193272,45588
18174,45588
63322,45588
16495,45587
218898,45586
58334,45586
109482,45586
223199,45585
160604,45585
30367,45585
81975,45584
186473,45584
246215,45584
263552,45584
110114,45584
34262,45583
261646,45582
263053,45582
83687,45581
251804,45581
79538,45581
277791,45581
72484,45581
278081,45580
230047,45579
18918,45578
233713,45578
18719,45578
20967,45578
110214,45576
224737,45576
33413,45576
143641,45575
236640,45574
4095,45574
247015,45574
1873,45573
235159,45573
37650,45572
193158,45572
118747,45570
101370,45569
272900,45568
12338,45567
278653,45567
39268,45567
15754,45566
257643,45566
222714,45565
224862,45565
170230,45565
215519,45564
200065,45564
66547,45563
249320,45563
227489,45562
257982,45561
49980,45561
270163,45561
13243,45561
185284,45560
23744,45559
143534,45559
194726,45559
32724,45559
2688,45558
121310,45558
74714,45558
3477,45557
258856,45556
182091,45556
45776,45556
4395,45555
260614,45554
133990,45553
207479,45552
277858,45552
267254,45552
61867,45550
288555,45550
121448,45550
2799,45550
105421,45550
276263,45549
16875,45548
230199,45547
252292,45546
196203,45544
162629,45544
231492,45543
262647,45543
4708,45543
210113,45543
162316,45543
20558,45542
45276,45542
136143,45542
284646,45542
32395,45542
26590,45541
5118,45541
260013,45541
45792,45540
150416,45540
129733,45539
181150,45539
292317,45539
119345,45539
253572,45539
143062,45538
73893,45538
268451,45538
246307,45538
82315,45537
6826,45536
170086,45536
240783,45535
215468,45535
293284,45534
154765,45534
773,45533
139475,45533
272139,45533
40940,45533
218620,45532
6140,45532
227987,45532
209935,45532
3262,45531
205417,45531
230456,45531
138571,45530
194681,45530
176911,45528
143829,45528
198692,45527
292350,45527
225703,45527
203872,45526
21590,45526
119192,45526
260433,45526
261355,45524
191195,45523
129635,45523
25704,45522
242960,45521
157819,45521
214918,45521
284329,45521
35778,45520
73844,45520
268735,45519
64598,45519
18979,45519
105937,45519
10323,45519
1632,45519
111646,45517
296179,45516
204481,45515
70451,45515
40710,45514
129438,45514
227242,45514
8437,45514
28580,45513
255241,45512
257653,45512
247663,45512
174932,45512
136865,45511
141367,45511
208450,45510
11152,45510
7036,45509
103847,45509
25289,45508
224215,45507
10986,45507
23064,45507
172309,45506
67804,45506
23324,45505
245276,45505
245405,45505
187390,45505
271317,45504
52424,45504
279500,45503
3334,45503
226198,45502
131729,45502
14774,45502
153113,45502
217278,45501
3978,45500
208259,45499
155101,45499
265131,45498
276994,45498
13551,45498
388,45498
227705,45498
207594,45498
126250,45497
225789,45497
50905,45496
183411,45496
157470,45496
169686,45496
116846,45495
502,45495
164944,45495
242456,45495
263148,45495
177617,45494
166556,45492
230739,45492
125336,45491
85462,45491
54977,45491
215565,45489
23225,45489
226957,45489
73532,45489
212657,45488
1876,45488
84675,45488
28312,45488
188959,45487
162971,45487
257746,45486
290983,45486
199300,45486
574,45486
24603,45485
239348,45485
33907,45484
222733,45484
73607,45484
287918,45484
29145,45483
79241,45483
77818,45482
255753,45481
1319,45481
11397,45481
17000,45480
255482,45480
248009,45480
6488,45479
73634,45479
241681,45479
259101,45478
49554,45478
245179,45478
255425,45477
275616,45476
39758,45476
244162,45476
205321,45475
295282,45475
277694,45475
277253,45474
32298,45474
163265,45473
151710,45473
9519,45472
72275,45472
10271,45472
34263,45470
28283,45470
2355,45469
69214,45469
122147,45469
161766,45468
134785,45467
203233,45467
202826,45467
97512,45467
246097,45467
170995,45467
122952,45466
14290,45466
264110,45466
143091,45465
272594,45465
200937,45464
214542,45463
177259,45463
292982,45462
249239,45461
46738,45461
187190,45460
69567,45460
12709,45458
295314,45458
274579,45458
208919,45457
257820,45457
101181,45457
234066,45457
233314,45456
275869,45455
272809,45455
286737,45455
63031,45455
147860,45455
83312,45454
205391,45454
288335,45454
9027,45454
173766,45453
25889,45453
217231,45453
101630,45453
113298,45452
279945,45452
1895,45452
251285,45452
202196,45451
248889,45451
2068,45451
269188,45450
144805,45450
129047,45450
147746,45450
295792,45450
583,45450
165492,45449
288142,45449
261295,45449
15597,45449
180275,45449
6821,45448
269054,45448
264390,45447
198613,45446
3401,45446
238005,45446
190731,45446
197728,45445
176595,45445
32753,45445
293488,45444
198946,45444
251849,45443
64162,45443
177472,45442
295460,45442
265079,45442
215659,45441
106277,45441
285577,45441
143046,45441
984,45440
57748,45440
203348,45440
226090,45440
277120,45440
30953,45440
29623,45439
221329,45439
7546,45439
258400,45438
116439,45437
104018,45437
25852,45437
733,45437
211417,45436
257037,45436
51845,45436
10572,45436
292710,45436
235819,45435
233765,45435
81752,45434
224893,45434
264218,45434
195533,45433
129145,45433
201654,45433
192266,45432
87591,45432
2340,45431
31609,45430
48515,45430
230909,45429
234228,45429
194421,45429
84588,45429
49265,45427
275218,45427
6304,45426
277155,45425
263914,45425
77566,45424
43409,45424
1578,45424
211522,45424
35512,45424
263025,45424
176461,45424
274984,45422
216446,45422
99103,45421
91824,45420
278071,45420
47516,45419
253599,45419
232344,45419
14437,45419
220289,45419
204383,45419
49094,45419
15069,45419
236138,45418
247489,45418
136432,45418
686,45417
3888,45417
80502,45417
73490,45416
23844,45416
48454,45416
232403,45416
210565,45416
126306,45415
164442,45415
92468,45415
42777,45414
51004,45414
2746,45414
98560,45414
233444,45413
257337,45413
296471,45412
173990,45412
187260,45412
23755,45411
183081,45411
265577,45411
236345,45410
273835,45410
267657,45409
248526,45408
232806,45407
184,45407
356,45406
286076,45405
213513,45405
2043,45405
268012,45404
288666,45404
14475,45404
69148,45404
256256,45404
186908,45403
270534,45402
23633,45402
296594,45402
62819,45401
18726,45401
87513,45401
291363,45400
270973,45400
180081,45399
12380,45399
228212,45399
164583,45398
286904,45398
291045,45398
161384,45397
70988,45397
168301,45396
186265,45396
148708,45396
200205,45396
2450,45395
102957,45395
280329,45395
4637,45395
109117,45394
59393,45394
211895,45394
204189,45394
15889,45393
141154,45392
197208,45392
273439,45392
261948,45391
135427,45390
44136,45390
207675,45390
64653,45389
2894,45388
11821,45387
285265,45387
92341,45387
17314,45387
144674,45386
131295,45386
296294,45386
134168,45385
271525,45385
265639,45384
207376,45384
289951,45384
260554,45383
280591,45383
7158,45383
149220,45383
180448,45383
268384,45383
203186,45382
231885,45382
96932,45382
263641,45382
177039,45380
23184,45380
295710,45379
166019,45378
11281,45378
179511,45378
56993,45378
24262,45377
187416,45377
139582,45377
256632,45377
229270,45377
79197,45377
92822,45376
192640,45376
1669,45376
192185,45375
94677,45375
108151,45374
268646,45374
39476,45374
151048,45373
202246,45373
273672,45373
232353,45373
194674,45373
198009,45372
275176,45372
917,45372
4509,45372
2087,45371
217810,45371
234405,45371
6649,45371
624,45371
8863,45371
212595,45371
182142,45369
264075,45369
247801,45368
247554,45368
118289,45368
120015,45367
125828,45367
274190,45367
191629,45366
1641,45366
156970,45365
133481,45365
2585,45365
235348,45365
151396,45365
200662,45364
15179,45364
283679,45364
253270,45364
118817,45364
31360,45364
221328,45364
230595,45364
107540,45364
210355,45364
177655,45363
271414,45363
6686,45363
987,45363
20874,45362
273698,45362
207706,45362
286664,45362
249950,45360
7442,45359
248014,45359
34176,45358
268934,45358
273159,45358
45664,45358
284310,45357
18565,45357
36701,45357
246249,45356
170145,45356
159467,45356
64603,45355
38595,45355
250235,45355
1963,45355
155624,45355
555,45354
215577,45353
274661,45353
63435,45353
264909,45353
111106,45353
77682,45352
259403,45352
170156,45351
190268,45351
170966,45351
149298,45351
115139,45350
244273,45350
191009,45350
16894,45350
122014,45349
18058,45349
17186,45348
53423,45348
767,45348
260323,45348
125728,45348
231656,45347
191509,45347
40696,45347
146769,45346
249938,45345
272653,45345
11182,45345
22360,45345
247779,45345
225560,45344
67153,45343
243476,45343
22874,45342
288853,45341
15120,45341
106319,45340
8857,45340
85219,45340
120744,45340
212976,45339
136694,45339
113060,45339
198205,45338
10832,45338
97107,45338
260108,45338
268362,45337
286980,45337
196561,45336
265007,45336
273742,45336
289814,45336
248098,45335
82822,45335
260979,45335
190678,45335
167381,45334
237561,45334
421,45334
276355,45334
174963,45333
127286,45333
286041,45332
214487,45332
201171,45332
121161,45332
146625,45331
66690,45331
215070,45331
1251,45331
15565,45331
4319,45330
261277,45330
54182,45330
255691,45330
294135,45330
33255,45330
172823,45329
67883,45329
288960,45328
269997,45328
115079,45328
11727,45328
243521,45327
273841,45327
18829,45326
68304,45326
281884,45326
264138,45326
248207,45326
5839,45326
291597,45325
32116,45325
278949,45324
973,45324
211429,45324
4242,45324
226839,45324
245972,45323
145443,45323
295891,45322
62516,45322
166894,45321
171738,45321
132721,45321
158434,45320
249845,45320
268295,45320
223565,45320
67665,45319
199597,45319
169110,45319
184214,45318
281052,45318
530,45317
220937,45317
282836,45317
269636,45317
3782,45317
276979,45316
250056,45315
5448,45315
279454,45314
50185,45314
69918,45314
49119,45314
165749,45314
252855,45313
89731,45312
8633,45312
295417,45312
90953,45312
4911,45311
164977,45311
87866,45310
263061,45310
19318,45310
89456,45309
164605,45309
107684,45309
143655,45309
183790,45309
204263,45309
3203,45308
120357,45308
140776,45308
65675,45308
235833,45307
62312,45307
86713,45307
258762,45306
62805,45306
176885,45305
294481,45305
32609,45304
220205,45304
200556,45304
117167,45303
23362,45302
277102,45302
61400,45302
7803,45301
256536,45301
29386,45300
233119,45300
199438,45300
148196,45300
12976,45299
42901,45299
108985,45299
292488,45298
192468,45298
241951,45298
102545,45297
30928,45297
225616,45297
251066,45297
145434,45297
24983,45296
19771,45296
149624,45296
194108,45296
116658,45296
131313,45296
208145,45296
231806,45295
90478,45295
29694,45294
235030,45294
248478,45294
22452,45294
182180,45293
114280,45292
4750,45292
18982,45292
213040,45292
194275,45292
278659,45291
22493,45291
167997,45290
34979,45289
269796,45289
274598,45289
145067,45288
176308,45288
134615,45288
121297,45288
116904,45287
286781,45287
289833,45286
242105,45286
165575,45286
250868,45286
273865,45285
28643,45285
129055,45285
289219,45285
285594,45284
292515,45284
22021,45284
210236,45284
74226,45283
154775,45283
2864,45283
11176,45283
270321,45282
120928,45282
250340,45282
138281,45282
2235,45282
197589,45282
174757,45281
14884,45281
12141,45281
226267,45280
263437,45280
155064,45280
285548,45279
183656,45279
71619,45279
42758,45279
292085,45279
4198,45279
200108,45278
245797,45278
269308,45277
49715,45277
179378,45277
171632,45277
224115,45277
158121,45277
12554,45276
15041,45276
91079,45276
140392,45276
246920,45275
260603,45275
122944,45274
117853,45274
284491,45274
203325,45273
132198,45273
130020,45273
34698,45272
228720,45272
70368,45272
288181,45272
136731,45272
142715,45271
250161,45271
237608,45271
52976,45271
238164,45271
163096,45270
231526,45270
195907,45270
79344,45269
195470,45269
146259,45268
13188,45268
155615,45268
168266,45268
89878,45268
88786,45267
271182,45267
21670,45267
225898,45267
220849,45267
116964,45266
150555,45266
241719,45266
95178,45266
86286,45265
248625,45265
42641,45265
181116,45265
166691,45264
21921,45264
96810,45264
804,45263
89855,45263
11681,45263
543,45263
24026,45263
115751,45262
100551,45262
105625,45262
248878,45261
254499,45261
232215,45261
123248,45261
287401,45261
140278,45261
47051,45260
92443,45259
11197,45259
240610,45258
121142,45258
185092,45258
30678,45257
39483,45257
71244,45257
4880,45257
213615,45257
20001,45257
169384,45257
46597,45256
201100,45256
291801,45256
238041,45256
237679,45256
117484,45255
13087,45255
277861,45255
279850,45255
38092,45255
176100,45254
141804,45254
204433,45254
236661,45254
246380,45253
179790,45253
209232,45253
4499,45252
27497,45252
107407,45252
48867,45252
267911,45252
140513,45251
267190,45251
267595,45251
251893,45251
249463,45250
4417,45250
20987,45250
288978,45250
187635,45250
281742,45249
103162,45249
238743,45249
76434,45248
257864,45248
171319,45248
251984,45248
264807,45248
144341,45247
109577,45247
30175,45247
116585,45247
263756,45247
206524,45247
148816,45246
180927,45246
197169,45246
189815,45246
204304,45245
93399,45245
156254,45245
285263,45245
245484,45244
253979,45244
86908,45244
54710,45244
254886,45244
279691,45244
146823,45244
263479,45244
7230,45244
200741,45244
2856,45243
124377,45243
30431,45242
44440,45242
60144,45242
194412,45242
248862,45242
2581,45241
188203,45241
78137,45241
260955,45240
147779,45239
271706,45239
266938,45239
85842,45239
14036,45239
134981,45238
223727,45238
114397,45238
680,45237
183097,45237
11931,45237
206115,45237
121502,45237
4912,45237
58483,45237
107142,45237
115391,45237
39836,45236
291079,45236
175082,45236
167319,45235
258484,45235
77680,45235
233404,45235
40224,45234
288182,45233
171191,45233
152625,45233
48819,45233
161601,45233
146116,45233
84570,45233
224600,45232
2500,45232
77570,45232
24130,45232
24718,45232
61166,45232
90320,45232
122160,45232
21561,45231
57342,45231
118305,45231
134482,45231
271159,45230
232277,45230
283780,45230
178895,45230
249636,45230
251786,45230
177447,45229
11862,45228
189301,45227
205007,45226
281845,45226
19949,45226
25446,45226
55172,45226
116493,45225
215302,45225
220308,45225
205783,45225
199857,45225
22195,45224
95242,45224
56692,45224
254450,45224
192680,45223
228296,45223
2262,45223
284799,45223
107639,45223
25735,45223
165984,45222
37482,45222
96743,45222
214919,45222
210993,45221
235674,45221
248095,45221
243125,45221
281427,45221
29087,45220
168886,45220
245741,45220
257223,45219
288738,45219
171635,45219
279752,45219
174208,45218
46684,45218
23364,45218
267872,45217
212423,45217
144330,45217
197630,45217
292469,45217
230634,45216
140507,45216
184636,45215
228600,45215
75612,45215
218388,45215
210556,45214
126933,45214
63034,45214
28834,45214
237192,45214
15140,45213
279235,45213
158103,45213
19347,45213
2137,45213
10989,45212
19425,45212
205242,45212
13436,45212
2802,45211
234099,45211
13330,45211
207491,45211
16109,45211
293331,45211
38111,45210
287057,45210
145759,45210
283896,45210
74447,45210
3264,45210
273824,45210
231612,45210
144252,45210
230031,45210
244548,45210
261410,45210
251837,45209
235515,45208
107410,45208
118225,45208
239810,45207
172894,45207
4204,45207
203940,45207
282342,45206
174702,45206
26920,45206
69943,45205
19560,45205
95617,45205
26405,45205
159650,45205
185125,45205
135628,45205
22842,45204
286696,45204
11201,45204
292322,45203
168320,45203
290622,45203
173687,45203
219872,45203
39668,45203
56417,45203
238765,45202
168053,45202
262396,45202
171240,45202
28922,45202
282109,45201
239123,45201
275247,45201
147923,45200
15896,45199
169567,45199
229366,45199
192918,45198
265210,45198
237579,45198
205754,45197
72598,45197
97325,45196
18225,45196
129328,45196
4790,45195
6602,45195
16449,45195
35538,45195
93534,45195
153015,45195
204887,45194
185031,45194
229221,45193
3042,45193
61389,45193
166544,45192
284619,45192
12152,45192
214443,45192
270835,45192
141233,45192
278142,45191
234731,45191
170313,45191
212748,45191
243997,45191
194689,45190
139271,45190
274090,45190
231085,45189
35942,45189
39593,45189
225181,45189
1763,45189
134806,45189
83434,45188
258668,45188
290874,45188
30236,45187
24202,45187
10960,45187
282175,45187
217073,45187
289600,45186
50525,45186
265526,45186
67377,45186
180741,45186
111921,45186
22796,45186
25991,45186
11083,45186
76105,45186
128083,45185
260297,45185
11074,45185
32664,45185
270332,45185
290514,45184
108044,45184
17060,45184
84595,45183
281090,45183
11647,45183
14821,45183
3568,45183
258688,45183
257028,45183
272104,45182
265246,45182
119311,45181
110121,45181
98874,45180
48182,45180
183303,45180
296476,45180
156599,45180
157007,45179
135256,45179
31729,45179
191431,45179
257410,45179
253504,45178
281555,45178
59044,45178
54961,45178
140383,45178
242968,45177
212813,45177
27416,45177
36658,45177
55831,45176
29710,45176
278889,45176
27563,45176
180868,45175
206752,45174
18264,45174
293736,45174
202367,45174
294389,45173
45292,45173
237256,45173
20344,45173
135198,45173
217295,45173
240359,45172
198701,45172
196274,45172
141442,45172
7615,45172
4930,45172
179157,45171
249344,45171
18854,45171
91133,45170
84472,45169
274306,45169
5663,45169
247060,45169
182261,45169
154493,45168
231586,45168
5653,45168
2378,45168
166814,45167
282111,45167
69818,45167
20366,45167
279497,45167
167262,45166
80254,45166
17053,45166
130977,45166
148445,45165
79562,45165
9689,45165
191085,45165
183933,45165
218240,45165
219433,45165
95185,45164
127202,45163
189326,45163
251801,45163
239697,45163
261878,45163
226567,45162
90248,45162
169181,45162
78718,45162
152109,45161
49214,45161
163405,45161
292107,45161
125735,45161
101600,45161
146402,45160
139670,45160
164873,45160
294231,45160
280075,45160
193709,45159
237778,45159
219696,45159
88735,45159
10412,45159
191062,45158
166676,45158
216010,45158
289434,45158
219945,45157
103611,45157
3370,45157
165187,45157
99409,45156
201637,45156
292734,45156
138191,45156
267265,45155
149278,45155
243167,45155
225950,45155
238563,45155
163477,45155
196000,45155
36057,45155
237047,45155
195450,45155
44839,45155
252269,45155
163555,45154
24707,45154
247764,45154
98559,45154
98815,45154
197651,45153
50086,45153
223389,45153
8489,45153
109493,45152
143887,45152
248596,45152
127004,45152
143387,45152
276126,45152
40378,45152
86231,45151
87248,45151
260580,45151
195852,45151
293350,45151
31918,45150
12184,45150
227606,45150
235615,45150
291232,45149
107013,45149
47249,45149
104733,45149
122927,45149
190763,45149
236387,45149
111457,45148
220745,45148
92322,45148
217100,45148
84929,45148
127737,45148
210468,45148
209420,45147
142826,45147
268311,45147
194905,45147
3832,45147
83979,45147
135605,45147
12441,45146
277644,45146
259094,45146
263763,45146
156553,45146
280434,45145
165269,45145
282232,45145
219711,45145
166996,45145
158848,45145
221075,45144
257719,45144
233711,45144
72760,45144
205731,45144
92325,45144
171868,45143
27204,45143
201217,45143
159334,45143
43463,45143
187327,45143
291690,45143
279818,45142
93109,45142
273908,45142
152161,45142
259851,45142
252497,45141
257375,45141
15410,45141
199156,45141
107788,45141
198458,45141
223000,45140
231621,45140
107675,45140
107377,45140
89507,45140
219765,45139
124820,45139
202831,45139
178971,45139
244298,45139
275456,45139
1911,45138
69400,45138
11907,45138
99699,45138
161533,45138
192314,45138
66489,45138
20801,45138
174043,45138
211581,45138
156225,45138
32165,45138
189942,45138
251411,45137
2138,45137
154120,45137
184855,45137
286217,45136
68531,45136
175592,45135
101449,45135
495,45135
210218,45135
201416,45134
210645,45134
255619,45134
252625,45134
94872,45134
28917,45134
216992,45133
232093,45133
29484,45133
146656,45133
9291,45133
244459,45133
282951,45133
62055,45132
3232,45132
230334,45132
25598,45132
16177,45132
6906,45132
34384,45132
213772,45132
230082,45131
38914,45131
134824,45130
166044,45130
30837,45130
176746,45130
277789,45130
167306,45130
176736,45130
18431,45129
17163,45129
83647,45129
137647,45128
44569,45128
216685,45128
122935,45128
234437,45127
32482,45127
178726,45127
171643,45126
133743,45126
47280,45126
65512,45126
93256,45126
133803,45125
1365,45125
285223,45125
206497,45124
129867,45124
118527,45124
224827,45124
22043,45124
114417,45123
253911,45123
168687,45122
115432,45122
175516,45122
245447,45121
216202,45121
210348,45121
86587,45121
39626,45120
108448,45120
166230,45120
190451,45120
99404,45119
17546,45118
57331,45118
202817,45118
206428,45118
32207,45118
19905,45118
276086,45117
65636,45117
143329,45117
167629,45117
254685,45117
231530,45117
148617,45117
29381,45117
16749,45117
327,45116
146056,45116
278238,45116
202315,45116
147617,45116
4231,45116
180190,45115
59738,45115
202874,45115
168817,45115
235418,45115
101667,45115
225219,45115
210869,45114
137658,45114
21156,45114
126936,45114
35443,45114
287872,45114
290882,45114
174059,45113
175384,45113
91672,45113
50957,45113
166935,45112
236641,45112
244850,45112
19804,45112
264693,45112
165539,45112
22642,45112
88050,45112
197631,45112
242730,45112
161856,45112
189822,45111
266073,45111
246652,45111
151794,45110
254524,45110
38589,45110
285554,45110
253411,45110
234452,45109
14168,45109
114035,45109
188549,45109
182313,45109
192940,45108
62834,45108
261010,45108
166624,45108
48232,45107
210859,45107
52654,45107
220082,45107
286110,45106
29604,45106
268611,45105
233743,45105
61073,45105
283744,45104
276589,45104
254607,45104
8792,45103
294544,45103
171528,45103
43862,45103
233853,45102
2286,45102
288602,45102
227472,45102
244687,45102
4572,45102
172337,45101
280666,45101
6648,45101
1861,45101
247872,45100
133947,45100
229411,45100
6438,45100
184853,45100
22750,45100
1206,45099
239435,45099
258333,45099
195630,45098
286934,45098
19101,45098
3164,45098
173478,45098
258819,45098
198768,45098
290647,45098
146166,45098
15187,45098
35669,45097
125737,45097
136004,45097
83356,45097
261119,45097
34502,45096
163666,45096
170525,45096
181451,45096
263126,45096
165818,45096
225159,45095
18242,45095
31064,45095
102549,45095
183647,45094
161730,45094
269668,45094
236931,45094
260900,45094
249923,45094
182883,45094
262084,45093
66705,45093
295049,45093
368,45093
120929,45093
288875,45093
201099,45093
97075,45093
24125,45093
286733,45092
226015,45092
179840,45092
96029,45092
222998,45092
123492,45092
176186,45092
250015,45091
22558,45091
232431,45091
252283,45091
67186,45091
179955,45090
237810,45090
9116,45090
202919,45090
213835,45090
192456,45090
92092,45090
281828,45089
290356,45089
62577,45089
45934,45088
247772,45088
2603,45088
293683,45088
45043,45088
284792,45088
6818,45087
177494,45087
230587,45087
221037,45087
178622,45086
748,45086
193429,45086
238674,45086
56060,45086
25700,45086
3488,45085
13973,45085
2297,45085
242069,45085
236436,45085
295568,45085
277487,45085
214855,45085
86405,45084
55589,45084
36045,45084
57817,45084
221145,45084
288218,45084
165694,45083
123662,45083
19716,45083
290826,45083
255739,45083
139120,45082
177141,45082
572,45081
154158,45081
84171,45081
252666,45081
87459,45080
22705,45080
179922,45080
218088,45080
237193,45080
21843,45079
110036,45078
137619,45078
98160,45078
227524,45078
247319,45078
214732,45078
56889,45077
217507,45077
291735,45077
223804,45077
105232,45077
126668,45077
172874,45076
217337,45076
37977,45076
146370,45076
150318,45076
113503,45076
227408,45075
286131,45075
295893,45075
169333,45075
130562,45075
9949,45074
118040,45074
205262,45074
109697,45074
140841,45073
196727,45073
252166,45073
40856,45073
128766,45073
83158,45073
187787,45073
210233,45072
292961,45072
30462,45072
185750,45072
168892,45072
162032,45072
288333,45072
226695,45072
199954,45072
11713,45072
180195,45072
46650,45071
276790,45071
21912,45071
244680,45071
111327,45071
2851,45071
221681,45071
186347,45070
1062,45070
236180,45070
27770,45070
130583,45070
33709,45070
160077,45069
230386,45069
20463,45069
170923,45069
215372,45069
2828,45069
3641,45069
117564,45068
80522,45068
110827,45068
97668,45068
178326,45068
215169,45068
277320,45068
230746,45068
277901,45067
271814,45067
13263,45067
87685,45067
171829,45067
18828,45067
231015,45066
134421,45066
159776,45066
47350,45066
165562,45066
277451,45066
277511,45066
40974,45065
44705,45065
607,45065
134256,45065
254605,45064
120346,45064
112814,45064
287720,45064
21993,45064
216068,45063
263714,45063
58172,45063
259515,45063
277060,45062
172073,45062
80588,45062
53118,45062
116651,45062
21071,45061
246393,45061
248203,45061
123251,45061
251064,45061
61986,45061
255072,45061
229234,45061
286788,45061
155637,45060
81607,45060
280547,45060
208829,45060
224173,45060
53931,45059
127811,45059
244669,45059
239390,45059
208374,45059
213555,45058
186915,45058
142189,45058
8128,45058
222830,45058
75649,45058
240821,45057
233447,45057
79051,45057
275113,45057
181404,45057
295056,45057
217728,45056
43137,45056
154020,45056
28417,45055
48100,45055
31672,45055
14799,45055
285629,45055
285781,45054
27883,45054
80282,45054
80043,45054
82524,45054
210371,45054
228016,45054
290218,45053
187860,45053
293248,45053
206009,45053
51390,45053
185308,45053
266932,45053
13192,45052
40703,45052
262495,45052
32091,45052
158291,45052
256333,45052
219611,45051
226110,45050
49700,45050
65667,45050
232532,45050
226317,45050
170489,45050
86103,45050
257163,45049
259280,45049
232438,45049
48126,45049
228506,45048
197011,45048
18735,45048
210579,45048
89441,45048
284882,45048
30516,45048
149513,45047
198207,45047
281348,45047
218084,45047
32278,45047
182955,45046
181932,45046
289440,45046
236094,45046
42228,45046
170519,45046
221762,45046
285145,45046
4202,45046
168283,45046
99855,45045
144360,45045
17353,45045
69867,45045
24513,45045
19027,45045
88360,45045
204052,45044
97184,45044
2609,45044
41515,45044
290871,45044
12079,45044
4124,45044
141302,45044
269262,45043
246540,45043
244247,45043
13582,45043
152019,45043
98169,45043
240940,45043
78617,45043
125934,45043
45819,45042
145391,45041
266435,45041
200551,45041
284699,45041
67613,45041
32951,45041
13258,45040
231697,45040
246373,45040
93474,45040
236631,45040
148852,45039
224330,45039
272824,45039
129409,45039
11077,45039
198147,45039
295168,45039
276908,45038
272497,45038
266208,45038
278970,45038
91885,45038
185876,45038
281317,45038
204266,45038
43503,45038
222897,45038
283333,45038
166492,45037
147698,45037
166099,45037
39967,45037
275772,45037
193018,45037
239795,45036
181406,45036
177042,45036
281474,45036
50762,45036
59100,45036
172544,45036
206047,45036
37937,45036
118055,45036
181506,45036
275184,45036
16214,45036
79735,45035
41299,45035
240280,45035
96255,45034
178012,45034
58344,45034
2857,45034
7253,45034
18045,45034
34081,45034
193992,45034
254225,45034
28202,45033
14955,45033
246696,45033
8976,45033
44665,45033
191967,45032
240915,45032
1265,45032
260896,45032
241638,45032
258096,45032
54347,45032
31854,45032
160858,45032
3976,45032
175916,45031
293078,45031
6856,45031
25791,45031
24335,45031
125383,45031
261822,45030
6631,45030
286535,45030
80463,45030
256460,45029
128319,45029
279660,45029
123800,45029
252590,45029
163818,45028
100776,45028
173282,45028
250271,45028
296180,45027
7723,45027
116236,45027
18434,45027
221403,45027
112220,45027
97199,45027
257765,45026
51088,45026
110029,45026
292969,45026
261605,45026
93743,45026
237210,45025
164620,45025
230548,45025
273484,45024
3433,45024
158775,45024
269182,45024
166798,45024
232352,45024
162367,45023
69046,45023
154327,45023
189036,45023
209924,45022
115101,45022
133098,45022
247313,45022
240070,45022
218477,45022
254210,45022
269009,45022
141961,45021
2625,45021
89138,45021
282953,45021
54591,45021
283606,45021
147067,45020
284760,45020
177991,45020
195251,45020
92811,45020
278854,45020
150325,45020
116197,45020
234949,45019
17664,45019
5412,45019
1525,45019
5674,45019
88477,45019
3655,45019
294324,45018
253614,45018
189520,45018
228818,45018
158654,45018
13286,45017
69626,45017
281030,45017
264111,45017
282204,45017
250018,45017
114029,45017
258317,45016
170497,45016
53542,45016
279161,45016
192794,45016
178574,45015
277951,45015
203544,45015
27783,45015
234158,45015
3103,45015
78253,45014
26828,45014
61117,45014
290832,45014
236763,45014
12956,45014
218853,45013
702,45013
18889,45013
191146,45013
181790,45013
2530,45012
180874,45012
147687,45012
167161,45012
262506,45012
267927,45012
245259,45012
1612,45012
176975,45012
136586,45012
275924,45011
81934,45011
202362,45011
212691,45011
14177,45011
259695,45011
252029,45010
100518,45010
18032,45010
7987,45010
169461,45010
15776,45009
292949,45009
204530,45009
3148,45009
271983,45009
285438,45009
177975,45009
34369,45009
12581,45009
1427,45009
158425,45008
170391,45008
288695,45008
32759,45008
78206,45008
227251,45008
172239,45008
209017,45007
9692,45007
151382,45007
255830,45007
7523,45007
158553,45007
237860,45007
24138,45007
78979,45007
6674,45006
295819,45006
127577,45006
223032,45006
285395,45006
207629,45005
143769,45005
394,45005
64516,45005
72448,45005
237476,45005
60780,45005
201751,45005
248997,45005
237560,45005
88706,45004
63065,45004
104440,45004
126020,45004
194202,45004
294110,45004
286891,45004
108977,45003
258336,45003
17359,45003
287750,45003
212129,45003
178133,45003
110907,45003
55803,45003
109732,45003
18985,45003
274340,45002
287229,45002
8924,45002
273980,45002
153838,45002
204425,45001
92283,45001
208813,45001
21957,45000
292650,45000
210266,45000
184258,45000
187467,45000
250563,44999
129457,44999
285936,44999
136875,44998
83635,44998
18454,44998
33337,44998
201624,44998
179884,44998
182329,44998
236075,44998
9161,44998
275708,44997
47186,44997
39032,44997
65080,44997
240373,44997
194699,44997
155910,44997
60522,44997
232900,44997
264836,44997
87852,44997
3698,44996
45695,44996
121630,44996
590,44996
283006,44996
290694,44996
228428,44996
276211,44996
196431,44996
258993,44996
3926,44995
31358,44995
82831,44995
206420,44995
292414,44995
185100,44995
49940,44995
46503,44995
1250,44995
6486,44995
46674,44994
293816,44994
140226,44994
238178,44994
167247,44994
15827,44994
14534,44994
210055,44994
2237,44994
43889,44994
267165,44994
136315,44994
11116,44993
85581,44993
250215,44993
118664,44993
52911,44993
215279,44993
23013,44993
62105,44992
209634,44992
217548,44992
252009,44992
76763,44992
165541,44991
115050,44991
246697,44991
272623,44991
19917,44991
290089,44991
273724,44991
70746,44991
215672,44991
120313,44991
290641,44991
179484,44991
200853,44990
186330,44990
66141,44990
212329,44990
288914,44990
226591,44990
5748,44990
129568,44989
185697,44989
130735,44989
112060,44989
259790,44989
197997,44989
193468,44989
214326,44989
265322,44988
3448,44988
58775,44988
161893,44988
23608,44988
132979,44988
199469,44988
179158,44988
77684,44987
119997,44987
222061,44987
107744,44987
290306,44987
158017,44987
177648,44987
40693,44987
92594,44987
286069,44987
84272,44986
286614,44986
106887,44986
245811,44986
111447,44986
291374,44985
9080,44985
195322,44985
117188,44985
275555,44984
131690,44984
172816,44984
216090,44984
152736,44984
134006,44984
285217,44984
296003,44984
2639,44984
286924,44983
8245,44983
24926,44983
105380,44983
221864,44983
249925,44983
232794,44982
378,44982
30021,44982
188201,44982
216904,44982
166687,44982
265397,44982
42607,44982
214356,44982
18096,44982
183777,44981
57832,44981
168974,44981
161769,44981
18884,44981
48020,44980
196057,44980
263407,44980
16312,44980
253824,44980
187925,44980
85480,44980
248267,44980
30910,44979
281750,44979
53431,44979
11970,44979
281121,44979
246629,44979
38847,44979
3054,44978
14937,44978
290147,44978
207394,44978
91820,44978
282200,44977
166001,44977
5172,44977
191254,44977
281682,44977
230273,44977
276695,44977
6443,44977
132705,44977
3457,44977
38629,44977
231871,44976
169371,44976
205210,44976
294878,44976
44710,44976
166974,44976
145194,44976
248776,44976
72121,44976
246625,44976
281824,44976
27530,44975
78857,44975
102109,44975
183321,44975
196718,44975
128930,44975
197164,44975
28443,44975
239343,44974
290976,44974
206693,44974
69412,44974
126283,44974
295960,44974
17077,44974
294615,44974
238636,44974
85221,44974
5582,44974
6881,44973
235557,44973
110381,44973
165442,44972
106217,44972
220517,44972
268120,44972
199129,44972
238973,44972
293274,44972
37745,44972
252529,44972
16960,44971
129218,44971
89334,44971
3558,44971
244297,44971
61642,44970
203263,44970
62083,44970
155071,44970
236013,44969
963,44969
270115,44969
207328,44969
28918,44968
243675,44968
267362,44968
147777,44968
164522,44968
272032,44968
150804,44967
296536,44967
29902,44967
161529,44967
172895,44967
4304,44967
80066,44966
54129,44966
97250,44966
180303,44966
244014,44966
91099,44966
32611,44966
293705,44966
186018,44965
253468,44965
76559,44965
49696,44965
54200,44964
260534,44964
230185,44964
229945,44964
4420,44964
215148,44964
2081,44964
2929,44964
185949,44964
293973,44963
281538,44963
259215,44963
239448,44963
91538,44963
153152,44962
8263,44962
247521,44962
219450,44962
291325,44961
161409,44961
6216,44961
215365,44961
182798,44961
1004,44960
199795,44960
88664,44960
190584,44960
280599,44960
72453,44960
251668,44959
259055,44959
1701,44959
206079,44959
294259,44959
171772,44959
6377,44959
7541,44959
97327,44959
145336,44959
244930,44959
1293,44959
173841,44959
271739,44958
232406,44958
168569,44958
97680,44958
219764,44958
20270,44958
204157,44958
31093,44957
88743,44957
288703,44957
260408,44957
214143,44957
209176,44957
276603,44957
234797,44956
242972,44956
133820,44956
107204,44956
81273,44956
217023,44956
66871,44956
60005,44956
130749,44956
269507,44955
186782,44955
61364,44955
274097,44955
132207,44955
96399,44955
157474,44955
26282,44955
292302,44954
48303,44954
169612,44954
191377,44954
106880,44954
211158,44954
24909,44954
246879,44953
219636,44953
124202,44953
2294,44953
806,44953
185264,44953
9009,44953
287453,44952
234850,44952
27727,44952
264953,44952
3138,44952
265637,44952
273670,44952
262375,44951
202778,44951
83701,44951
237183,44951
237385,44951
43338,44951
264708,44951
261089,44951
59571,44951
166355,44951
291953,44951
59537,44950
120484,44950
12431,44950
244534,44950
285713,44950
42716,44950
118977,44949
193358,44949
105630,44949
221925,44949
255624,44949
257444,44949
251290,44948
47655,44948
127651,44948
272792,44948
127228,44948
19324,44948
121705,44948
275969,44948
95296,44947
92169,44947
227552,44947
56349,44947
166179,44946
151559,44946
54860,44946
145952,44946
280291,44946
200417,44946
224844,44945
191019,44945
26097,44945
277063,44945
192675,44945
283243,44944
94126,44944
122884,44944
189345,44944
143812,44944
131744,44944
28657,44944
217816,44944
127086,44944
23261,44944
121826,44943
224525,44943
43623,44943
269011,44943
97093,44943
240295,44943
194406,44943
151338,44943
127317,44943
3404,44943
96053,44942
8313,44942
177279,44942
236171,44942
294199,44942
153267,44942
102980,44942
214202,44942
70001,44942
141172,44942
211716,44941
291997,44941
268455,44941
2749,44941
66159,44941
229383,44941
188586,44941
8672,44941
206055,44940
247750,44940
129197,44940
232942,44940
89555,44940
110202,44940
57209,44939
204858,44939
155646,44939
205961,44939
203936,44939
271884,44939
113560,44939
248446,44938
288357,44938
210523,44938
13903,44938
47843,44938
7348,44938
199825,44938
198422,44938
296115,44937
126416,44937
253518,44937
267841,44937
172078,44937
77120,44937
22896,44937
261750,44937
74187,44937
53140,44937
289747,44936
85584,44936
235542,44936
114098,44936
183457,44936
244409,44935
259830,44935
169863,44935
211216,44935
90170,44935
80949,44935
152915,44934
13361,44934
74888,44934
80161,44934
61962,44934
198502,44933
282721,44933
198779,44933
258357,44933
5614,44933
148023,44933
261616,44933
284227,44933
287002,44933
282708,44932
266220,44932
149214,44932
259867,44932
241683,44932
102940,44932
237702,44931
187022,44931
66506,44931
195346,44931
207189,44931
125717,44931
249824,44931
7736,44931
219448,44931
172189,44930
213608,44930
56238,44930
293266,44930
245975,44930
3953,44930
255506,44930
204372,44930
287236,44929
32654,44929
183590,44929
65923,44929
190839,44928
102444,44928
11590,44928
14489,44928
211600,44928
267157,44928
98624,44928
241194,44928
61390,44927
270405,44927
159473,44927
173482,44927
96236,44927
48254,44926
124856,44926
151251,44926
12718,44926
89168,44926
202775,44925
5906,44925
56640,44925
98105,44925
161300,44925
293962,44925
220095,44924
271161,44924
120448,44924
4337,44924
146127,44924
76701,44924
155817,44924
126517,44924
85327,44924
213331,44924
293618,44924
119662,44924
257299,44923
246030,44923
289677,44923
272745,44923
141296,44923
29789,44923
11493,44922
187737,44922
10154,44922
281338,44922
133412,44922
14095,44922
19637,44922
290024,44922
170668,44922
219442,44922
38598,44922
180029,44921
98235,44921
232867,44921
164730,44921
27836,44921
217234,44921
250658,44921
279300,44920
60085,44920
17085,44920
89,44920
85518,44920
25158,44920
257065,44920
41078,44920
180548,44920
216742,44920
74185,44919
195121,44919
282108,44919
137988,44919
158781,44919
7948,44918
198811,44918
167440,44918
39434,44918
186724,44918
139328,44918
6289,44918
163138,44918
2725,44917
271052,44917
124211,44917
177219,44917
289443,44917
223519,44917
129732,44917
110698,44917
226696,44917
271029,44917
1554,44916
33470,44916
278754,44916
125232,44916
32457,44916
147355,44916
241679,44916
295358,44916
31738,44915
72150,44915
64840,44915
140642,44915
19695,44915
147080,44915
268132,44915
33757,44915
219629,44914
137337,44914
287350,44914
33201,44913
233383,44913
82409,44913
11665,44913
92534,44913
149701,44913
295251,44913
233580,44912
84025,44912
190125,44912
282669,44912
4083,44912
23524,44912
177470,44912
2112,44912
230578,44912
23864,44912
62120,44912
258538,44912
149956,44912
95236,44911
286835,44911
15129,44911
194392,44911
235040,44911
246272,44911
115895,44911
255265,44911
30004,44910
153190,44910
91606,44910
110646,44910
37123,44910
274658,44910
216391,44910
202349,44910
295617,44909
186073,44909
2815,44909
103645,44909
79365,44909
6966,44909
111508,44909
168375,44909
3663,44909
243561,44909
290996,44909
230176,44909
218091,44908
31111,44908
173736,44908
116175,44907
256068,44907
294194,44907
204191,44907
42855,44907
5355,44907
294022,44906
125001,44906
30538,44906
5008,44906
40903,44906
79033,44906
76411,44906
146410,44905
142855,44905
236272,44905
189234,44905
250211,44905
59719,44905
159069,44904
294813,44904
93548,44904
157906,44904
210158,44904
273763,44904
105047,44904
183641,44904
115392,44904
101909,44903
283399,44903
286598,44903
6791,44903
39868,44903
14885,44903
86489,44903
175593,44903
83874,44903
199241,44902
247424,44902
257184,44902
109607,44902
154034,44902
119496,44902
268851,44902
224014,44902
55572,44902
41124,44901
31112,44901
234376,44901
40319,44901
18107,44901
278850,44901
223957,44901
243724,44901
18235,44901
285796,44901
200059,44901
276946,44900
206960,44900
143245,44900
174738,44900
12164,44900
3821,44900
64332,44900
41264,44900
245949,44899
167969,44899
59884,44899
121989,44898
251533,44898
100450,44898
70426,44898
276594,44898
93299,44898
170332,44898
70401,44898
162652,44898
214946,44898
235634,44898
269859,44898
206743,44898
294273,44898
131714,44898
218629,44898
148347,44898
266405,44898
33920,44897
268548,44897
101548,44897
138569,44897
296605,44896
183095,44896
205214,44896
235318,44896
210430,44895
151671,44895
260110,44895
230790,44895
276028,44895
12657,44895
199287,44894
29993,44894
45734,44894
180720,44894
190424,44894
55497,44894
271904,44894
14967,44893
245350,44893
270186,44893
263197,44893
84284,44893
104575,44893
150648,44893
216489,44892
228946,44892
103316,44892
186004,44892
219214,44892
94245,44892
18815,44892
259689,44892
50568,44892
196174,44891
283420,44891
122470,44891
248222,44891
161057,44891
24881,44891
128666,44891
198410,44891
36463,44891
283410,44891
240625,44891
196076,44891
110747,44891
161089,44891
22405,44891
283287,44891
155605,44890
90371,44890
189297,44890
188559,44890
6090,44890
74671,44890
16410,44890
174798,44890
207005,44890
184827,44889
177065,44889
13548,44889
94980,44889
263378,44889
121675,44889
62286,44889
183808,44889
410,44889
271158,44889
142351,44888
37971,44888
282787,44888
11391,44888
261142,44888
26314,44888
219509,44888
126591,44888
55929,44887
209140,44887
63159,44887
272375,44887
235652,44887
85180,44887
225022,44887
286467,44886
189372,44886
111828,44886
196893,44886
71522,44886
290211,44886
117967,44885
263013,44885
240021,44885
173754,44885
238438,44885
267989,44884
257474,44884
166518,44884
115375,44884
183331,44884
217913,44884
47002,44883
174656,44883
189987,44883
21541,44883
202666,44883
211756,44883
248333,44883
34516,44882
158831,44882
39727,44882
238356,44882
130788,44882
70705,44882
213174,44881
261518,44881
174379,44881
154791,44881
104255,44881
253208,44880
23483,44880
31924,44880
255447,44880
255715,44880
91408,44880
50565,44880
1404,44879
250284,44879
80605,44879
274612,44878
252273,44878
68324,44878
54747,44878
240578,44878
284970,44878
31097,44878
159877,44878
285350,44877
191296,44877
7971,44877
260232,44877
208024,44877
243786,44877
244425,44877
241609,44877
235620,44877
101030,44877
470,44877
71772,44876
163662,44876
222412,44876
128754,44876
168326,44876
149839,44876
279031,44876
125683,44876
5850,44876
266311,44876
135557,44875
117384,44875
118214,44875
8043,44875
21495,44875
175847,44875
294030,44875
17617,44875
269605,44875
20837,44875
198242,44875
212660,44875
167878,44875
216249,44875
238394,44875
158928,44874
3056,44874
265738,44874
6757,44874
82259,44873
19925,44873
163786,44873
175877,44873
47758,44872
18500,44872
96400,44872
221604,44872
178167,44872
214129,44872
266026,44872
51118,44872
52852,44872
262393,44872
49331,44872
130884,44871
177329,44871
287296,44871
289998,44871
208124,44871
232851,44871
78546,44871
241486,44871
12493,44871
138338,44871
181565,44871
158015,44870
159699,44870
224286,44870
252883,44870
61093,44870
175457,44870
4141,44870
228091,44869
244001,44869
113617,44869
33545,44869
275227,44869
203536,44869
170356,44869
289553,44869
5838,44869
84370,44868
88905,44868
10145,44868
289096,44868
199731,44868
45400,44868
129112,44868
155266,44868
256318,44867
7694,44867
77327,44867
225557,44867
23626,44867
20489,44867
18870,44867
201754,44867
29500,44867
277566,44867
152441,44867
216469,44867
13346,44866
122279,44866
221180,44866
74523,44866
40216,44866
131509,44866
218413,44866
185319,44865
281899,44865
48265,44865
219084,44865
29238,44865
78985,44865
274672,44864
269560,44864
244506,44864
95251,44864
212202,44864
13068,44864
258958,44864
23807,44864
11044,44864
138950,44864
258795,44863
152184,44863
83938,44863
238466,44863
212815,44863
162885,44862
214438,44862
201237,44862
295318,44862
102722,44862
289193,44861
282793,44861
225637,44861
102072,44861
153259,44861
287534,44861
4703,44860
275538,44860
82638,44860
283777,44860
250875,44860
99915,44860
238254,44860
111441,44860
28323,44859
249769,44859
103826,44859
289863,44859
239672,44859
11775,44859
25301,44858
290746,44858
97989,44858
184723,44858
162340,44858
197686,44858
233329,44858
153418,44857
66135,44857
51963,44857
215700,44857
248081,44857
204215,44857
14608,44857
244528,44857
65094,44857
212084,44857
168885,44857
157034,44857
24345,44857
265349,44856
58312,44856
238529,44856
2454,44856
180260,44856
40794,44856
287201,44856
14588,44856
163349,44855
97056,44855
95961,44855
19267,44855
2506,44855
236658,44855
264893,44854
16500,44854
151406,44854
213267,44854
284041,44854
38376,44854
115568,44854
127756,44854
49052,44854
241928,44853
160390,44853
247256,44853
65301,44853
24237,44853
11933,44853
139356,44852
265300,44852
281620,44852
37778,44852
158430,44852
275599,44852
138819,44852
39067,44852
293654,44851
120406,44851
173673,44851
121859,44851
215121,44851
240190,44851
1561,44851
29622,44851
150443,44851
213176,44851
286829,44850
240859,44850
7058,44850
285970,44850
184779,44850
153654,44850
214154,44850
118849,44850
106726,44850
197851,44850
248708,44850
286991,44849
103635,44849
260390,44849
125132,44849
292432,44848
161528,44848
257600,44848
107541,44848
29098,44848
196803,44848
80021,44848
277164,44848
233284,44848
94167,44848
176162,44848
276865,44848
6786,44848
279802,44848
16955,44847
87404,44847
170586,44847
19994,44847
182527,44847
151759,44847
6112,44847
170590,44847
182225,44847
248978,44847
141011,44847
285722,44847
140898,44846
177681,44846
270042,44846
235573,44846
106055,44846
35229,44846
283940,44846
26249,44846
248907,44846
9611,44846
281127,44846
289547,44845
37988,44845
217212,44845
204853,44845
260349,44845
80939,44845
18931,44845
219060,44845
148215,44845
55213,44844
86228,44844
182799,44844
146515,44844
288860,44844
132500,44844
286562,44844
267969,44844
109416,44843
114680,44843
284709,44843
101818,44843
262963,44843
293985,44843
275539,44842
134594,44842
22194,44842
265828,44842
239872,44842
181460,44842
33406,44842
61501,44842
254769,44841
227137,44841
248256,44841
121405,44841
259,44841
179924,44841
30883,44841
211292,44841
53518,44841
133091,44841
279356,44841
161906,44841
179365,44841
2341,44840
55525,44840
22132,44840
160405,44840
164261,44840
18890,44840
225750,44840
10607,44840
5216,44839
255035,44839
150940,44839
76083,44839
277245,44839
85797,44839
196515,44839
16845,44839
288083,44839
129611,44839
151216,44839
44342,44839
171314,44838
22300,44838
2865,44838
188790,44838
243680,44838
55615,44838
214727,44838
1337,44838
2976,44838
19250,44837
231551,44837
5001,44837
252077,44837
256435,44837
11676,44837
4369,44837
17410,44837
143298,44837
153279,44837
285301,44836
32547,44836
46077,44836
274202,44836
260629,44836
13837,44836
18048,44835
260453,44835
227484,44835
209255,44835
136008,44835
187510,44835
96189,44835
192431,44835
165113,44835
17856,44835
279195,44835
172013,44835
200340,44834
279415,44834
226936,44834
178676,44834
214196,44834
116,44834
219953,44834
255492,44834
37297,44834
4468,44833
281151,44833
81812,44833
94091,44833
239969,44833
252160,44833
21137,44833
244055,44833
66780,44833
233683,44832
206857,44832
262659,44832
154267,44832
270957,44832
163778,44832
204125,44832
160974,44832
36718,44832
51990,44832
111620,44831
65899,44831
255679,44831
225078,44831
221313,44831
39399,44831
142140,44831
251305,44831
128953,44831
33772,44831
295966,44831
3905,44831
25747,44831
145031,44830
52831,44830
5603,44830
103987,44830
83307,44830
289591,44830
9880,44830
192036,44830
8866,44829
65315,44829
48425,44829
222700,44829
123712,44829
277343,44829
262465,44829
136485,44829
168834,44829
260694,44829
52222,44829
91607,44828
24497,44828
19438,44828
135276,44828
224908,44828
194413,44828
56594,44828
70998,44828
151463,44828
22514,44828
136662,44828
63666,44827
277848,44827
65427,44827
274354,44827
121815,44827
168165,44827
225663,44827
258586,44827
118701,44827
178071,44827
129116,44827
263573,44827
275242,44826
38010,44826
177372,44826
166332,44826
122611,44826
28683,44825
213534,44825
196408,44825
184960,44825
3702,44825
250961,44825
292917,44825
181847,44825
168072,44824
198466,44824
215460,44824
81754,44824
195784,44824
121594,44824
242068,44824
216108,44824
209790,44824
19004,44824
136472,44824
293934,44824
128913,44823
205485,44823
61329,44823
183285,44823
174101,44823
50385,44823
33668,44823
210827,44822
49962,44822
29286,44822
86464,44822
266666,44822
191033,44821
295596,44821
150371,44821
149280,44821
51476,44821
197930,44821
247130,44821
59432,44821
221880,44821
170754,44821
14347,44821
255943,44820
125322,44820
289329,44820
227673,44820
147274,44820
227603,44820
169789,44820
91296,44820
270610,44820
63536,44820
238202,44820
105897,44820
89104,44819
178610,44819
270683,44819
58815,44819
184579,44819
162513,44819
215210,44819
217755,44819
168103,44819
226639,44818
261381,44818
181628,44818
236782,44818
117469,44818
33471,44818
138102,44818
131260,44818
285304,44818
165968,44818
24437,44818
64770,44818
256397,44818
95988,44817
231016,44817
209695,44817
139495,44817
87077,44817
3537,44817
103957,44817
186559,44817
162352,44817
199056,44817
291484,44817
202672,44817
269093,44817
288202,44817
189008,44817
250571,44817
265531,44817
218735,44817
193929,44817
137842,44816
181659,44816
95036,44816
92448,44816
215901,44816
169288,44816
277449,44816
14668,44816
66997,44816
169702,44816
222885,44816
1598,44816
83999,44816
292635,44816
231210,44815
46038,44815
191005,44815
246438,44815
179060,44815
25583,44815
127839,44815
85230,44814
152313,44814
168758,44814
51131,44814
123316,44814
229391,44814
201786,44814
294486,44814
93566,44814
4120,44814
32132,44814
188978,44814
250644,44814
55081,44814
199047,44813
212550,44813
174055,44813
216630,44813
115547,44813
140348,44813
137848,44813
14722,44813
261165,44813
107950,44812
181094,44812
58721,44812
131080,44812
182537,44812
218959,44812
265812,44812
277369,44812
18554,44812
199222,44812
111577,44812
200268,44811
15305,44811
229129,44811
277131,44811
287411,44811
283994,44811
31307,44811
108650,44811
203650,44810
258032,44810
47926,44810
19084,44810
159970,44810
162961,44810
279914,44810
169670,44810
61899,44810
44977,44809
205058,44809
3193,44809
14887,44809
90819,44809
203144,44809
171835,44808
16990,44808
241228,44808
8634,44808
240229,44808
122360,44808
228001,44808
287880,44808
193094,44808
243884,44808
26193,44808
266171,44808
279906,44808
111758,44808
18678,44807
177650,44807
190493,44807
284248,44807
59517,44807
235688,44807
104394,44807
5568,44807
213606,44807
211187,44807
99552,44806
7404,44806
256168,44806
792,44806
214787,44805
221858,44805
220383,44804
140057,44804
83393,44804
273076,44804
236856,44804
5668,44804
180850,44804
58990,44804
216379,44804
233276,44804
222966,44804
76879,44803
170920,44803
38831,44803
12979,44802
90437,44802
172346,44802
236438,44802
5749,44802
1079,44801
155108,44801
233414,44801
158499,44801
161534,44801
135743,44801
126146,44801
53848,44801
254544,44801
5160,44800
176726,44800
268472,44800
210012,44800
193362,44800
257005,44800
192405,44800
254889,44800
4651,44800
34504,44800
55245,44800
165012,44800
14863,44800
230325,44799
146353,44799
84057,44799
256274,44799
191429,44799
253559,44799
278547,44799
295689,44799
132904,44799
220161,44798
102771,44798
223600,44798
14980,44798
133560,44798
27640,44798
234234,44798
152205,44798
223561,44798
185076,44797
261655,44797
233331,44797
175426,44797
122031,44797
204867,44797
158685,44797
80510,44797
43047,44797
141014,44796
197980,44796
262786,44796
277714,44796
86609,44796
25272,44796
52485,44796
26142,44796
12200,44795
3651,44795
56348,44795
32072,44795
289772,44795
254044,44795
241849,44795
