1899,100000
138909,56130
389,55201
1972,52952
2550,52223
1562,51873
275669,51809
35441,51648
3685,51619
26351,51596
113827,51554
208025,51550
68970,51536
2069,51502
237641,51417
2945,51268
56340,51232
135894,51165
25034,51154
7118,51138
19755,51122
14569,51053
11771,51045
38418,50993
121279,50965
201841,50958
17284,50863
12333,50784
5236,50741
224343,50695
7062,50672
38349,50620
202264,50604
258370,50559
239743,50519
257971,50494
146330,50438
134112,50370
152,50364
41046,50331
266023,50268
12912,50251
189968,50233
168236,50227
158782,50206
167188,50185
19840,50173
268680,50169
3487,50158
69039,50041
129574,50002
9135,49980
12301,49947
238916,49927
187132,49917
239416,49897
117995,49845
64016,49826
766,49788
122141,49722
62817,49691
5662,49611
148364,49577
126652,49506
12777,49491
7567,49482
216703,49419
268147,49403
12969,49373
244684,49318
56315,49313
6774,49306
267045,49268
156712,49243
21188,49207
280076,49201
51454,49201
290349,49195
193127,49180
75378,49167
14810,49158
256793,49158
84188,49142
75521,49095
207708,49078
287040,49054
68394,49049
1606,49048
190409,49034
8577,49028
3212,49017
43784,49014
269059,49010
1353,48981
257672,48972
26043,48966
20953,48951
143050,48917
148909,48915
8772,48914
197513,48911
261738,48907
37250,48887
279476,48883
23213,48874
37711,48862
140011,48861
211467,48858
192902,48852
23021,48835
3944,48832
265907,48819
82025,48819
15550,48781
294,48774
27520,48745
6470,48740
271806,48739
254587,48733
9641,48726
258205,48725
8076,48725
8262,48711
108577,48710
270059,48673
11728,48670
225329,48669
110168,48659
116515,48655
205904,48640
18440,48640
102,48628
93623,48594
230865,48587
41864,48579
26766,48569
182260,48562
11965,48550
32574,48548
234813,48541
287170,48538
182878,48536
38773,48536
8396,48525
99038,48516
81666,48515
253900,48514
25557,48511
122227,48507
219846,48506
31222,48502
80217,48498
103026,48495
192623,48490
265901,48473
155307,48457
16296,48456
242530,48447
8770,48424
45008,48424
251649,48423
195988,48419
167794,48416
256562,48411
41900,48409
25628,48391
220324,48390
283862,48378
6721,48374
12589,48372
293837,48369
24098,48363
44966,48363
294794,48358
294743,48358
216218,48356
4717,48355
170845,48338
133126,48321
91673,48320
4194,48317
280364,48313
28072,48310
20397,48302
130712,48295
250530,48290
123209,48288
51053,48279
274003,48278
260427,48278
287290,48265
75091,48264
4866,48258
19824,48244
272461,48242
5469,48242
245860,48238
32904,48238
244339,48229
259762,48223
34572,48214
153175,48213
29,48211
11932,48191
3122,48189
280886,48188
124836,48187
21065,48181
111726,48180
4551,48179
239281,48178
7020,48170
284590,48162
145127,48157
182833,48153
193443,48151
254816,48141
237392,48124
247341,48121
1355,48116
52716,48114
105192,48103
296248,48097
129659,48089
162471,48089
132939,48089
181875,48088
47,48086
199921,48085
206936,48080
188557,48075
259367,48071
163763,48060
68142,48058
111156,48051
136016,48049
18532,48047
244220,48045
223055,48039
269891,48039
176135,48036
27672,48034
105731,48032
265723,48031
49446,48030
182043,48030
21596,48027
119859,48022
16620,48022
84538,48022
261376,48019
292244,48017
192521,48016
30186,48014
270385,48006
270013,48002
9242,48000
192085,47998
86868,47997
57423,47997
166703,47995
191286,47994
186765,47992
155,47992
290368,47992
67330,47985
286352,47985
253266,47981
220627,47974
196748,47970
384,47970
5174,47968
10993,47965
166419,47963
108544,47963
5976,47958
170566,47956
230220,47951
229423,47940
228700,47939
229991,47936
70314,47936
4565,47935
239006,47933
272814,47933
291073,47931
16265,47927
194203,47921
32005,47918
211754,47917
4631,47915
197588,47913
174750,47911
167980,47911
242151,47909
17104,47905
1068,47905
246719,47904
268117,47904
273736,47902
107107,47902
234042,47901
197293,47900
121664,47890
32702,47889
22905,47887
132943,47887
50,47887
133890,47883
144707,47882
188435,47881
83589,47881
10054,47881
35503,47881
132956,47879
233174,47878
18035,47877
161333,47875
278809,47875
192401,47872
5886,47872
60609,47871
167137,47868
218618,47866
248770,47863
694,47861
11725,47860
174815,47860
195388,47859
19681,47851
294941,47847
2215,47844
28471,47844
275336,47843
283042,47839
44422,47836
231465,47834
272522,47834
150142,47827
246043,47825
256115,47819
75540,47819
256472,47816
236906,47813
174895,47813
262688,47811
291467,47796
213855,47795
196735,47795
2879,47793
191106,47793
11378,47792
933,47792
189720,47789
66216,47788
76413,47786
102300,47784
39732,47778
246491,47774
141222,47774
134782,47772
9621,47771
73285,47769
36405,47767
278657,47766
212751,47764
193922,47763
42308,47762
242557,47760
188245,47760
261938,47759
246161,47758
174512,47748
188501,47744
3751,47743
178562,47743
204270,47741
2076,47736
190226,47734
290258,47732
167725,47729
289846,47724
29163,47719
93867,47718
281736,47717
275390,47713
79859,47712
13525,47711
11888,47710
282521,47708
178344,47707
88185,47706
295937,47705
279746,47704
244648,47702
147810,47700
138715,47700
291049,47699
64330,47698
136340,47697
202596,47695
288574,47695
248934,47692
114149,47690
198515,47688
242051,47686
119623,47685
91458,47683
262469,47682
170408,47680
288589,47680
22721,47677
2973,47674
6785,47669
166084,47667
43602,47663
229313,47660
52070,47654
210748,47653
287286,47653
32738,47652
31156,47652
152051,47650
204151,47649
290699,47643
289825,47643
203408,47639
25559,47638
245429,47638
13888,47637
104003,47637
37428,47635
194622,47634
185767,47633
264291,47631
227277,47630
205905,47629
133317,47627
280997,47626
43956,47624
221754,47624
246859,47620
279324,47619
279311,47616
250216,47614
237828,47613
41931,47612
47497,47611
14581,47611
184872,47609
77941,47607
262028,47607
204544,47607
255628,47605
256769,47605
135784,47600
289996,47600
247178,47599
16675,47598
105271,47598
113718,47598
168650,47596
243821,47594
237767,47594
220366,47591
141459,47590
248415,47589
261993,47589
121148,47586
170759,47585
262938,47584
265968,47583
288998,47581
64374,47578
129818,47576
223257,47576
294344,47575
4802,47574
198503,47574
29553,47574
56803,47573
56674,47573
145534,47569
136202,47568
64188,47568
28113,47564
44777,47564
79222,47562
99458,47561
165661,47558
113580,47558
253956,47557
726,47556
80625,47556
266657,47555
166085,47554
38747,47553
57339,47553
256077,47549
219783,47548
179117,47548
2218,47545
143548,47545
275480,47543
38959,47543
212535,47542
273133,47541
121147,47540
60342,47539
255844,47538
114063,47538
198543,47536
209800,47535
227445,47534
194357,47534
272272,47533
280456,47532
16308,47532
214589,47531
276858,47530
33807,47529
123352,47527
250049,47526
273596,47524
8769,47524
40168,47522
155170,47520
33898,47518
5173,47517
19163,47516
4641,47515
379,47515
76,47514
266138,47513
271215,47511
32149,47508
267661,47502
50421,47500
280881,47500
170358,47499
198963,47498
239239,47496
58268,47495
271067,47495
287318,47493
31782,47492
6588,47492
213863,47492
288774,47492
42141,47489
267493,47488
50555,47486
167683,47486
94338,47486
290403,47485
282106,47485
222855,47483
209521,47483
201299,47482
27411,47479
251468,47478
266523,47478
40221,47476
72270,47473
4427,47473
270023,47473
207,47469
196780,47468
40293,47468
81949,47467
307,47466
34585,47466
119041,47465
61914,47464
192435,47463
232537,47463
127326,47461
24917,47456
172987,47455
260324,47454
202341,47454
33765,47453
239856,47451
238708,47450
185173,47450
13416,47450
250219,47450
45402,47449
168938,47446
122,47445
285288,47440
277236,47440
284260,47439
280103,47439
39128,47439
144719,47439
179815,47438
229154,47437
236026,47437
82366,47437
290792,47437
287022,47435
94948,47433
61408,47433
272720,47432
78985,47431
126077,47431
214875,47430
200523,47429
125893,47427
56503,47426
150280,47426
241496,47426
28454,47425
198254,47424
199878,47422
61923,47421
13027,47420
13098,47419
31812,47419
65569,47417
149634,47410
151854,47408
230479,47406
281067,47406
6358,47405
49757,47405
138445,47405
102760,47403
178182,47402
159461,47401
130375,47401
149784,47400
23956,47399
288342,47399
259433,47399
260286,47398
142089,47398
99502,47396
252905,47395
268749,47393
266108,47393
76683,47393
276716,47393
91912,47392
292980,47392
177334,47392
193960,47391
114089,47390
158542,47389
44331,47388
199297,47388
1134,47387
296623,47385
221466,47385
270859,47384
30293,47382
59111,47381
201313,47380
213240,47380
114448,47379
93782,47377
5758,47375
229,47375
124879,47374
250819,47373
171803,47373
262130,47373
245238,47370
55773,47369
57998,47368
68407,47367
74381,47367
222791,47362
281268,47361
122660,47361
110419,47361
185143,47361
273939,47360
255954,47360
211085,47359
14469,47358
83839,47357
276738,47357
10738,47357
56792,47354
108707,47353
256449,47351
287443,47351
200640,47347
42275,47345
11824,47344
262430,47343
20232,47343
7513,47343
59774,47343
175798,47342
150818,47340
219006,47337
265244,47333
54217,47330
257525,47330
291293,47330
184063,47328
286266,47328
175299,47327
253347,47327
23492,47326
204402,47325
52309,47324
3719,47324
132567,47324
184074,47323
118434,47320
236952,47320
211918,47318
147774,47317
113597,47316
248626,47316
7996,47316
262753,47316
286190,47314
36492,47311
221320,47310
179353,47308
139150,47307
105237,47307
64319,47307
10081,47307
265420,47306
282018,47306
230657,47306
124407,47306
290226,47305
284422,47305
223091,47304
6972,47304
208252,47301
131384,47301
34205,47296
220244,47295
286911,47294
292172,47294
79677,47289
39613,47288
260796,47287
13400,47287
245308,47285
22007,47284
223121,47284
94011,47283
125791,47282
183971,47282
224063,47280
215975,47280
213375,47277
96847,47277
17468,47277
251996,47277
180112,47275
73217,47275
2946,47275
69921,47273
37111,47272
215059,47270
165504,47269
206483,47269
239514,47268
95470,47266
285139,47266
237539,47265
224912,47264
168750,47264
54431,47263
53998,47262
6319,47260
293631,47260
233470,47259
193499,47258
186847,47257
220054,47256
33944,47256
225313,47256
117,47256
171194,47255
221393,47254
268233,47254
176516,47254
211663,47253
39847,47251
256139,47250
167858,47250
282891,47249
293032,47247
153740,47247
40506,47246
34578,47242
25249,47242
286634,47242
187904,47241
102969,47241
291514,47240
107205,47239
150745,47239
9412,47237
19236,47236
240065,47236
289771,47235
292054,47233
238066,47233
216743,47233
139668,47232
45809,47232
212149,47226
288848,47225
141926,47224
179399,47222
84807,47222
221983,47221
272410,47220
42040,47220
183767,47220
95762,47219
239068,47219
199864,47219
123099,47219
231951,47219
260417,47216
1752,47215
93310,47214
101828,47214
257046,47214
182977,47213
280218,47213
254415,47212
84647,47207
253046,47206
147179,47206
171361,47206
232919,47205
104724,47205
215224,47203
290007,47203
210667,47201
224011,47201
235938,47200
292556,47198
2969,47197
235586,47197
162222,47196
202300,47196
222745,47195
4889,47195
291382,47195
234924,47195
67952,47194
4927,47194
23270,47191
91322,47191
72587,47191
26325,47190
38856,47190
123631,47190
85036,47189
204340,47189
20798,47189
214745,47188
72333,47188
88101,47187
247655,47187
189544,47187
16243,47187
285919,47185
106904,47184
55504,47183
294682,47183
188124,47182
160796,47181
147450,47181
25709,47180
8559,47180
175427,47179
73347,47178
6234,47178
101033,47177
122741,47176
267607,47176
110275,47176
250402,47176
8777,47175
255242,47175
64837,47173
68738,47172
240660,47171
284130,47166
13377,47166
231737,47164
223422,47164
252349,47164
291911,47164
126998,47163
217914,47162
125466,47161
274290,47161
169899,47160
44848,47160
292148,47160
264954,47159
194671,47159
123392,47158
127000,47157
54521,47157
178570,47157
66775,47157
121954,47156
9977,47156
241623,47155
224385,47155
286732,47153
43457,47153
219517,47153
169573,47152
192688,47151
223763,47151
109878,47150
122735,47149
79743,47149
250249,47149
40129,47149
216531,47148
104274,47148
153612,47147
191884,47147
240200,47146
220196,47145
179798,47144
289945,47144
233615,47143
163910,47142
185548,47142
154023,47142
30361,47141
283801,47141
36502,47140
279399,47140
173253,47139
139,47139
195939,47138
277770,47137
265617,47136
102480,47136
1566,47134
272018,47134
19370,47133
234791,47131
289157,47131
104746,47131
217838,47130
169458,47130
292853,47129
275072,47129
68369,47128
264039,47128
287851,47127
252791,47127
226543,47126
135506,47126
277403,47125
223792,47124
73356,47123
177919,47122
68494,47122
270880,47121
140324,47121
131418,47120
171349,47120
2057,47120
263952,47117
236669,47117
124182,47117
17112,47116
205274,47116
181540,47114
29995,47112
142641,47112
215943,47111
144931,47111
131987,47111
288300,47110
263864,47110
108036,47110
16058,47109
124,47108
26574,47107
271506,47105
140895,47103
217970,47102
262,47101
14670,47100
287698,47100
66205,47099
223562,47099
31696,47099
271484,47099
244356,47099
34845,47099
230430,47099
158280,47099
30133,47098
23926,47097
13144,47097
165302,47096
67275,47093
27240,47092
112218,47091
27858,47091
251605,47090
93130,47090
114054,47090
163526,47089
53285,47089
247800,47087
165201,47086
130549,47085
97601,47085
243086,47084
14338,47083
219227,47083
38886,47082
292755,47082
240192,47081
172210,47080
74530,47080
262989,47080
182677,47080
211100,47080
229630,47079
224773,47079
79808,47079
163524,47078
183548,47078
15787,47077
234317,47077
249106,47075
253099,47075
210650,47075
273514,47074
208588,47073
4920,47073
271799,47073
192306,47072
92883,47071
12533,47071
138498,47070
287493,47070
99251,47069
124800,47069
271167,47069
81849,47068
34919,47067
144695,47066
283840,47066
288109,47065
76996,47064
6388,47064
291809,47063
154162,47062
105909,47062
276931,47062
66434,47060
85729,47060
170868,47060
71550,47059
178844,47059
228373,47059
125976,47059
258952,47058
96292,47058
135883,47056
272824,47056
205513,47055
254070,47054
230212,47054
120916,47054
84130,47053
99558,47052
82780,47051
456,47050
279283,47049
172033,47049
253044,47048
114202,47047
248607,47047
242519,47046
272943,47046
126577,47045
208916,47045
186327,47044
180387,47044
79600,47043
95614,47043
146123,47042
10614,47042
29086,47042
31291,47041
215414,47041
154373,47040
245462,47037
259225,47036
80631,47036
189880,47036
217530,47035
190462,47035
271095,47035
129536,47035
109903,47034
81173,47034
4678,47034
179400,47033
29533,47032
130500,47030
243137,47030
277554,47029
201024,47029
214417,47028
175456,47028
215054,47027
144579,47026
162910,47026
269758,47024
264817,47024
288895,47024
287938,47023
88145,47022
227463,47022
90570,47022
294232,47022
1694,47021
4883,47021
13275,47021
262379,47020
246472,47020
259599,47017
258359,47017
74979,47016
291229,47016
454,47016
77784,47016
13880,47015
113319,47014
97109,47013
148311,47013
203056,47012
105474,47012
245221,47012
289120,47012
278486,47011
235565,47011
273675,47010
208152,47009
249093,47009
47317,47009
250240,47009
265230,47009
149776,47008
241729,47007
266791,47007
133491,47007
294454,47005
186097,47004
219760,47004
204418,47004
291224,47004
107526,47003
290140,47003
249236,47002
33644,47002
89063,47002
279208,47001
269104,47001
65614,47000
107991,46999
212422,46998
276756,46997
242393,46996
156588,46996
62857,46994
195553,46993
42729,46993
16929,46993
179847,46993
251784,46993
183840,46993
290967,46992
57350,46992
13047,46992
292923,46991
15353,46991
221301,46990
9867,46989
293472,46988
274719,46988
33585,46988
37655,46988
177764,46988
283475,46988
66060,46987
88733,46986
242015,46986
238450,46985
259539,46985
185332,46984
206369,46984
189841,46984
9093,46984
247775,46983
260576,46983
6322,46983
127516,46982
175996,46982
188769,46982
190561,46982
281789,46980
240948,46979
201935,46979
188385,46979
230891,46979
78214,46979
265741,46979
99791,46977
63324,46976
276417,46976
138493,46976
75214,46976
279798,46976
254684,46975
213655,46975
237469,46974
23490,46974
156208,46974
216692,46974
242787,46974
220862,46972
232535,46972
65913,46972
118303,46971
31371,46969
49059,46967
5438,46966
34293,46964
82646,46962
279878,46962
291681,46961
243171,46960
291767,46960
124492,46959
162398,46959
133912,46959
104835,46958
207842,46958
241586,46957
278074,46956
216181,46955
33042,46955
212580,46955
152936,46955
18412,46955
148318,46955
50681,46954
237402,46954
34000,46954
281070,46954
172384,46953
132222,46952
268509,46951
46627,46950
242684,46950
196581,46950
161994,46950
4432,46950
169649,46949
173220,46949
294587,46949
139453,46949
107409,46948
217929,46948
36831,46947
167194,46946
223,46946
285313,46946
29223,46945
194901,46945
154503,46945
264189,46945
177487,46944
79769,46944
2001,46944
218083,46944
217765,46943
212910,46943
156765,46941
166160,46941
77528,46941
264412,46941
267470,46940
28326,46939
230687,46939
44794,46938
205723,46938
235123,46938
296560,46937
265410,46936
194461,46936
225695,46935
138681,46935
70156,46934
90492,46934
230571,46933
278159,46933
128466,46932
588,46932
29512,46932
147844,46931
127198,46931
142925,46930
95764,46929
268843,46929
208820,46929
246700,46928
219982,46926
234814,46926
243223,46924
136998,46923
6106,46923
19617,46922
47311,46921
85978,46920
196079,46920
280169,46920
90938,46920
1133,46919
287788,46919
485,46919
89216,46918
181631,46918
265912,46918
276461,46918
145749,46916
200755,46915
122478,46915
79112,46915
93996,46914
190875,46914
125980,46914
68172,46913
105579,46909
244372,46909
249259,46908
26229,46908
44926,46906
95829,46906
142962,46903
293248,46903
117128,46903
54437,46902
1302,46901
7177,46901
90587,46898
23294,46898
178095,46897
284259,46897
203864,46896
220171,46896
80116,46895
183567,46895
229402,46892
79495,46892
16299,46892
72250,46891
227052,46891
28159,46891
22496,46890
208085,46889
177893,46889
35227,46888
281642,46888
227022,46887
118737,46887
119454,46886
193237,46885
245427,46885
251550,46884
138662,46884
228963,46883
290963,46883
51663,46883
217749,46881
15259,46881
119222,46881
220865,46881
219303,46879
245692,46878
56604,46878
5164,46877
156115,46877
169098,46877
437,46877
99300,46877
235486,46876
265348,46875
17487,46874
99085,46874
279413,46873
123848,46873
289770,46872
110156,46872
226829,46872
78739,46872
263794,46870
145804,46869
61766,46869
103596,46869
288453,46869
210599,46868
296177,46868
50857,46868
274714,46867
137371,46867
289643,46867
25532,46867
158302,46866
206992,46866
121446,46866
85388,46864
219712,46864
66880,46864
279331,46863
280654,46863
229650,46862
174665,46860
31736,46860
296083,46859
260646,46859
22879,46859
274305,46858
221643,46858
294639,46857
179785,46857
220231,46856
282611,46855
96456,46855
116833,46855
251249,46855
291652,46855
32939,46855
182934,46854
109656,46854
137538,46853
58898,46853
208159,46850
241891,46850
54344,46850
246141,46850
281108,46849
256739,46848
17507,46847
60842,46847
282351,46847
126655,46846
65946,46845
143,46845
5632,46845
11852,46845
142129,46845
189451,46845
123106,46844
288,46841
58432,46841
217138,46840
48102,46839
47763,46839
514,46838
229131,46838
285104,46838
126414,46837
162841,46837
182446,46837
82791,46836
67098,46836
145396,46835
975,46835
252016,46835
249465,46835
32696,46834
196126,46834
17,46834
183884,46833
156345,46833
180914,46832
207426,46832
271370,46832
1940,46832
9349,46831
254899,46831
23891,46831
286508,46830
195012,46830
11633,46830
173876,46829
198924,46829
177172,46828
265066,46828
211375,46828
284481,46828
275967,46828
11419,46827
29098,46827
40044,46826
13695,46825
91585,46824
270974,46824
161036,46823
245271,46822
180824,46822
38531,46822
159775,46820
72899,46819
53741,46819
181515,46819
257854,46817
191374,46817
10951,46815
122503,46814
267840,46814
267619,46814
261798,46813
34186,46812
282077,46812
183162,46812
158664,46812
277459,46811
206856,46809
61376,46809
181167,46808
254585,46808
231858,46808
237610,46808
189073,46807
230900,46807
369,46806
68740,46805
180406,46805
257494,46805
257940,46805
124807,46803
117703,46803
253772,46803
254370,46803
227648,46803
267195,46802
29294,46800
146658,46800
2148,46800
293958,46799
223895,46799
248627,46798
235822,46798
294922,46797
42424,46796
99914,46795
146,46795
17352,46794
201555,46793
163797,46792
287825,46792
96974,46791
75011,46791
8004,46790
57269,46790
279362,46790
220814,46789
216928,46789
35050,46789
189782,46789
174997,46788
183247,46788
134338,46787
186890,46786
157890,46786
42593,46785
117379,46785
69358,46785
250214,46785
31281,46784
281986,46784
76458,46784
151759,46784
93780,46783
256137,46783
19303,46781
44458,46780
75117,46779
242180,46779
106601,46779
92672,46779
221279,46779
247694,46779
116372,46778
116698,46778
104790,46778
223448,46776
115557,46776
276579,46775
92044,46775
53494,46775
283363,46775
214038,46774
85145,46774
252529,46774
143662,46774
175520,46773
173703,46772
75719,46772
142004,46772
104711,46772
214615,46771
82584,46771
170433,46771
11788,46771
11,46770
3523,46770
204899,46770
239421,46770
278668,46770
150782,46768
21302,46768
245474,46768
191750,46767
194293,46767
173154,46766
170085,46766
234597,46766
70650,46766
75443,46765
157037,46765
64986,46765
190516,46765
253877,46765
8092,46764
7298,46764
273219,46764
236462,46763
109856,46763
290431,46762
182960,46762
267313,46762
6007,46761
195513,46761
97651,46760
255829,46760
255461,46759
205880,46759
273271,46758
51116,46758
65083,46758
245042,46758
154744,46757
273101,46757
4566,46757
152413,46757
137086,46757
266923,46756
248345,46756
264435,46756
193993,46755
228835,46755
148843,46754
243419,46754
4441,46753
18677,46753
270109,46752
30180,46751
182238,46750
257887,46749
278329,46749
217226,46749
226191,46748
122234,46748
146472,46748
11616,46748
12793,46747
276058,46746
253883,46746
113802,46746
241482,46745
179731,46745
59053,46744
17448,46744
210005,46744
232832,46744
177524,46744
63664,46743
242925,46743
246547,46743
16,46742
194642,46742
293848,46741
231688,46741
20993,46741
248913,46740
176656,46740
79539,46740
225770,46740
5963,46739
88758,46739
226294,46738
251421,46738
152436,46737
183772,46737
55725,46736
293501,46736
104980,46736
117551,46735
75132,46735
231005,46735
279146,46735
134065,46734
211323,46734
268649,46733
64539,46733
1378,46733
159425,46733
276050,46733
295281,46733
177066,46732
173790,46732
202224,46731
250491,46731
277202,46731
53382,46731
117192,46730
101340,46730
51917,46730
200760,46730
101389,46730
90294,46729
264204,46729
207308,46729
266066,46729
35536,46728
144727,46728
212369,46728
212490,46728
226905,46728
39721,46728
199464,46727
237026,46726
154091,46726
135520,46725
246769,46725
169066,46725
56579,46725
241126,46725
274943,46724
232226,46724
246729,46724
223050,46724
184527,46724
61838,46724
217616,46724
212032,46723
265091,46723
114504,46723
135542,46722
17623,46721
59824,46721
42461,46721
210886,46720
7665,46720
63443,46719
273923,46719
66704,46719
282932,46719
86068,46719
7088,46718
293433,46718
265145,46718
113345,46717
289062,46717
290939,46716
215983,46716
270128,46716
76293,46715
233442,46715
111360,46715
213045,46715
3170,46715
317,46715
124117,46714
232150,46714
103229,46713
201862,46713
13022,46712
284548,46712
50529,46711
269356,46711
123592,46711
279923,46711
235696,46711
11754,46711
206462,46710
127584,46709
68826,46709
205973,46709
114999,46709
282864,46709
159866,46707
126860,46707
164183,46707
110147,46707
144989,46707
165750,46707
228991,46707
266602,46707
9016,46706
12127,46706
95989,46706
210131,46705
37425,46704
35789,46704
249870,46703
1123,46703
208468,46703
156334,46703
134799,46703
275126,46702
245478,46702
234179,46702
216345,46702
243129,46701
199834,46701
85070,46701
235836,46701
5501,46701
257199,46700
98866,46700
294203,46700
160397,46699
6207,46699
282128,46699
230133,46699
227122,46698
65249,46698
129265,46698
263245,46698
252611,46698
214229,46698
129578,46698
198662,46697
279826,46695
51698,46695
191002,46695
237731,46694
209463,46694
111548,46694
134621,46694
284653,46694
143104,46693
187836,46693
275064,46692
226479,46692
194403,46691
8402,46691
254675,46691
212531,46690
201194,46690
3781,46690
60381,46689
247809,46689
239283,46688
102531,46688
138332,46687
8887,46687
258468,46686
209666,46686
177486,46686
149489,46686
206871,46686
147663,46685
252853,46685
280400,46684
270227,46684
134136,46684
254745,46683
40827,46683
98876,46683
260277,46682
232358,46682
71261,46681
138043,46681
211669,46681
280189,46681
71741,46680
45260,46680
218846,46680
255196,46680
196413,46680
256872,46679
159790,46678
223376,46677
169201,46677
192298,46677
269647,46676
224870,46675
136009,46675
272334,46675
164067,46674
275360,46674
242120,46674
278413,46673
251218,46673
17113,46673
128949,46672
138546,46672
33963,46672
90801,46671
229602,46671
250437,46671
80433,46671
165149,46670
13042,46670
76475,46670
57080,46669
247396,46669
109574,46669
179133,46669
522,46669
251925,46668
198052,46668
149938,46667
296,46667
182730,46667
290582,46667
170143,46666
111127,46666
240079,46666
18550,46665
117316,46665
260449,46665
283140,46665
175513,46665
219790,46664
85104,46664
189606,46663
205096,46662
49877,46662
20472,46661
244653,46661
266460,46661
223979,46660
283663,46660
276843,46659
86992,46659
89954,46659
196920,46659
292894,46658
12031,46657
166603,46657
211840,46657
10854,46657
205896,46657
102909,46657
103514,46656
202614,46656
9144,46656
27736,46655
14584,46655
222713,46654
196327,46654
250535,46654
170709,46654
224324,46653
247408,46653
62414,46653
272061,46653
7027,46653
173195,46652
163612,46652
291803,46651
158213,46651
250188,46651
69270,46651
19235,46651
170199,46651
39703,46650
210983,46650
24834,46649
115969,46649
10644,46649
286710,46649
167299,46648
115171,46648
300,46648
80675,46647
200838,46647
254280,46647
81972,46646
80586,46646
25125,46646
215821,46646
255602,46646
227279,46646
255736,46645
199399,46645
293821,46645
189480,46644
92351,46644
84,46644
92278,46644
9997,46644
57737,46643
21474,46643
39789,46643
179234,46643
250159,46642
197692,46642
137890,46642
127493,46642
185589,46642
234034,46641
189845,46640
262787,46639
126447,46639
262293,46639
209842,46639
232110,46638
151311,46638
163488,46638
276014,46638
135263,46638
232219,46638
238650,46637
8558,46637
271979,46637
86973,46636
164798,46636
281170,46636
44267,46636
284503,46635
175753,46635
119818,46635
64477,46634
201355,46634
88738,46634
221509,46634
272274,46634
108320,46633
157454,46633
164817,46632
296388,46632
223178,46632
274981,46631
162595,46631
245960,46631
121898,46631
115245,46630
61971,46630
231638,46630
68979,46630
237819,46630
239604,46630
47841,46630
21692,46629
277359,46629
278722,46629
260625,46629
65768,46629
169653,46629
278187,46628
27700,46628
243982,46628
18794,46628
99509,46628
143131,46628
171088,46627
210189,46627
246306,46627
268948,46627
147412,46626
279705,46626
284526,46625
288928,46625
54936,46625
10434,46625
154349,46624
170020,46623
57242,46623
118214,46623
5952,46623
287699,46622
6327,46622
126028,46622
275534,46622
174843,46622
20159,46622
156621,46621
228492,46621
98125,46621
119235,46621
224439,46621
12445,46621
249396,46621
215476,46618
262288,46617
217371,46617
12191,46617
58263,46617
41833,46616
41134,46616
35128,46616
13820,46616
236828,46616
254207,46616
218172,46616
232483,46616
205719,46616
248290,46615
10489,46615
204246,46615
215692,46614
270760,46614
4908,46614
119468,46614
264799,46614
78368,46613
169826,46613
50368,46613
144479,46613
146703,46612
21243,46612
281168,46612
264946,46612
137406,46612
270779,46611
145505,46611
267817,46611
143530,46611
222587,46610
151987,46610
231797,46610
120585,46610
200520,46610
203258,46610
258486,46609
179524,46609
235322,46608
280020,46608
242952,46608
229108,46608
277080,46607
120850,46607
286222,46607
242911,46606
171034,46606
5192,46605
229356,46605
212990,46605
179232,46605
204308,46605
77846,46605
190195,46603
88949,46603
46899,46603
276569,46602
252765,46602
77023,46600
95859,46600
72874,46599
216272,46599
226269,46598
203858,46598
233013,46598
258665,46597
249414,46597
249519,46596
225344,46596
131515,46596
145404,46595
169664,46595
84339,46595
215229,46594
212815,46594
17856,46594
190724,46594
220465,46594
21484,46593
237038,46593
30779,46592
289727,46592
203390,46592
128815,46592
170650,46591
170974,46591
268467,46591
173359,46591
283119,46590
61679,46590
122148,46590
219130,46590
44677,46589
123040,46588
184958,46588
279,46588
95991,46588
198368,46586
99538,46586
199557,46586
53450,46586
216246,46586
181010,46585
148254,46585
25062,46585
294243,46585
254787,46583
190595,46583
29779,46583
287643,46583
245230,46582
282784,46582
164553,46582
172479,46581
154453,46581
86366,46581
110135,46581
8044,46580
103665,46580
180225,46580
5676,46580
202894,46580
105884,46580
19295,46579
213598,46579
68207,46579
235524,46579
232477,46578
59377,46578
118801,46578
34882,46578
293633,46577
235878,46577
34927,46577
205965,46577
234575,46577
256157,46577
6052,46577
91906,46576
144862,46576
168,46576
280728,46576
158508,46576
123974,46575
62508,46575
149302,46575
85503,46575
199738,46575
561,46574
190557,46574
290906,46574
254678,46574
88647,46574
288932,46573
187363,46573
280814,46572
118840,46572
51473,46571
191352,46571
11827,46570
176943,46570
260981,46569
175853,46569
230454,46569
180436,46569
38383,46569
246829,46569
655,46569
10796,46568
29908,46568
227450,46567
101623,46567
103837,46567
58097,46567
109216,46567
267624,46566
222233,46566
172160,46566
292900,46566
261761,46566
192283,46566
9690,46565
160468,46565
277122,46565
50051,46564
68372,46564
103248,46563
82536,46563
149407,46563
69643,46563
280019,46563
226828,46562
184762,46562
9357,46562
160388,46561
221875,46561
4776,46560
277404,46560
90309,46560
103345,46560
36976,46560
243695,46559
12629,46559
118870,46559
46518,46559
50077,46559
81325,46558
291091,46558
270803,46558
15046,46558
272041,46558
195304,46558
157143,46557
46457,46557
140270,46557
295304,46557
286199,46557
154359,46557
54298,46556
263451,46556
59,46556
152324,46556
9189,46556
249590,46556
185545,46555
234254,46554
50145,46553
4356,46553
188432,46553
268591,46553
160393,46553
151540,46553
6177,46552
18290,46552
260351,46552
262121,46552
177015,46552
148112,46552
222771,46551
21409,46551
155134,46551
64909,46550
235956,46550
221100,46550
187036,46550
79211,46550
17300,46549
290604,46549
33,46548
59335,46548
239795,46548
187011,46548
184571,46547
189709,46547
238768,46547
255424,46547
296209,46547
185646,46546
197268,46546
281731,46546
125084,46545
140558,46545
291398,46545
29528,46544
231084,46544
111596,46544
203513,46544
3319,46544
63708,46543
251428,46543
241118,46542
225134,46542
185887,46542
196730,46541
246550,46541
120677,46540
209692,46540
146137,46540
29486,46540
213726,46540
7892,46540
220074,46539
227710,46539
139269,46539
294798,46538
168166,46538
277631,46538
120309,46538
151651,46538
74565,46538
116567,46537
107244,46537
244748,46536
234348,46535
266254,46535
2,46535
58908,46535
139038,46534
258849,46534
264044,46534
259057,46533
187321,46532
28837,46532
19654,46532
17742,46531
253672,46531
142032,46531
20475,46531
130416,46530
235029,46530
287930,46529
246146,46529
159769,46529
86397,46529
219730,46529
265235,46528
244480,46528
227790,46528
207718,46527
45346,46527
106661,46526
134984,46526
22061,46525
217959,46525
211836,46524
204787,46524
20795,46523
107112,46523
113046,46523
29377,46523
135805,46522
25685,46522
108709,46522
120672,46521
252177,46520
62360,46520
19630,46520
283893,46520
8245,46520
215566,46520
205128,46519
264091,46519
284062,46519
89540,46518
194494,46518
12970,46518
160019,46517
165073,46517
205617,46517
67260,46517
249716,46517
104,46517
219628,46517
170053,46517
18295,46517
7343,46516
51608,46516
259588,46515
96849,46515
288496,46515
139373,46514
12570,46514
231161,46514
251197,46514
27313,46514
222616,46513
140779,46513
214391,46513
16026,46513
220933,46512
163234,46512
223569,46512
267746,46512
294083,46512
227407,46512
224902,46512
201055,46511
139507,46511
43820,46511
118324,46511
210285,46511
270529,46511
41277,46511
42750,46511
107848,46510
21169,46510
119325,46509
254235,46509
43181,46508
4426,46508
265006,46508
218348,46508
100619,46507
127273,46507
295537,46507
230331,46506
270643,46506
17433,46506
78129,46505
83183,46505
507,46505
217257,46505
272430,46505
243862,46504
137425,46504
119326,46504
273155,46504
78313,46504
105994,46503
63206,46503
51810,46503
291893,46503
250589,46503
82250,46503
145824,46503
8539,46503
283172,46503
75530,46503
58741,46502
233720,46502
188314,46502
294245,46502
284968,46502
178229,46502
186199,46502
149092,46502
201726,46502
35924,46501
90476,46501
254142,46501
292437,46501
70422,46501
9410,46501
240854,46501
236358,46500
194784,46500
282364,46499
247840,46499
294221,46498
161343,46498
40480,46498
171334,46498
34228,46497
252493,46497
282170,46497
101859,46496
267998,46496
93000,46496
258901,46496
149278,46495
107769,46494
236713,46494
179590,46494
98634,46494
122915,46493
166849,46493
127173,46493
606,46493
86519,46492
273477,46492
80396,46491
11799,46491
165912,46491
9925,46491
33619,46491
260012,46491
152461,46490
281097,46489
133636,46489
277365,46489
30631,46489
185444,46489
119577,46489
174263,46489
281717,46489
76537,46489
227475,46489
236559,46488
173396,46488
182809,46488
184558,46488
174643,46487
165175,46487
226814,46486
208161,46486
233997,46486
239469,46486
101057,46486
28103,46485
273731,46485
83813,46485
290229,46485
285260,46485
24142,46485
24734,46484
176861,46484
239035,46484
70722,46484
262924,46484
246481,46484
110383,46483
118710,46483
236061,46483
252189,46483
44126,46483
173337,46482
34717,46482
133869,46482
67338,46482
266968,46481
292029,46481
186812,46480
212460,46480
93280,46480
243291,46480
118019,46479
129555,46478
259296,46478
272891,46478
220223,46477
244891,46477
336,46477
159377,46477
250176,46476
139831,46476
156040,46476
210769,46476
248681,46476
128590,46476
206922,46475
158303,46475
279361,46475
135417,46474
279966,46474
172484,46473
35086,46473
145619,46473
276374,46473
32606,46472
137006,46472
517,46472
87473,46472
212631,46472
282165,46471
221924,46471
246937,46471
206980,46470
131798,46470
270008,46470
199303,46470
74311,46470
56382,46469
271755,46469
35808,46469
78733,46469
236467,46468
17935,46468
66353,46468
120885,46467
54157,46467
197277,46467
253376,46467
215686,46466
199434,46466
39434,46466
48533,46465
262832,46465
104209,46465
23796,46465
13269,46465
46846,46465
46686,46465
194977,46464
234121,46464
293133,46464
127139,46464
280528,46464
86269,46463
138535,46463
273058,46463
141441,46463
1013,46462
170550,46462
268774,46462
233487,46462
77998,46462
286900,46461
92369,46461
154160,46461
25399,46461
32192,46461
166776,46461
199504,46460
144071,46460
68736,46460
163485,46460
265545,46459
255570,46459
61863,46459
22597,46459
122269,46459
221538,46459
91937,46458
221034,46458
20298,46458
174093,46458
91423,46457
291035,46457
288143,46457
114084,46457
14376,46457
248540,46457
262483,46456
52523,46456
253635,46455
97370,46455
168683,46455
252294,46453
251211,46452
168373,46451
126570,46451
101825,46451
7725,46450
149440,46450
64796,46450
218909,46450
202859,46449
189982,46449
239023,46449
115274,46449
110411,46449
294227,46449
274300,46448
135669,46448
257059,46448
190150,46448
118255,46448
287321,46448
47820,46447
77318,46447
185097,46447
188013,46446
293056,46446
68127,46446
187691,46446
200049,46446
195279,46445
52575,46445
5177,46445
219574,46445
498,46445
218451,46445
257591,46444
61597,46444
290531,46444
221325,46443
76850,46443
32229,46443
202568,46442
82813,46442
285242,46442
258330,46442
290332,46442
282671,46442
89838,46442
143237,46442
82052,46441
124289,46441
38881,46441
211783,46440
166102,46440
113984,46440
188386,46440
209751,46440
285625,46440
174028,46439
220417,46439
66740,46439
216825,46438
271451,46438
247357,46437
286992,46436
224839,46436
148439,46436
93444,46436
290748,46436
224871,46435
182944,46435
113576,46435
183001,46435
267650,46434
228281,46434
18046,46434
198402,46433
251690,46433
159973,46432
69773,46432
118175,46432
51944,46432
281036,46432
293203,46432
253937,46431
233898,46431
156459,46431
156414,46431
84692,46431
288707,46430
240663,46430
220613,46430
139656,46430
198012,46429
82538,46429
45649,46429
93108,46429
27181,46429
180214,46429
231389,46429
27596,46428
166822,46428
8175,46428
267284,46428
54544,46428
238926,46428
269492,46427
6917,46427
138976,46427
270785,46427
239261,46427
73314,46427
234720,46427
169107,46427
56431,46426
233731,46426
92035,46426
59279,46426
186474,46426
223870,46426
136079,46425
66046,46425
29596,46424
217577,46424
52285,46424
59148,46424
282880,46423
254609,46423
227793,46423
66137,46423
271073,46423
237936,46423
69590,46423
258211,46422
234932,46422
287676,46422
97653,46422
265339,46421
85773,46420
246654,46420
135482,46420
111264,46419
60344,46419
173305,46419
46898,46419
199495,46419
180280,46419
31415,46419
81333,46418
45131,46418
287786,46418
283035,46418
253166,46418
113946,46418
6977,46418
245032,46417
265533,46417
479,46417
243726,46417
283439,46416
265857,46416
145640,46416
153765,46416
211522,46416
20208,46416
166259,46415
10823,46415
288022,46415
291405,46414
134180,46414
33169,46414
272693,46414
196705,46414
57693,46414
233127,46413
109731,46413
221266,46413
248410,46413
265430,46412
212363,46412
23480,46412
191464,46412
85549,46412
68972,46411
275610,46411
273080,46411
39682,46411
152643,46410
71925,46410
191765,46410
202481,46409
184682,46409
25137,46409
177429,46409
258913,46409
154586,46409
75166,46408
243994,46408
67166,46408
150005,46408
259923,46408
18091,46408
68332,46408
262786,46408
270118,46407
122542,46407
211904,46407
180019,46407
121414,46407
14983,46407
176968,46407
229651,46407
169324,46406
283937,46406
21689,46406
6561,46405
16287,46405
16936,46405
218419,46405
10158,46405
222225,46405
501,46405
18494,46404
151998,46404
40758,46404
59766,46403
265061,46403
194610,46403
145940,46403
292899,46403
2706,46403
142951,46402
251630,46402
10717,46401
209693,46401
154797,46400
219465,46400
238675,46400
97375,46400
184950,46400
155931,46400
173,46399
281011,46399
92934,46399
29487,46399
176284,46399
183395,46399
213334,46398
211795,46398
187673,46397
232666,46397
192804,46397
166001,46397
87809,46397
235881,46396
70014,46396
121066,46396
268310,46395
27733,46395
23947,46394
11625,46394
214418,46394
175560,46394
30530,46394
83531,46393
274027,46393
187460,46393
99976,46393
202295,46393
295449,46392
76978,46392
271434,46392
11591,46391
200787,46391
151577,46391
112823,46391
278167,46391
6115,46391
216577,46391
271273,46390
149297,46390
16327,46389
252121,46389
93376,46388
160307,46388
37003,46388
126692,46388
167761,46387
19069,46387
1229,46387
291973,46387
176982,46387
150296,46386
63613,46386
204164,46385
68252,46385
253913,46385
200329,46385
109848,46385
31954,46385
218,46384
199486,46384
69410,46383
92374,46383
199903,46383
279763,46383
274072,46383
240851,46383
83916,46382
148502,46382
111560,46382
266780,46381
158380,46381
49201,46381
194594,46381
233811,46380
135336,46380
86044,46380
267386,46380
8871,46380
21481,46380
102188,46379
86836,46379
31923,46379
117614,46379
296041,46378
187406,46378
97674,46378
286617,46378
239846,46378
260200,46378
272732,46377
205897,46377
151128,46377
164362,46377
209621,46377
263663,46377
228223,46377
151386,46377
96330,46377
136161,46377
29935,46376
199573,46376
214706,46376
163739,46376
135952,46376
230640,46375
227425,46375
96382,46375
88959,46375
274109,46375
258783,46375
194278,46374
147668,46374
164824,46374
235617,46373
101615,46373
142844,46372
194496,46372
193331,46372
229349,46372
40076,46372
16213,46371
153124,46371
169082,46371
293765,46371
152727,46371
181497,46370
242990,46370
271415,46369
267330,46369
246951,46369
7137,46369
233070,46369
281045,46369
186112,46368
229303,46368
46413,46368
38712,46368
228257,46368
242310,46367
72235,46367
262396,46367
193098,46367
232449,46367
281668,46367
250977,46367
276451,46366
52813,46366
174610,46366
275355,46366
150889,46365
202586,46365
188380,46365
249984,46365
290605,46365
245550,46364
110082,46364
37325,46364
114724,46364
230728,46364
94800,46364
98951,46363
103771,46363
241863,46363
18386,46362
246068,46362
167436,46362
181263,46362
175155,46361
202482,46361
68655,46361
189542,46361
222235,46361
187853,46361
16879,46361
261526,46360
220875,46360
240936,46360
210851,46360
293925,46359
296309,46359
211162,46359
281650,46358
249694,46358
204482,46357
249534,46357
42974,46357
265849,46356
30042,46356
278356,46356
267372,46356
132715,46355
350,46355
185710,46355
139445,46355
169352,46355
31107,46355
236769,46355
84266,46354
249779,46354
198899,46354
200248,46353
275577,46353
127404,46353
199347,46353
254,46353
154176,46353
255140,46353
274800,46353
104384,46353
68534,46352
80200,46352
65757,46352
17512,46352
250048,46351
270442,46351
138871,46351
288364,46351
188958,46350
243490,46350
263743,46350
221268,46350
230299,46350
243325,46350
190247,46349
277498,46349
111722,46349
69604,46348
213226,46348
30406,46348
247112,46348
192505,46348
99808,46347
115084,46347
238517,46347
290056,46347
229492,46347
60836,46347
270595,46347
13458,46346
92826,46346
61456,46346
174073,46346
267250,46346
91053,46346
28919,46345
10749,46345
241226,46345
127442,46345
21000,46345
141077,46345
82169,46344
222976,46344
268998,46344
123677,46344
283050,46344
428,46344
108611,46343
26189,46342
222833,46342
95454,46342
291216,46342
158674,46342
31416,46341
75274,46341
54159,46341
23965,46341
20245,46340
101256,46340
64583,46340
108926,46340
242754,46339
295590,46339
139541,46339
172059,46338
144229,46338
10070,46338
105710,46338
186843,46338
290397,46338
68937,46337
281222,46337
142417,46337
92553,46337
167951,46336
863,46336
61211,46336
257327,46336
243732,46336
263546,46336
12235,46336
168324,46336
23068,46336
169010,46336
238508,46335
181049,46335
112127,46335
280131,46335
86517,46335
296046,46334
286308,46334
19366,46333
228376,46333
289047,46333
35809,46332
288601,46332
231196,46332
42551,46332
239934,46332
193243,46331
167159,46331
259831,46331
29927,46331
217100,46331
231099,46331
205176,46330
217481,46330
42249,46330
268340,46330
67393,46330
244541,46330
292490,46330
38744,46329
173381,46329
279294,46328
74968,46328
39360,46328
282491,46328
276117,46328
164498,46328
277269,46327
76412,46327
127852,46327
201612,46327
177922,46327
274238,46327
126144,46326
45615,46326
273127,46326
90279,46325
158352,46325
110946,46325
107725,46325
3897,46325
130618,46325
100007,46325
283166,46325
207257,46324
118532,46324
222354,46324
55433,46323
206843,46323
151796,46323
128557,46323
211985,46323
282187,46323
288315,46323
262883,46322
209488,46322
198886,46322
162800,46322
79465,46322
230446,46322
236620,46322
205628,46322
289762,46320
158161,46320
195914,46320
156908,46320
65228,46320
111019,46320
199736,46319
94151,46319
165095,46319
142743,46319
3235,46319
259148,46319
33381,46319
147104,46319
290365,46319
222793,46319
269181,46319
204574,46318
284498,46318
147142,46318
275795,46317
182484,46317
242603,46317
152764,46316
238338,46316
231692,46316
189662,46316
243770,46316
224495,46315
224317,46315
240414,46315
15826,46315
188021,46315
136334,46315
237319,46315
222872,46315
175605,46314
122734,46314
132871,46314
277457,46314
235935,46314
291070,46314
46593,46314
53203,46313
13318,46313
67959,46313
41015,46313
248722,46313
291465,46312
216476,46312
292323,46312
120481,46311
292811,46311
182530,46311
8591,46311
107265,46311
162795,46311
194420,46310
43826,46310
276192,46310
6118,46310
197733,46309
103916,46309
272506,46309
179245,46309
158070,46309
194528,46309
99331,46309
156492,46308
206472,46308
125940,46308
93148,46308
241688,46308
107247,46307
24632,46307
7826,46307
277199,46307
189105,46307
92789,46307
63916,46307
248645,46306
29462,46306
69231,46305
147704,46305
198577,46305
70385,46305
133343,46305
292603,46304
29812,46304
165318,46304
145762,46304
169938,46304
88673,46304
18637,46303
11343,46303
184746,46303
207571,46303
223772,46303
184279,46302
99048,46302
114519,46302
202284,46302
294070,46302
267597,46302
287319,46302
69141,46302
120434,46302
217416,46301
259401,46301
192758,46301
217018,46301
224798,46301
217460,46301
81310,46301
158125,46300
213065,46300
63790,46300
64847,46300
268144,46300
25755,46300
110901,46300
144345,46299
119469,46299
29085,46299
277279,46299
258013,46299
189620,46299
192418,46299
211606,46299
27374,46299
245506,46298
220198,46298
101356,46298
50372,46298
88761,46298
88395,46298
211106,46298
273262,46298
231469,46298
37125,46298
291296,46297
53296,46297
259497,46297
30471,46297
192882,46297
291897,46296
122871,46296
167088,46296
221700,46296
246425,46295
256881,46295
177548,46295
296318,46295
186515,46295
225418,46295
17086,46295
127165,46295
182159,46295
142720,46295
167211,46294
155316,46294
159758,46293
137030,46293
134509,46293
55610,46292
281476,46292
278131,46292
37591,46292
7307,46292
295424,46291
155106,46291
131454,46291
285271,46291
182987,46290
66279,46290
49087,46290
121062,46290
152291,46290
172077,46290
226306,46290
215667,46289
116863,46289
36188,46289
211296,46288
1373,46288
265266,46287
91986,46287
44763,46287
154446,46287
83993,46287
286792,46287
177201,46287
222895,46287
290767,46287
27716,46287
10351,46286
261989,46286
14337,46286
63258,46286
240470,46286
294478,46286
249638,46285
78767,46285
222136,46285
268559,46285
229059,46285
154521,46285
73361,46284
110222,46284
182066,46284
7218,46284
213007,46284
269559,46284
268736,46284
176331,46283
190685,46283
231407,46283
193759,46283
273231,46282
239776,46282
6897,46282
268307,46282
192408,46282
230861,46281
271252,46281
281997,46281
217952,46281
251037,46281
292531,46281
117979,46280
177992,46280
262782,46280
134691,46280
11041,46280
158420,46280
174406,46279
56576,46279
7293,46279
275463,46279
69149,46279
187466,46279
171505,46279
231446,46278
190668,46278
241152,46278
238947,46278
125254,46278
144350,46278
60943,46278
152288,46278
257209,46278
258055,46277
148712,46277
98179,46277
103780,46277
226726,46276
286178,46275
94860,46275
263422,46275
58554,46275
273093,46275
207782,46274
274094,46274
233727,46274
296290,46274
27685,46274
280517,46274
235217,46274
11439,46273
278972,46273
296625,46273
187269,46273
241252,46273
6511,46273
156259,46273
21594,46272
246217,46272
186209,46272
245936,46272
117469,46271
14283,46271
56190,46271
268493,46271
251819,46271
218576,46271
42200,46270
186059,46270
49106,46270
51299,46270
645,46269
227082,46269
107273,46269
178730,46269
193527,46268
194670,46268
274835,46268
76286,46268
261234,46267
262072,46267
234451,46267
6074,46267
83496,46267
195757,46267
68564,46267
279229,46267
280771,46267
183131,46266
36937,46266
209783,46266
196425,46266
121658,46266
2998,46266
184805,46266
158372,46266
189200,46265
133269,46265
189517,46265
232348,46265
109553,46265
248146,46265
222039,46265
21413,46265
289385,46265
228368,46264
143498,46264
262196,46264
286269,46264
245404,46263
76611,46263
164782,46262
251673,46262
136134,46262
60805,46262
238128,46262
173135,46261
264134,46261
198780,46261
213998,46261
181421,46261
145049,46261
279156,46261
247887,46261
195668,46260
10672,46260
230296,46260
122104,46260
276180,46260
237771,46260
253546,46259
255075,46259
96533,46259
151353,46259
286409,46259
226310,46259
56084,46259
241730,46259
8335,46259
61973,46259
218780,46258
228011,46258
184650,46257
135752,46257
277903,46257
91864,46257
167897,46257
161579,46257
172672,46257
20898,46257
153320,46256
27351,46256
218024,46256
274252,46255
157512,46255
133993,46255
85850,46255
273466,46255
222207,46254
268392,46254
284525,46254
212799,46254
448,46254
131743,46254
114076,46254
246828,46254
239024,46254
15658,46254
80007,46254
188784,46253
22322,46253
26593,46253
178951,46252
52404,46252
122516,46251
124171,46251
65079,46251
196217,46251
254498,46251
63263,46251
257807,46250
207730,46250
250982,46250
250464,46250
241244,46250
275429,46250
156987,46249
94908,46249
167534,46249
35288,46249
95319,46248
269372,46248
292746,46248
282436,46248
260149,46248
184955,46247
121266,46247
207913,46247
276613,46247
200773,46246
213168,46246
283437,46246
100637,46246
136083,46246
200111,46245
184846,46245
179311,46245
249864,46245
128218,46245
226888,46245
53994,46245
87972,46244
129423,46244
72059,46244
161948,46244
154066,46244
268236,46244
208574,46244
54221,46243
42690,46243
263803,46243
100793,46243
156998,46243
189558,46242
190755,46242
33686,46242
208118,46242
188691,46242
115430,46242
136171,46242
97076,46241
104928,46241
41823,46241
109237,46241
6157,46241
212966,46241
150992,46241
259115,46241
266513,46241
107270,46239
196683,46239
240321,46239
116512,46239
195642,46238
277392,46238
111295,46238
230509,46238
244357,46238
28279,46238
214087,46238
158,46238
17863,46237
87153,46237
55022,46237
192953,46237
57620,46237
171082,46237
229746,46237
221834,46237
172677,46237
42272,46237
53260,46236
214716,46236
10524,46236
268390,46236
291114,46236
168977,46236
33330,46236
209587,46236
127475,46235
151385,46235
5370,46235
46980,46235
2261,46235
1384,46235
259065,46235
259579,46235
207344,46234
5190,46234
76078,46234
271456,46234
338,46234
255127,46233
88522,46233
195363,46233
34777,46233
87076,46233
21626,46233
143823,46233
279508,46233
4864,46233
196850,46233
78908,46233
252622,46232
249198,46232
57343,46232
139857,46232
50025,46231
237468,46231
83264,46231
275592,46231
285406,46231
207891,46230
273864,46230
162762,46230
143506,46230
45681,46230
159505,46230
35412,46229
199171,46229
50093,46229
203522,46229
245441,46229
200772,46229
260895,46228
221972,46228
39052,46228
96930,46228
113768,46228
12604,46227
191892,46227
245448,46226
56369,46226
194558,46226
169063,46225
256932,46225
54346,46225
23297,46225
110195,46225
125796,46225
27909,46224
919,46224
292551,46223
117506,46223
151066,46223
193230,46223
194399,46223
73897,46223
132290,46223
112720,46223
77983,46222
84195,46222
110353,46222
160149,46222
287896,46222
248938,46222
228161,46222
209423,46222
82487,46222
150144,46222
222,46221
196244,46221
189953,46221
240063,46220
14952,46220
70749,46220
263856,46220
66844,46220
205371,46220
292908,46219
27741,46219
242585,46219
61346,46219
156656,46219
111404,46218
264109,46218
11630,46218
282744,46218
133019,46217
177480,46217
86991,46217
11145,46217
224105,46217
201383,46216
112827,46216
28006,46216
198892,46216
49873,46216
228980,46215
43373,46215
81142,46215
285101,46215
213422,46215
203622,46214
152996,46214
179552,46214
17290,46214
174320,46214
187402,46214
100646,46213
182085,46213
221370,46213
178116,46213
205146,46213
295905,46213
101327,46213
240962,46213
229549,46213
219952,46212
27430,46212
191224,46212
245598,46212
154335,46212
29341,46211
283408,46211
254039,46211
228225,46211
229135,46211
233842,46210
97297,46210
76623,46210
238315,46210
45217,46210
578,46210
214086,46210
29162,46209
272275,46209
75270,46208
3147,46208
61918,46208
162214,46208
29084,46208
103033,46207
234542,46207
261248,46207
97999,46206
105841,46206
250030,46206
69592,46206
213532,46206
258321,46205
268208,46205
276551,46205
243837,46204
205856,46204
287162,46204
37822,46204
79795,46204
263142,46204
82863,46204
254131,46204
103244,46204
150481,46204
84712,46204
211843,46204
243899,46203
35511,46203
123461,46203
17394,46203
157748,46203
175471,46203
142879,46203
173276,46202
283866,46202
291386,46202
104125,46202
6572,46202
261038,46202
180599,46201
289158,46201
39746,46201
168089,46201
218112,46201
217599,46201
55950,46200
261409,46200
237775,46200
251224,46200
62194,46200
166375,46200
189129,46199
12690,46199
293957,46199
170251,46198
163784,46198
84077,46198
152340,46197
47768,46197
21640,46197
184769,46197
10949,46196
235626,46196
241827,46196
208992,46196
203834,46196
255741,46196
253247,46196
281331,46196
277734,46196
25696,46195
20803,46195
14404,46195
277782,46195
108099,46195
29520,46195
151210,46195
261785,46195
30016,46195
86270,46195
204141,46194
29268,46194
177058,46194
130669,46194
28300,46194
9852,46193
93954,46193
254640,46193
153358,46193
94204,46192
221388,46192
268202,46192
288507,46192
59725,46192
121500,46192
14643,46191
53024,46191
8654,46191
229663,46191
182649,46191
215892,46191
182154,46191
227905,46190
249410,46190
195473,46190
81728,46190
187844,46190
262910,46190
243798,46189
196815,46189
243998,46189
275332,46189
171261,46189
266576,46188
249882,46188
128756,46188
279645,46188
242866,46188
231670,46188
267676,46187
174587,46187
214063,46187
226179,46187
167190,46187
78230,46187
1918,46187
230506,46186
142675,46186
267505,46186
183286,46186
20218,46186
206218,46185
64298,46185
218734,46185
213057,46185
123076,46185
229827,46185
148446,46185
236781,46185
215034,46185
48957,46184
212264,46184
15746,46184
210385,46184
166947,46184
30760,46184
236126,46183
293208,46183
233098,46183
76670,46183
240216,46183
235092,46183
228490,46183
174668,46183
156244,46182
8656,46182
184036,46182
227660,46182
81563,46182
131294,46182
141295,46182
296158,46181
295622,46181
226386,46181
265146,46181
81490,46181
149732,46180
210476,46180
14970,46180
253156,46179
286396,46179
42812,46179
187971,46179
278598,46179
351,46179
177653,46179
68414,46178
288475,46178
234587,46178
30894,46178
186004,46178
223485,46178
201585,46178
148407,46178
246919,46177
202551,46177
249272,46177
228070,46177
205010,46177
64089,46177
229616,46176
124013,46176
150067,46176
213913,46176
157733,46176
241593,46175
227243,46175
279152,46175
139382,46175
28985,46175
78684,46175
97572,46175
182994,46174
177526,46174
296100,46174
223003,46174
158279,46173
266325,46173
253041,46173
226608,46173
167685,46173
153826,46173
1608,46173
189920,46173
33246,46173
85161,46173
49741,46173
243112,46172
260682,46172
116055,46172
153790,46172
15881,46172
272793,46172
124622,46171
289544,46171
293624,46171
172981,46171
261696,46170
282593,46170
123061,46170
48237,46170
133911,46170
166655,46169
6542,46169
22051,46169
169444,46169
4052,46169
293941,46169
151684,46169
113779,46169
234165,46169
179290,46168
60205,46168
237437,46168
204487,46168
230158,46168
293,46168
214604,46167
269859,46167
246204,46167
252788,46167
265524,46167
70771,46167
217699,46167
7917,46167
220195,46167
142341,46166
69173,46166
208762,46166
208768,46166
230374,46166
212628,46166
196088,46166
275538,46166
211129,46165
125218,46165
270482,46165
211580,46165
289588,46165
295842,46165
114992,46165
186350,46165
202057,46164
157913,46164
103458,46164
209539,46164
8760,46163
163534,46163
274969,46163
278222,46163
223461,46163
183169,46163
5188,46163
231573,46163
147653,46163
281000,46163
180203,46163
96429,46162
230540,46162
251416,46162
53370,46162
232221,46162
200984,46162
56188,46161
201120,46161
25715,46161
270056,46160
240247,46160
55190,46160
279290,46160
28368,46160
8374,46160
28597,46160
210125,46160
281164,46159
274002,46159
68365,46159
51738,46159
125340,46159
138982,46159
92947,46158
271785,46158
108298,46158
42091,46157
770,46157
154706,46156
61767,46156
201005,46156
160378,46156
216097,46155
287754,46155
169951,46155
12964,46155
296088,46155
228943,46155
191321,46155
222943,46155
137598,46155
174230,46155
245542,46155
264658,46154
202391,46154
260028,46154
150525,46154
237894,46153
294548,46153
295692,46153
174072,46153
279164,46153
274643,46152
155513,46152
99182,46152
321,46152
44376,46152
266796,46152
197333,46152
11710,46152
220544,46151
82204,46151
275785,46151
295669,46151
240362,46151
101616,46151
225866,46150
220015,46150
62692,46150
132079,46150
262059,46150
36095,46150
82836,46150
52505,46149
187875,46149
8065,46149
21983,46149
202376,46149
285472,46149
269333,46149
177984,46149
232776,46149
259821,46148
65217,46148
4024,46148
231893,46148
208125,46148
220335,46148
284728,46148
53817,46148
244132,46148
224068,46147
242566,46147
123026,46147
274,46147
275104,46147
131554,46147
128776,46147
172584,46147
247990,46147
201327,46147
250904,46147
194659,46147
197103,46146
35727,46146
185598,46146
272283,46146
242460,46146
160518,46145
19887,46145
178446,46145
928,46145
177556,46145
182522,46145
16995,46145
41356,46145
282632,46145
134822,46144
120285,46144
121000,46144
294744,46143
150270,46143
29206,46143
223309,46143
32848,46143
183965,46143
294235,46143
281992,46143
140086,46142
264222,46142
199476,46142
279115,46142
191940,46142
217918,46142
237994,46141
166089,46141
180380,46141
155314,46141
143736,46141
159523,46141
242094,46140
26802,46140
240422,46140
232035,46140
183132,46140
270088,46140
225339,46139
250026,46139
17229,46139
138670,46139
61596,46139
6541,46139
21108,46139
245662,46139
181532,46139
71685,46139
39416,46138
279730,46138
190296,46138
123975,46138
272711,46138
36418,46138
22280,46138
161702,46137
223365,46137
72327,46137
47493,46137
146539,46137
66274,46137
206859,46137
243384,46137
258165,46137
272571,46136
148063,46136
267637,46136
213622,46136
284174,46136
74235,46136
141093,46136
238745,46136
201487,46136
176454,46136
196950,46136
248023,46136
123180,46135
175929,46135
198323,46135
185812,46135
32822,46135
207485,46135
39958,46135
192165,46134
239706,46134
91802,46134
280335,46134
294339,46134
176293,46134
156694,46134
258007,46133
122202,46133
62011,46133
69011,46133
10914,46133
265136,46133
207805,46133
101474,46133
155072,46133
248038,46132
38020,46132
106344,46132
7358,46132
120568,46131
229821,46131
278923,46131
272287,46131
167101,46131
96499,46131
25908,46131
117354,46131
212696,46131
62264,46130
294589,46130
128995,46130
269914,46130
163618,46130
62390,46130
288279,46130
176328,46130
165102,46129
209151,46129
58582,46129
258630,46129
129780,46129
248277,46129
215783,46129
267991,46128
245793,46128
286633,46128
185708,46128
287564,46128
146940,46128
67513,46128
159002,46128
15591,46128
214016,46127
26223,46127
199933,46127
283448,46127
223198,46127
281954,46127
266374,46126
244897,46126
293356,46126
29974,46126
161094,46126
42713,46126
193625,46126
36113,46126
12711,46125
201318,46125
138937,46125
45181,46125
236177,46125
262859,46125
181938,46124
14861,46124
31335,46124
258238,46124
253694,46123
272043,46123
30148,46123
296067,46122
248942,46122
161052,46122
214036,46122
223014,46122
208143,46122
49759,46122
167881,46122
15045,46122
21329,46121
42980,46121
288419,46121
250807,46121
234442,46121
17908,46121
249351,46121
291246,46121
230309,46121
268331,46120
222097,46120
146340,46120
154659,46120
167519,46120
213020,46120
199453,46119
115716,46119
164484,46119
167065,46119
56512,46119
264744,46119
217078,46118
268473,46118
291752,46118
121101,46118
192815,46117
294409,46117
71023,46117
268051,46117
3886,46116
225586,46116
109193,46116
140990,46116
261494,46116
270550,46116
146051,46116
153051,46116
17217,46115
111235,46115
154485,46115
83778,46115
156586,46115
173027,46115
80516,46115
33596,46114
220367,46114
20349,46114
119942,46114
292485,46114
201623,46114
178375,46114
144,46114
278716,46113
206232,46113
197318,46113
1641,46113
88962,46113
134996,46113
287418,46112
114,46112
57978,46112
233723,46112
24461,46111
111477,46111
177244,46111
19816,46111
179678,46111
14600,46111
36049,46110
116242,46110
235433,46110
222708,46110
163304,46110
175407,46110
175418,46109
204781,46109
226175,46109
141256,46109
87040,46109
232312,46109
6885,46109
107937,46109
16062,46109
204216,46109
68200,46109
51099,46109
233247,46109
174181,46108
513,46108
88514,46108
287956,46108
17146,46108
223383,46108
147389,46108
209736,46108
146424,46107
281726,46107
56643,46107
159573,46107
251663,46107
150793,46107
281822,46107
143277,46107
268692,46107
170532,46106
246774,46106
266045,46106
237283,46106
283438,46106
135818,46105
18650,46105
188246,46105
290298,46105
112406,46105
105786,46105
120990,46105
178815,46104
248857,46104
200137,46104
164735,46104
32907,46104
105883,46104
147397,46103
167070,46103
294114,46103
279266,46103
281888,46103
211723,46102
144156,46102
95409,46102
98630,46102
137512,46102
174622,46102
243442,46102
266031,46102
218320,46102
199776,46102
137613,46101
287280,46101
233126,46101
235120,46101
203435,46101
264957,46100
286361,46100
324,46100
289395,46100
244157,46100
228879,46100
29438,46100
137973,46100
244042,46099
258273,46099
59453,46099
160610,46099
19553,46099
146143,46099
212520,46099
134692,46098
249458,46098
159729,46098
280965,46098
183926,46098
158412,46097
184146,46097
249277,46097
283421,46097
12084,46097
314,46097
33544,46097
192390,46097
156676,46097
251196,46097
273551,46097
142655,46096
92627,46096
182761,46096
226521,46096
148405,46096
106052,46096
75209,46095
12126,46095
68861,46095
228586,46095
251582,46094
43702,46094
249551,46094
159379,46094
127435,46093
88122,46093
25562,46093
24090,46093
50965,46093
174407,46093
99804,46093
172116,46093
241336,46093
211299,46093
203754,46093
87226,46093
283123,46093
275236,46093
204245,46093
240713,46093
168831,46093
222618,46092
174288,46092
132269,46092
181245,46092
111691,46092
295791,46092
177697,46092
20138,46091
294460,46091
28024,46091
120126,46091
134363,46091
287035,46091
244166,46091
267396,46091
279793,46090
101874,46090
82307,46090
238996,46090
240842,46090
205799,46090
240267,46089
258244,46089
29991,46089
236860,46089
43316,46089
180892,46089
273611,46089
5063,46088
173875,46088
254638,46088
6135,46088
27042,46088
127360,46088
117114,46088
230375,46088
22182,46088
254739,46088
239717,46088
131873,46087
38848,46087
276426,46087
104605,46087
100657,46087
184972,46087
187175,46087
148430,46087
78613,46086
209500,46086
257924,46086
287263,46086
185436,46086
227568,46086
197525,46085
122225,46085
218814,46085
59147,46085
221076,46085
69135,46084
30146,46084
15148,46084
166285,46084
276908,46084
260443,46084
283169,46084
80190,46084
277354,46084
239170,46084
178745,46083
47338,46083
201431,46083
58805,46082
280004,46082
205926,46082
177671,46082
22367,46081
12177,46081
150299,46081
273252,46081
287444,46081
30435,46081
104194,46081
289080,46081
91835,46081
185752,46081
43719,46081
273658,46080
155829,46080
198678,46080
226622,46080
199961,46080
828,46080
36002,46080
14933,46080
218811,46080
40957,46080
135927,46079
225298,46079
218835,46079
248551,46079
256522,46079
284345,46078
4111,46078
95837,46078
241836,46078
90936,46078
23949,46078
199863,46078
238314,46078
159411,46078
186111,46078
223996,46078
291231,46078
273492,46077
141744,46077
274180,46077
180209,46077
130634,46077
93743,46077
291754,46077
36711,46077
191079,46076
200283,46076
156721,46076
276784,46076
242738,46076
96808,46076
201918,46075
162109,46075
258002,46075
108513,46075
101780,46075
63801,46075
226926,46075
106353,46075
50970,46075
222497,46075
238479,46075
294322,46074
8100,46074
85863,46074
248457,46074
289562,46074
268235,46074
93853,46074
241896,46074
43642,46074
136423,46073
13325,46073
66384,46073
128013,46073
191043,46073
255040,46073
170661,46072
249248,46072
2430,46072
245105,46072
78883,46072
215194,46072
252427,46071
189950,46071
145972,46071
130538,46071
106411,46071
293877,46071
176296,46071
26659,46071
98407,46071
138467,46071
288344,46071
191014,46070
165359,46070
285169,46070
54503,46070
78404,46070
260621,46070
106420,46070
78938,46069
213959,46069
279405,46069
253253,46069
5200,46069
180172,46068
255543,46068
207654,46068
191507,46068
170425,46068
125162,46068
265773,46068
115172,46068
113618,46068
81808,46068
105046,46068
291313,46068
72615,46068
10894,46068
148076,46067
290955,46067
166077,46067
244439,46067
17872,46067
115966,46067
74756,46067
212598,46067
43571,46067
118455,46066
175016,46066
109384,46066
217707,46066
253778,46065
151159,46065
47674,46065
7983,46065
19060,46065
286353,46065
160232,46065
198296,46065
124511,46064
61531,46064
13114,46064
222984,46064
173793,46063
127946,46063
193056,46063
157131,46063
203107,46063
184691,46063
62885,46063
97481,46063
221123,46062
257325,46062
71434,46062
214735,46062
3210,46062
268935,46061
210117,46061
249442,46061
45242,46061
16715,46061
238292,46061
152533,46061
227618,46061
199337,46061
84022,46061
200197,46061
192289,46061
272225,46060
191772,46060
162668,46060
84238,46060
73044,46060
122125,46060
