1928,100000
2321,60232
712,60129
5895,60067
24155,59220
7796,57023
24399,56700
2759,56374
1725,56364
413,56346
8277,56154
8997,55965
14684,55901
9088,55755
11679,55655
3585,55495
38381,55456
5946,55381
11549,55340
41889,55232
11939,55193
20467,55129
2271,55055
26274,54903
31064,54834
8518,54619
6614,54565
10909,54330
8868,54295
2522,54215
1978,54203
9643,54182
13550,54153
15994,54094
5945,54077
20727,53999
40272,53994
40338,53929
15279,53928
26356,53893
30212,53840
10559,53799
11377,53787
24803,53709
38353,53691
7092,53637
4039,53633
2495,53610
6440,53595
1320,53567
675,53542
8341,53505
38638,53500
9113,53482
8364,53472
3963,53472
11862,53462
42546,53440
771,53423
16155,53328
16698,53291
20179,53239
327,53234
2379,53234
6057,53216
13316,53185
6665,53171
11463,53154
25191,53131
8896,53125
16524,53096
56178,53087
20673,53068
42338,53014
23579,53003
142140,52964
4616,52944
18417,52915
5455,52903
9278,52889
17969,52865
3824,52846
404,52834
5678,52810
6626,52805
7375,52801
9607,52781
4524,52760
6097,52725
16436,52690
31404,52682
24780,52674
5516,52634
10189,52628
2213,52566
5828,52556
10496,52556
22507,52544
34956,52543
64287,52533
6936,52530
4031,52524
11431,52518
25517,52511
23679,52491
85790,52477
15351,52475
175876,52398
34117,52391
18755,52355
57257,52352
5035,52319
6363,52296
6853,52274
31864,52273
17661,52268
13512,52262
20001,52258
16456,52258
28767,52252
42354,52247
35206,52234
44270,52203
28931,52198
232261,52191
119796,52176
258269,52173
156722,52172
28171,52169
72648,52149
6074,52142
25999,52130
15761,52120
74349,52110
11475,52103
49149,52077
286045,52066
45173,52055
225008,52052
23810,52046
25798,52044
20895,52038
51483,52035
29944,52033
12101,52023
69662,51974
6877,51972
3053,51956
14850,51936
1765,51931
9448,51917
10694,51901
68388,51881
16566,51866
17599,51860
16011,51859
38564,51859
5420,51851
18565,51845
13312,51844
41531,51844
6643,51842
12391,51842
10744,51818
12183,51811
14141,51806
29710,51795
39615,51789
152534,51782
10429,51779
4137,51767
15962,51765
13105,51748
9072,51738
27392,51730
81377,51723
17603,51715
7283,51714
278676,51701
15146,51697
288197,51694
240673,51690
65988,51688
25778,51687
17087,51685
834,51678
7546,51673
26261,51656
11634,51652
172799,51649
74085,51647
26333,51628
180144,51616
23716,51612
39995,51608
31066,51598
46683,51588
11376,51578
40940,51575
43970,51540
15087,51540
26414,51535
69497,51532
38294,51518
23745,51511
35599,51498
37182,51495
120661,51492
45355,51463
116927,51463
1682,51459
14926,51446
6803,51446
73475,51438
13404,51438
49086,51436
68364,51430
33876,51421
16896,51409
11826,51407
19152,51404
10493,51394
262129,51393
64770,51382
23864,51381
106824,51380
48175,51365
52263,51360
29238,51358
79156,51348
24411,51345
28575,51345
4734,51344
2506,51337
3079,51336
52285,51333
152311,51331
74016,51323
288480,51317
6007,51312
75514,51294
28309,51293
17604,51290
16345,51274
201416,51258
43972,51255
23134,51252
3130,51252
255812,51250
272745,51247
10063,51240
12417,51239
17817,51236
9244,51228
7534,51226
5683,51221
44861,51218
15563,51214
106985,51213
12628,51211
11821,51208
118993,51197
13567,51197
263635,51192
25956,51177
22955,51171
7064,51162
49050,51161
11655,51159
180482,51156
77402,51144
148319,51143
17336,51140
17499,51132
56203,51116
12705,51115
17071,51108
8073,51108
4750,51101
8061,51100
12715,51082
19954,51080
17943,51079
199389,51066
39385,51063
216536,51061
27802,51058
54476,51046
46187,51046
58,51029
23764,51026
210942,51009
93524,51008
13445,50999
149024,50997
96517,50996
28034,50985
16382,50981
14956,50978
43031,50977
4015,50977
14284,50970
20010,50964
38689,50959
8629,50957
14708,50951
126068,50945
14030,50944
7418,50937
68139,50933
145983,50928
16073,50923
62151,50920
12507,50919
67593,50919
34037,50913
51188,50910
15302,50906
50978,50905
13081,50899
22348,50894
54391,50892
13157,50887
47739,50881
256243,50874
20738,50867
184560,50851
145740,50850
266964,50845
45994,50834
18334,50830
12603,50825
9723,50824
16684,50818
11537,50815
187952,50807
85071,50799
2797,50797
42985,50796
43281,50781
77102,50780
106381,50778
275015,50776
12923,50767
45428,50762
7378,50761
51650,50755
46865,50752
7183,50742
31150,50741
198601,50738
15315,50735
22751,50734
146299,50719
64222,50716
34915,50710
222346,50708
23620,50707
63050,50698
25065,50695
15494,50694
464,50689
20833,50688
99409,50680
86847,50674
9129,50654
13801,50647
2257,50643
24565,50642
34562,50630
17672,50627
3204,50624
26277,50615
19155,50615
23940,50613
16459,50613
16198,50607
17560,50604
11425,50603
11358,50598
25270,50596
40568,50591
9352,50589
11717,50587
21653,50586
7731,50586
59343,50585
13926,50582
223759,50580
51389,50576
10327,50570
251871,50566
28527,50566
11556,50565
17312,50561
40648,50558
22042,50557
58334,50554
502,50553
144242,50546
8327,50543
18253,50543
49849,50542
14187,50540
34100,50536
13377,50534
32395,50529
206693,50524
4333,50521
61334,50521
36472,50521
84631,50520
21193,50517
18843,50513
11706,50513
17114,50512
11724,50509
99449,50508
6566,50507
195600,50502
20270,50498
7332,50495
9947,50495
5765,50490
21760,50485
11601,50481
179459,50471
180608,50467
276790,50464
216569,50462
18890,50460
65598,50459
20794,50459
33707,50459
77496,50457
108591,50454
162871,50453
186171,50447
34967,50445
77332,50441
10182,50439
13355,50439
219776,50432
61423,50421
213102,50420
14685,50420
45688,50417
4502,50414
18816,50410
254301,50410
7328,50403
265046,50402
19596,50402
12122,50397
4657,50388
29392,50388
30077,50386
25087,50386
68008,50379
41071,50378
82313,50376
10773,50376
212610,50376
91769,50374
281896,50372
28313,50369
263407,50368
46397,50354
2625,50344
95190,50341
11699,50338
88006,50334
53379,50334
39476,50331
17094,50331
19379,50330
13381,50329
19574,50326
22222,50326
189062,50324
82316,50323
13160,50323
14862,50317
47834,50316
274733,50316
39734,50316
24506,50312
26734,50312
12314,50308
9096,50308
246307,50304
132608,50302
207897,50301
9512,50301
62679,50299
1606,50297
163096,50294
52484,50290
12421,50289
20601,50289
74253,50286
23754,50284
66985,50281
17359,50280
9580,50280
135619,50278
24216,50278
37179,50278
26875,50276
18931,50275
49682,50274
241344,50273
155328,50272
29336,50267
30334,50263
238851,50262
18605,50261
27883,50261
151770,50252
259291,50251
19105,50251
8024,50251
35513,50250
288761,50250
13809,50245
208931,50244
75287,50244
7477,50243
8360,50241
39426,50238
147,50235
246910,50231
13912,50230
280402,50229
9094,50229
107142,50225
14131,50224
22240,50221
287662,50217
290496,50215
236824,50214
25320,50213
163132,50208
75213,50208
56926,50206
27508,50206
18683,50205
62823,50205
109598,50204
8384,50203
414,50203
12368,50203
36810,50201
21841,50199
68762,50198
231923,50196
8333,50190
34023,50185
153446,50183
174024,50180
222230,50179
261750,50178
270821,50176
18347,50174
25123,50172
181371,50170
24327,50167
19737,50167
77276,50166
18087,50165
22582,50158
38888,50154
1073,50153
62920,50153
1776,50148
17304,50148
31336,50146
115602,50145
43267,50145
269796,50143
47510,50139
12655,50136
72419,50135
136516,50134
114283,50131
219875,50130
66178,50128
39988,50128
198555,50128
234635,50127
192420,50127
19096,50124
17767,50123
160608,50123
16785,50121
19425,50117
21592,50117
57586,50116
8982,50111
254386,50111
130016,50104
180617,50104
73538,50099
289124,50096
53828,50094
44024,50093
103472,50090
4420,50088
24089,50085
168707,50080
294472,50076
90312,50075
26609,50070
224237,50070
80493,50066
16222,50066
286924,50065
65658,50065
66871,50065
17543,50062
277737,50061
2581,50061
38045,50059
295705,50059
39840,50059
38173,50057
30330,50057
294931,50056
25387,50052
138654,50051
36415,50049
22242,50047
12585,50044
154582,50039
5723,50036
101461,50036
10613,50031
13958,50029
80638,50028
11905,50028
222197,50025
21708,50025
244769,50024
50245,50023
74364,50015
110557,50011
6981,50007
194446,50007
8221,50004
67537,50001
56062,50000
16388,50000
77684,50000
288600,49998
249490,49998
20764,49996
32616,49991
14678,49989
190238,49984
17711,49981
12724,49981
3316,49980
276859,49980
20663,49978
9425,49978
359,49977
11472,49976
73639,49975
35834,49972
17456,49972
166846,49969
45094,49968
26072,49968
9994,49966
64719,49963
30210,49961
118319,49960
97092,49957
66987,49956
7446,49954
265577,49949
15528,49947
289858,49946
212985,49946
248157,49945
255971,49944
66604,49944
97254,49943
12959,49941
147910,49941
73881,49939
133071,49937
20714,49937
94364,49936
193185,49935
191035,49933
27687,49932
8105,49930
104021,49928
17039,49927
33075,49927
100441,49923
207546,49919
13715,49917
279612,49917
51748,49916
260199,49915
1248,49914
30951,49913
37120,49913
64193,49912
52199,49912
232149,49912
40319,49910
4850,49909
209221,49909
37254,49907
13754,49905
186552,49905
225662,49903
10441,49899
21185,49896
219761,49894
33673,49887
85977,49885
27214,49883
66792,49881
268323,49880
11895,49877
191703,49874
237561,49871
22732,49870
160500,49870
78761,49870
82115,49869
239186,49868
39179,49866
46668,49865
43845,49862
109385,49862
96000,49858
118804,49857
220618,49856
89140,49855
23289,49847
33280,49846
139714,49841
35992,49841
12044,49841
27769,49838
266233,49838
6409,49836
49158,49836
290491,49833
108529,49829
134663,49826
37177,49825
7694,49820
9485,49818
63176,49813
293562,49812
231235,49812
252602,49808
277120,49808
5377,49808
40380,49805
97004,49803
280486,49802
11904,49801
6385,49800
180403,49795
199394,49794
263998,49790
228459,49789
58559,49786
232400,49783
246664,49782
43823,49779
3384,49778
7843,49777
143055,49777
30585,49775
73667,49774
20519,49772
283479,49772
93193,49772
238319,49769
91651,49769
16025,49768
30854,49766
6722,49764
187480,49762
35054,49760
274521,49760
208406,49759
15847,49751
66997,49750
9080,49746
37534,49745
217149,49743
62015,49742
71379,49740
31327,49740
982,49739
178939,49738
252743,49734
20406,49733
1707,49731
18519,49730
49035,49729
74741,49729
15602,49729
38833,49728
173832,49724
59320,49722
190489,49722
112622,49721
686,49718
26991,49718
18807,49717
47377,49713
4602,49705
35778,49700
8005,49700
267595,49699
200454,49698
61135,49697
7097,49696
271258,49693
148867,49693
282956,49692
281311,49690
68754,49689
20555,49686
15617,49684
18012,49684
1971,49682
198520,49682
180529,49679
157332,49678
159358,49677
24688,49677
57033,49676
237676,49675
18290,49674
57663,49673
18976,49671
66984,49671
83744,49671
35080,49669
61676,49668
71152,49668
26281,49667
147222,49665
77581,49665
131291,49665
57173,49664
219742,49662
37072,49661
11866,49660
42881,49658
40193,49657
39370,49655
270860,49653
167607,49653
31308,49652
50205,49652
93604,49651
16652,49649
255679,49648
284837,49647
61691,49646
12545,49644
32861,49644
40780,49643
84673,49643
42806,49642
257163,49641
112018,49641
15266,49639
92049,49638
29155,49635
55691,49635
10837,49634
229074,49634
65366,49633
186724,49632
55963,49632
23362,49631
109402,49627
50007,49624
174724,49624
152150,49623
110853,49621
22542,49621
24646,49620
15312,49620
62077,49620
5818,49616
13164,49616
156737,49616
21144,49615
28396,49615
243854,49613
97206,49612
4996,49610
57848,49610
11383,49609
189970,49608
276529,49605
97848,49604
64129,49603
58852,49603
48298,49601
3499,49598
41581,49597
20301,49597
23376,49597
22046,49596
218107,49595
23919,49595
20384,49594
59870,49592
15793,49592
19896,49590
1034,49587
259265,49582
135177,49581
43965,49580
59250,49578
237953,49577
5337,49576
5817,49573
58315,49572
125,49570
259387,49570
2653,49570
70887,49567
67372,49563
30316,49562
6145,49562
188883,49562
195013,49561
32312,49559
14575,49559
5501,49558
189373,49556
216257,49555
54783,49554
65014,49552
203727,49552
244701,49552
22904,49551
120736,49550
257706,49550
24585,49549
208398,49549
44128,49548
16719,49546
82934,49546
23292,49544
166594,49543
23172,49542
44172,49541
232576,49539
205623,49537
65586,49536
29557,49534
14159,49534
17964,49533
9543,49533
65715,49532
180386,49531
87670,49530
72731,49529
16331,49524
234942,49523
34026,49523
56857,49522
228864,49521
21160,49518
16962,49517
107004,49516
278977,49516
82077,49516
290572,49515
14463,49515
6124,49515
247772,49512
53996,49511
223836,49510
12414,49508
17970,49507
146951,49505
254605,49503
208038,49503
61931,49502
32974,49502
201928,49499
222654,49498
142735,49497
79365,49495
280786,49494
14540,49494
71517,49494
6670,49492
34059,49491
96870,49490
48405,49487
294802,49487
52779,49487
289897,49486
236013,49484
135123,49483
253717,49483
34201,49483
1304,49481
25127,49481
43504,49479
62567,49479
59917,49478
45754,49476
252289,49475
161046,49475
51276,49474
112552,49474
23446,49474
16141,49474
239236,49474
45902,49471
260203,49469
8981,49468
41784,49467
110162,49466
229024,49464
17718,49463
63942,49463
8731,49461
19616,49461
7738,49460
57640,49460
168574,49456
27777,49453
11116,49451
279293,49450
19856,49447
169992,49446
9865,49444
269798,49444
278001,49444
61855,49441
23837,49441
271150,49437
14650,49435
32927,49434
85373,49433
52835,49432
256778,49430
202742,49426
18842,49426
240095,49425
46705,49425
23262,49424
9953,49423
217592,49423
166576,49421
6498,49421
16800,49418
225167,49417
16987,49416
17553,49415
43323,49414
179579,49414
220754,49414
245724,49412
294095,49412
125549,49411
13075,49411
277705,49410
7778,49408
102387,49407
9233,49406
293992,49405
30243,49404
47215,49400
8516,49400
33615,49398
117791,49398
112876,49396
287550,49396
66519,49395
24831,49394
29189,49393
194786,49393
238419,49389
1239,49389
12057,49384
37890,49383
38013,49378
15036,49378
96172,49377
64297,49375
11113,49372
608,49371
42820,49369
101873,49369
19774,49368
13046,49368
7379,49368
44176,49367
128237,49366
24245,49366
50014,49359
178833,49358
17076,49358
141018,49354
274496,49352
69544,49351
269328,49349
19367,49343
22877,49343
172461,49342
25201,49342
215938,49341
13139,49339
6017,49334
48044,49334
132177,49333
221175,49333
203008,49331
35830,49330
232325,49326
22915,49325
30920,49323
69922,49322
65034,49321
281626,49321
102770,49320
9285,49320
48126,49319
242648,49318
152165,49318
49705,49317
234144,49316
19894,49315
23731,49315
75716,49314
63959,49313
196899,49313
56839,49313
174174,49311
181260,49310
7598,49310
107919,49308
19544,49308
16703,49307
244749,49305
84349,49304
9434,49304
55800,49303
68136,49303
99647,49302
19549,49302
280946,49302
16913,49302
256575,49301
15753,49299
37607,49299
19952,49299
29395,49299
67769,49297
5668,49297
220654,49297
12927,49296
274718,49296
9784,49295
189175,49294
35729,49292
18867,49292
1538,49290
45049,49288
155944,49287
43833,49285
73227,49284
271531,49284
54406,49283
208633,49283
196687,49283
5048,49283
24227,49282
287750,49282
49693,49280
20453,49280
64238,49279
12396,49278
131685,49278
29142,49277
169649,49277
182272,49276
53645,49275
214146,49275
209129,49274
256179,49274
271465,49273
41563,49273
115476,49272
16128,49269
278654,49269
293622,49269
50638,49269
204468,49268
34746,49267
10430,49267
25583,49263
225771,49261
21399,49261
30101,49260
224718,49259
16932,49258
69201,49254
38941,49254
232126,49251
152075,49250
31903,49249
292957,49245
26531,49245
80023,49245
73305,49244
50606,49243
83804,49241
40132,49238
7144,49238
26189,49237
274420,49234
209793,49234
60235,49232
249549,49231
56499,49231
20410,49230
236658,49230
190342,49228
9110,49228
79767,49227
80174,49227
15171,49226
11343,49226
51253,49226
95188,49226
34225,49225
198430,49223
110540,49223
18249,49223
294932,49223
9017,49221
16057,49220
176077,49220
137119,49219
158436,49218
17239,49218
129390,49218
13671,49217
17666,49215
58866,49215
41038,49214
4321,49213
26070,49212
274008,49212
9739,49211
27253,49211
198276,49210
132563,49210
189534,49202
39063,49201
16849,49201
45731,49200
237187,49200
4116,49200
148682,49200
2227,49199
16118,49198
39655,49197
93507,49194
17369,49194
2940,49194
14489,49193
217,49192
36276,49191
282116,49191
12875,49190
5260,49190
42633,49189
90069,49189
52937,49188
15610,49187
238405,49186
54640,49186
225869,49184
279143,49183
9948,49182
14997,49181
20117,49181
203097,49180
292718,49180
18857,49179
57777,49179
27778,49178
102244,49177
23364,49177
246020,49176
224141,49176
67181,49175
97677,49175
25523,49172
68683,49171
23672,49171
271781,49170
11517,49170
27718,49169
290380,49169
285781,49169
27172,49167
2750,49165
249906,49165
60287,49164
42792,49164
43076,49163
188864,49162
207000,49162
16538,49161
213461,49161
34928,49161
225968,49160
47606,49160
39821,49159
51080,49158
238927,49158
70636,49157
30999,49156
21458,49155
231458,49154
64607,49154
12916,49153
5395,49153
20983,49151
199273,49151
23092,49150
142364,49149
51967,49149
148082,49149
10783,49149
296061,49148
26322,49147
242004,49147
35533,49147
12181,49145
82277,49145
287637,49144
26222,49143
216775,49142
256827,49141
59629,49139
20604,49138
248598,49137
156711,49137
186463,49137
131050,49136
286788,49136
193354,49133
12976,49133
2279,49133
129355,49132
17958,49131
110983,49130
8386,49129
95010,49127
3092,49127
115988,49127
251241,49126
200026,49126
237911,49124
10022,49124
75699,49124
59117,49123
38058,49122
24548,49122
182016,49122
65775,49120
75889,49119
17088,49119
31174,49117
85370,49116
31948,49116
83099,49115
9315,49114
86775,49113
159373,49112
88279,49112
34334,49110
281692,49110
151669,49109
91576,49109
18964,49109
29484,49109
9661,49108
293736,49106
181535,49104
71684,49104
106032,49101
35306,49101
51598,49099
272081,49098
130982,49098
7381,49097
258450,49095
26998,49094
11017,49092
56400,49091
268137,49091
72622,49091
20507,49090
85475,49090
199663,49090
65872,49088
21513,49087
268327,49087
99889,49087
123489,49086
37628,49086
27293,49085
169005,49082
232365,49081
13328,49081
3702,49080
420,49077
71926,49075
236078,49074
120121,49072
10730,49072
44312,49070
171189,49070
16879,49070
44699,49069
20552,49069
265750,49068
12031,49067
32179,49066
25534,49066
123443,49066
20567,49063
219288,49063
8302,49061
62955,49061
286257,49060
8415,49058
77327,49058
185481,49057
290552,49057
30495,49057
176496,49057
71003,49057
195703,49056
53686,49056
274203,49056
22499,49054
108951,49053
30541,49051
9043,49051
15554,49050
101422,49047
128997,49047
68032,49047
46813,49047
4410,49045
13874,49045
55176,49045
59211,49043
18868,49043
74072,49043
186976,49043
8346,49042
188974,49042
18160,49041
147080,49040
99800,49038
96095,49038
196700,49037
249151,49037
47069,49035
15607,49034
100413,49033
41547,49032
1180,49030
17916,49029
156293,49029
191990,49028
28337,49028
57057,49028
279479,49027
212529,49027
294833,49023
8138,49023
9326,49022
39287,49022
23356,49021
283701,49018
232329,49018
80147,49016
127907,49016
284646,49014
278425,49013
296566,49012
17211,49011
131707,49011
58147,49009
31062,49007
132852,49007
228839,49007
121153,49004
231185,49004
126180,49004
26892,49000
10042,49000
162616,49000
110609,48999
8017,48998
78257,48997
23341,48997
103863,48997
120656,48997
20554,48996
6005,48995
38724,48995
80175,48995
7864,48995
259221,48994
265129,48993
7280,48993
168783,48990
256791,48988
216354,48988
28389,48987
31518,48986
150663,48985
18140,48984
269799,48983
22064,48983
104183,48982
28764,48980
154610,48979
88375,48979
24659,48977
67075,48977
91268,48976
19365,48976
146466,48976
133565,48975
244560,48975
97952,48974
3633,48974
9849,48970
180751,48970
11907,48970
141882,48969
255808,48969
57710,48967
51610,48967
96158,48966
52603,48966
39371,48966
232133,48966
154306,48965
52726,48965
186846,48965
25125,48965
244647,48963
137257,48961
28484,48961
226387,48960
25061,48960
15344,48959
192655,48958
70434,48958
69191,48958
54042,48956
288224,48956
66763,48954
253189,48954
119860,48952
51015,48952
50841,48951
110169,48951
204060,48950
72349,48949
170245,48949
296125,48949
108005,48948
204685,48946
185264,48946
241559,48945
239580,48945
276835,48945
23715,48945
258727,48944
185691,48944
171004,48942
282109,48941
249476,48940
190901,48938
72078,48938
47737,48938
59384,48935
111030,48935
255986,48935
1104,48934
288602,48933
23608,48931
76772,48931
86979,48931
99739,48930
96453,48930
233178,48930
60371,48928
176674,48928
9964,48928
100325,48926
185287,48924
34351,48923
23724,48923
60028,48922
189138,48922
16885,48920
265068,48917
160144,48917
169800,48912
211189,48911
142308,48911
242663,48911
10064,48909
171584,48909
172375,48909
239238,48906
60270,48905
35011,48905
200196,48905
229791,48905
16573,48904
42755,48903
31730,48903
153998,48903
234820,48903
28022,48901
74724,48900
291004,48900
234101,48900
74079,48899
39183,48898
204278,48897
213063,48896
194131,48895
8542,48893
46228,48893
55852,48893
31922,48893
29543,48893
48144,48892
192160,48892
134882,48890
37758,48887
30200,48887
6906,48886
29485,48885
80144,48885
70467,48884
131604,48883
8791,48881
114598,48881
149287,48879
73547,48878
52736,48878
65314,48878
296135,48878
74713,48878
17866,48877
15263,48876
32296,48874
40751,48873
52787,48869
52003,48869
36532,48869
7395,48868
164993,48867
273980,48866
207904,48865
3696,48865
10021,48865
29593,48864
281068,48864
114019,48864
9181,48863
288669,48861
4254,48861
43384,48861
158176,48860
109754,48860
63378,48859
8172,48858
41203,48858
2954,48857
180169,48857
37666,48857
23125,48856
280365,48855
3397,48855
275380,48854
50369,48853
20583,48853
49168,48852
105324,48851
46259,48851
155745,48851
15323,48849
270629,48849
50632,48848
27355,48846
4583,48845
33412,48844
17720,48844
234119,48843
171142,48843
218409,48843
30460,48842
123998,48841
128384,48841
15539,48841
378,48840
208751,48837
215652,48837
138,48835
63714,48835
31902,48833
87375,48832
272017,48831
203946,48830
74621,48830
179342,48830
54587,48830
16291,48828
262067,48827
47315,48826
147693,48826
31762,48825
40522,48824
238743,48822
202874,48821
114413,48819
69849,48819
278576,48819
59523,48819
96719,48818
27591,48818
122040,48817
40020,48817
103480,48817
32149,48816
141478,48815
87078,48815
206735,48815
57209,48814
49491,48813
8104,48813
6219,48813
159421,48812
40993,48812
38786,48811
26817,48811
15089,48810
96324,48810
275474,48809
13421,48809
67340,48808
130437,48808
286902,48808
102658,48807
293414,48807
43729,48806
168956,48804
48439,48804
186737,48803
98392,48802
264215,48802
28138,48802
36953,48802
135869,48801
22558,48801
248623,48799
81354,48799
222945,48798
13888,48797
7590,48797
102106,48796
3558,48795
179712,48795
11351,48794
21221,48794
285082,48794
259052,48794
157622,48793
36749,48793
294665,48793
264892,48793
27472,48793
34309,48792
43991,48792
264015,48792
35950,48791
10886,48790
226430,48790
15970,48790
153891,48789
65080,48788
19666,48788
139580,48787
241331,48786
95941,48786
150913,48786
7326,48785
197811,48784
24266,48784
33734,48784
146910,48783
172122,48783
181559,48783
225538,48783
79489,48782
50185,48781
208644,48781
56877,48780
22234,48780
129441,48779
124635,48778
209256,48778
201267,48778
11839,48777
27855,48777
73831,48777
274921,48776
7809,48776
291285,48775
248848,48775
99610,48774
288419,48774
14693,48773
217065,48773
63863,48773
46045,48772
23200,48772
39027,48771
96196,48771
35963,48771
217831,48770
134276,48770
138120,48770
17735,48770
26580,48769
117385,48769
59282,48768
149382,48767
228720,48766
30567,48765
109658,48765
201654,48764
36596,48764
118254,48763
184453,48762
278754,48760
270667,48759
40336,48758
64445,48758
56919,48757
200002,48756
272840,48756
18913,48756
181694,48755
18291,48754
78718,48753
193377,48753
218869,48753
10666,48751
67763,48750
19135,48750
18564,48750
70616,48750
147485,48749
260882,48748
265695,48748
292046,48747
7278,48747
14236,48747
21494,48746
166308,48746
258712,48745
147684,48745
284539,48744
4687,48743
9060,48742
273829,48742
212879,48742
205285,48741
279802,48741
206442,48740
108171,48740
35155,48740
266494,48739
43599,48738
188856,48738
15034,48738
77850,48738
39318,48738
214755,48736
24130,48736
38148,48735
53515,48733
168817,48733
232794,48733
248357,48732
53846,48732
72567,48732
228217,48731
135244,48730
12132,48730
36893,48729
256444,48729
48305,48729
50347,48728
92294,48728
77043,48728
68205,48726
18367,48726
10542,48726
152101,48725
252181,48725
84044,48725
216715,48723
5204,48723
45826,48720
210112,48720
197714,48719
60931,48719
50697,48716
18706,48715
18554,48715
7184,48714
67013,48713
17760,48713
117683,48713
192904,48711
65412,48711
24162,48711
2137,48711
35397,48709
5197,48709
257052,48708
120902,48708
191630,48704
205248,48703
17152,48700
51881,48700
22979,48699
31348,48698
26551,48698
34636,48698
279700,48696
161714,48695
247885,48695
57735,48695
193726,48695
34560,48694
23018,48694
272578,48694
74129,48692
223375,48692
6966,48691
283139,48691
251747,48688
23498,48687
189751,48686
140507,48686
228188,48685
215330,48685
58002,48684
267850,48684
69549,48683
187403,48683
295734,48682
45162,48681
256632,48680
159251,48679
231964,48679
49910,48678
64192,48678
295479,48677
79421,48676
4206,48675
69303,48675
286330,48674
26953,48674
287365,48673
64639,48673
144779,48673
129475,48673
113974,48671
43468,48671
184868,48670
24568,48668
256726,48668
77759,48668
2126,48667
251616,48667
295698,48666
80457,48666
13845,48665
36714,48664
286300,48663
11098,48662
13418,48662
273603,48661
21002,48661
268530,48660
246430,48658
242106,48658
21007,48657
182955,48656
238198,48656
105700,48655
40421,48655
192069,48654
196815,48654
3980,48654
157897,48654
21711,48653
5952,48653
50866,48652
107277,48652
216386,48650
191886,48649
289726,48648
32253,48647
8207,48646
61451,48645
202712,48645
165363,48644
20609,48644
198961,48644
194256,48644
254426,48644
58682,48642
260405,48642
130470,48641
18943,48640
14957,48640
5032,48639
226957,48638
11590,48638
53531,48638
68340,48637
57600,48637
296524,48637
127152,48636
74830,48636
214385,48636
218433,48635
11115,48635
238649,48635
36683,48634
234294,48634
283373,48634
280148,48633
269671,48633
32945,48633
738,48632
269729,48632
68910,48632
282413,48631
145521,48629
49521,48629
7663,48629
60486,48629
155879,48628
186106,48628
241109,48628
227942,48627
161576,48627
51954,48627
12151,48626
47883,48626
77117,48625
196020,48624
80514,48624
268627,48624
212039,48624
294554,48623
62904,48623
109493,48623
296536,48622
255327,48622
268822,48621
102544,48621
100397,48620
218245,48618
90257,48617
5758,48616
239625,48616
267360,48616
8387,48616
52997,48615
35084,48615
237537,48615
7499,48613
14811,48613
162032,48613
24689,48613
33509,48612
171922,48610
25897,48610
79820,48610
107134,48609
206643,48608
114597,48607
22594,48606
101116,48606
40444,48606
57984,48604
32920,48604
128891,48603
55225,48602
205915,48601
35245,48601
143492,48601
26663,48599
200551,48599
27202,48599
25687,48599
127308,48599
140059,48599
78286,48598
3767,48597
65478,48597
21855,48597
273705,48597
292519,48596
35980,48596
51701,48595
52215,48592
5711,48592
70270,48592
174043,48592
61478,48590
188174,48589
149474,48588
47294,48588
260651,48588
240400,48588
106810,48588
188908,48587
200534,48587
93988,48587
46146,48587
38089,48587
69199,48586
165320,48586
95988,48586
243888,48586
204311,48586
44454,48585
203634,48585
136015,48584
113511,48584
25983,48582
52588,48582
223283,48581
11105,48581
287445,48580
172231,48579
66093,48579
10051,48579
53597,48579
283604,48579
195580,48579
100887,48578
173876,48578
29825,48578
101133,48578
239062,48577
102015,48576
162391,48576
40593,48575
250171,48575
81640,48574
175519,48573
94113,48571
271990,48571
210054,48570
205452,48570
129340,48569
14664,48569
286042,48569
27065,48569
89226,48568
27600,48568
34616,48568
20995,48568
161637,48568
48881,48567
88768,48567
19074,48567
215907,48565
295810,48565
86543,48565
22977,48562
13205,48562
281794,48562
68623,48562
269512,48561
77158,48561
121793,48561
139528,48560
19095,48560
215020,48560
166400,48560
253760,48560
44944,48559
62893,48559
53154,48553
18712,48553
154505,48553
180852,48550
281282,48549
28084,48548
175031,48548
33151,48545
293989,48544
266938,48544
247834,48544
29785,48544
150644,48543
176181,48543
41592,48542
2865,48542
281030,48542
273932,48542
96268,48541
173886,48541
288219,48541
153610,48540
26914,48539
31658,48539
61680,48539
235927,48538
109432,48537
224083,48537
201016,48533
100310,48532
98536,48531
78232,48530
23004,48529
151093,48529
30670,48527
149097,48527
40373,48526
27477,48526
132173,48526
20675,48525
151239,48525
42056,48525
137387,48525
199047,48523
34327,48523
248494,48523
18560,48522
47808,48521
109630,48521
276893,48520
97209,48520
274639,48519
124607,48519
38032,48519
280833,48518
283405,48518
41802,48517
280947,48517
281138,48517
33933,48516
55308,48515
183259,48515
23447,48515
267763,48515
52535,48513
23649,48513
10611,48512
133920,48512
45542,48512
150371,48511
9867,48510
291891,48509
177975,48508
283967,48508
9327,48508
21648,48507
132433,48506
119890,48506
38501,48506
10185,48506
12547,48506
254411,48506
117724,48505
293251,48505
4360,48505
68696,48504
156260,48503
40582,48502
223149,48501
60654,48501
142042,48499
279656,48498
251285,48498
247108,48498
193396,48498
83583,48497
265819,48497
44087,48497
274641,48496
138311,48496
76459,48495
22640,48495
283870,48493
260453,48492
79465,48492
226763,48491
13068,48491
26980,48491
239435,48491
178392,48489
220320,48489
48714,48489
73567,48488
6689,48487
188034,48487
43083,48486
26815,48485
244398,48485
30459,48485
27914,48485
245055,48485
290507,48484
12614,48484
7294,48483
8702,48483
29515,48482
45842,48481
294899,48481
189892,48479
36127,48479
59339,48479
30562,48479
110821,48479
7177,48479
173212,48478
60652,48477
24774,48477
61461,48477
90675,48476
228946,48476
155449,48475
201631,48475
164479,48474
107552,48474
248440,48474
261052,48474
269899,48474
76803,48473
283343,48473
209770,48473
77349,48471
28137,48470
14946,48470
97476,48469
1380,48469
266747,48468
145863,48468
128684,48468
269471,48467
33620,48467
3339,48465
6406,48465
81614,48465
195875,48465
15389,48464
115396,48464
293896,48464
214967,48463
251809,48462
293026,48462
20855,48461
99636,48460
38301,48460
196895,48460
238903,48460
268526,48459
227684,48458
85318,48458
51279,48458
226357,48457
2299,48457
28320,48456
26396,48456
7971,48456
42766,48456
253838,48455
42607,48455
33655,48455
95991,48455
98763,48455
32043,48455
290392,48455
56987,48454
35552,48454
75338,48454
229585,48454
114494,48453
45870,48451
10693,48451
249369,48450
52604,48450
52154,48449
15529,48449
49432,48449
254962,48448
290369,48448
196147,48448
67880,48448
10589,48447
252727,48447
154536,48446
35371,48446
248761,48444
13362,48444
13756,48443
254695,48442
292350,48442
282634,48441
88128,48441
10348,48441
115931,48441
290158,48440
32448,48440
13052,48440
207493,48439
30558,48439
226441,48439
139604,48438
203742,48437
213251,48434
294809,48434
172984,48432
241452,48432
9428,48432
218854,48432
143022,48431
196312,48431
282836,48431
255651,48430
232262,48430
281575,48430
211767,48430
269292,48429
49300,48429
94398,48429
66955,48429
233987,48428
71769,48428
288842,48427
69111,48427
225174,48426
100606,48426
106749,48425
213226,48425
48573,48425
25275,48424
96296,48423
158714,48423
53870,48423
233523,48423
151428,48422
260068,48422
27140,48422
118536,48420
203611,48420
167258,48420
134128,48420
120410,48418
8560,48418
111253,48418
49620,48418
20285,48417
267605,48416
4378,48416
105498,48415
60519,48414
279025,48413
10941,48412
18213,48412
187068,48411
85012,48411
25575,48411
9447,48411
86533,48410
107830,48408
15398,48408
138054,48407
262270,48406
55389,48404
261827,48404
182962,48404
42476,48403
49827,48403
59802,48402
227709,48400
43240,48400
283998,48400
286637,48399
71402,48399
281999,48398
249530,48397
135844,48397
40,48397
7784,48395
142686,48395
206043,48395
115634,48394
216582,48394
11357,48394
279771,48393
81753,48393
113310,48393
22441,48392
120471,48392
18434,48392
10612,48392
232074,48391
54622,48391
12021,48391
97830,48390
245654,48390
107702,48389
20318,48389
33775,48389
204592,48388
70002,48387
265492,48385
197258,48384
220734,48384
123373,48384
5526,48384
269964,48383
186414,48383
30057,48383
101819,48381
35665,48380
35504,48379
62200,48378
57641,48378
233145,48378
64860,48377
17380,48377
28164,48377
54566,48375
84247,48375
136362,48375
76838,48375
20095,48374
4417,48373
26193,48373
141460,48373
240021,48372
100174,48371
64252,48371
111295,48371
16922,48370
230297,48369
86121,48369
70060,48369
46513,48368
250842,48368
14152,48368
200403,48367
48725,48367
35365,48366
96360,48366
32423,48366
294865,48365
162362,48364
17086,48363
231810,48363
15703,48362
231667,48362
146095,48362
43284,48360
256990,48360
228670,48360
94902,48360
84844,48360
170371,48359
191676,48357
219057,48357
52080,48355
218150,48355
3227,48355
140228,48355
115974,48354
191132,48354
228151,48351
119187,48350
20688,48349
202994,48349
209867,48348
88421,48347
80712,48347
282062,48346
203005,48346
26049,48346
289514,48345
285655,48345
66993,48345
17044,48345
198920,48344
99730,48344
247128,48343
383,48343
200217,48342
26976,48342
22410,48342
215640,48342
23082,48342
279601,48342
64712,48341
103976,48340
45408,48340
83315,48339
37204,48338
15325,48338
163464,48338
126443,48337
58711,48337
122169,48337
229021,48336
229645,48336
130627,48335
33532,48334
122531,48333
28372,48333
53950,48332
271067,48332
90114,48332
19229,48332
388,48330
39841,48330
165187,48329
137143,48328
42450,48328
69784,48327
4120,48327
26279,48326
169461,48326
92834,48326
134608,48326
103787,48326
30026,48326
90152,48326
42484,48325
43716,48325
130858,48325
74048,48325
205790,48324
20504,48322
66483,48322
9748,48322
14670,48321
233819,48321
2068,48321
59483,48318
78756,48318
42866,48317
265374,48316
29416,48316
30224,48315
289752,48315
152180,48314
30596,48314
122622,48313
66143,48313
14107,48312
95107,48311
264457,48311
182929,48310
281654,48310
89055,48310
176308,48309
76059,48309
196655,48308
155693,48308
190363,48306
262534,48306
268345,48306
73188,48305
9514,48305
99713,48304
106618,48304
35823,48303
63711,48303
206150,48302
210936,48302
98897,48302
127826,48301
179212,48300
221201,48300
7550,48299
53697,48298
13632,48298
118216,48297
21871,48296
223500,48296
50024,48296
144039,48295
39970,48295
139309,48294
294257,48294
71138,48294
198237,48293
109607,48292
52830,48291
187241,48291
166922,48291
85468,48291
59864,48291
27268,48290
200252,48289
139606,48288
270066,48288
88351,48288
230850,48288
119908,48287
21884,48286
43785,48286
24887,48285
13495,48285
262585,48285
14511,48284
9807,48284
183430,48284
49374,48284
16463,48283
12723,48283
82324,48283
282280,48282
131167,48282
37302,48281
172619,48281
118939,48281
280754,48278
271884,48278
125311,48278
248268,48278
91641,48278
81611,48277
193268,48277
215101,48277
14347,48276
196790,48275
44076,48275
7625,48275
21965,48275
230739,48275
209991,48275
271988,48274
78306,48274
284689,48274
290949,48273
120196,48273
238140,48273
26925,48272
64007,48272
224477,48271
21383,48271
51277,48271
98408,48271
2492,48271
7826,48271
284193,48269
9346,48269
153494,48268
236578,48268
119185,48268
112830,48267
69412,48267
280514,48267
284787,48266
101341,48266
7141,48265
246781,48265
205222,48264
282762,48263
269492,48263
167869,48262
251854,48262
201996,48262
10953,48262
14062,48260
262465,48260
10835,48260
280456,48260
117570,48260
132061,48260
112456,48259
63149,48259
215996,48259
21045,48258
218659,48258
27681,48255
107056,48255
102382,48253
31145,48253
109560,48251
217395,48250
53714,48250
138799,48250
211820,48250
20952,48249
12338,48249
136219,48248
10914,48248
119359,48247
232554,48247
68765,48247
26957,48247
58972,48247
263656,48246
14403,48246
9715,48245
30419,48245
52582,48245
72842,48245
103642,48245
192869,48245
35066,48245
19793,48245
287963,48245
252564,48244
4683,48244
270750,48244
200688,48244
195931,48243
84615,48243
22192,48242
156833,48242
5000,48242
180248,48241
54428,48241
154344,48240
165173,48240
51785,48239
71712,48238
286753,48238
108981,48238
220413,48235
264625,48234
22760,48234
54456,48233
292777,48232
285575,48232
116650,48232
44427,48232
134463,48231
150813,48230
25963,48230
257982,48230
8721,48230
41697,48229
632,48229
268398,48229
270206,48229
229435,48228
15837,48228
8661,48227
112697,48227
165510,48227
246329,48227
107804,48226
7617,48226
18602,48225
29056,48225
153355,48224
192600,48224
296340,48222
60706,48222
70912,48222
241127,48221
175516,48221
26406,48221
118316,48221
225708,48221
13920,48220
87503,48219
14011,48219
74219,48218
254938,48218
91212,48218
60297,48218
80643,48217
21825,48216
56017,48216
53308,48215
20350,48215
19428,48214
233965,48214
54292,48214
147599,48213
18923,48213
116473,48213
277315,48213
5905,48213
43410,48213
10544,48212
259153,48212
8591,48212
60082,48212
28041,48212
32622,48212
264291,48212
51986,48211
87623,48210
230630,48210
6190,48210
79350,48210
17186,48209
257730,48208
222293,48208
296457,48207
4737,48207
108784,48207
15892,48207
151795,48207
254413,48206
275772,48206
113410,48205
53791,48205
24026,48205
6155,48205
60722,48204
218607,48203
257575,48203
240309,48202
271216,48202
48254,48202
210906,48202
158293,48201
29790,48201
270008,48200
211168,48200
58528,48199
137887,48199
216511,48199
257270,48199
237486,48198
166996,48197
260951,48196
280196,48196
38106,48196
15319,48196
162716,48194
27962,48193
28028,48193
183433,48192
257189,48192
179318,48192
161421,48191
279611,48191
104000,48191
50375,48190
276891,48190
32343,48190
59533,48189
81944,48188
202233,48188
91423,48188
103557,48188
293561,48188
24234,48187
17457,48187
83182,48187
148511,48187
268020,48186
183097,48185
46168,48185
277006,48185
200128,48184
118411,48184
239558,48184
9898,48183
292959,48182
70786,48181
85029,48180
177609,48179
41887,48179
105292,48179
256893,48177
161021,48177
210478,48176
184213,48176
285942,48175
36469,48174
269453,48174
282387,48174
55164,48174
276939,48173
63580,48173
91479,48173
100878,48172
7045,48171
271835,48171
57447,48170
15258,48170
254791,48170
294879,48169
80335,48168
272222,48168
74818,48168
186024,48167
2746,48167
42332,48166
56092,48166
20953,48165
42391,48165
273186,48164
111173,48164
14007,48164
28607,48164
44993,48163
17800,48162
217855,48162
242477,48161
263573,48161
4882,48161
91565,48161
23857,48161
121678,48160
1781,48158
83668,48157
40291,48157
59297,48156
278575,48156
260866,48156
228869,48156
251725,48155
237715,48154
290029,48154
101111,48153
66295,48153
5538,48153
228274,48152
47722,48151
124211,48151
253050,48151
234282,48151
55470,48150
278223,48149
349,48149
95284,48149
64846,48148
3334,48148
88938,48148
34877,48148
18103,48147
156918,48146
14941,48146
5169,48146
14972,48146
7131,48145
239697,48145
275509,48145
45520,48144
63801,48144
126502,48143
259461,48143
51136,48142
261355,48142
33903,48141
36473,48141
142125,48140
61142,48140
8059,48140
77501,48139
251570,48139
242783,48139
31718,48139
279718,48138
83025,48138
225929,48138
57441,48138
219813,48137
49657,48137
121603,48137
237563,48136
29868,48136
150098,48136
1470,48136
606,48136
53363,48135
31157,48135
102860,48134
291802,48134
62652,48133
185286,48133
18918,48133
43269,48133
16135,48132
63111,48132
221949,48132
8085,48131
93057,48131
8693,48130
247276,48130
54179,48128
101706,48128
21632,48127
259913,48126
130651,48126
15321,48125
119219,48125
155499,48125
48332,48125
224249,48124
13302,48124
106438,48124
102320,48123
261128,48123
180568,48123
292594,48122
31596,48122
229507,48122
5670,48121
164391,48121
265602,48121
283714,48119
160858,48119
2971,48119
1534,48119
230095,48118
294190,48116
292979,48116
144862,48116
124672,48115
202753,48115
90795,48115
264007,48114
281233,48113
177717,48113
25720,48113
221800,48112
18215,48112
71284,48111
84514,48111
247938,48110
57518,48110
49892,48110
12803,48109
193886,48109
13840,48109
52260,48108
7786,48108
135373,48107
135059,48107
81095,48107
24125,48107
76074,48107
50458,48107
123466,48106
34878,48106
85626,48106
10170,48106
16730,48104
234896,48103
284101,48101
22556,48101
326,48100
260112,48099
93605,48099
216704,48099
289973,48099
69153,48098
32452,48096
191247,48096
279461,48095
100849,48094
238161,48094
255425,48094
79730,48094
92532,48093
12542,48093
45160,48092
152540,48092
292281,48091
141504,48091
281720,48091
50597,48091
81020,48091
116333,48091
43608,48090
256471,48090
6856,48090
197629,48090
212938,48090
232985,48089
17539,48089
14967,48089
81765,48089
272867,48089
187205,48088
27744,48087
100623,48087
143539,48087
238155,48087
67867,48087
4086,48087
17403,48086
39109,48086
33628,48085
262293,48085
269281,48085
293070,48084
4887,48084
144946,48084
293686,48083
61942,48083
59392,48083
246158,48082
258913,48082
209609,48082
155236,48082
36183,48082
77563,48082
291772,48082
98902,48082
133247,48081
24781,48081
92726,48081
110242,48080
96256,48080
211295,48080
150004,48080
151475,48078
1537,48077
288256,48076
134383,48075
109028,48075
182088,48074
26674,48074
184241,48074
13609,48074
262107,48074
109949,48073
12327,48073
224746,48073
165057,48072
70312,48072
48411,48072
28537,48072
83989,48071
20917,48071
74473,48071
29848,48071
92546,48070
3920,48069
190681,48069
121689,48069
177990,48068
126195,48068
921,48068
278047,48068
10305,48067
81888,48067
5592,48067
9092,48066
260615,48066
14041,48065
21058,48065
101340,48065
38836,48065
293408,48065
15799,48065
35143,48065
197336,48064
34983,48064
105621,48063
80049,48063
84513,48062
127522,48060
166613,48060
22465,48060
40181,48059
214286,48059
229232,48058
38914,48058
170137,48058
193646,48058
76309,48057
290124,48057
47794,48057
20364,48057
117503,48056
187599,48056
256409,48056
151508,48056
7654,48055
202552,48055
265118,48055
17232,48054
234308,48053
9421,48053
146068,48053
7325,48052
6511,48051
282355,48050
49192,48050
25515,48050
197617,48050
288976,48050
28788,48050
152017,48049
280691,48049
269373,48049
78145,48049
269437,48048
198476,48047
37646,48047
78546,48047
194069,48046
8939,48046
111758,48045
34936,48045
245953,48045
64643,48044
250917,48044
196099,48044
12302,48044
42978,48043
291529,48043
180632,48042
145312,48042
25393,48042
192681,48042
3821,48042
204157,48042
78778,48042
261934,48042
159582,48041
56494,48041
15633,48041
274696,48040
43154,48040
235673,48040
87449,48039
117642,48039
197,48039
56280,48038
17100,48038
59298,48038
196325,48037
279752,48037
234869,48037
217271,48036
6394,48036
193747,48035
29734,48035
245457,48035
276979,48034
252977,48034
169670,48034
145952,48034
234339,48034
40168,48034
110302,48033
60076,48033
128042,48031
189919,48031
264621,48031
137914,48031
52574,48031
266677,48030
214719,48029
99264,48029
175478,48029
208584,48029
26013,48028
46237,48028
1325,48027
264357,48027
281374,48026
10979,48025
97670,48024
77082,48024
100006,48024
183964,48022
227119,48022
290246,48021
66621,48021
196196,48021
290513,48021
274385,48021
35975,48020
267870,48020
231927,48020
53052,48019
177573,48019
17123,48019
221394,48019
68236,48019
221217,48019
258129,48018
46255,48018
275926,48017
190842,48016
7939,48016
213017,48015
289852,48015
25582,48014
278318,48014
31320,48013
225265,48013
288978,48013
33053,48013
197337,48013
191509,48012
197851,48012
63293,48012
228082,48011
119702,48011
174761,48011
59221,48011
130893,48010
284591,48010
180109,48010
42225,48010
86383,48009
128642,48008
286614,48008
87957,48008
153228,48007
254512,48007
8066,48006
33685,48006
287375,48006
8420,48006
256271,48006
77420,48006
230961,48006
23844,48005
80860,48005
37691,48005
78323,48004
109497,48003
5288,48003
174507,48003
33096,48001
233385,48001
278885,48001
16339,48001
98800,48001
276460,48001
148313,48000
160937,48000
256212,48000
27046,47999
277604,47999
106592,47999
215460,47999
223786,47999
67237,47998
217565,47998
105753,47998
63407,47997
274449,47997
218622,47997
143002,47997
203477,47997
50,47996
242344,47996
7388,47996
268905,47996
76087,47996
66410,47995
18622,47995
107183,47995
44294,47995
7599,47995
111277,47995
267340,47993
201333,47993
6339,47992
47276,47992
108490,47992
162776,47991
13890,47991
135587,47990
46536,47990
40040,47989
54215,47989
197295,47989
230255,47988
252259,47988
109098,47988
124384,47987
54879,47987
115556,47987
168165,47987
23096,47987
257636,47986
32097,47986
229375,47985
137206,47984
113361,47984
201062,47984
249538,47983
127883,47983
145217,47983
207260,47983
292245,47983
48601,47982
22121,47982
105117,47982
248932,47981
86686,47981
256547,47981
133513,47981
11757,47980
23442,47980
248248,47980
272637,47979
4259,47979
149807,47979
199858,47979
2572,47978
211374,47978
295323,47978
35535,47977
187712,47977
131435,47977
237634,47977
273480,47977
230637,47976
163598,47975
181486,47975
59749,47975
174858,47975
290663,47975
240056,47974
284152,47974
36900,47974
64307,47974
170365,47974
232070,47974
123377,47973
257777,47973
244247,47973
118933,47972
49535,47972
47995,47972
175826,47972
261755,47972
270990,47971
165630,47971
22949,47970
46252,47970
62073,47969
174210,47969
236739,47969
45782,47968
187071,47968
231502,47968
216076,47968
132747,47968
20808,47967
18406,47967
72657,47967
51681,47967
228362,47967
40257,47966
216393,47966
11785,47965
86688,47965
24105,47965
281469,47965
83508,47964
93127,47964
1941,47963
99148,47963
39142,47963
160077,47962
183530,47962
144633,47962
49942,47962
32206,47961
8295,47961
77848,47961
262804,47961
54228,47960
13158,47960
82560,47960
8530,47960
236025,47960
212789,47959
257496,47959
216315,47958
20007,47958
18626,47958
89211,47957
257589,47957
34743,47957
269286,47957
14826,47957
110848,47957
243395,47957
114648,47956
198726,47956
176605,47956
163384,47956
258996,47956
156551,47956
69048,47955
69244,47955
180602,47954
28049,47954
248086,47954
244463,47954
108987,47954
64108,47954
283519,47953
76157,47953
95600,47952
286155,47952
37494,47952
27037,47952
173271,47952
127265,47952
85710,47951
294068,47951
143253,47951
9700,47950
40685,47949
287188,47949
262650,47948
208009,47948
258241,47947
143104,47947
16528,47947
10977,47947
104839,47947
144812,47946
187012,47946
263273,47946
215896,47946
136511,47946
230296,47946
275316,47946
13941,47945
182636,47945
71006,47944
164959,47944
71058,47944
147921,47944
97429,47944
138752,47944
48948,47943
135047,47943
293599,47943
289047,47943
41525,47942
137133,47942
261410,47941
152853,47941
283816,47941
48823,47941
173134,47940
32315,47940
92156,47940
18649,47940
262931,47939
29000,47939
276483,47939
28666,47939
246026,47939
30833,47939
296201,47939
33202,47938
157334,47938
131879,47938
2799,47938
217051,47938
252124,47937
112200,47937
111476,47937
40655,47937
135851,47936
7902,47936
246594,47936
65292,47936
114837,47936
263485,47935
262621,47935
23401,47935
8866,47935
26597,47934
177113,47934
287436,47934
18640,47933
95591,47932
173945,47932
100043,47931
167527,47931
262890,47931
213720,47930
179932,47930
188776,47930
3363,47929
153046,47929
285703,47928
239014,47928
223450,47928
177823,47928
192836,47927
277923,47927
253596,47927
84298,47927
200268,47927
113622,47927
50900,47927
246085,47926
84662,47926
245733,47926
76103,47925
212084,47924
18119,47924
65031,47923
41650,47923
57298,47923
10754,47922
209902,47922
295811,47922
8159,47921
220785,47921
5134,47921
212053,47920
183545,47919
36699,47919
204168,47918
181274,47918
126716,47917
10650,47917
74385,47916
111192,47916
248532,47916
196085,47916
20948,47915
74233,47915
20049,47915
200789,47914
154842,47914
276873,47914
4806,47914
208386,47914
178562,47914
291077,47913
211400,47913
177224,47913
255117,47913
103879,47913
63512,47912
175213,47912
83341,47912
84649,47912
28952,47911
8587,47911
56271,47911
132942,47910
213550,47910
652,47910
29668,47909
93107,47909
161610,47909
30886,47908
23267,47908
263078,47908
89252,47908
224829,47908
43360,47908
215943,47907
206649,47907
274187,47907
111684,47907
188706,47906
242048,47906
23203,47906
258207,47905
149052,47905
291801,47904
272104,47904
39983,47904
275042,47904
53592,47902
212417,47902
282260,47902
161468,47900
166390,47900
9119,47900
264911,47900
10233,47900
225905,47900
206791,47900
42344,47900
208416,47900
49755,47899
154568,47899
238402,47898
68352,47898
43795,47898
270787,47897
121174,47897
22874,47897
183022,47897
278432,47897
18427,47896
181937,47896
244932,47896
270132,47896
50947,47895
78218,47895
22309,47895
90659,47895
39074,47895
278585,47895
72525,47894
9689,47894
281688,47894
7916,47894
6070,47894
209693,47893
229927,47893
229206,47893
108483,47893
9185,47893
17597,47893
43518,47892
214803,47892
95215,47892
151084,47892
49172,47892
81033,47892
211070,47891
292337,47891
35846,47891
52552,47891
27101,47891
40138,47891
283541,47890
210781,47890
120369,47890
240421,47890
34829,47889
138027,47889
175229,47888
96061,47888
36081,47888
287949,47888
180578,47887
176857,47887
93653,47887
219828,47887
73049,47887
42072,47887
157166,47886
17396,47886
5174,47884
147375,47884
150543,47884
13062,47883
40645,47883
17120,47883
16070,47883
283323,47883
121559,47882
11824,47882
31131,47882
256246,47881
210859,47881
80043,47881
58436,47881
9567,47881
9040,47880
104126,47880
98286,47880
296571,47880
38985,47880
14435,47880
82441,47879
240942,47878
280024,47878
281205,47878
281090,47877
133397,47877
226273,47877
206707,47876
133321,47876
7235,47875
221189,47874
68376,47873
133643,47873
281978,47873
131409,47872
159976,47871
199156,47871
226666,47871
263605,47871
293765,47870
234015,47870
1479,47869
280350,47867
16522,47867
24760,47866
6314,47866
84692,47866
190198,47865
88480,47865
162444,47865
234053,47865
122401,47864
239968,47864
224528,47864
103772,47863
255506,47863
292933,47862
287566,47862
278068,47862
62354,47861
85365,47861
112656,47861
118006,47861
140094,47861
28887,47860
143769,47860
39411,47860
125264,47859
25507,47858
133483,47858
60005,47858
71241,47858
97108,47858
89703,47858
268584,47857
286829,47857
61890,47857
42729,47857
255585,47856
271316,47856
85551,47856
194616,47855
80088,47855
98278,47855
1004,47855
224095,47854
20080,47854
294115,47854
229495,47853
280888,47853
72201,47852
63954,47852
196373,47852
291792,47852
43014,47852
43688,47851
132880,47851
18296,47851
296424,47851
107911,47850
7103,47850
55087,47850
243154,47850
60038,47850
282550,47849
282721,47849
18789,47849
31457,47848
34253,47848
141174,47848
270539,47847
208968,47847
76833,47847
270788,47847
19961,47847
177636,47846
12239,47846
107691,47846
273599,47846
219364,47846
178886,47846
263105,47845
177553,47845
16798,47844
233111,47844
7702,47844
288334,47844
11979,47843
115573,47843
211722,47843
29488,47843
169424,47843
243279,47843
254720,47842
110249,47841
172665,47841
171756,47841
127052,47841
49906,47841
213471,47841
33881,47841
14808,47840
247776,47840
21313,47840
198861,47840
211949,47840
10335,47839
39896,47839
91007,47839
257619,47839
295318,47839
223291,47838
146362,47838
236744,47838
18854,47838
115777,47837
187545,47837
86840,47837
174072,47837
157452,47837
51107,47836
80274,47833
228419,47832
246688,47832
146764,47832
171239,47832
35850,47832
12962,47832
176812,47831
37665,47831
193815,47831
267395,47830
46719,47829
163102,47829
114465,47828
120019,47827
1988,47827
4742,47827
59045,47826
19204,47826
103296,47826
14927,47826
52862,47825
234264,47825
248193,47825
33525,47825
286090,47825
249,47824
160139,47823
249836,47823
281346,47823
11167,47823
34874,47823
270524,47823
186120,47823
1787,47823
37772,47822
45711,47822
56968,47822
10847,47822
161997,47822
47424,47822
296270,47821
185001,47821
51027,47821
32019,47821
17623,47820
159687,47820
17361,47819
45726,47819
91181,47819
41350,47819
63890,47819
188098,47818
951,47817
119267,47817
268108,47817
281989,47816
113574,47816
33313,47815
95185,47815
292838,47815
268844,47815
72472,47815
129053,47814
183954,47813
286467,47813
102405,47813
25045,47812
221782,47812
293344,47812
170952,47812
107500,47812
55987,47812
237655,47811
108276,47810
44500,47810
25384,47810
238040,47810
293159,47810
80050,47810
19078,47809
22535,47809
237435,47808
33560,47808
72054,47808
292969,47808
43547,47807
129230,47806
169718,47805
94263,47805
198210,47804
19830,47804
84579,47804
267872,47804
280201,47803
167705,47803
47724,47803
274438,47803
288785,47803
5104,47803
77993,47802
246348,47802
152108,47801
2212,47801
278289,47801
248841,47801
257564,47800
56921,47800
119875,47800
97876,47800
237952,47799
9547,47799
176288,47799
286922,47798
11476,47798
23631,47798
209426,47798
5755,47797
91175,47797
187648,47797
262574,47797
14471,47797
172649,47797
50859,47797
137538,47796
81486,47796
63231,47796
134195,47796
169937,47796
268924,47796
61605,47796
4324,47795
111044,47795
230291,47795
252734,47795
57060,47795
270660,47794
272437,47793
208088,47793
36115,47793
273099,47793
231683,47793
42684,47793
295378,47792
274999,47792
90590,47792
137629,47792
235021,47791
17905,47791
1072,47791
270422,47791
72530,47790
289950,47790
231311,47790
148606,47789
130298,47789
152508,47789
2073,47788
114176,47788
13882,47788
277755,47788
178485,47787
282328,47787
267193,47787
7174,47787
182748,47786
162372,47786
24692,47785
5332,47785
133465,47785
5118,47784
34873,47784
43953,47784
103016,47784
284117,47784
173534,47783
50809,47783
180531,47783
89073,47783
275069,47783
207385,47783
43127,47782
280321,47782
260265,47782
21354,47782
136201,47781
269059,47780
236945,47779
87330,47778
17395,47778
224442,47778
279456,47778
48485,47778
290917,47777
31189,47777
267200,47777
269362,47777
188673,47777
24335,47775
20201,47775
27201,47775
172119,47774
282905,47774
26122,47774
143329,47774
249761,47774
262276,47774
117481,47773
97566,47773
88287,47773
229087,47773
90530,47772
224304,47772
96020,47771
185339,47770
23788,47770
130054,47770
51404,47770
60558,47769
35642,47769
34357,47769
126909,47768
165482,47768
12388,47768
10889,47767
341,47767
165770,47767
11869,47767
52911,47766
117920,47766
222893,47765
217950,47765
29315,47765
257149,47763
12681,47763
76072,47763
183508,47763
100902,47763
28250,47762
223573,47761
43234,47761
39510,47761
161349,47761
213430,47761
206986,47761
135901,47760
56244,47759
200430,47759
275964,47759
58966,47758
85842,47758
290016,47758
189200,47758
258030,47757
292002,47757
56721,47757
10908,47757
256112,47757
110692,47757
40135,47757
26908,47757
282879,47756
200441,47756
12784,47756
268260,47756
13066,47756
198199,47755
6313,47755
231560,47755
11834,47755
216163,47754
86083,47754
4868,47754
25184,47754
179430,47754
43385,47754
115176,47753
95235,47753
24707,47753
8663,47753
211616,47752
241700,47752
103615,47751
154847,47751
17053,47751
223046,47750
160067,47750
259616,47750
105086,47750
217889,47750
207431,47750
57742,47749
76016,47749
273129,47749
26302,47749
198147,47748
161843,47748
251398,47748
250747,47747
236626,47747
183993,47747
280367,47747
74990,47747
116724,47746
276780,47746
156777,47746
147414,47746
251668,47746
253876,47746
8151,47746
99404,47745
258224,47745
57510,47744
12824,47744
230816,47744
68515,47744
159049,47743
206329,47743
50488,47743
82396,47743
268937,47743
839,47742
2832,47741
42809,47741
248207,47741
278835,47741
231353,47741
58284,47741
102078,47740
48727,47740
1804,47740
262988,47739
29277,47738
249983,47738
290858,47738
274160,47737
276806,47737
106943,47737
296298,47737
175591,47737
97416,47736
217964,47736
146755,47736
61966,47736
163016,47736
198896,47736
175409,47735
232940,47735
232210,47735
157259,47735
281337,47735
264883,47735
251200,47734
1292,47734
256191,47734
7753,47734
175064,47733
277762,47733
295860,47733
31886,47733
25409,47732
78935,47732
18961,47732
21949,47732
140547,47732
49354,47732
64536,47731
27238,47731
181684,47731
193550,47730
279267,47730
227583,47730
144299,47730
126469,47730
49885,47729
290165,47729
144823,47729
92583,47729
287890,47728
60471,47728
156312,47728
292151,47728
275202,47728
206411,47728
291753,47728
115376,47728
296273,47728
109408,47727
66250,47727
131396,47727
181366,47727
20188,47727
213,47726
238535,47726
189478,47726
68946,47726
277951,47726
67892,47725
23270,47725
62128,47725
10298,47725
226852,47725
55519,47724
295527,47724
41677,47724
272274,47724
14805,47724
16967,47723
284818,47723
23984,47723
49397,47723
34451,47723
118457,47722
20536,47722
223758,47722
88669,47721
213938,47721
35680,47720
8930,47720
43029,47719
33119,47719
255972,47718
218231,47718
67750,47718
269526,47718
102531,47718
276723,47718
9926,47718
234277,47717
123775,47717
43798,47717
192953,47717
9004,47716
271904,47716
252074,47716
144796,47716
157759,47716
181957,47716
104220,47715
175108,47715
107656,47714
60277,47714
272807,47714
56537,47714
23173,47714
21530,47713
195061,47713
274625,47713
54849,47713
223715,47713
106070,47712
88650,47711
277128,47710
40952,47710
41400,47710
231690,47710
166406,47710
142756,47710
59114,47709
114844,47709
254836,47709
51007,47709
126024,47709
200547,47709
217383,47708
268830,47708
89679,47708
25004,47707
217272,47707
221122,47706
189640,47706
248694,47706
201769,47706
222190,47705
84629,47705
22917,47704
118108,47704
272447,47703
56468,47703
61029,47703
278350,47703
249038,47702
248763,47702
269416,47702
35517,47701
45536,47701
270241,47701
242916,47701
237664,47701
10805,47700
23208,47700
48005,47700
210890,47700
16364,47700
178713,47700
62228,47699
34374,47699
7224,47699
87903,47698
217327,47698
30409,47698
96240,47698
151322,47698
284843,47698
119641,47698
251548,47697
265021,47697
99172,47697
263751,47696
26621,47696
44437,47696
256435,47695
67447,47695
167027,47695
57028,47695
39945,47695
142503,47695
5456,47694
222184,47694
216548,47694
246646,47694
32088,47694
273994,47694
105934,47693
39613,47693
13914,47693
228238,47693
242246,47693
197144,47693
296521,47692
87153,47691
282544,47691
253934,47691
164716,47690
31232,47690
25609,47690
84142,47689
286110,47689
267474,47689
246305,47689
49894,47688
21609,47688
108991,47688
42541,47687
276007,47687
127246,47687
249952,47687
73825,47686
147846,47686
197067,47685
23418,47685
280143,47685
33698,47685
9793,47685
44030,47684
234780,47684
36298,47684
260900,47683
30168,47683
245389,47683
204642,47682
66577,47682
96969,47682
193187,47682
10102,47681
259299,47681
8374,47681
22928,47680
109640,47680
30439,47679
40047,47679
60645,47679
194656,47679
15184,47679
133210,47679
74040,47679
186993,47678
48112,47678
113800,47678
71164,47677
17240,47677
202844,47677
178072,47677
153312,47677
112326,47676
181668,47676
49802,47676
22830,47676
44070,47676
159004,47675
114680,47675
248673,47675
64033,47675
238700,47674
38276,47674
47185,47673
194115,47673
224046,47673
197234,47673
88551,47673
29617,47673
200305,47673
180487,47672
73024,47671
89050,47671
212093,47671
205292,47671
164796,47671
153330,47671
256658,47670
223546,47670
270572,47670
79752,47670
74877,47670
8517,47670
110368,47670
168977,47669
225307,47669
156498,47669
259037,47669
33203,47668
103633,47668
253427,47668
175456,47667
15686,47667
47429,47667
250524,47667
31677,47667
203212,47667
7963,47666
256292,47666
286327,47666
31614,47666
174572,47665
41250,47665
70301,47664
189305,47664
118221,47664
37318,47664
224802,47664
293612,47664
22770,47663
273644,47663
114894,47663
29833,47663
79413,47662
25360,47662
185586,47662
101641,47661
197482,47661
146944,47661
269082,47661
173602,47660
25038,47660
203306,47660
165882,47660
110751,47660
234116,47659
143777,47659
185947,47659
16101,47659
114703,47659
115295,47658
181560,47658
295513,47658
52052,47658
166707,47656
719,47656
249350,47656
267458,47656
14602,47655
28490,47655
84060,47655
200661,47655
54105,47654
265940,47654
87321,47654
164717,47654
237162,47654
261774,47653
105270,47653
15295,47653
200902,47653
264541,47653
232679,47652
9857,47652
166901,47652
117945,47652
187445,47652
235494,47652
36348,47651
165467,47651
14683,47651
148297,47650
24762,47650
252285,47650
191304,47649
253658,47649
141757,47649
245735,47649
255905,47649
230548,47648
76178,47648
294934,47648
74312,47647
182883,47647
270127,47647
152445,47646
15928,47646
186483,47646
99982,47646
283736,47646
287788,47646
170094,47645
169216,47645
30810,47645
201470,47645
25027,47645
40709,47645
55072,47644
194852,47644
54795,47643
137583,47643
121043,47643
168903,47643
269973,47643
198902,47643
236462,47642
41434,47642
52595,47641
79629,47641
26187,47641
266211,47640
269040,47640
170408,47640
223471,47640
16812,47640
227067,47640
264475,47640
248382,47639
148480,47639
47039,47639
139780,47639
205427,47638
19307,47638
105263,47638
152736,47638
227287,47638
248227,47637
40757,47636
282353,47636
24648,47635
280969,47635
140333,47635
276841,47634
222630,47634
39873,47634
243822,47634
65351,47633
286396,47633
13184,47633
30367,47633
40441,47633
126718,47633
281884,47633
186325,47633
248956,47632
113372,47632
11221,47631
128296,47631
118473,47631
8214,47630
261247,47630
194268,47630
162547,47629
264786,47629
284562,47629
49554,47628
168610,47627
102380,47627
279667,47627
126135,47626
47351,47626
186909,47626
159567,47626
278721,47626
288397,47626
49436,47626
31105,47626
189845,47625
271863,47625
47848,47624
279731,47624
198764,47624
242577,47624
266666,47623
270273,47623
286297,47623
181600,47623
225245,47623
8043,47623
171410,47623
33386,47622
207354,47622
108588,47622
269984,47622
199681,47622
81826,47621
176482,47620
2202,47620
52299,47620
142840,47619
97430,47619
128095,47619
229682,47619
20496,47619
163414,47619
22148,47619
2494,47619
173942,47618
32404,47618
223850,47618
29789,47618
295512,47618
294462,47617
31847,47617
207344,47617
73925,47617
9979,47616
102339,47616
14796,47616
107275,47616
260218,47616
224549,47616
240504,47615
88646,47615
277233,47615
131126,47615
44967,47615
292665,47614
269654,47614
132527,47614
190068,47614
118808,47614
66422,47614
168203,47613
223364,47613
76342,47613
6119,47613
267518,47612
4440,47612
106726,47612
130733,47612
211355,47611
222281,47611
144431,47611
153567,47611
36259,47611
284242,47611
210770,47611
207426,47611
248586,47611
820,47610
205995,47610
11142,47610
218339,47610
94100,47609
275979,47609
124676,47609
162328,47609
136999,47609
29885,47609
185099,47608
188954,47608
79144,47607
176524,47607
267407,47606
266599,47606
35982,47606
66116,47606
121413,47606
113111,47605
226005,47605
8567,47605
56668,47605
41288,47604
163422,47604
56269,47604
84852,47604
102451,47604
30652,47603
254313,47603
269616,47603
280392,47603
52470,47602
177259,47602
113022,47602
251575,47602
120672,47602
107848,47601
224357,47601
137089,47600
37937,47600
249960,47600
63490,47600
25203,47600
292445,47599
122841,47599
16960,47598
195649,47598
237793,47598
193601,47598
187261,47598
140752,47598
48252,47598
286925,47597
270178,47597
280307,47596
87727,47596
164263,47596
10385,47596
178488,47595
216469,47595
89107,47595
191583,47595
279975,47595
291198,47594
18199,47594
76282,47594
56817,47594
294126,47594
110867,47593
273748,47593
54235,47593
7634,47593
268334,47593
9781,47592
1697,47592
162173,47591
258417,47591
107389,47591
4231,47591
240555,47591
96456,47591
20459,47590
187940,47590
52891,47590
