1963,100000
2857,68080
15801,64511
32497,61764
15300,60909
1668,57636
963,57505
20967,57293
53542,56560
19986,54922
44552,54880
8814,54879
4204,54382
57494,54267
1905,53930
5259,53847
4880,53814
61261,53808
6489,53590
65509,53387
91481,53356
36057,53270
48867,53188
117108,53156
161844,53084
54660,53069
33759,53043
4912,53017
31049,53017
8857,52863
25598,52853
106127,52802
29006,52666
50630,52611
98442,52580
173153,52538
33757,52473
5791,52443
111106,52426
55770,52394
92092,52365
37084,52360
73168,52327
87535,52310
25820,52297
31058,52252
48515,52247
86762,52211
125728,52198
19908,52180
256882,52158
66200,52155
23013,52138
241776,52110
158664,52093
223451,52081
73607,52022
240391,51999
62426,51946
134615,51929
57388,51922
249161,51906
53811,51889
127287,51883
290983,51880
97512,51875
8924,51871
51963,51870
16192,51865
110084,51837
144212,51828
9617,51820
39593,51808
38992,51802
8245,51794
45642,51786
213964,51773
78261,51772
55816,51765
22026,51761
4551,51747
43529,51746
4024,51741
22673,51735
264557,51710
163295,51704
4660,51678
6685,51674
280263,51667
72837,51666
211801,51657
227539,51651
122014,51646
78124,51629
984,51617
43338,51598
273076,51580
131505,51579
22669,51564
13318,51554
5705,51534
49825,51521
18084,51502
13251,51487
262980,51480
251837,51472
28379,51461
119958,51459
28489,51459
109680,51424
16611,51379
219253,51379
86713,51369
213785,51340
120165,51337
18889,51334
190766,51333
41330,51314
29842,51295
28255,51261
25267,51257
171344,51253
281427,51244
55209,51241
17856,51225
243884,51209
102430,51195
36045,51191
117167,51186
141983,51184
178622,51178
1331,51168
164276,51150
98160,51146
38589,51142
128490,51124
63322,51120
35363,51107
296476,51063
96810,51062
258819,51060
11437,51042
155356,51038
36401,51014
177244,50999
148369,50998
56076,50991
122225,50988
4966,50984
172823,50982
147796,50942
281372,50936
100789,50930
245515,50919
35866,50918
246540,50916
237047,50905
119146,50895
260629,50889
192487,50889
21582,50888
281529,50887
278029,50886
77566,50883
266508,50879
270267,50876
141442,50864
86587,50857
29071,50832
268120,50830
31370,50830
31773,50828
47036,50820
94305,50817
220786,50816
99082,50815
214855,50815
102515,50814
215372,50809
114896,50807
1409,50806
179840,50803
201754,50785
176721,50781
184290,50773
8423,50772
248106,50763
3120,50761
146370,50758
10463,50727
263551,50727
203078,50712
106673,50706
83449,50704
56640,50699
187260,50696
80494,50690
29487,50679
177219,50673
17686,50659
279497,50637
170145,50637
142895,50635
107430,50635
138548,50620
63807,50616
40852,50615
233138,50592
36181,50577
277060,50564
295792,50557
71043,50556
265242,50555
260108,50540
235164,50538
260483,50534
294980,50532
170525,50523
135523,50513
5443,50508
127193,50501
141974,50490
194726,50483
139968,50480
37145,50466
107013,50465
166622,50464
257397,50463
186716,50461
239027,50460
279500,50460
191707,50452
254892,50438
14450,50432
252529,50428
260920,50424
701,50423
7751,50421
241523,50420
184950,50415
222262,50411
251586,50411
33722,50406
247663,50402
228154,50395
127253,50389
38595,50370
18266,50354
158848,50344
80161,50341
233093,50340
217100,50336
11394,50323
274835,50322
267747,50317
265518,50315
249070,50309
244079,50305
244969,50303
188203,50288
222759,50283
175323,50282
100374,50282
9239,50267
25785,50263
110339,50262
39124,50247
103627,50247
134337,50239
134029,50239
127776,50234
248303,50222
125934,50214
177648,50212
7904,50204
154216,50197
228061,50196
266118,50194
17368,50185
214153,50179
69100,50173
295449,50171
90910,50158
143046,50158
140057,50154
60408,50151
256976,50150
206287,50149
10296,50135
21590,50129
114548,50121
136694,50121
3398,50119
69148,50113
64840,50109
243476,50107
83340,50106
280936,50105
232782,50103
214739,50098
111691,50092
196581,50086
170254,50066
228741,50051
5662,50050
294493,50044
154628,50043
108448,50041
284007,50040
161316,50039
46722,50030
171831,50026
205417,50025
56918,50023
185674,50002
121058,50000
32862,49995
10696,49987
278719,49983
178535,49981
166128,49972
156389,49970
98105,49966
73634,49958
262786,49956
270866,49951
39015,49947
226598,49945
266114,49942
211106,49935
242105,49933
98010,49925
278220,49922
336,49921
224458,49919
64850,49916
139313,49916
21043,49915
231015,49914
219696,49913
32547,49912
78135,49911
40103,49909
236473,49906
2340,49900
98235,49898
111144,49885
194333,49879
161824,49876
114564,49871
111891,49869
51990,49867
45664,49863
148311,49855
69567,49851
59716,49846
150607,49843
49127,49842
70451,49842
137619,49841
288047,49836
294898,49833
237841,49830
155817,49825
214919,49822
155941,49818
124239,49814
279243,49813
136300,49812
277844,49811
186826,49808
95957,49801
179484,49796
1525,49786
278655,49770
250172,49763
240211,49762
187925,49760
208374,49759
286739,49753
29914,49752
189165,49752
205293,49744
20863,49736
94681,49729
234021,49723
164858,49723
263470,49723
71312,49722
39987,49709
189372,49697
205838,49697
36188,49696
229880,49691
71855,49691
223304,49690
77705,49680
68890,49679
207837,49678
158103,49665
23496,49655
277253,49648
143444,49647
1944,49642
167437,49641
29008,49635
178449,49633
163915,49632
209634,49631
274444,49630
236931,49623
256802,49611
72235,49605
179157,49605
174447,49602
30893,49594
205176,49594
116289,49591
69058,49590
18940,49588
84101,49587
102213,49583
166247,49583
202781,49580
35281,49580
281705,49579
62722,49572
29596,49565
199187,49563
96783,49561
86982,49560
272623,49557
83993,49557
289728,49551
44569,49549
261004,49540
163405,49537
12745,49536
3223,49536
261295,49535
203325,49519
59159,49518
35922,49517
194699,49516
68304,49506
245703,49506
30669,49503
118214,49498
9150,49497
155605,49495
238915,49488
248256,49487
49999,49477
166001,49476
132709,49476
152041,49472
97325,49468
204199,49464
272056,49463
167319,49460
93743,49457
248862,49456
125336,49456
122311,49453
47576,49453
40794,49446
74439,49439
18067,49439
57016,49437
16488,49433
105997,49428
62775,49427
155101,49427
45866,49426
129145,49426
14218,49419
3689,49411
179829,49407
278081,49404
184427,49401
290832,49398
9227,49394
14887,49393
15945,49393
28436,49390
100112,49390
48244,49388
70035,49376
55645,49375
233430,49374
267260,49372
288666,49371
156606,49364
263188,49364
167462,49356
221651,49355
40680,49352
233479,49350
118161,49349
281620,49345
295034,49343
26683,49342
11309,49342
62516,49341
198239,49333
226380,49332
79573,49331
24157,49330
258134,49330
10412,49327
245429,49325
39689,49323
14722,49321
291587,49313
138191,49312
156272,49312
98770,49309
3281,49309
183331,49308
152758,49306
72647,49305
135628,49298
19637,49298
251587,49296
161041,49293
119454,49291
37785,49285
181515,49278
270229,49276
24881,49270
235030,49259
101343,49258
108547,49257
54063,49253
149006,49252
64162,49251
243518,49247
52839,49246
110757,49245
154765,49237
266318,49235
260148,49230
149252,49229
119026,49221
245405,49221
148852,49219
83435,49219
20152,49215
100799,49214
115989,49211
43885,49207
257830,49207
290849,49206
196156,49205
103847,49204
137423,49204
87275,49204
290826,49199
105394,49196
178542,49195
168981,49193
192794,49193
147266,49191
182844,49190
251432,49189
144283,49189
57331,49184
192126,49180
104479,49177
113047,49175
214149,49174
95227,49173
126462,49173
47635,49172
77610,49171
176375,49170
233738,49168
93146,49167
135256,49166
168398,49164
268722,49159
253441,49157
37609,49156
169163,49156
58811,49156
181989,49152
121942,49152
132630,49150
97621,49143
100031,49142
289833,49139
124930,49139
212329,49134
170974,49134
62011,49130
239672,49128
119517,49128
146432,49127
296179,49126
26484,49121
128169,49119
24262,49118
116345,49115
269027,49114
238587,49113
154267,49113
226090,49112
112838,49108
113503,49107
135917,49103
181167,49100
269992,49096
169128,49096
57231,49096
121117,49093
14603,49091
228533,49088
244285,49087
76559,49087
11948,49082
288428,49081
63664,49081
46607,49078
174778,49077
124196,49076
116065,49076
253411,49074
14472,49066
155435,49064
242540,49061
290808,49060
252249,49052
30463,49048
215014,49044
9530,49043
199586,49039
284855,49031
290414,49028
156553,49025
30177,49023
295911,49022
227524,49021
155852,49019
210236,49016
15573,49013
244776,49012
102549,49010
242239,49009
107135,49007
37473,49005
19619,49005
57717,49003
11058,49002
231731,48999
66017,48999
186473,48998
266311,48996
279896,48993
24649,48991
169899,48989
253500,48986
179126,48984
142701,48980
188635,48978
134968,48975
178171,48973
20348,48962
171823,48961
271850,48961
47193,48960
153598,48959
195500,48959
148882,48958
223771,48957
113718,48946
113219,48943
13721,48941
197275,48935
104524,48933
97816,48932
293804,48932
127328,48926
86030,48925
77907,48921
2856,48921
103956,48919
150804,48915
40014,48914
65646,48913
103825,48909
59421,48909
192303,48908
269135,48908
284237,48901
30328,48899
273824,48896
193390,48894
99607,48893
145067,48892
183803,48891
19546,48891
268362,48890
255974,48886
184460,48885
74401,48884
204575,48883
158344,48881
72760,48880
185436,48880
68235,48877
243926,48871
134363,48870
39537,48867
289035,48867
17226,48867
126306,48866
17529,48864
129438,48864
91885,48863
91820,48863
50086,48860
96907,48859
27322,48856
121142,48855
82484,48854
243430,48851
108833,48849
191254,48848
31729,48844
252609,48839
58522,48837
59884,48836
26736,48833
276771,48827
271868,48826
275902,48818
206911,48817
138942,48815
208196,48812
206513,48810
281675,48810
230000,48809
293274,48808
200871,48808
19290,48801
186265,48798
281963,48797
246397,48794
248081,48793
23803,48787
61962,48786
136170,48784
29921,48779
164895,48778
67278,48778
260631,48772
31769,48771
198488,48768
242188,48767
234066,48767
23264,48766
155603,48765
153810,48764
5751,48763
8038,48762
235488,48762
53304,48759
93861,48758
294062,48757
264034,48757
14867,48756
237950,48756
22616,48754
211681,48753
97250,48752
61914,48752
132860,48750
281018,48747
192033,48747
230822,48746
268611,48741
10037,48740
132904,48738
904,48734
46452,48733
288453,48725
124935,48714
109416,48712
58312,48712
122147,48711
164013,48708
41839,48707
296180,48705
99167,48703
109482,48703
214300,48703
164560,48701
178172,48696
58787,48694
255169,48693
241123,48691
115307,48691
183277,48690
64623,48690
14376,48682
46849,48681
72150,48680
201313,48678
180630,48677
130290,48674
21495,48673
214239,48671
280284,48669
209569,48668
7752,48668
264261,48667
260978,48666
229825,48662
146127,48662
78156,48656
282461,48656
68871,48655
98485,48650
210841,48648
292298,48647
96932,48646
160697,48643
90397,48643
183074,48642
249175,48639
56794,48639
28657,48638
250340,48637
196749,48634
173990,48633
55954,48629
178295,48628
212595,48626
203283,48626
275131,48625
63034,48625
74185,48624
78453,48624
56512,48619
23184,48619
220902,48617
127317,48605
7503,48605
144032,48604
190451,48599
143384,48595
77954,48591
199948,48590
224043,48587
4052,48586
141367,48583
10729,48580
69396,48577
266026,48576
213283,48574
148816,48571
239521,48570
267470,48569
125393,48564
267382,48562
8089,48557
271800,48556
219947,48556
151052,48554
281962,48554
84393,48553
275113,48552
136143,48549
269704,48545
28901,48545
215577,48540
227276,48538
97557,48537
69210,48528
10919,48527
124495,48525
35212,48525
165624,48521
25991,48520
131866,48517
271814,48517
16647,48516
39434,48511
179776,48511
181363,48511
191564,48511
197860,48507
2489,48507
197169,48504
30319,48504
137107,48503
287665,48503
196561,48502
194632,48502
235658,48501
157228,48500
199110,48499
174693,48498
271304,48495
277202,48493
201099,48489
2869,48489
287057,48489
264664,48487
223480,48485
6958,48482
246089,48482
176104,48480
155955,48479
286546,48476
295281,48475
191715,48473
153461,48473
182641,48472
160776,48472
49919,48469
210748,48469
166544,48469
57506,48469
54281,48468
287793,48467
238747,48464
258000,48462
161497,48462
72944,48459
74371,48459
261530,48454
6106,48454
167586,48454
141172,48453
287320,48451
274041,48448
80631,48443
225296,48442
224658,48442
210340,48442
42974,48442
23696,48437
72121,48437
119234,48437
49492,48435
149765,48434
13545,48431
250894,48431
185566,48427
70756,48426
33132,48426
85461,48426
140197,48425
36347,48425
92443,48421
25236,48420
276264,48419
7413,48419
279916,48419
8335,48419
140419,48419
249938,48417
200838,48417
61358,48417
93211,48416
71515,48414
130564,48414
238610,48414
239006,48413
176726,48412
259751,48407
168975,48403
178012,48403
161747,48402
125576,48400
214395,48399
205007,48399
202757,48398
109697,48397
242714,48394
134970,48394
263404,48393
118289,48391
21156,48389
245067,48389
24857,48388
240799,48387
246944,48387
101304,48386
19949,48381
192119,48380
113018,48378
148899,48378
139475,48377
54411,48377
226179,48375
12496,48374
233036,48374
114987,48373
175090,48373
253518,48372
222061,48370
119345,48368
205872,48367
219306,48364
956,48364
286092,48362
241681,48362
264841,48359
209821,48354
102664,48349
177836,48347
246249,48345
198560,48342
54129,48340
69917,48340
206037,48340
149858,48339
55704,48337
15062,48332
272461,48332
255008,48332
243542,48332
69214,48332
90248,48329
141571,48329
62049,48327
85874,48323
246428,48323
95677,48322
76142,48319
113781,48318
143047,48317
160390,48316
33001,48312
29780,48312
187930,48311
105543,48309
143050,48309
107596,48308
258736,48307
190934,48306
292318,48304
61393,48302
140776,48300
237778,48293
56438,48290
85577,48290
179504,48288
67887,48288
84025,48282
224977,48282
280842,48281
241951,48280
86862,48277
225450,48277
1812,48276
98341,48276
281995,48273
181313,48273
251834,48273
12145,48272
285574,48272
225329,48270
182964,48270
274162,48269
67919,48267
253853,48266
168892,48266
186399,48265
274190,48264
2268,48264
277631,48261
50009,48260
4533,48259
57967,48259
292982,48257
110595,48255
64720,48252
89048,48252
270946,48249
221486,48243
107902,48243
84722,48243
288668,48243
239606,48241
281449,48241
239962,48241
280280,48237
255221,48236
280084,48236
277789,48235
154688,48235
220173,48232
27423,48232
174550,48231
65508,48230
199554,48227
209260,48224
103567,48224
57805,48223
188048,48218
28580,48217
221539,48216
255103,48211
276994,48209
223648,48207
255477,48207
216090,48206
207427,48205
274457,48205
222019,48197
179858,48197
28312,48196
77472,48196
76105,48195
213661,48194
165093,48194
76913,48193
268337,48189
257746,48187
27154,48186
291216,48185
282072,48185
267506,48185
209935,48184
114580,48183
117639,48183
4517,48183
120641,48182
25169,48182
269043,48181
280666,48179
266358,48179
236467,48177
227450,48176
226580,48175
280186,48172
196278,48170
25056,48169
288385,48169
271475,48169
42593,48168
268301,48168
143389,48167
47360,48167
13485,48166
145421,48165
251969,48165
235234,48165
275247,48160
34919,48159
267657,48151
130712,48149
254524,48147
118527,48147
55960,48145
289209,48145
282463,48143
286353,48142
18350,48142
262812,48141
61128,48136
103424,48135
130422,48135
29827,48133
65576,48132
192459,48131
41599,48130
59225,48128
247119,48125
39140,48125
19182,48125
199438,48124
213279,48124
2610,48122
194689,48122
246078,48122
176746,48121
90953,48118
279741,48116
137150,48115
91227,48113
192021,48113
209285,48111
235822,48110
233414,48109
264111,48109
118451,48108
285265,48106
101841,48105
85137,48103
10640,48102
227422,48101
181815,48101
276973,48100
190410,48100
65675,48100
50454,48100
78310,48098
290641,48097
52424,48097
277229,48096
212561,48091
83312,48091
33104,48091
279324,48091
156370,48088
216202,48087
6680,48084
77313,48084
79743,48084
131714,48083
263434,48083
258382,48081
227952,48081
23106,48074
280515,48073
149018,48072
239315,48070
234434,48069
260595,48069
283985,48069
237306,48067
292986,48065
274490,48062
271559,48061
198791,48060
12703,48059
139757,48058
175238,48058
236640,48058
151794,48057
91346,48057
135691,48056
197630,48053
73552,48052
166019,48051
152062,48050
218302,48049
259626,48048
173754,48047
168560,48045
195784,48045
28993,48044
10300,48043
266574,48043
285258,48042
29377,48040
253036,48038
217845,48037
14622,48037
81895,48034
15926,48034
74288,48033
220858,48033
290782,48033
129055,48031
32664,48029
81598,48027
65878,48026
109733,48024
115037,48024
275676,48024
202944,48021
117484,48021
10202,48020
99162,48016
130666,48015
19610,48015
113356,48013
26095,48011
274323,48011
226338,48008
24408,48008
174977,48005
229525,48004
83762,48004
281362,48002
248695,48002
26405,48000
106856,47998
130469,47997
169504,47997
278678,47996
211263,47995
268838,47995
274197,47995
224397,47993
139120,47991
72919,47991
220345,47990
205880,47989
137371,47987
25736,47986
25557,47982
90437,47981
76393,47980
149162,47980
99059,47980
1434,47979
77251,47979
139733,47975
244548,47974
247362,47974
280900,47969
290338,47969
84293,47969
129150,47962
274357,47960
74133,47959
280357,47958
135511,47957
271317,47957
295960,47957
220531,47952
66867,47951
57998,47948
51974,47948
214043,47944
107356,47944
169805,47944
5954,47943
9090,47942
216630,47941
281121,47940
244172,47940
13002,47939
59537,47937
222508,47935
9357,47934
8577,47932
259952,47932
213770,47932
154775,47932
262635,47931
12753,47931
238539,47931
138467,47929
178037,47929
214443,47927
246751,47926
6589,47925
41084,47925
202710,47924
249888,47924
185062,47922
257336,47922
249239,47922
165269,47921
149096,47921
140924,47921
203323,47921
153781,47920
233431,47920
55827,47919
159292,47916
60425,47915
215901,47913
192297,47913
252599,47913
128076,47910
180537,47910
289281,47909
165549,47908
57832,47908
263126,47907
131276,47906
207313,47905
89461,47905
161195,47903
182169,47903
174048,47902
7230,47902
202606,47902
4617,47900
37376,47900
20994,47900
189942,47899
260427,47899
218040,47899
118365,47896
182726,47896
152043,47896
36334,47894
31156,47894
76763,47892
213697,47891
59624,47891
158468,47891
35028,47889
163407,47889
215235,47889
104882,47888
2665,47888
160498,47887
182527,47887
46235,47887
258238,47886
256892,47884
270186,47884
210233,47881
206432,47881
17961,47881
190229,47881
186560,47880
255228,47879
287347,47877
138571,47874
244887,47874
33263,47874
3562,47871
286969,47871
64332,47871
287762,47871
185092,47870
155855,47867
47865,47866
115139,47865
230273,47864
40185,47863
87870,47861
16818,47860
289769,47860
263797,47859
14462,47859
62380,47858
96459,47857
247953,47857
208871,47856
31523,47856
295024,47856
104718,47855
192800,47854
166940,47854
15348,47854
248292,47853
47249,47852
183539,47852
62497,47851
275419,47851
39460,47850
194759,47848
90938,47848
140105,47847
194392,47843
239550,47842
253625,47840
292878,47840
223772,47840
45825,47839
253943,47837
169567,47836
136299,47835
193645,47833
159498,47832
182955,47832
16109,47830
31954,47829
266032,47829
248680,47829
250644,47826
80459,47824
83839,47823
118156,47823
216072,47822
4866,47821
19655,47820
102287,47819
10823,47816
265648,47814
224571,47812
174923,47807
203236,47804
114739,47803
71271,47803
248143,47799
200921,47799
279696,47798
141395,47798
26586,47797
55666,47797
37222,47796
24130,47795
3703,47795
12823,47794
183625,47794
269440,47793
264490,47792
178303,47792
247353,47792
179124,47791
170663,47789
144609,47789
38858,47788
141971,47785
90132,47783
11479,47783
202763,47783
223248,47783
98874,47783
234040,47783
18107,47782
157068,47782
101710,47780
31737,47779
218021,47779
35784,47778
79612,47778
113977,47778
208101,47777
137897,47775
162701,47775
236114,47774
94987,47774
32668,47774
200254,47771
174980,47769
122738,47769
55773,47769
28039,47768
197308,47767
283260,47761
192688,47758
55343,47758
150600,47758
124360,47757
101256,47756
272363,47756
131729,47755
10653,47755
115959,47750
74515,47750
215462,47748
207629,47748
176209,47747
148910,47745
34502,47745
134978,47745
101780,47745
222193,47745
3073,47745
268437,47743
233559,47743
167683,47743
115751,47740
262155,47740
60175,47740
273159,47737
293650,47734
268051,47734
152837,47733
247410,47732
287108,47731
41795,47731
273133,47730
128324,47729
3277,47727
280831,47727
166913,47726
198943,47725
66159,47725
229530,47724
148909,47724
47920,47724
168725,47723
86690,47722
206371,47720
108960,47720
42279,47719
37023,47718
14884,47718
247489,47717
74737,47716
171057,47715
4560,47714
178268,47714
222341,47711
269111,47711
194913,47710
220951,47710
30526,47710
57593,47709
48199,47709
156970,47707
201675,47707
253567,47706
146116,47705
280893,47704
255646,47703
187802,47701
18258,47698
125363,47697
278653,47697
295282,47695
195441,47694
245748,47694
169322,47693
203435,47692
164072,47691
243003,47690
165560,47690
104964,47688
294273,47687
120626,47685
100930,47685
176962,47684
265820,47684
290099,47684
11884,47682
26516,47682
219281,47681
237616,47680
166691,47679
120252,47678
284762,47678
76096,47677
144674,47676
70238,47676
280239,47674
216743,47671
196495,47671
181963,47671
234907,47668
90673,47665
287141,47665
287173,47665
295596,47664
256003,47664
97277,47664
152929,47664
276917,47664
239479,47662
100923,47662
184155,47661
244489,47661
43308,47660
73142,47659
260617,47659
123316,47659
134497,47658
231495,47657
213555,47657
118025,47656
23504,47656
246682,47656
236216,47655
259865,47653
739,47653
179826,47652
236138,47651
287170,47651
140035,47650
163570,47650
93543,47649
27828,47648
82738,47647
105841,47647
243483,47646
8962,47645
191005,47643
44290,47642
137944,47642
102529,47642
281445,47641
294881,47641
109318,47636
289857,47635
250183,47635
130498,47633
294335,47630
197539,47630
74450,47630
188586,47629
118157,47628
63383,47627
153383,47625
249753,47625
292710,47624
4497,47623
35395,47622
222469,47622
173507,47621
247706,47621
255565,47620
37366,47619
39155,47619
236652,47618
173710,47618
204867,47615
249158,47614
230199,47614
237297,47613
233284,47612
183548,47611
214438,47611
88905,47611
177329,47610
35504,47610
208192,47610
13371,47609
188262,47609
191542,47608
126007,47606
22533,47604
248468,47604
154161,47602
266284,47599
241854,47599
10378,47597
90598,47597
63603,47597
129328,47596
221700,47596
261331,47595
12711,47595
293949,47594
193865,47594
4766,47594
279990,47593
150770,47592
127684,47592
244055,47592
205991,47592
207579,47591
275695,47590
246422,47588
254561,47588
264708,47588
292849,47587
245613,47587
193876,47585
164775,47583
85252,47580
189607,47580
268595,47580
217626,47580
118817,47580
60672,47579
8037,47579
283125,47579
376,47578
107185,47578
139445,47578
59453,47578
267057,47577
41834,47576
86438,47576
186363,47576
25538,47575
114388,47575
260372,47574
205153,47574
151094,47573
236540,47573
264576,47573
206661,47573
177793,47572
230452,47571
232468,47570
115397,47569
268912,47567
44793,47567
25391,47567
215068,47566
53226,47566
295997,47565
160596,47565
260064,47565
172130,47564
30769,47563
234594,47563
38909,47563
36888,47563
106266,47563
12650,47562
214143,47559
197559,47558
96904,47557
126875,47556
249394,47556
202703,47556
282171,47554
82640,47551
286041,47551
6264,47551
205380,47550
16639,47550
76955,47550
251750,47549
12121,47548
174932,47548
293437,47547
112242,47547
221623,47547
232883,47545
26661,47545
120068,47543
282894,47542
58157,47542
213513,47542
127116,47540
246796,47539
147991,47538
39323,47537
151449,47536
259733,47533
261645,47533
220032,47532
208463,47531
292348,47531
2722,47529
294128,47528
207077,47528
253782,47528
200214,47528
19562,47527
108924,47527
49342,47526
110827,47525
2511,47524
25180,47524
224938,47523
24126,47522
288129,47522
61171,47522
260813,47522
178016,47522
264300,47521
294824,47520
255025,47518
23438,47518
191765,47516
54513,47515
24345,47514
2237,47512
10228,47512
227792,47511
127380,47509
204568,47508
156430,47508
222805,47508
217583,47507
279977,47507
222585,47507
93730,47507
164214,47506
295178,47506
168053,47505
151024,47504
232114,47502
233937,47502
137647,47500
164033,47500
177371,47498
49249,47498
34939,47496
162780,47496
294030,47496
69287,47494
265678,47494
143814,47494
117267,47494
108213,47494
150159,47493
162312,47492
80804,47489
102330,47489
132752,47489
192550,47488
94111,47485
157855,47484
294999,47483
196219,47481
47056,47480
27315,47480
270669,47479
14600,47478
182329,47477
19079,47477
106354,47476
83701,47476
263746,47476
9473,47475
198679,47472
175573,47472
221209,47472
166947,47471
73113,47471
8475,47470
111454,47470
293615,47468
145824,47466
230094,47465
40048,47463
78046,47462
204347,47462
136510,47462
24160,47461
211662,47461
169811,47460
24505,47459
222791,47459
137434,47458
69779,47457
152120,47457
206497,47456
28922,47455
182954,47455
220792,47455
67332,47454
15556,47454
237215,47453
16556,47453
188187,47453
80669,47452
9455,47451
53344,47448
241226,47448
22942,47447
70861,47447
35728,47447
220630,47447
295493,47445
167276,47445
162314,47443
224115,47443
152852,47443
241467,47442
123712,47442
212625,47441
19432,47441
97168,47440
8179,47439
289253,47439
258350,47438
115322,47437
94221,47436
51707,47436
291879,47436
91133,47435
218374,47435
82998,47435
194752,47435
273739,47434
267313,47433
291609,47431
133696,47431
233997,47430
76660,47430
180771,47429
260694,47426
290962,47424
288713,47422
226308,47422
75575,47421
21695,47421
53709,47421
230474,47420
203933,47419
209179,47419
65427,47419
176137,47419
467,47419
101916,47418
233417,47418
217675,47418
33778,47417
38036,47416
34387,47415
235348,47414
107879,47414
37602,47413
21264,47412
242835,47411
102568,47411
148434,47411
251630,47410
52635,47410
70398,47409
242701,47409
8125,47408
175642,47408
264652,47406
53982,47404
43628,47403
130896,47403
189667,47402
67333,47402
54442,47402
288900,47399
13400,47399
137214,47399
271971,47399
259303,47399
224430,47398
148245,47398
117015,47397
216575,47396
104911,47396
254467,47396
255745,47394
38823,47393
183497,47392
109113,47391
242069,47391
43533,47390
245865,47390
258486,47387
263331,47386
49967,47386
150551,47385
95685,47384
55765,47384
265644,47384
221133,47382
106503,47382
41891,47381
291387,47380
5262,47379
286266,47378
49654,47378
24233,47378
95715,47377
11727,47376
8792,47374
227270,47374
204010,47373
46938,47372
176646,47372
192061,47372
125314,47372
61117,47371
234451,47370
56977,47369
22182,47369
247764,47369
207972,47369
24202,47368
22937,47367
271370,47367
232635,47366
67790,47366
251113,47366
83425,47364
10351,47363
77633,47362
141845,47361
269221,47360
101233,47358
296510,47358
71108,47358
154681,47358
121465,47358
225276,47358
179778,47355
93925,47354
174406,47353
118653,47353
62853,47350
241896,47349
287333,47347
25204,47347
137698,47347
27851,47346
189029,47345
132956,47344
292613,47343
273807,47342
137835,47341
238385,47340
256749,47340
97570,47340
19330,47340
20262,47339
255969,47339
84370,47338
211612,47338
30001,47337
123607,47336
281214,47334
271101,47334
220589,47334
139709,47333
45794,47332
53484,47332
292248,47331
284540,47330
147859,47329
287182,47329
721,47327
248592,47325
259246,47325
262594,47325
209219,47325
288614,47325
222945,47324
89327,47324
273908,47324
158297,47324
8523,47323
196252,47322
25427,47321
32627,47321
24470,47320
6348,47320
267820,47319
225342,47319
241648,47316
218160,47315
166633,47315
48455,47314
231132,47314
163474,47313
132958,47313
57919,47313
211915,47313
2485,47312
11024,47311
101370,47310
141998,47310
22223,47307
295286,47307
60883,47307
247845,47306
14750,47306
282620,47306
84787,47306
1404,47305
244072,47305
200649,47304
286965,47304
149814,47303
246708,47301
148708,47300
243881,47300
252111,47300
78866,47300
1072,47299
26826,47299
245102,47299
234411,47297
1632,47296
216249,47295
149355,47294
69370,47293
122,47293
151854,47293
202831,47290
101904,47290
88047,47290
149646,47288
167148,47288
45900,47287
212983,47287
251062,47287
126501,47286
190123,47285
87077,47285
3730,47285
291870,47285
181520,47285
193873,47285
287286,47284
197326,47284
253115,47282
88123,47282
123350,47282
158003,47282
131313,47282
281799,47282
232219,47280
5329,47280
81918,47279
19171,47279
245259,47279
111799,47278
84192,47278
196265,47277
167215,47277
238375,47277
134365,47275
30431,47275
57855,47275
100140,47275
67154,47275
266264,47275
154373,47274
47165,47274
146310,47273
209924,47273
128243,47272
105258,47272
72632,47272
287643,47272
273899,47272
15381,47271
269415,47270
271795,47270
162795,47269
7052,47268
257010,47267
78279,47266
262303,47266
149110,47266
248884,47266
249294,47265
275463,47263
289329,47262
174521,47261
290622,47261
266213,47260
279581,47260
285919,47259
195346,47259
290168,47258
179683,47258
136635,47258
281986,47256
296605,47256
215847,47256
30122,47256
255820,47255
254134,47254
278132,47254
59550,47253
137414,47253
247979,47253
89410,47252
277433,47251
267220,47250
4432,47250
22049,47249
238798,47248
161039,47247
2516,47247
90490,47246
87676,47245
219206,47245
211139,47244
235408,47243
235711,47243
252539,47241
251660,47240
262741,47240
221940,47239
22625,47239
11698,47239
168762,47238
42889,47238
75586,47237
2462,47237
115239,47234
282719,47234
218407,47232
185462,47232
61559,47231
152058,47231
178895,47231
281795,47230
270262,47230
38340,47229
245862,47229
88664,47228
170920,47227
234625,47226
101973,47226
189194,47226
149214,47226
174439,47225
106998,47225
261893,47224
100642,47224
282920,47224
281845,47224
296049,47223
209745,47223
209464,47222
195203,47221
136666,47221
266363,47219
155687,47218
211204,47217
141784,47217
264328,47216
72726,47215
253166,47215
105421,47214
74597,47214
263593,47213
256353,47212
129893,47211
46051,47210
285625,47210
293563,47210
207267,47210
113374,47209
247779,47207
243981,47206
165371,47205
295552,47204
100032,47204
174305,47203
17874,47203
55969,47203
240041,47201
259543,47201
257935,47200
271241,47199
267267,47198
23525,47198
14966,47198
205896,47197
127286,47197
3169,47196
245781,47196
102429,47194
236743,47194
170810,47194
113358,47194
279031,47194
246487,47193
15921,47193
81984,47193
124,47192
229286,47192
225811,47192
274459,47191
151188,47190
107675,47190
153600,47190
33411,47187
154340,47187
14467,47187
293287,47187
3799,47186
231802,47186
133911,47186
204283,47185
214569,47185
160602,47184
65953,47183
188065,47183
279156,47183
140874,47182
33337,47181
209695,47180
70195,47180
159246,47180
205959,47179
97935,47179
216992,47178
85416,47178
126192,47177
26720,47176
132901,47176
102601,47176
256325,47175
251900,47175
287350,47174
208051,47173
293248,47173
239048,47173
180552,47172
234930,47171
323,47171
192408,47171
273805,47170
17791,47170
176047,47169
265284,47169
275553,47169
146,47169
90128,47167
214654,47165
235447,47164
199056,47164
245177,47164
87716,47163
35996,47162
278176,47161
249543,47161
21083,47160
208189,47158
525,47158
240066,47157
216793,47157
244157,47156
111706,47156
262471,47156
135762,47155
147745,47155
288975,47154
286695,47153
222207,47153
125302,47153
246699,47153
208280,47152
289534,47152
130685,47152
254675,47152
181945,47151
288947,47150
238055,47150
257669,47150
267501,47150
203059,47150
6421,47149
6239,47149
11096,47149
65249,47148
232010,47147
57867,47147
248596,47146
196408,47146
152231,47146
153435,47145
235607,47145
295382,47144
229827,47144
131719,47144
23712,47144
30770,47143
132985,47142
125001,47142
263889,47141
117253,47141
3170,47141
174268,47140
289923,47139
33765,47139
165795,47137
161169,47137
273479,47135
20806,47135
37664,47134
222372,47134
284751,47133
276603,47132
131982,47131
146185,47131
158771,47131
88171,47131
166894,47130
76191,47130
278359,47130
63912,47129
220152,47128
14499,47127
54747,47127
262896,47126
286033,47125
250242,47125
179855,47125
158346,47125
156182,47124
28865,47124
274293,47123
206478,47122
23648,47121
23256,47121
7742,47121
227097,47120
1816,47120
81117,47119
256739,47119
126429,47117
222233,47116
243695,47116
213987,47116
16210,47114
97339,47114
94120,47114
169664,47114
36522,47113
193918,47113
20940,47113
76798,47112
263956,47110
77753,47110
183566,47110
144387,47109
201489,47109
183345,47108
190012,47108
231612,47108
243804,47107
170849,47106
264127,47106
99997,47106
278834,47105
267157,47105
111629,47105
45703,47103
214112,47103
195322,47102
145537,47100
231959,47100
294486,47100
137322,47100
25258,47099
177436,47099
222618,47098
136865,47098
169273,47097
136586,47097
292172,47096
48680,47096
219901,47096
229402,47095
100551,47094
254210,47093
244147,47092
259825,47091
255226,47091
102261,47091
145947,47090
164599,47090
169575,47090
92904,47090
19146,47090
228763,47090
32629,47089
41707,47088
182466,47087
28373,47086
195930,47086
5078,47085
121912,47085
19352,47085
14398,47084
53018,47084
155973,47083
174152,47083
264933,47082
129743,47081
35031,47081
284123,47081
54165,47081
132182,47081
238477,47080
155138,47080
17411,47080
188293,47079
296627,47078
197074,47077
285320,47076
261075,47076
286731,47076
285686,47076
270662,47075
191772,47073
103095,47072
227132,47072
260979,47072
277175,47072
199303,47071
256596,47071
239390,47070
150373,47069
227841,47069
126396,47068
160922,47068
289336,47068
218171,47068
204596,47067
204478,47067
27715,47066
238784,47066
165179,47066
71174,47066
268246,47066
143385,47066
22801,47065
214580,47065
201613,47064
105895,47063
135005,47063
263431,47063
261255,47062
87902,47062
290039,47061
39991,47061
234214,47061
189301,47061
102298,47060
139,47060
162316,47060
222800,47060
83356,47060
282787,47060
212975,47059
287903,47059
200394,47059
34723,47059
265639,47058
294361,47057
15881,47056
264218,47056
137947,47056
35027,47055
164908,47055
176943,47054
254356,47053
194887,47052
40521,47051
8821,47051
74166,47051
210253,47050
150026,47049
116826,47048
21660,47048
284430,47048
122148,47048
129894,47048
157318,47047
155963,47046
151155,47046
285608,47045
267841,47044
252833,47043
162039,47043
125345,47043
136039,47043
100389,47043
291203,47042
13197,47041
215721,47041
3459,47040
266175,47039
81626,47039
247982,47039
243991,47038
186019,47038
192995,47038
114512,47038
283547,47037
216603,47037
117564,47036
232942,47034
68658,47033
199469,47033
57650,47032
27300,47032
170746,47032
207835,47031
52493,47031
24080,47031
245754,47030
61866,47030
63027,47030
52887,47029
258829,47029
264829,47028
212122,47028
154145,47028
265451,47028
8388,47028
61407,47027
25846,47026
183122,47026
68710,47026
19041,47025
277090,47024
184769,47024
258602,47023
48265,47023
272892,47023
162392,47023
156676,47023
261648,47022
102046,47021
197724,47021
34228,47021
199865,47021
123240,47021
266208,47020
281786,47020
211855,47020
260856,47019
9959,47019
32070,47019
247187,47019
163265,47018
6876,47018
274534,47018
277314,47018
224862,47017
255661,47017
71675,47016
292551,47016
222130,47016
103253,47015
148483,47015
100793,47014
182970,47014
262366,47014
165402,47013
135333,47012
153300,47011
235637,47011
50691,47011
155925,47010
207808,47009
292961,47009
182159,47009
56674,47009
36008,47009
222544,47009
228528,47006
201747,47006
204318,47006
158872,47006
27759,47005
32392,47005
231871,47005
197330,47005
268295,47004
110861,47003
11769,47002
287757,47002
198207,47002
169709,47001
241792,47001
90540,47000
61973,47000
61628,46999
270167,46999
117,46999
173919,46999
154284,46998
89413,46998
274006,46997
212514,46997
132874,46996
11775,46996
190088,46995
282066,46995
136287,46995
3303,46994
66476,46994
230325,46993
48408,46993
287037,46993
108456,46993
36589,46992
294619,46992
166712,46991
144501,46991
212202,46991
270221,46990
228286,46990
170067,46990
292267,46990
277377,46989
137777,46989
281740,46989
286091,46989
26864,46989
76773,46988
213237,46988
140335,46987
26466,46987
142420,46987
265414,46986
148669,46986
135113,46985
224824,46985
63769,46984
104819,46984
188844,46984
227682,46984
185100,46983
142537,46983
264138,46982
104108,46982
225229,46982
38368,46982
232755,46982
270109,46980
251159,46979
66982,46979
171819,46978
222045,46978
257105,46978
106737,46978
131537,46977
143922,46977
16970,46977
189256,46977
256562,46976
2343,46976
295835,46976
38382,46975
227905,46975
236661,46975
200206,46975
241465,46975
186895,46974
52878,46973
236382,46973
124649,46973
79095,46973
88302,46972
145813,46971
106887,46970
242939,46970
264060,46970
278134,46969
126933,46969
93934,46969
34788,46968
256264,46968
33471,46968
151736,46967
171529,46967
95843,46966
207504,46965
6524,46965
115557,46964
267001,46963
7615,46963
122604,46962
185496,46962
218780,46961
24786,46961
197341,46961
108803,46961
148991,46961
184569,46961
265438,46960
46684,46959
286960,46959
91657,46959
47566,46959
276908,46958
22642,46958
62770,46957
166413,46957
167792,46956
158121,46956
19440,46956
52288,46955
127442,46953
139326,46953
238407,46953
71157,46952
172438,46951
123732,46951
257798,46950
40796,46950
25554,46950
124613,46949
198113,46949
99081,46947
56260,46947
77436,46946
277491,46944
188216,46944
108151,46944
163879,46943
15615,46943
83171,46942
291232,46940
35038,46940
219620,46940
646,46939
71608,46939
144907,46939
276391,46938
242177,46938
176612,46937
245152,46937
154790,46936
153516,46936
239730,46936
262444,46936
19914,46936
55303,46935
237689,46935
256457,46934
132269,46934
120551,46934
276569,46934
36100,46933
41481,46933
20951,46932
245574,46931
228531,46931
35822,46930
130881,46929
160420,46929
34762,46928
194873,46928
196346,46927
19543,46927
219147,46926
46903,46926
35185,46925
154928,46925
57208,46925
40846,46924
164115,46924
48990,46924
278522,46924
20837,46921
46470,46921
133412,46921
57912,46921
290133,46921
229650,46921
230543,46921
235099,46920
214974,46920
227596,46920
28606,46920
263812,46919
58272,46918
106400,46918
10771,46918
177376,46917
143287,46917
242985,46917
237687,46915
48610,46915
245030,46915
270947,46914
99075,46913
64882,46912
34362,46912
248290,46911
96825,46910
77143,46910
247534,46910
189810,46909
280377,46909
50080,46909
263599,46909
216071,46907
192266,46907
21195,46907
289945,46907
165772,46906
280811,46906
166,46906
244982,46904
194440,46904
53457,46904
114194,46904
207261,46904
73111,46903
207768,46903
155767,46903
140601,46902
68453,46901
202150,46901
4667,46901
210022,46900
37991,46900
242045,46900
293848,46900
3432,46900
177931,46899
17536,46899
292015,46899
134585,46898
278520,46897
232456,46897
222782,46896
82803,46896
11097,46896
178163,46896
138452,46895
150916,46895
192828,46894
95027,46894
45186,46893
161068,46893
221735,46893
191265,46892
284724,46889
274958,46889
258330,46889
281249,46889
29659,46888
15468,46888
187467,46888
279926,46887
182960,46887
56254,46887
249267,46886
35590,46886
285337,46886
101465,46886
98041,46885
78121,46885
182137,46885
95261,46885
139035,46884
225435,46884
173963,46884
129732,46884
206971,46883
24684,46882
136455,46882
6714,46881
207554,46881
278733,46881
189965,46879
53802,46879
210740,46879
111990,46879
253147,46878
66027,46877
231447,46877
136909,46877
273756,46876
196208,46875
97856,46875
163662,46874
294259,46874
30019,46873
181229,46873
33398,46872
268647,46872
18794,46872
222608,46872
227472,46872
122489,46871
57249,46871
255422,46871
259191,46871
283332,46870
204366,46870
726,46870
271484,46870
293904,46869
109473,46869
103926,46869
242871,46868
249942,46868
7876,46866
74814,46865
26664,46865
56665,46865
18048,46864
54030,46864
148801,46864
109677,46863
38681,46863
221858,46863
287635,46862
182313,46862
149981,46862
130835,46862
36340,46861
283911,46861
19360,46861
250474,46860
7316,46860
236256,46860
294362,46860
209420,46859
155008,46858
102434,46858
18774,46858
51388,46858
263479,46857
229242,46857
248454,46857
233096,46857
50146,46856
270735,46856
294846,46856
245849,46856
37264,46855
257134,46855
208488,46854
270646,46854
140786,46852
174263,46851
279549,46851
251326,46850
140343,46850
296073,46850
86614,46849
292966,46849
43110,46849
59053,46849
58899,46849
257183,46849
174757,46848
144345,46848
4641,46848
120133,46847
292488,46847
229945,46846
254715,46846
214861,46846
248058,46845
211770,46845
34368,46844
271561,46843
98146,46843
2226,46843
234659,46843
245142,46843
5753,46842
84801,46842
2323,46842
59083,46841
8907,46841
46747,46841
64769,46840
265157,46840
282190,46839
90870,46839
195334,46839
11883,46838
167838,46838
107155,46838
241230,46838
117892,46838
186815,46837
218621,46837
223014,46837
262469,46837
208017,46837
18870,46837
283366,46836
147213,46836
203186,46836
280166,46836
271471,46836
89901,46836
147240,46835
169827,46834
260239,46834
295718,46833
242457,46833
260175,46833
293649,46832
38449,46832
85079,46832
83999,46831
100821,46831
198850,46831
69360,46829
247899,46828
177449,46828
170204,46827
244742,46827
271378,46827
282586,46827
269254,46826
282916,46825
279839,46825
95480,46825
51252,46825
40647,46824
108771,46824
268671,46824
48216,46823
112176,46823
132293,46822
158743,46821
189737,46821
174738,46821
66690,46820
15107,46820
267402,46819
73548,46818
101983,46818
291521,46818
278489,46818
50141,46817
86662,46817
235089,46816
194362,46816
142067,46815
289378,46815
262267,46815
49936,46814
58038,46814
286494,46814
8700,46814
153693,46814
24918,46814
164859,46814
10833,46814
41225,46813
280858,46812
225950,46811
173293,46811
285785,46811
167315,46810
220240,46810
88661,46810
61170,46809
173790,46809
128939,46809
106163,46809
286481,46808
229316,46807
188959,46807
146440,46807
159072,46807
81061,46806
2043,46806
292302,46806
216884,46805
150309,46804
273027,46804
37662,46803
38207,46803
65094,46802
201020,46802
254607,46802
195694,46801
269532,46801
262222,46801
58618,46801
180927,46800
146306,46799
260129,46799
2617,46799
275392,46799
292220,46799
141257,46799
277208,46798
182397,46796
243736,46796
223345,46795
154954,46795
200463,46795
195103,46794
158280,46794
188484,46794
112095,46793
290658,46793
218940,46793
165849,46792
240959,46791
259860,46789
212108,46789
183929,46789
141163,46789
45725,46789
201552,46788
60335,46788
142760,46787
295742,46786
24005,46786
267330,46785
113970,46785
243335,46784
81433,46784
34588,46784
220373,46784
249650,46783
34809,46783
13250,46783
259589,46782
43425,46782
8706,46782
200188,46781
226729,46781
88434,46780
258426,46780
217810,46779
162725,46779
229989,46779
232721,46779
258563,46779
159058,46779
186631,46778
28557,46778
28967,46778
243409,46777
3261,46776
239886,46776
286004,46776
101608,46775
259147,46775
161573,46775
36035,46775
195889,46774
208174,46774
221342,46774
35280,46773
18815,46773
211287,46772
283718,46771
223545,46771
179700,46770
240396,46770
136874,46769
190536,46769
229863,46768
254707,46768
203481,46768
11938,46767
59774,46766
207671,46766
112527,46766
224320,46765
131414,46765
24207,46765
32438,46764
169974,46762
285430,46761
3987,46761
296131,46761
55931,46761
169004,46760
222201,46760
243092,46759
100597,46758
205584,46757
271896,46757
239731,46757
154118,46756
208161,46755
251539,46755
288709,46754
62457,46754
170026,46754
241422,46754
196925,46754
23886,46753
94690,46753
28609,46753
226996,46752
90652,46752
209809,46752
154808,46752
231457,46751
273509,46751
71235,46751
57817,46750
99029,46750
112104,46750
237977,46749
279399,46749
136075,46749
117627,46748
122931,46748
69647,46748
187175,46747
89362,46747
145943,46747
281867,46746
196284,46746
159866,46745
33894,46744
21263,46744
214775,46744
13829,46744
47614,46743
44326,46743
86856,46743
143512,46743
283896,46743
268667,46742
225501,46742
280427,46742
255602,46742
237239,46741
281327,46740
29544,46740
272933,46740
264754,46739
39626,46739
292726,46738
184527,46738
216299,46738
129609,46738
252791,46738
192046,46737
209385,46737
28755,46737
210957,46736
212813,46735
61347,46735
133753,46735
245546,46735
227876,46734
65153,46734
113638,46734
17477,46733
291893,46733
173654,46733
215430,46733
99304,46733
267704,46732
220111,46732
252375,46732
265791,46731
127375,46731
158910,46731
160885,46731
220097,46731
261637,46730
149290,46730
180394,46730
143,46729
153725,46729
206700,46729
174342,46728
203522,46728
31371,46728
257223,46728
238867,46727
113980,46727
278142,46727
278874,46726
152766,46725
134979,46725
251727,46725
45792,46725
204434,46725
36907,46724
173925,46724
14223,46724
122792,46724
230903,46724
22060,46724
193798,46724
126721,46723
30219,46723
225226,46723
37003,46722
51355,46722
189226,46722
261904,46721
167291,46721
272817,46721
135409,46720
75523,46719
232242,46719
287045,46719
292137,46718
256429,46718
253044,46718
199165,46717
129295,46717
273278,46717
287080,46717
255577,46717
253883,46716
102264,46716
250723,46716
194488,46715
284118,46715
262134,46714
159462,46714
249465,46714
50288,46714
10952,46713
187860,46713
176575,46713
196663,46713
171743,46712
253246,46712
19198,46712
123483,46711
61804,46711
294136,46711
80667,46710
88972,46709
27513,46709
804,46708
293991,46708
143666,46707
85918,46707
32399,46706
152936,46706
89375,46705
1120,46705
180606,46705
216800,46705
69717,46705
277982,46704
147087,46704
214457,46704
197636,46703
250884,46703
280599,46703
295161,46703
100841,46703
88793,46702
177176,46702
24545,46701
71840,46700
10764,46700
110991,46698
93813,46697
3929,46697
275226,46697
98961,46697
192801,46696
11520,46695
146059,46695
278245,46695
191526,46695
192457,46694
280255,46693
164931,46693
142971,46693
221123,46693
220506,46693
234042,46691
120617,46691
179563,46691
176895,46690
261465,46689
62501,46688
9536,46688
224552,46687
60602,46687
103047,46687
269376,46687
81329,46687
262580,46686
215825,46686
122984,46686
218,46686
97575,46685
234813,46685
229702,46684
229496,46682
295124,46682
114379,46682
218603,46680
273762,46680
147829,46679
125808,46679
15699,46679
52681,46679
25254,46679
80127,46678
6471,46678
127089,46677
166193,46677
5250,46677
96973,46677
151375,46677
104646,46676
273653,46676
243786,46676
226613,46676
241327,46676
201093,46676
7704,46676
6508,46676
257723,46675
7566,46675
278477,46675
245729,46674
230016,46674
10464,46674
290356,46674
288342,46673
269621,46673
267991,46673
44483,46673
139829,46673
215689,46672
15565,46671
208176,46671
104546,46670
231806,46670
245212,46670
100449,46670
23149,46670
227100,46670
271017,46669
290952,46669
23946,46669
269778,46669
263826,46669
212210,46668
159258,46668
67301,46668
191778,46667
237999,46666
22541,46666
186904,46666
290649,46666
19628,46666
66983,46666
254258,46665
265982,46665
237626,46665
230564,46665
224569,46665
143325,46664
10420,46664
230032,46664
140270,46663
275081,46663
64265,46663
64148,46663
55346,46663
109866,46662
247889,46662
115461,46662
150348,46662
290926,46662
268604,46661
249049,46661
228394,46660
76850,46659
12953,46659
137240,46659
63681,46659
28707,46658
174838,46657
189326,46657
214060,46656
187160,46655
262637,46655
248794,46654
270520,46653
262459,46652
122404,46652
281509,46652
202596,46652
185474,46652
138189,46651
143131,46651
220311,46651
155805,46651
33004,46651
71266,46650
288275,46650
263409,46650
154270,46650
162427,46649
27685,46649
170780,46649
199429,46648
149307,46648
25259,46648
202922,46648
201005,46647
61766,46647
94531,46647
162513,46647
28251,46646
46789,46646
25708,46646
214981,46646
186700,46646
79908,46645
180081,46644
73307,46644
132653,46644
4236,46644
248625,46643
159693,46643
270313,46643
51778,46643
177835,46643
265091,46643
73750,46642
103875,46642
22602,46642
78681,46641
167621,46641
208427,46640
94158,46640
190080,46640
35416,46640
294356,46640
222912,46639
136333,46638
223590,46638
293703,46638
163009,46638
9382,46637
256168,46637
167788,46637
280543,46637
23688,46637
7470,46637
244443,46636
108673,46635
263437,46635
188413,46634
16333,46634
6355,46633
129849,46632
130390,46632
133161,46631
179830,46630
205538,46630
236973,46630
245339,46630
140348,46630
226840,46630
253630,46630
170902,46629
226353,46629
166629,46629
73861,46629
84770,46628
17254,46628
149632,46628
291021,46628
265852,46628
276492,46628
250001,46628
64702,46628
283406,46627
157080,46627
95950,46627
190763,46627
121935,46627
142627,46626
115027,46626
278292,46626
118937,46626
132838,46625
281126,46624
252292,46623
52179,46623
147583,46623
39932,46622
25272,46622
145882,46621
265235,46621
37617,46619
21912,46618
182134,46618
20020,46617
63753,46617
40524,46617
116025,46617
253489,46617
262418,46616
291045,46616
217820,46615
114077,46615
278918,46615
211240,46614
214337,46614
275188,46614
90243,46613
285900,46613
207376,46613
32058,46613
233115,46613
272760,46613
28592,46613
217918,46612
242242,46612
214878,46612
3437,46612
46874,46612
77998,46612
250535,46611
53257,46611
124764,46611
254654,46610
44040,46610
296471,46610
74093,46610
130721,46609
289546,46609
194714,46608
155826,46608
5994,46608
49916,46608
8217,46608
29963,46607
59394,46607
237925,46606
175592,46606
232254,46606
174051,46605
179476,46605
172828,46605
251065,46604
260157,46604
237565,46603
115822,46603
148048,46603
285854,46602
198047,46602
126908,46602
263112,46602
175895,46602
144659,46602
221864,46601
243447,46601
175839,46601
266791,46601
279284,46601
283865,46600
53061,46599
125225,46599
272043,46599
134488,46599
146183,46599
212049,46599
214672,46599
272049,46599
179033,46598
214670,46598
283744,46598
238534,46598
281633,46598
76846,46598
266518,46598
243563,46597
84940,46596
184279,46596
211462,46595
218501,46595
124400,46595
184107,46595
250785,46594
99914,46594
12741,46594
107684,46594
10140,46593
187460,46593
196480,46593
225750,46592
44304,46592
84979,46591
171406,46591
273091,46591
193018,46591
263217,46590
151879,46590
212109,46590
189449,46590
242990,46590
143946,46589
76332,46588
236593,46588
164784,46587
268455,46587
92583,46587
270001,46586
28113,46586
118398,46585
83876,46585
60520,46585
112960,46585
129842,46584
197721,46583
287318,46583
65614,46583
276872,46582
283578,46582
76466,46582
240522,46581
70734,46581
182660,46581
28941,46581
66490,46580
134198,46580
171812,46580
258936,46579
144806,46579
231671,46579
615,46579
274224,46578
220790,46578
221332,46578
234641,46577
119319,46577
67257,46576
240983,46576
84158,46575
59378,46574
263767,46574
242512,46574
185263,46574
7088,46574
163630,46574
13222,46574
70696,46574
238202,46574
99493,46573
2946,46573
95664,46573
114866,46572
151603,46572
223484,46572
143980,46572
83894,46572
233132,46571
291582,46571
294658,46571
25422,46571
61772,46571
211429,46571
84479,46571
173274,46570
204126,46570
73568,46570
150358,46569
48729,46569
155443,46569
296542,46569
3848,46567
275115,46567
51100,46567
1578,46567
293768,46567
249351,46567
9521,46566
203202,46566
271422,46566
227381,46566
197881,46566
233691,46565
230226,46565
291213,46565
291803,46565
259598,46565
2613,46564
188114,46564
7652,46563
73915,46563
279214,46563
207122,46563
103450,46563
231328,46563
216786,46562
273579,46561
296438,46561
270610,46560
286760,46560
27312,46560
285572,46560
89720,46560
136572,46560
279717,46559
248540,46558
155910,46558
201232,46557
236893,46557
16211,46557
216734,46556
121438,46556
76694,46556
52175,46556
18656,46555
259852,46555
13272,46555
13200,46554
58554,46554
271551,46554
19532,46554
37502,46554
292811,46554
257848,46554
131925,46554
205823,46554
257044,46553
168384,46553
140151,46553
147499,46552
212445,46552
280837,46552
195733,46552
241956,46551
205709,46551
265586,46550
256793,46550
95989,46550
276602,46550
10543,46549
198551,46549
25034,46549
259403,46549
18569,46548
523,46548
108025,46548
18130,46548
285917,46548
189544,46548
160382,46547
88139,46547
274689,46547
77740,46547
127117,46547
219420,46546
213582,46546
10722,46545
220948,46545
143863,46545
127949,46545
242622,46545
23114,46544
273353,46544
259731,46544
295568,46544
58483,46544
194410,46543
176042,46543
141483,46543
221121,46542
282942,46542
12143,46542
217953,46542
152011,46541
153748,46541
270269,46541
141273,46541
208825,46541
18735,46541
113704,46540
48425,46540
27625,46540
136104,46539
80592,46539
228698,46538
32031,46538
263930,46538
105960,46538
203172,46538
76770,46537
14680,46536
4223,46536
265593,46536
3977,46536
69914,46535
160007,46535
27168,46535
273600,46534
123186,46534
31071,46534
100012,46533
235433,46533
182091,46533
254044,46533
4123,46533
295661,46533
138834,46532
263701,46532
169297,46532
60852,46532
125136,46532
66825,46531
264939,46530
249925,46530
169363,46530
181238,46530
155715,46530
290478,46529
77648,46529
292246,46529
145490,46529
289104,46529
178190,46528
295088,46528
48329,46528
294525,46527
273466,46527
162798,46527
96083,46527
166603,46527
211516,46527
281542,46526
9851,46526
227500,46526
94296,46526
268431,46526
150575,46526
110479,46525
118551,46525
295771,46524
167898,46524
83382,46524
242237,46524
293138,46523
194901,46523
273093,46522
254967,46522
143755,46522
170257,46520
828,46520
216193,46520
54007,46520
30296,46519
178631,46519
209127,46519
266104,46519
144525,46519
275249,46518
288,46518
176360,46518
219715,46518
35512,46518
198928,46518
254879,46517
17518,46517
112683,46517
253452,46517
281131,46517
268049,46516
25664,46516
5746,46516
179181,46516
110952,46515
245584,46515
135234,46515
210501,46515
142266,46515
69207,46513
244653,46513
271434,46513
82554,46513
241371,46513
183343,46513
53638,46513
263658,46512
109985,46512
20926,46512
212830,46511
3886,46510
274650,46510
269103,46510
291138,46509
108725,46509
162003,46509
238032,46508
56319,46508
292332,46508
267093,46507
272237,46506
247250,46506
16037,46506
238358,46504
156988,46504
229735,46504
207333,46504
76622,46504
125178,46504
102031,46503
173851,46503
96429,46503
209431,46503
184421,46502
214515,46502
44416,46502
220856,46502
145808,46502
255353,46502
151370,46502
286688,46501
274081,46501
26165,46501
253205,46501
268233,46501
219826,46500
126225,46500
41863,46500
246493,46500
248042,46499
274058,46499
32212,46499
234147,46499
67186,46499
268384,46499
140411,46498
223696,46498
82916,46497
284681,46497
256874,46496
8491,46496
277096,46496
125501,46495
251710,46495
17534,46494
284767,46494
244893,46493
235229,46493
286595,46493
107861,46492
238906,46492
278329,46491
204019,46491
229597,46491
14872,46490
243442,46490
225319,46490
273901,46490
208540,46490
240965,46490
123910,46489
22352,46489
181738,46489
261744,46489
158719,46488
23142,46488
173221,46488
293323,46488
166457,46488
206483,46488
144024,46488
234025,46488
239433,46488
215146,46487
203792,46487
147808,46487
277753,46487
53003,46487
171489,46487
288770,46487
123892,46486
250900,46486
18248,46486
45724,46486
438,46485
16990,46485
133441,46484
232975,46483
130220,46483
94898,46483
21207,46483
5494,46482
278162,46482
16855,46482
157404,46481
166179,46481
21198,46481
66257,46480
243223,46480
183085,46480
1373,46479
79435,46478
289069,46478
277714,46477
42201,46477
35902,46477
279153,46477
61330,46477
56397,46477
241317,46477
270991,46476
190885,46475
251976,46475
111719,46475
14260,46475
118737,46475
170230,46474
264395,46474
198692,46474
258621,46474
248222,46474
14437,46473
98279,46473
254968,46472
115391,46472
142831,46472
295227,46472
272391,46472
243406,46472
219963,46472
246284,46472
65800,46472
137146,46471
12402,46471
245507,46471
96498,46471
147860,46470
205719,46470
215408,46470
264936,46469
254704,46469
243530,46469
62428,46469
276631,46469
273596,46469
260607,46469
120558,46468
35544,46468
251819,46468
84136,46468
87687,46467
68838,46467
66425,46467
2207,46465
270803,46465
235042,46465
189454,46464
233570,46464
189235,46464
149666,46463
234507,46463
174506,46463
140169,46462
224033,46462
180275,46461
6972,46461
147245,46461
18979,46461
228660,46461
95859,46461
253128,46461
187737,46461
176277,46461
34519,46460
31528,46460
9435,46459
99469,46459
242417,46458
288596,46458
272891,46458
125228,46458
210483,46458
37411,46458
128,46457
237017,46457
109869,46457
161518,46457
288583,46457
177967,46457
98697,46456
7996,46456
131010,46456
103542,46456
274269,46455
126171,46455
47674,46455
67592,46455
251761,46455
75538,46455
222917,46455
170744,46455
262554,46454
293011,46454
189602,46453
221579,46453
77407,46453
131579,46453
33436,46452
154264,46451
133939,46451
181106,46451
238346,46451
295147,46451
288942,46451
234539,46450
85320,46449
210540,46449
287368,46449
257766,46449
293178,46449
288270,46449
227202,46448
52849,46448
191296,46447
293895,46446
226463,46446
131413,46446
40673,46446
13190,46445
56551,46445
213271,46445
30721,46445
284148,46445
199495,46445
243396,46445
222587,46445
15820,46444
182218,46444
51424,46444
186559,46444
223223,46444
80299,46444
24000,46444
14531,46443
12957,46443
201737,46443
185308,46443
248898,46443
230588,46442
103373,46442
181724,46442
262269,46442
15880,46441
95296,46441
195285,46441
200509,46441
291763,46441
48798,46441
161291,46441
284625,46440
176382,46440
4057,46440
13263,46439
39732,46439
273503,46439
23080,46439
29884,46439
73328,46438
225234,46438
196154,46438
104,46437
280189,46437
212001,46437
101667,46437
259102,46437
63608,46437
148413,46436
224813,46436
141733,46435
136972,46435
283417,46435
266345,46435
150606,46435
183871,46435
117566,46435
92201,46435
135239,46434
181602,46434
45923,46433
266567,46433
31933,46432
240811,46432
151100,46432
224360,46431
119083,46431
186239,46431
147111,46431
253610,46431
288083,46431
249439,46430
210117,46430
29046,46430
216225,46429
259424,46429
168670,46429
136414,46429
186847,46428
64871,46428
252186,46428
290329,46428
232788,46427
195914,46427
21481,46427
89813,46427
253,46426
69504,46426
199599,46426
19409,46426
19060,46426
10841,46425
3065,46425
122762,46425
173592,46425
238396,46425
221595,46425
220195,46424
122516,46424
134448,46424
255,46424
236566,46423
50343,46423
166405,46423
295831,46423
192225,46422
14201,46422
260474,46422
225548,46422
285288,46422
197589,46422
213598,46421
229730,46421
193373,46421
82710,46420
287676,46420
275658,46420
152822,46419
227144,46419
38926,46419
16378,46419
250235,46418
286887,46418
274548,46418
6267,46418
6425,46418
272421,46417
10775,46417
17780,46416
61073,46416
179881,46416
259768,46416
110202,46416
258101,46415
37776,46415
109486,46414
24231,46414
187844,46414
125505,46413
35209,46413
167839,46413
30997,46413
241916,46413
154158,46412
188302,46412
244372,46412
167732,46412
23331,46411
179390,46411
255259,46411
220885,46410
89331,46410
80978,46410
1998,46410
149513,46410
141208,46410
231273,46410
278737,46410
168419,46409
145337,46409
135043,46409
176772,46408
270977,46408
252783,46408
231610,46408
272664,46407
180612,46407
210646,46407
129868,46407
290762,46407
160221,46406
37869,46406
38825,46406
134914,46406
217444,46406
141608,46405
274945,46405
103435,46405
117590,46405
181495,46404
191582,46403
128441,46403
151995,46402
110123,46402
260728,46402
193964,46402
291731,46402
61081,46401
99790,46401
199576,46401
45627,46401
9831,46400
78313,46400
291322,46399
74057,46399
230652,46399
98405,46399
58534,46399
120744,46399
256652,46399
44008,46398
132789,46398
176712,46397
218592,46397
16854,46396
195712,46396
280718,46396
252934,46395
142632,46395
220626,46395
67678,46395
106787,46394
118073,46394
19474,46393
208420,46393
124148,46393
259937,46393
139650,46392
112020,46392
247178,46391
137794,46391
225344,46391
284481,46391
183179,46391
26198,46391
77618,46390
64512,46390
179711,46390
172979,46390
164881,46390
171610,46389
6019,46389
139235,46389
110121,46389
79244,46389
173004,46387
153199,46387
183820,46387
18030,46387
71127,46386
274274,46386
92700,46386
182454,46386
280867,46386
55330,46386
171906,46385
79184,46385
29226,46385
231506,46385
117129,46384
249583,46384
283309,46384
275912,46384
256881,46384
111548,46383
201015,46383
20208,46383
45181,46383
251582,46383
200199,46383
40957,46382
213709,46382
177841,46381
90806,46381
206988,46380
141654,46380
161948,46380
261357,46380
77791,46379
12220,46379
86,46379
286670,46378
87991,46378
223461,46378
44794,46377
161287,46377
296263,46377
11531,46377
245960,46377
60195,46377
239097,46377
206876,46376
272206,46376
251448,46375
198662,46375
258651,46374
204613,46374
158991,46374
240674,46374
258762,46374
221855,46374
105876,46374
162141,46374
158043,46374
269551,46373
31511,46373
224465,46373
201487,46372
63578,46372
70620,46372
259923,46372
8198,46372
187317,46372
296362,46371
232784,46371
282509,46371
118840,46371
54852,46371
143193,46370
111652,46370
202652,46370
294505,46370
158406,46370
230571,46369
45693,46369
295016,46369
46213,46369
290373,46369
154075,46369
221230,46369
217959,46369
292438,46368
213667,46368
144736,46368
278384,46367
103494,46367
76347,46367
172417,46366
129656,46366
20693,46366
240248,46366
250465,46366
267346,46366
6893,46365
190709,46365
68016,46365
47768,46364
152171,46364
199502,46364
158647,46364
27732,46364
131576,46364
293072,46364
121823,46364
282723,46364
253690,46363
190194,46363
13037,46363
175122,46362
257831,46362
17072,46362
170461,46362
17725,46362
28393,46361
79562,46361
8343,46361
210157,46360
182484,46360
197433,46360
110009,46359
239080,46359
20573,46359
31136,46358
207802,46358
59766,46358
113004,46358
264542,46358
54659,46358
174445,46358
112997,46357
262963,46357
285683,46356
284644,46356
263204,46356
182907,46356
233263,46355
149598,46355
38352,46355
218545,46355
54559,46355
93152,46355
97332,46354
158649,46354
292029,46354
93078,46354
151645,46353
26773,46353
241016,46353
231951,46353
163166,46353
56356,46353
233210,46352
70221,46352
107458,46352
83547,46352
128164,46352
38468,46352
105233,46352
178257,46352
248331,46351
265073,46351
26607,46351
289896,46351
281817,46351
211723,46351
296356,46351
204824,46351
290744,46351
700,46351
97828,46350
281742,46350
211114,46350
54069,46350
52487,46350
51837,46350
216068,46349
204750,46349
293860,46349
194421,46349
257777,46349
61489,46348
78701,46347
236496,46347
163640,46347
12047,46347
122118,46347
25492,46346
92547,46346
51077,46345
10398,46345
247872,46345
94653,46344
218768,46344
176834,46344
18937,46344
281696,46344
204892,46344
112308,46344
234367,46343
261811,46343
292400,46343
184074,46342
194828,46342
270587,46342
232364,46342
93937,46342
89063,46342
270023,46342
42424,46342
148028,46342
66176,46341
84,46341
257299,46341
9671,46341
266028,46340
289506,46340
190240,46340
5319,46340
78902,46340
43975,46339
8908,46339
237428,46339
47820,46339
84945,46338
294688,46338
175807,46338
157450,46338
188501,46338
4322,46338
286075,46338
214326,46338
3854,46337
83694,46337
219382,46337
20408,46337
55723,46336
115024,46336
280899,46336
2677,46335
45346,46335
159505,46335
269800,46335
4431,46335
244033,46335
236821,46335
231113,46335
137471,46333
176592,46333
220731,46333
296098,46332
241280,46332
234846,46332
34887,46332
220308,46331
257640,46331
253386,46331
177480,46330
31041,46330
55583,46330
164474,46330
294941,46330
128221,46330
183178,46329
253145,46329
244847,46329
209912,46328
40826,46328
87719,46328
268884,46327
235777,46327
196024,46327
240838,46326
239854,46326
119668,46326
108521,46325
4208,46325
280578,46325
76993,46325
102565,46324
279495,46324
273995,46324
232718,46324
220082,46324
64670,46323
187198,46323
210657,46323
218247,46323
94260,46323
249212,46323
187673,46322
109301,46322
231511,46322
136701,46322
27368,46322
267388,46322
4774,46321
180993,46320
110907,46320
112771,46320
245159,46320
135792,46320
276117,46320
67513,46320
42125,46319
32702,46319
148676,46319
279384,46319
10448,46318
147566,46318
236675,46317
163151,46317
145817,46317
262196,46316
213777,46316
279980,46316
227229,46315
248822,46315
136072,46315
1265,46315
277861,46315
186028,46315
195421,46315
156300,46314
288142,46314
24447,46314
216241,46314
282025,46313
245818,46313
176221,46313
133357,46313
225928,46313
70864,46313
212755,46313
242033,46312
154430,46312
281828,46312
274989,46312
169427,46312
1579,46311
170754,46311
119509,46311
9665,46311
244994,46310
275738,46310
25230,46310
17900,46309
41864,46309
214344,46309
280672,46309
243233,46309
291762,46309
272724,46309
50555,46308
268493,46308
246583,46308
38983,46308
30053,46308
210362,46307
112989,46307
68407,46307
221046,46307
137590,46307
37967,46306
251701,46306
260322,46306
123506,46306
23577,46305
26432,46305
34423,46305
117597,46304
293801,46304
12713,46304
197010,46304
133448,46304
63359,46304
4136,46303
6100,46303
31002,46303
259300,46303
218086,46303
112573,46303
262124,46302
107219,46302
275003,46301
104342,46301
264872,46301
106346,46301
86750,46301
263342,46301
247454,46300
18243,46300
144552,46300
284797,46300
132384,46300
210310,46299
