1990,100000
7790,56785
392,53252
6098,52976
198215,52106
178405,51889
140524,51670
36582,51554
187389,51468
12490,51466
190355,51417
155653,51193
183465,50937
120149,50863
697,50730
127182,50678
129114,50590
67958,50462
254188,50447
5745,50334
57098,50299
4566,50255
273914,50245
270343,50127
16,49989
5068,49948
215704,49900
21243,49875
40245,49873
4071,49856
179597,49800
3263,49755
279427,49734
232567,49691
220294,49676
44166,49626
197722,49601
164839,49599
113512,49592
20716,49560
53262,49552
158322,49536
269130,49482
30946,49433
5176,49413
250888,49410
281650,49386
277944,49377
252244,49310
11799,49211
294339,49077
135001,49073
292017,49064
47814,49057
174526,49055
243006,49045
32362,49040
239949,48984
293338,48947
2123,48918
291392,48881
1842,48853
250760,48843
60157,48818
24788,48817
221301,48767
145974,48740
560,48725
263663,48646
15739,48629
11884,48626
177464,48625
35947,48610
219156,48573
208574,48546
158019,48526
293032,48524
25249,48516
280906,48510
223430,48458
257762,48454
25477,48442
7218,48430
246524,48408
200898,48405
257140,48379
264236,48375
2406,48367
11525,48366
185433,48363
160131,48360
175193,48333
16319,48326
26115,48326
80867,48319
116885,48304
274532,48301
170204,48298
258619,48294
235693,48289
443,48283
196333,48283
275430,48272
271552,48271
209736,48255
163027,48251
245230,48230
28106,48223
47056,48206
15671,48198
201110,48197
25868,48196
3051,48194
263345,48192
186465,48180
281880,48166
22386,48161
16900,48153
187586,48150
131577,48148
266310,48141
22088,48121
261127,48120
228445,48117
152008,48116
1273,48101
54754,48099
258353,48097
160386,48096
267335,48087
14697,48081
185454,48081
130818,48043
9034,48038
60688,48013
183810,48011
541,48009
3081,48006
9165,47984
115091,47972
86225,47968
283248,47966
183694,47952
220853,47947
155,47921
271127,47916
674,47914
156113,47911
166902,47907
265821,47906
280774,47904
130242,47902
120762,47902
262937,47896
121206,47896
173903,47887
6332,47879
211122,47878
7343,47876
219652,47871
5883,47868
241810,47864
285661,47862
275534,47858
230392,47854
119938,47851
80838,47841
238201,47841
131840,47835
294868,47829
239049,47829
76274,47828
111092,47821
103827,47819
269696,47811
115160,47795
270853,47766
274083,47758
248277,47756
66559,47755
77431,47754
37464,47752
265737,47750
141250,47747
6800,47746
2880,47743
84654,47736
267635,47734
109981,47733
103697,47733
291398,47730
136680,47728
240267,47725
277082,47720
50971,47718
175853,47708
124988,47703
269756,47700
228089,47696
48563,47687
60060,47682
17873,47671
137613,47649
91806,47647
183386,47644
32100,47641
255840,47638
225344,47637
80488,47631
221758,47625
175095,47625
199314,47624
941,47619
158728,47595
269428,47595
268319,47594
235323,47590
145255,47590
58000,47580
196107,47579
169498,47578
279207,47575
59032,47573
65055,47564
151563,47561
93674,47551
264865,47551
286905,47547
169325,47544
8820,47542
136736,47536
155158,47535
156254,47531
89613,47528
265085,47525
14091,47524
30869,47514
108255,47513
258644,47508
167174,47505
1688,47503
251879,47497
134,47496
272820,47496
220595,47492
20284,47490
16910,47488
136405,47483
259294,47477
142105,47465
15173,47464
225556,47460
221196,47458
202683,47458
2384,47457
142879,47455
250169,47441
226713,47437
111195,47432
283490,47431
46192,47427
286604,47426
254585,47426
158511,47425
281708,47415
277855,47414
258547,47406
31061,47402
44666,47400
4975,47396
30294,47396
271835,47396
166455,47396
34994,47395
7403,47390
114585,47380
25137,47379
77991,47379
153669,47370
265348,47365
276339,47365
155517,47364
258289,47361
251638,47358
9041,47358
198433,47354
73735,47343
53564,47342
250852,47341
205971,47339
264876,47329
133043,47328
143807,47328
88390,47327
234859,47323
287589,47317
89384,47316
289861,47314
184063,47310
173610,47309
40986,47307
192505,47305
224912,47303
255680,47301
172314,47301
226134,47301
260472,47291
125158,47290
143662,47287
215530,47283
115875,47278
24101,47273
822,47268
266103,47265
204757,47259
1016,47256
145836,47254
125980,47254
137150,47253
208600,47253
3807,47250
293380,47250
278780,47248
26,47246
223444,47246
210409,47238
17804,47237
252431,47231
223525,47228
169313,47224
58791,47223
3705,47220
39020,47216
270392,47213
70136,47211
237225,47210
109677,47209
95821,47209
206270,47205
266958,47199
165480,47197
290983,47191
260828,47190
253362,47186
64720,47182
281258,47179
4913,47177
281585,47176
218814,47171
88420,47166
253242,47164
30455,47163
175056,47161
253893,47158
32323,47155
249444,47153
295246,47147
286793,47147
236424,47145
287164,47144
256284,47139
20514,47134
280020,47131
203394,47131
134808,47128
171433,47127
98485,47127
111372,47127
262430,47125
189398,47124
36049,47123
113947,47121
67853,47119
263390,47118
41176,47118
285313,47117
87668,47116
74183,47111
7437,47111
263258,47109
246029,47106
173034,47103
27705,47103
35462,47101
282482,47100
120895,47099
248942,47097
192240,47092
156832,47089
1260,47089
47247,47089
202606,47088
260125,47087
291808,47087
29075,47086
243766,47085
205186,47085
4942,47085
13757,47082
76826,47080
229697,47079
265494,47077
530,47073
284589,47070
288003,47069
3221,47068
252450,47068
156652,47067
78832,47066
273587,47065
31015,47063
7816,47062
2822,47062
111860,47059
19630,47059
44662,47058
223580,47058
281771,47057
118622,47056
83748,47055
2216,47054
4635,47053
256251,47051
242510,47050
126882,47049
291521,47049
32574,47048
207742,47046
212342,47044
283022,47042
64828,47042
232176,47039
10515,47036
220861,47033
6972,47033
273231,47032
259565,47031
240602,47030
148076,47025
213516,47022
118182,47021
249724,47019
194344,47019
245916,47015
175753,47014
77817,47014
187575,47012
139937,47010
29818,47007
292529,47006
294649,47005
50785,47004
8598,47002
141797,47001
294440,46999
237993,46995
258904,46990
94011,46988
181412,46988
131391,46985
223202,46983
287903,46982
41783,46981
193993,46976
192509,46968
4571,46965
205897,46965
290973,46965
289116,46961
84193,46961
138937,46960
2126,46959
281043,46958
45021,46958
1413,46957
30458,46956
188816,46953
219465,46952
43981,46952
95979,46952
235870,46950
240812,46946
187282,46944
201527,46943
220121,46941
126641,46939
3801,46938
195712,46932
260500,46932
86091,46929
278966,46929
231236,46926
252252,46924
49882,46924
208978,46924
34030,46924
220443,46923
220132,46922
217263,46922
195820,46919
74602,46918
272693,46918
188446,46917
11196,46915
148731,46914
183615,46912
222489,46911
113618,46910
236500,46909
222979,46907
285604,46905
266222,46903
174393,46901
236019,46900
40147,46900
232256,46899
159653,46898
2678,46898
94062,46896
51778,46895
168302,46895
107664,46894
121212,46893
246101,46893
60129,46893
94222,46892
86869,46886
285234,46884
209675,46883
60836,46882
4398,46881
262437,46880
11087,46880
189261,46875
223625,46874
94860,46874
234911,46868
212767,46868
171359,46867
828,46865
232379,46862
248464,46862
236657,46860
275985,46858
78684,46858
290477,46857
12477,46856
208524,46856
270731,46855
265436,46855
216957,46855
11418,46854
292258,46853
219247,46853
2168,46848
222393,46846
99821,46842
150518,46842
118886,46842
215164,46839
112314,46838
40644,46838
184285,46837
60840,46834
112177,46833
3147,46833
38206,46831
211808,46829
146398,46825
284297,46825
53072,46823
44857,46821
204503,46817
4282,46816
156682,46815
245606,46815
90799,46814
95345,46811
161052,46809
284247,46808
229939,46806
7071,46805
8591,46797
233399,46797
243102,46795
165078,46795
241948,46794
184292,46794
259963,46792
176982,46792
31173,46788
21754,46787
255915,46784
19809,46783
124182,46781
174615,46780
26168,46779
200113,46777
1094,46776
250185,46776
273035,46774
13238,46774
154954,46773
245672,46772
2682,46771
219405,46769
293848,46766
248146,46766
21140,46765
5127,46762
4216,46762
261084,46760
23313,46760
10771,46759
149482,46755
106811,46754
12177,46751
93766,46750
98729,46746
279746,46746
144707,46745
261490,46745
285406,46745
228491,46743
125636,46743
182242,46740
195342,46740
278010,46737
251593,46737
88574,46736
231322,46736
84669,46735
268736,46735
6929,46734
641,46731
269761,46729
99412,46729
200473,46728
261720,46728
290735,46728
207997,46728
279861,46727
87638,46727
211100,46726
116835,46724
27205,46722
240992,46722
229701,46721
159619,46720
59105,46719
295796,46718
279058,46717
142108,46713
255041,46711
285271,46711
280597,46710
245121,46710
103295,46708
264196,46708
5517,46707
138840,46706
287260,46705
201926,46704
78975,46704
37719,46703
37323,46703
214059,46703
242107,46699
293422,46698
673,46698
175537,46696
278063,46695
10766,46695
98509,46692
246002,46691
259466,46691
233166,46691
2380,46690
231658,46690
275281,46689
264039,46689
533,46687
247990,46686
109923,46686
295189,46686
28758,46685
204376,46684
35475,46684
208539,46683
272929,46681
55556,46678
55036,46676
2272,46675
241253,46674
234481,46674
19835,46673
10698,46673
121301,46672
246156,46671
282423,46671
259797,46671
187570,46671
92114,46670
111742,46670
208811,46670
60770,46669
263615,46668
213420,46667
208560,46666
208642,46666
259345,46665
178332,46665
97284,46663
235651,46661
145150,46661
145023,46659
275644,46659
157994,46656
51542,46656
266616,46655
191737,46655
278579,46654
12717,46654
42026,46654
184682,46653
283246,46652
235,46651
28771,46650
206756,46650
221825,46649
226787,46649
199921,46649
154317,46649
263243,46649
1620,46647
99251,46646
97908,46645
7574,46645
518,46643
272757,46642
231201,46642
149316,46642
232828,46641
284915,46640
256077,46639
176060,46638
261318,46637
689,46637
103915,46637
56682,46636
219767,46636
152822,46636
4015,46636
24490,46632
25204,46632
185800,46630
168054,46628
251914,46628
259390,46627
266045,46627
35043,46627
207084,46626
286200,46624
200772,46622
273636,46621
6388,46621
36711,46620
106272,46618
99450,46617
30697,46617
290191,46616
220234,46616
223036,46615
181463,46615
198616,46613
57353,46613
205591,46612
126742,46611
22983,46610
240886,46609
233065,46608
51738,46607
30602,46607
279775,46604
160036,46604
248010,46602
100750,46601
244314,46600
77061,46600
122010,46598
202,46597
242333,46597
291190,46597
104357,46596
149451,46596
282917,46596
19316,46596
69403,46596
80035,46594
4517,46594
198302,46592
289868,46592
149877,46591
88953,46590
2938,46589
261962,46589
76191,46587
273830,46587
171552,46587
250724,46586
132986,46584
219932,46583
15103,46583
264185,46582
118303,46579
256763,46578
196175,46578
114940,46574
189606,46571
266056,46569
17966,46569
260652,46568
193441,46568
275079,46567
77173,46565
246068,46565
254934,46563
180210,46562
188514,46560
211138,46560
20905,46560
61656,46560
189511,46559
279972,46557
193752,46557
175116,46556
82299,46555
284956,46554
140290,46553
265305,46552
190733,46551
39387,46550
133894,46550
106162,46548
181574,46547
26178,46546
283764,46545
276054,46544
240422,46543
43394,46543
165803,46541
210296,46541
80185,46539
256516,46538
268721,46538
143606,46538
1266,46537
30016,46536
288745,46536
5159,46535
222836,46534
266066,46532
231944,46532
278342,46531
270883,46531
4866,46529
291893,46528
274750,46527
116583,46527
104244,46527
237168,46527
21468,46525
259147,46524
63030,46524
12100,46523
223753,46522
186250,46522
67291,46519
264373,46519
92317,46519
278069,46519
196046,46518
153378,46518
235955,46518
232102,46517
280354,46516
3319,46516
221770,46515
192297,46514
60768,46513
126263,46512
287801,46512
245424,46512
166814,46512
225011,46511
8174,46511
216428,46510
245013,46510
168212,46509
27572,46508
5972,46507
45540,46505
50073,46504
3218,46503
279941,46502
229188,46502
7129,46502
35461,46502
257706,46500
30580,46499
242543,46498
15976,46498
228093,46498
258211,46497
192393,46497
236235,46497
185143,46496
172384,46496
169152,46496
37403,46495
251095,46495
205097,46492
240158,46491
167149,46490
252695,46490
165913,46490
266248,46489
38912,46488
267882,46488
224851,46487
229277,46487
119632,46486
235672,46486
223711,46485
115653,46483
185801,46483
166912,46483
280798,46482
265680,46482
155591,46482
240072,46482
108536,46482
238448,46479
179467,46478
202455,46478
262027,46478
91092,46475
134690,46475
256617,46475
241653,46474
97740,46473
32567,46472
34702,46472
171095,46471
32829,46470
278205,46469
27423,46469
283472,46467
274741,46467
237351,46467
234907,46466
217676,46464
15,46461
34728,46461
194187,46461
264986,46460
36991,46459
1263,46459
182342,46459
240054,46459
118370,46458
224740,46458
229297,46458
14783,46457
245346,46455
153691,46454
231069,46454
284475,46454
293893,46453
141530,46451
274911,46451
271132,46451
67967,46450
273540,46450
100247,46450
294203,46450
239096,46450
134791,46450
11905,46449
226916,46449
4631,46448
213824,46448
293128,46448
114272,46447
118869,46447
106517,46446
39510,46445
242363,46445
249870,46444
259628,46443
2298,46440
259292,46438
274530,46438
232651,46436
271397,46433
114865,46432
219514,46431
70761,46431
238252,46429
167299,46429
288608,46429
287183,46428
223689,46428
31366,46426
2920,46425
253886,46425
262956,46424
143576,46424
47615,46424
235486,46423
207548,46423
86433,46422
180031,46422
211772,46422
261467,46422
105151,46422
268995,46422
244005,46422
295424,46421
219653,46420
177115,46420
236,46420
118059,46420
261704,46419
172066,46419
970,46419
10008,46418
173596,46418
276354,46417
137638,46417
244465,46417
176974,46414
289399,46413
10691,46413
91459,46413
164928,46413
269446,46412
13054,46412
260799,46412
257138,46412
233247,46412
188345,46411
292525,46411
190533,46411
216419,46410
193737,46410
136787,46408
267198,46406
186990,46406
219137,46406
121705,46406
260525,46405
167289,46404
75995,46402
2281,46402
59118,46401
243543,46401
213251,46401
173831,46400
148448,46399
51479,46398
9869,46398
245480,46398
181744,46397
58171,46397
149623,46396
269709,46395
273080,46395
200579,46394
192876,46394
96816,46394
225912,46393
129438,46393
201983,46393
211557,46392
11674,46391
14727,46390
209620,46390
268591,46389
253514,46389
49659,46388
162972,46388
137371,46387
60966,46387
235772,46385
81525,46383
213017,46383
246642,46382
274022,46382
110811,46381
253223,46381
45462,46378
238788,46377
111685,46377
289260,46376
99866,46376
9465,46375
249019,46375
251581,46374
220843,46373
208032,46373
197745,46372
24848,46372
281818,46372
10519,46372
184119,46372
191194,46371
288453,46370
212631,46370
295645,46369
118784,46369
251819,46368
183037,46368
176842,46367
271883,46367
228545,46367
239586,46367
293502,46366
189781,46365
277718,46365
286751,46365
193170,46364
265740,46364
181510,46363
396,46363
249462,46363
293005,46362
191657,46361
269806,46361
178183,46360
12238,46359
295576,46359
171842,46356
250587,46356
12649,46355
276514,46354
272197,46354
208021,46354
244388,46353
8522,46352
257324,46352
175259,46352
245445,46351
190226,46351
83933,46349
171194,46348
238654,46348
269645,46348
234895,46348
290659,46348
230042,46348
211084,46348
285588,46344
55798,46341
271079,46341
288794,46339
248254,46338
261356,46337
288229,46337
27703,46336
32916,46336
286315,46335
94857,46335
15399,46335
31504,46333
140053,46332
235454,46330
196423,46329
242472,46329
154761,46328
45608,46328
242293,46328
277554,46328
209448,46327
131384,46327
235642,46327
283186,46327
226272,46327
265259,46327
12871,46326
89314,46326
273820,46325
4678,46324
202910,46324
123760,46324
13193,46324
173085,46324
63378,46324
209596,46324
215607,46323
50093,46323
163075,46322
248303,46322
210909,46322
178380,46321
96817,46321
283010,46321
230506,46321
284432,46320
239327,46320
288847,46320
256657,46319
210785,46319
245453,46318
222589,46318
220207,46317
242952,46317
174,46317
291383,46316
193853,46315
112839,46313
72734,46312
153610,46312
111611,46311
10949,46311
267,46311
196815,46310
211444,46309
112141,46309
280241,46309
158339,46309
241289,46309
192820,46309
261446,46308
276909,46307
129960,46307
107345,46307
223204,46306
242866,46306
214896,46306
74113,46304
6474,46303
172392,46302
257057,46302
258742,46302
250848,46302
210832,46301
293194,46301
17885,46300
282224,46299
97126,46298
144283,46298
229906,46298
24928,46297
282517,46297
62880,46297
142365,46296
254368,46296
64138,46296
289644,46296
195857,46295
232201,46295
292626,46294
176617,46291
155662,46291
255196,46290
109012,46290
131011,46290
228602,46290
125027,46289
171361,46289
237086,46288
235229,46287
252112,46287
266069,46287
103665,46287
284566,46286
190195,46286
190123,46285
17757,46284
270383,46283
187852,46281
180345,46280
12210,46280
2247,46280
276816,46278
39759,46278
163158,46277
167097,46277
51856,46277
193867,46277
101773,46277
282901,46276
248884,46276
84842,46276
197112,46276
202241,46275
236780,46275
237999,46275
30887,46274
199399,46274
59717,46272
167522,46271
233386,46271
124605,46270
173744,46269
189088,46269
231576,46268
1663,46268
263427,46268
281385,46268
293125,46267
182667,46266
212448,46266
178468,46265
280732,46265
21478,46265
42333,46264
86715,46264
201078,46264
233898,46263
174863,46263
151505,46262
11439,46262
152110,46262
286765,46262
290018,46261
51930,46261
202423,46261
173074,46261
261220,46260
41900,46259
10747,46259
198394,46258
265028,46258
290417,46257
80548,46257
252401,46257
261227,46256
108984,46256
201337,46255
262876,46255
8010,46254
270602,46253
255573,46252
206107,46252
290912,46251
278869,46251
42343,46250
256473,46250
257439,46249
222833,46248
65633,46248
154867,46248
221120,46248
230554,46248
250294,46247
167832,46245
105317,46244
233445,46244
160852,46244
289427,46244
8324,46243
16532,46243
4927,46241
4094,46241
253881,46240
207069,46240
24223,46240
66833,46240
172719,46240
251550,46239
237824,46239
67373,46239
94803,46239
137282,46238
144309,46238
223239,46236
47456,46235
294268,46234
200211,46234
254777,46233
69882,46232
187132,46231
195962,46231
218412,46231
250837,46230
153109,46230
214376,46230
266415,46229
253423,46228
29166,46228
117887,46228
195611,46228
295004,46228
192454,46228
284174,46228
278290,46228
248809,46227
55725,46227
294650,46227
259849,46227
4299,46225
244627,46225
169471,46225
398,46224
252689,46224
8600,46224
293126,46223
2242,46223
11344,46222
27151,46222
7488,46222
1442,46221
206999,46221
210103,46221
221914,46221
1893,46221
190367,46221
282919,46220
143204,46220
96139,46220
267898,46219
187880,46219
43511,46219
278794,46219
40156,46219
169422,46218
232026,46218
194756,46218
74178,46217
270994,46217
158085,46216
293004,46215
18765,46215
269993,46214
268444,46213
252534,46213
152399,46212
163054,46212
179401,46211
252726,46211
277623,46211
111496,46211
260441,46210
273711,46210
292470,46209
21983,46209
29328,46209
237394,46208
232598,46208
146775,46208
256579,46207
73051,46207
126472,46207
228612,46207
136234,46206
252652,46206
194731,46206
225226,46205
89712,46205
195862,46204
2964,46204
104866,46204
269853,46203
265052,46203
291408,46202
286334,46202
9331,46201
212559,46201
264033,46201
4897,46201
242871,46200
279594,46200
174708,46200
268498,46200
131445,46200
274621,46199
153699,46198
255823,46198
264164,46198
72143,46197
241619,46197
226229,46197
254057,46197
230183,46196
181064,46196
224029,46195
281459,46195
1429,46195
233615,46194
144051,46194
281642,46193
209712,46192
270691,46192
146123,46192
59131,46191
174495,46191
118655,46190
75551,46190
321,46190
294460,46189
4451,46189
23817,46189
106150,46188
19246,46188
265968,46188
289135,46188
227120,46187
123677,46186
188611,46186
264658,46186
22320,46185
291276,46185
233605,46185
283352,46185
220622,46184
7041,46184
10881,46182
247456,46182
93310,46182
3618,46182
232219,46181
292368,46181
284124,46181
15426,46180
277332,46179
283729,46179
235628,46179
256357,46179
270215,46179
62607,46178
228687,46178
228494,46178
286668,46178
192296,46177
277622,46177
230479,46177
252574,46176
290752,46176
10007,46176
195198,46175
287244,46175
282136,46175
246302,46174
205838,46174
226655,46173
213697,46173
223746,46173
257279,46173
143198,46172
277080,46172
280728,46172
224997,46172
237652,46171
29536,46171
159275,46169
135679,46169
182827,46169
209697,46169
178170,46169
261644,46169
59190,46169
2058,46168
23971,46167
135312,46167
31526,46166
209028,46165
235283,46165
47620,46164
176293,46164
255604,46164
284403,46164
254235,46163
151410,46163
86575,46163
254672,46163
193080,46163
292038,46162
145128,46161
277139,46161
251158,46160
262730,46159
252225,46159
291179,46159
226296,46159
69292,46159
229732,46159
1720,46158
66719,46157
275360,46157
246893,46156
131586,46156
168010,46156
1863,46156
92351,46156
284349,46155
236731,46155
233380,46155
71933,46155
203418,46155
141926,46155
288144,46154
199724,46154
12825,46153
200217,46153
7996,46153
140725,46153
182121,46153
257635,46153
258038,46153
296259,46153
10750,46152
42175,46152
256223,46152
278274,46152
274953,46150
254905,46150
171997,46149
293373,46149
225671,46148
187972,46148
188293,46148
207813,46147
290762,46147
296309,46147
209735,46147
151551,46146
6231,46146
209452,46146
117784,46146
89915,46145
118165,46145
2287,46145
255040,46144
30671,46144
22091,46144
73621,46144
263898,46143
181928,46143
17482,46143
57661,46143
212601,46143
237979,46141
192070,46141
80881,46141
227301,46140
233850,46140
17936,46138
68932,46137
196254,46137
144847,46137
7838,46137
258698,46136
167380,46135
158179,46135
230540,46135
157844,46134
3677,46134
8965,46133
233233,46133
212661,46132
178217,46132
156306,46131
240970,46131
250989,46131
226876,46130
272622,46130
224245,46130
96153,46130
220593,46130
246172,46130
86988,46130
234926,46129
261055,46129
137093,46129
75301,46128
8778,46128
112953,46128
282239,46128
19184,46127
86092,46127
221726,46127
192572,46127
21413,46127
265735,46127
210833,46127
149988,46126
176454,46126
226117,46125
157018,46125
190919,46124
134061,46124
50601,46124
2918,46124
251968,46123
238423,46123
259669,46123
258098,46122
257168,46122
145709,46121
253333,46120
170114,46120
271874,46120
244780,46120
284992,46120
247815,46119
214065,46119
129882,46118
9134,46117
242255,46117
181815,46116
288022,46116
236572,46115
278277,46115
282711,46115
73386,46113
9489,46113
253511,46113
261623,46112
278036,46112
278485,46112
206807,46112
66046,46112
146925,46111
75931,46111
200925,46111
125077,46110
284372,46110
152996,46110
161706,46110
315,46110
80395,46109
227220,46108
156059,46108
273296,46108
112961,46108
51324,46107
76639,46107
83416,46107
173334,46106
56694,46106
159130,46106
156984,46105
199693,46105
291352,46104
99272,46103
147183,46102
172423,46101
4323,46101
163688,46101
14563,46101
171569,46100
290566,46100
1977,46100
261776,46100
135094,46100
242303,46100
1641,46099
152319,46099
259889,46098
170858,46098
185733,46098
207805,46098
251037,46097
178084,46097
228053,46097
217226,46097
223132,46096
253449,46096
2687,46096
99303,46095
188486,46095
155988,46094
135127,46094
194,46093
219790,46093
5000,46092
290939,46092
44462,46092
165878,46092
198383,46092
249650,46091
255586,46091
51979,46091
246829,46091
122346,46091
264539,46090
199819,46089
30603,46089
162753,46088
255777,46088
4324,46088
231845,46087
289624,46086
165565,46086
253419,46086
116173,46086
141272,46085
218877,46085
207452,46085
292823,46085
199268,46084
67455,46084
122518,46084
169466,46084
149037,46084
186576,46084
163273,46083
42980,46083
193269,46082
72261,46082
236155,46081
276402,46081
14698,46080
252158,46080
118719,46080
265022,46080
243291,46079
69141,46078
275330,46077
279463,46077
218879,46077
218757,46076
81925,46076
217956,46076
114289,46076
277682,46075
228787,46075
261658,46075
156128,46075
227901,46075
56285,46075
96226,46074
239726,46073
85253,46073
285804,46073
194870,46073
208496,46072
134282,46072
43826,46072
200942,46072
262692,46071
285029,46071
210686,46071
230709,46071
248911,46071
23650,46070
13151,46069
80092,46069
5196,46069
262710,46067
131764,46066
131727,46066
234438,46065
239168,46065
180961,46065
93588,46065
110925,46065
199502,46063
249289,46063
111167,46063
269125,46063
189377,46061
185636,46060
268411,46060
99539,46060
116190,46059
200226,46059
178138,46058
137458,46058
117506,46058
214444,46058
271908,46057
278150,46057
248148,46056
103747,46056
269304,46056
140659,46056
245434,46056
182668,46056
277926,46055
151842,46055
174173,46055
260466,46054
187305,46054
135142,46054
9983,46054
239868,46053
288601,46052
230964,46052
168754,46052
266351,46052
183884,46051
238608,46050
6470,46049
45719,46049
243482,46049
202664,46049
187205,46049
163446,46048
235361,46048
75158,46048
285485,46048
149302,46048
263864,46048
238,46047
289490,46047
283166,46047
92369,46047
115557,46047
232287,46047
191487,46046
146974,46046
219227,46046
106059,46046
287263,46046
204896,46046
190145,46045
229650,46045
216161,46045
282263,46045
267758,46045
93014,46045
47877,46045
32611,46044
251416,46044
237871,46044
192995,46044
119034,46043
283475,46043
263284,46043
154227,46042
294087,46041
23970,46041
189064,46041
277083,46040
202690,46040
19654,46039
292203,46039
247778,46039
291031,46039
177349,46038
88074,46038
108632,46038
220972,46037
220781,46037
9115,46037
260625,46036
195687,46036
211522,46035
271473,46035
220342,46034
270647,46034
69884,46034
16425,46033
268793,46032
174073,46031
103943,46030
206219,46029
268689,46029
295007,46029
155583,46029
17361,46028
252201,46028
79807,46028
246389,46028
169636,46027
155025,46027
202632,46027
204329,46027
160037,46026
134300,46026
169261,46026
253917,46025
268462,46025
18813,46025
257672,46025
18689,46025
134756,46025
235771,46024
9054,46023
176234,46023
180846,46023
179400,46023
249606,46022
224049,46022
245491,46022
274632,46021
231860,46021
271516,46021
190979,46021
113443,46020
192542,46020
225120,46020
216793,46020
244745,46020
180860,46019
215898,46019
3432,46019
101859,46018
154008,46018
124304,46017
280451,46017
36023,46017
255111,46016
120707,46016
271466,46016
22305,46015
128429,46015
11888,46015
277293,46015
229686,46014
202036,46014
257380,46014
293760,46013
59547,46012
295842,46012
142887,46012
100405,46011
206311,46011
153579,46011
12231,46010
245751,46010
277271,46010
243989,46009
224750,46009
293554,46008
62635,46008
54858,46008
92393,46008
244408,46008
185708,46007
101086,46005
117325,46005
9430,46005
215832,46005
964,46005
293161,46005
218835,46004
155832,46004
135659,46004
228249,46004
69392,46004
279925,46003
189543,46003
62688,46003
43797,46003
264335,46003
122327,46001
165765,46000
237041,46000
203870,46000
241184,46000
288295,46000
209680,45999
169826,45999
285260,45999
140566,45999
132285,45998
177169,45997
291329,45997
288161,45997
111919,45997
230730,45997
205142,45997
293485,45997
110292,45996
288947,45994
88655,45993
255933,45993
176346,45993
271089,45993
92879,45993
225457,45992
288634,45992
194115,45991
9060,45991
207809,45991
111947,45991
216291,45991
206462,45990
260918,45990
148680,45990
15458,45989
179037,45989
4802,45989
88308,45989
236797,45989
146417,45988
580,45988
185010,45987
1338,45987
29975,45987
286072,45986
12875,45986
255054,45986
285459,45985
250491,45985
153038,45984
165755,45984
247051,45983
233899,45983
2047,45983
147081,45982
263364,45982
159597,45982
192390,45982
141125,45982
26493,45982
81005,45981
264973,45981
140231,45981
250675,45981
258007,45980
34740,45980
292527,45979
122795,45979
267562,45979
88432,45978
271478,45978
2015,45978
286382,45978
185203,45977
189144,45977
292070,45977
228534,45977
233755,45976
175299,45976
16531,45976
290188,45976
71848,45976
255330,45976
191344,45975
293217,45975
218667,45974
265498,45974
56507,45974
198190,45974
294358,45973
227443,45973
158251,45973
123205,45972
17366,45971
183380,45971
5152,45971
216999,45971
77421,45971
242118,45970
285891,45970
222505,45970
249167,45970
268812,45969
85058,45969
20407,45969
154288,45969
236769,45969
141865,45969
268158,45968
218762,45968
293348,45968
131313,45968
253373,45968
176923,45967
101357,45967
292853,45967
150830,45967
209067,45967
200049,45967
104219,45967
232488,45966
220179,45966
212158,45966
216438,45966
199232,45965
117247,45965
222375,45965
120945,45965
263077,45965
158280,45965
193137,45965
186634,45965
212150,45964
246743,45964
284481,45964
7227,45964
94002,45964
223797,45964
106725,45963
209254,45962
162436,45962
173047,45962
189206,45961
274714,45961
262469,45961
28269,45961
292134,45961
109425,45961
184196,45961
7436,45961
31728,45961
289649,45960
235309,45960
79466,45960
258973,45960
27413,45959
270077,45959
187352,45959
94893,45959
187159,45959
244058,45959
9651,45959
284568,45959
238094,45959
283408,45958
285264,45957
216527,45956
194747,45956
30132,45956
49371,45956
241032,45956
221342,45955
152470,45955
264971,45955
237544,45954
259821,45954
248275,45954
248879,45953
212109,45953
206390,45952
846,45952
296514,45952
139295,45951
179292,45951
209654,45951
133568,45951
176408,45951
172369,45951
54530,45951
240414,45950
296350,45950
166790,45949
253202,45949
117105,45949
271672,45948
51660,45948
209431,45948
274681,45948
103491,45948
138896,45948
238177,45948
265426,45947
291973,45946
123040,45946
221160,45946
202922,45946
193728,45946
232650,45946
242785,45946
163435,45945
218273,45945
294591,45945
252768,45945
207622,45945
222448,45945
282950,45945
156457,45945
134491,45944
287200,45944
204181,45944
295872,45943
240749,45943
188398,45943
246875,45943
233120,45942
161063,45942
252030,45942
35761,45942
8680,45942
227257,45942
164196,45941
176881,45941
169614,45941
221674,45940
255329,45940
9181,45940
289921,45939
16997,45939
272943,45939
74115,45938
154499,45938
143131,45938
5785,45937
282078,45937
261929,45937
3140,45937
229363,45937
111,45936
257852,45936
253606,45936
254816,45935
18532,45935
287243,45935
295278,45935
158378,45935
259351,45934
275280,45934
52735,45933
50,45933
156222,45933
204315,45933
212146,45932
295942,45932
268603,45932
130610,45932
164312,45932
273394,45931
28472,45931
290176,45931
199044,45931
143142,45931
277391,45930
126995,45930
70950,45930
106947,45930
225156,45930
269972,45930
165051,45930
257772,45929
251249,45929
123448,45929
182810,45929
235190,45928
205668,45928
11980,45928
274030,45928
1918,45928
196157,45926
145788,45926
137616,45925
100705,45925
226434,45923
292202,45923
220913,45923
290723,45922
120044,45922
12084,45922
278658,45922
258296,45922
209161,45922
156012,45922
148042,45921
157440,45921
248434,45921
63858,45921
205115,45921
168257,45920
282075,45920
233081,45919
218107,45919
237031,45919
237064,45919
84161,45919
291898,45918
239877,45918
219464,45918
287054,45917
151631,45917
262269,45917
10705,45916
211935,45916
226700,45916
85041,45916
251197,45915
268700,45915
251923,45915
2317,45914
287658,45914
192897,45914
81292,45914
195304,45914
168211,45913
203082,45913
253063,45913
284730,45913
259579,45913
225070,45913
183265,45912
275508,45912
281932,45911
3763,45911
202389,45911
290071,45911
290153,45910
24371,45910
247518,45909
92734,45909
261593,45909
32418,45909
277954,45909
186684,45908
264004,45908
235769,45907
224986,45907
284937,45907
188316,45907
220708,45907
129298,45907
277722,45907
149216,45906
72204,45905
36506,45905
244582,45905
197882,45905
246937,45905
234108,45904
263700,45904
89254,45904
124716,45904
21474,45904
280203,45903
252231,45903
100776,45903
230686,45903
212073,45901
32250,45901
272730,45901
71626,45901
224350,45900
50590,45900
38445,45900
182345,45900
222488,45900
173681,45899
191453,45899
164910,45899
235490,45899
80537,45899
265377,45899
280823,45899
284855,45899
204245,45899
55950,45898
285355,45897
40956,45897
23495,45897
285627,45897
266885,45897
28207,45897
249458,45896
157534,45896
98859,45896
4817,45896
161673,45896
222410,45896
94355,45896
23120,45896
239717,45896
253913,45896
240078,45896
54204,45895
6251,45895
146198,45895
231650,45894
212674,45894
273509,45894
290220,45894
259469,45893
177028,45893
262808,45893
239855,45893
200787,45893
282151,45892
225296,45892
246043,45892
121746,45891
45669,45891
277364,45890
283766,45890
251609,45890
33708,45890
138960,45889
271312,45889
286991,45889
43782,45889
204049,45888
279208,45888
181469,45888
272993,45888
244229,45888
243807,45887
174171,45887
46635,45887
284798,45886
119440,45886
170617,45886
120532,45886
85697,45886
266346,45886
86186,45886
254617,45886
141595,45885
125423,45885
84130,45885
117178,45885
21865,45885
258765,45885
28103,45885
78863,45885
265503,45885
60326,45885
195007,45884
289725,45884
272310,45884
126064,45884
115409,45884
55393,45883
34572,45883
117744,45883
252464,45883
1542,45883
264646,45882
192909,45882
154506,45882
231291,45882
256212,45882
43672,45881
78931,45881
278560,45881
204832,45881
285497,45881
112073,45881
201860,45880
145384,45880
127077,45880
65176,45880
269272,45880
24975,45880
214496,45880
278169,45880
143642,45880
184555,45879
245239,45879
134738,45879
263473,45879
266531,45879
199865,45879
210650,45879
255045,45879
235299,45878
254015,45878
55058,45878
8988,45878
13965,45878
1073,45877
277365,45877
145169,45877
28767,45877
162363,45877
253741,45877
40537,45877
167085,45877
93552,45876
356,45875
23905,45874
296536,45874
238512,45874
34683,45874
289021,45874
221507,45874
239221,45873
211386,45873
158345,45873
106881,45873
215107,45872
292144,45872
16777,45871
171334,45871
6232,45871
201789,45870
140561,45870
269415,45870
238862,45870
153320,45869
119561,45869
232927,45869
194360,45869
279998,45869
185080,45869
271995,45868
217630,45868
185485,45868
229524,45868
244848,45867
82100,45867
212825,45867
46858,45867
227068,45867
255438,45867
253233,45867
253097,45867
235877,45866
211602,45866
218965,45866
242001,45866
178190,45866
231397,45866
161351,45866
234810,45866
141337,45866
257525,45865
295384,45865
100535,45865
57476,45865
182396,45865
251006,45865
285118,45864
183425,45864
30706,45863
249550,45863
12845,45863
160035,45863
65549,45862
28200,45862
195512,45862
159866,45862
149507,45862
192451,45861
285244,45861
248458,45861
3909,45860
220054,45860
56408,45860
8577,45859
167940,45859
237700,45859
32919,45858
289442,45858
225035,45858
66805,45858
165640,45857
13120,45857
206026,45857
177473,45857
11383,45857
143541,45856
223589,45856
227818,45856
89415,45855
134064,45855
284165,45855
121955,45855
193618,45854
130236,45854
23056,45854
164233,45854
262687,45854
253692,45853
234088,45853
163474,45853
269521,45853
194278,45853
138034,45853
237989,45852
19722,45852
98009,45852
272863,45852
214716,45852
184302,45852
116943,45852
244372,45852
5910,45851
248626,45851
231481,45850
97598,45850
135358,45850
154485,45850
241048,45850
102901,45850
179034,45849
203827,45849
265791,45849
252655,45849
256656,45849
123761,45849
271673,45849
285224,45848
249279,45848
250301,45848
95243,45848
185709,45848
113418,45848
292706,45848
264590,45848
287259,45848
154541,45847
120724,45847
180862,45847
59696,45847
124861,45846
156404,45846
149142,45845
201447,45845
65183,45844
227243,45844
229346,45844
220875,45844
278301,45844
227422,45843
132517,45843
144714,45842
183798,45842
259407,45842
263661,45842
28713,45842
12539,45842
131850,45842
251427,45842
267307,45842
164020,45841
200236,45841
237211,45841
237483,45841
293980,45841
220755,45841
104682,45841
220956,45841
251009,45840
230876,45839
237368,45839
122720,45839
231889,45839
199437,45839
22020,45839
255736,45839
31259,45839
224780,45838
9740,45838
150547,45838
83813,45837
113557,45837
295628,45837
211807,45837
105933,45837
49042,45837
222995,45837
82581,45837
184003,45836
245593,45836
51644,45836
36069,45835
160330,45835
112594,45835
62541,45834
159657,45834
62469,45834
280560,45833
177083,45833
183878,45833
272884,45833
169133,45833
251345,45833
166805,45833
184564,45832
181755,45832
266039,45832
235792,45832
244988,45832
157572,45831
9091,45831
170506,45831
19927,45831
245462,45830
95936,45830
187081,45830
213115,45830
256312,45828
196077,45828
194037,45828
21136,45828
283052,45827
147461,45827
294633,45826
268233,45826
253432,45826
69171,45826
198794,45826
204927,45826
198876,45826
220496,45825
220787,45825
231754,45825
198962,45825
207575,45824
17958,45824
227015,45824
240962,45823
240122,45823
104604,45823
291206,45823
149610,45823
80394,45823
276432,45823
5410,45822
97425,45822
145049,45822
197466,45822
266031,45822
289553,45822
103828,45822
240425,45822
260615,45822
16546,45822
166728,45821
239094,45821
70138,45821
257108,45821
84957,45821
92432,45821
287922,45820
277795,45820
7616,45820
238752,45820
204631,45820
2318,45820
287761,45820
99235,45819
171753,45819
90525,45819
193237,45819
182785,45819
131106,45819
169778,45819
271790,45818
119611,45818
289458,45818
2187,45818
147887,45818
271521,45818
290746,45818
47125,45818
13217,45817
75376,45816
113709,45816
242120,45816
263023,45816
59291,45816
272964,45815
67721,45815
133771,45815
31375,45815
201186,45815
252253,45814
280836,45814
293066,45814
14531,45814
6861,45814
117181,45814
169419,45814
122288,45813
261614,45813
269571,45813
169780,45812
185303,45812
280200,45812
274485,45812
115665,45812
179837,45811
104266,45811
24982,45811
243982,45811
58355,45811
286901,45811
281676,45810
104314,45810
134142,45810
244701,45810
196758,45810
247664,45810
235839,45809
240900,45809
149358,45809
198384,45809
276840,45809
198381,45809
271948,45809
291235,45809
11184,45808
20257,45808
281656,45808
5774,45808
174045,45808
289227,45808
186112,45808
271070,45808
148343,45808
43548,45807
201593,45807
280480,45807
187321,45807
241877,45807
4790,45806
88925,45806
84566,45806
68369,45806
144052,45806
120728,45806
279331,45806
263230,45806
207003,45805
137108,45805
176485,45805
3673,45805
14451,45805
263310,45805
252263,45804
13538,45804
218308,45804
133521,45804
291331,45803
271854,45803
3824,45803
114728,45803
255542,45803
160249,45803
263953,45803
61688,45803
133983,45802
288011,45802
9615,45802
88346,45802
181167,45802
178365,45801
277541,45801
70477,45801
289371,45801
225088,45801
199047,45800
257454,45800
68985,45800
278569,45800
175869,45800
296560,45800
181665,45799
29781,45799
256254,45799
222777,45799
245782,45799
204964,45799
286894,45798
12730,45798
199198,45798
190827,45798
2067,45798
296447,45798
264648,45798
11874,45798
267021,45797
273393,45797
56873,45797
288682,45797
157306,45796
289686,45796
94844,45796
129944,45796
36800,45796
278222,45796
221434,45796
69516,45795
135967,45795
74973,45795
135247,45795
288750,45795
285219,45794
51032,45794
80791,45794
226162,45793
233953,45793
162707,45793
16538,45793
242660,45793
23009,45793
41134,45792
9935,45792
193969,45792
279044,45792
8205,45792
205830,45791
78847,45791
12865,45791
74991,45791
204037,45791
267275,45791
278598,45790
182820,45790
47674,45790
196542,45790
195051,45789
22694,45789
20347,45789
227900,45788
167875,45788
282264,45788
266933,45787
278329,45787
280108,45787
287887,45786
30563,45786
186479,45785
259544,45785
261612,45785
226562,45785
286652,45785
248995,45785
282821,45785
92678,45784
35020,45784
124,45784
39993,45784
261880,45784
277252,45784
295175,45784
294637,45783
7130,45783
281719,45782
270559,45782
244919,45782
176839,45782
96222,45782
149371,45782
211721,45781
124456,45781
209988,45781
174765,45781
126821,45781
265957,45781
289516,45781
212815,45780
79949,45780
100614,45780
151759,45780
74231,45780
249181,45780
119901,45780
193606,45779
186153,45779
260245,45779
126577,45779
281036,45779
107825,45779
198685,45779
153926,45779
118836,45779
192978,45778
60796,45778
247781,45778
218857,45778
216678,45778
143912,45778
87849,45778
213373,45778
285365,45778
230330,45778
291339,45778
154347,45777
71280,45777
201656,45777
22482,45777
198,45777
295461,45777
206032,45777
280771,45776
92058,45776
134697,45776
220176,45776
131910,45776
286761,45776
258815,45776
244686,45776
278847,45775
275625,45775
226548,45775
127242,45775
260219,45774
252651,45774
226519,45774
118810,45774
130705,45774
283425,45773
233366,45773
99034,45773
143496,45773
17675,45773
235123,45772
270142,45772
287490,45772
217667,45772
238338,45771
287151,45771
34050,45771
142987,45771
282039,45770
122089,45770
125117,45770
1833,45770
231553,45769
213397,45769
114235,45769
265415,45769
242034,45769
288180,45769
151950,45769
166627,45769
277986,45768
291164,45768
272132,45768
281219,45768
93259,45768
258486,45767
48278,45767
188432,45766
246635,45766
156804,45766
22009,45766
241384,45766
172341,45766
282465,45765
173220,45765
156159,45765
262283,45765
240330,45765
246541,45764
20699,45764
16458,45764
71035,45764
63583,45764
82837,45764
257338,45764
285773,45764
243388,45763
223631,45763
249649,45763
279084,45763
77366,45763
230820,45762
231434,45762
79022,45762
15254,45762
166840,45762
83868,45762
144169,45762
292668,45762
227648,45762
243130,45762
241215,45761
292554,45761
29738,45761
107397,45761
275618,45761
94462,45761
280128,45761
166946,45761
219351,45760
248199,45760
293287,45760
225760,45760
38894,45760
55999,45760
272101,45760
137274,45760
240947,45759
277801,45759
251131,45759
226411,45759
166538,45759
278147,45759
136277,45759
247486,45759
103376,45758
94938,45758
97644,45757
136969,45757
120021,45757
53608,45757
155822,45757
262240,45757
161475,45756
79010,45756
272678,45756
158528,45756
137786,45756
91227,45756
179111,45755
211461,45755
158758,45755
5144,45755
270100,45755
155899,45755
157986,45755
180433,45755
166828,45755
16956,45755
164307,45755
200322,45754
1298,45754
122427,45754
208876,45754
131195,45754
205628,45754
212628,45754
208831,45754
256678,45754
228004,45754
270059,45754
103977,45754
11786,45754
91032,45753
125478,45753
29845,45753
179491,45753
136358,45753
175308,45753
129462,45752
189701,45752
288194,45752
269436,45752
186132,45752
104172,45752
288250,45751
127290,45751
237827,45751
282479,45750
145221,45750
285053,45750
79465,45750
157961,45750
256957,45749
220413,45749
256276,45749
281235,45749
173419,45748
137183,45748
110951,45748
210017,45747
60014,45747
71069,45746
199041,45746
187420,45746
108298,45745
280961,45745
156609,45745
62963,45745
236491,45745
198905,45745
244520,45745
5376,45745
245931,45744
252399,45744
225340,45744
193128,45744
175108,45743
200733,45743
251897,45742
234303,45742
52888,45742
281011,45741
205798,45741
253160,45741
111658,45740
174660,45740
291334,45740
33285,45740
257306,45740
156883,45740
218872,45739
254733,45739
235974,45739
276096,45739
291310,45739
48454,45739
94948,45738
26296,45738
237452,45738
295823,45738
211478,45738
169215,45738
228421,45737
288950,45737
83879,45737
223330,45737
163916,45736
266288,45736
215913,45736
238902,45736
36964,45736
289908,45736
257860,45736
225355,45735
180332,45735
128755,45735
283932,45735
23005,45735
122081,45734
288390,45734
202273,45734
70389,45734
168246,45734
27353,45733
137997,45733
158382,45733
270456,45733
147703,45733
257296,45733
151159,45733
156795,45732
228170,45732
7983,45732
177697,45732
186348,45732
162614,45732
256867,45732
178929,45731
249217,45731
128620,45731
291461,45731
191927,45731
271558,45730
224582,45730
285547,45730
152592,45730
87105,45730
104331,45730
63201,45730
37420,45730
48585,45729
194463,45729
137580,45729
271507,45729
230536,45729
156540,45729
89324,45729
186310,45729
202891,45729
152120,45729
269650,45729
192356,45729
238968,45729
287909,45728
256565,45728
223241,45728
242893,45728
269090,45728
25369,45727
233129,45727
191266,45727
201855,45727
183720,45727
49407,45727
193702,45726
239438,45726
51597,45726
173849,45726
281906,45726
100258,45726
105024,45725
147058,45725
268837,45725
251837,45724
266803,45724
204996,45724
295101,45724
160698,45723
289732,45723
54346,45722
16843,45721
265693,45721
285488,45721
248164,45721
77972,45721
106712,45721
209382,45720
161391,45720
282575,45720
38715,45720
226189,45720
83057,45719
190625,45719
291767,45719
295044,45719
175817,45719
16991,45719
133410,45719
238823,45719
275012,45719
14730,45719
34343,45719
279536,45718
271766,45718
186104,45718
121274,45718
218359,45718
163236,45718
234606,45718
259890,45718
219973,45718
5853,45717
85866,45717
156968,45717
108513,45717
227122,45717
211514,45717
198892,45716
265698,45716
296475,45716
164639,45716
253391,45716
66781,45715
72270,45715
256051,45715
270801,45715
365,45715
270764,45715
88261,45715
284691,45714
238803,45714
286993,45714
184141,45714
172335,45714
90329,45714
176430,45714
4938,45714
169324,45714
292940,45714
66480,45714
272424,45713
23284,45713
221331,45713
237219,45713
98187,45713
291165,45713
242603,45713
236692,45712
218462,45712
195624,45712
2468,45712
208301,45712
98347,45712
174007,45712
210408,45712
148782,45711
224317,45711
84037,45711
246647,45711
122292,45711
118803,45711
236429,45710
81709,45710
255364,45710
28614,45710
219092,45709
56509,45709
168425,45709
154145,45708
279193,45708
99,45708
191829,45708
247244,45708
259098,45708
252656,45707
285491,45707
34732,45707
231171,45707
209377,45707
151313,45706
267435,45706
166056,45706
165843,45706
61361,45706
260311,45706
264369,45706
259599,45705
263579,45705
205641,45705
254684,45705
261634,45705
212593,45705
261703,45704
1072,45704
241109,45704
201637,45704
212373,45704
244597,45704
235088,45704
70415,45703
231965,45703
169893,45703
189790,45703
31785,45703
253756,45703
273437,45703
214269,45702
51023,45702
203047,45702
272172,45702
218119,45702
197471,45702
171243,45702
15355,45702
152089,45702
251079,45701
255238,45701
268611,45701
92891,45700
172855,45700
220117,45700
186965,45700
199408,45700
93653,45700
29098,45699
132090,45699
201193,45699
191321,45699
181728,45699
179121,45699
125639,45699
262168,45699
80876,45699
171812,45699
11551,45698
208454,45698
243491,45698
205026,45698
222822,45697
23686,45697
241677,45697
73588,45697
224059,45697
114369,45697
138685,45697
111014,45696
165073,45696
175076,45696
171383,45696
91053,45696
120796,45695
116775,45695
240454,45695
286372,45695
75417,45695
228379,45695
280753,45695
117199,45694
110437,45694
247974,45694
216482,45694
73459,45694
92050,45694
155443,45693
159395,45693
226416,45693
177438,45693
119863,45693
256404,45693
150496,45693
201540,45692
169300,45692
218887,45692
256158,45692
109090,45692
191260,45692
81456,45692
277751,45691
172323,45691
257359,45691
47550,45691
217393,45691
18725,45691
14579,45691
140474,45691
138803,45691
489,45691
92570,45691
99260,45690
59942,45690
189695,45690
279825,45690
77277,45690
175237,45690
172814,45690
206712,45690
176901,45689
293096,45689
179623,45688
294,45688
186440,45688
26890,45688
52465,45688
296565,45688
202566,45688
174192,45688
33229,45687
4641,45687
156389,45687
190,45687
2959,45687
294032,45687
184580,45687
249037,45686
63695,45686
155546,45686
46168,45686
149873,45686
174945,45686
283939,45686
66729,45686
123736,45686
225586,45685
186708,45685
158456,45685
283504,45684
142899,45684
254678,45684
214867,45683
281445,45683
89573,45683
176634,45683
139900,45683
286559,45683
6511,45683
291617,45683
27000,45683
238785,45682
167594,45682
167070,45682
60080,45682
146671,45682
167069,45682
152059,45682
202509,45682
203307,45682
158949,45682
287836,45681
251403,45681
182545,45681
172224,45680
195042,45680
127367,45680
243841,45680
107897,45680
154744,45680
240623,45679
97663,45679
207860,45679
5641,45679
223626,45679
200490,45679
112887,45678
252520,45678
86650,45678
221789,45678
269891,45678
67303,45678
105598,45678
79411,45677
136645,45677
40774,45677
134043,45677
115336,45677
264790,45677
35290,45676
5661,45676
80626,45676
79035,45676
154396,45676
32500,45676
221882,45675
26000,45675
228349,45674
174245,45674
142136,45674
79767,45674
182813,45674
192531,45673
247327,45672
181530,45672
264434,45672
12965,45672
5022,45672
64426,45671
69202,45671
150477,45671
280682,45670
264765,45670
236511,45670
161739,45670
173735,45670
223680,45669
260175,45669
144844,45669
233913,45669
216973,45669
252234,45668
263694,45668
256964,45668
278818,45668
250884,45668
258091,45668
160857,45668
207137,45667
76321,45667
178490,45667
216818,45666
181363,45666
64956,45666
258123,45666
180468,45666
34828,45666
93321,45666
86676,45666
287879,45666
266657,45665
148187,45665
108045,45665
125107,45664
267002,45664
251147,45664
282916,45664
72035,45663
68802,45663
130618,45663
245840,45663
115462,45663
36677,45663
230374,45663
181497,45662
124044,45662
58097,45662
80630,45662
112740,45662
18443,45662
20068,45662
276728,45661
166899,45661
268777,45661
274643,45661
271309,45661
194933,45661
295495,45661
185515,45660
254949,45660
205376,45659
123807,45659
170117,45659
4204,45659
75735,45659
274058,45659
196932,45658
228851,45658
156712,45658
237641,45658
143082,45658
264119,45657
142211,45657
134325,45657
111232,45657
138326,45657
175402,45657
157533,45656
127403,45656
220808,45656
31136,45656
286466,45655
197881,45655
107558,45655
155516,45655
233127,45655
290017,45655
234720,45655
51810,45654
203806,45654
157657,45654
101063,45654
262714,45654
19266,45654
9660,45654
226491,45654
51095,45654
2206,45653
205824,45653
10951,45653
252211,45653
236788,45653
11427,45653
37690,45653
205059,45653
283362,45653
250886,45653
13978,45652
86067,45652
274981,45652
180112,45652
266018,45652
37712,45652
239869,45652
170591,45651
112221,45651
263283,45651
9038,45651
121072,45651
43952,45651
146606,45651
106300,45651
105094,45650
218661,45650
272754,45650
138518,45650
12777,45650
226209,45650
217297,45650
144722,45649
292426,45649
165299,45649
278446,45649
284594,45649
237558,45648
72122,45648
21646,45648
52039,45648
80444,45648
266416,45648
214599,45648
21594,45647
286966,45647
115434,45647
93070,45646
162518,45646
198765,45646
35128,45646
172828,45646
144980,45646
104802,45646
147602,45646
36253,45646
10777,45646
162471,45646
35545,45645
112348,45645
242063,45645
132785,45645
73977,45644
294108,45644
64581,45644
246407,45644
208476,45644
105059,45644
6886,45643
142004,45643
221363,45643
184435,45643
236100,45643
112582,45642
242600,45642
221558,45642
156244,45642
213261,45642
82371,45641
249286,45641
244197,45641
124244,45641
20420,45641
278436,45641
296487,45641
283983,45641
64696,45641
49353,45641
277782,45640
291289,45640
294819,45640
217938,45640
19920,45640
230844,45640
232613,45640
125619,45639
61558,45639
74015,45639
114405,45639
236893,45639
256081,45639
236360,45638
284355,45638
34389,45638
31954,45638
230509,45638
196630,45638
287536,45638
160495,45638
210341,45638
62392,45638
190469,45638
295287,45638
225045,45638
225769,45637
223528,45637
148939,45637
53611,45637
131928,45637
116087,45637
134773,45637
121854,45637
251959,45637
61287,45636
125537,45636
274683,45636
89797,45636
239437,45636
5371,45636
169293,45636
281396,45636
150968,45636
78644,45636
164411,45635
201764,45635
183313,45635
260713,45635
205145,45635
200064,45635
278073,45635
37781,45635
117269,45635
206240,45634
9208,45634
116865,45634
122052,45634
208480,45634
280576,45633
217875,45633
278989,45633
179012,45633
220125,45633
245293,45633
230826,45633
61985,45633
124732,45632
270323,45632
207401,45632
150445,45632
200354,45632
233643,45632
201743,45632
204348,45632
291086,45632
32766,45632
122363,45632
121127,45631
126480,45631
184905,45631
189575,45631
212582,45631
73474,45631
289656,45630
138509,45630
192569,45630
159599,45630
189223,45630
22208,45629
193130,45629
228490,45629
263608,45629
296592,45629
247232,45629
276791,45629
192396,45629
218991,45629
189125,45629
120581,45629
76286,45629
95464,45629
168398,45628
148367,45628
270198,45628
693,45628
209006,45628
121623,45628
161302,45628
266281,45628
175016,45627
220647,45627
26553,45627
193916,45627
223511,45627
273948,45627
243520,45626
41868,45626
226750,45626
219472,45626
287341,45626
185773,45625
207415,45625
139472,45625
229427,45625
288141,45625
188328,45625
238474,45625
193281,45625
80301,45625
172809,45625
247044,45625
268952,45624
41407,45624
251014,45624
100545,45624
105193,45624
173895,45624
270577,45623
16226,45623
249886,45623
170432,45623
105137,45623
289746,45623
181341,45622
25297,45622
277327,45621
17719,45621
274501,45621
74235,45621
278647,45621
160413,45620
267869,45620
293144,45620
244141,45620
152775,45619
195985,45619
13008,45619
286877,45619
229868,45619
241469,45619
5983,45619
294565,45619
41970,45618
217795,45617
195124,45617
172462,45617
223969,45617
50090,45617
106861,45617
101741,45617
289568,45617
194693,45617
277997,45617
9938,45616
292763,45616
126381,45616
156733,45616
6278,45616
73272,45616
240063,45615
251404,45615
63365,45615
27920,45615
281325,45615
244349,45615
261873,45615
40468,45614
50707,45614
167075,45614
138716,45613
217237,45613
210333,45613
185396,45613
43299,45613
264427,45612
57287,45612
290949,45612
201897,45612
200323,45612
81562,45612
219570,45612
244992,45612
41303,45612
293651,45611
293203,45611
197315,45611
107952,45611
253867,45611
200955,45611
192902,45611
3361,45611
119718,45611
74412,45610
239219,45610
104191,45610
114270,45610
216293,45610
262591,45610
235956,45610
277317,45610
210425,45610
245791,45609
235377,45609
161100,45609
293814,45609
124800,45609
229079,45609
19726,45609
225400,45609
617,45609
26398,45609
245501,45608
264520,45608
231212,45608
278047,45608
211947,45608
219070,45608
131,45608
283589,45608
195701,45608
26807,45608
271300,45608
150679,45607
35011,45607
125363,45607
258079,45607
6200,45607
186209,45607
167391,45607
37059,45607
135977,45606
285309,45606
288626,45606
117752,45606
144755,45606
11132,45606
76466,45606
207456,45606
212897,45606
121180,45605
239934,45605
161573,45605
172552,45605
204407,45605
71197,45605
174345,45605
13664,45605
59944,45605
172959,45605
80989,45605
158035,45605
208344,45604
204140,45604
178799,45604
83292,45604
273026,45604
268487,45604
191870,45604
136972,45604
284363,45603
175803,45603
279806,45603
219938,45603
122649,45603
285331,45603
257513,45603
250515,45603
214980,45603
276069,45602
158874,45602
251659,45602
174906,45602
249363,45601
93299,45601
99694,45601
192463,45601
253563,45600
109662,45600
28950,45600
278236,45600
111117,45600
276446,45600
185682,45600
45247,45600
155404,45600
212620,45599
119534,45599
277996,45599
47283,45599
253979,45599
58891,45598
266998,45598
192560,45598
292609,45598
180146,45598
156171,45598
100299,45597
279573,45597
42295,45597
174690,45597
184457,45597
195243,45597
213166,45597
196650,45597
203384,45597
8829,45597
178441,45597
105115,45597
68251,45596
51117,45596
287396,45596
93852,45596
250741,45596
164287,45596
281269,45596
68040,45596
171449,45596
30636,45595
282842,45595
23477,45595
245922,45595
87541,45594
254832,45594
195812,45594
266953,45593
115093,45593
102347,45593
202249,45593
281627,45593
289433,45593
269501,45593
126578,45592
4413,45592
192970,45592
93558,45592
285449,45592
236837,45592
285721,45592
154160,45592
241224,45592
280461,45592
270269,45592
47797,45592
249487,45592
257618,45592
164516,45592
165643,45591
87127,45591
16686,45591
221766,45591
113409,45591
295999,45591
157498,45591
179891,45591
28780,45591
110741,45590
212222,45590
259410,45590
177805,45590
172876,45590
128118,45590
275699,45590
93585,45590
173088,45589
15645,45589
189950,45589
186136,45589
52068,45589
77405,45589
266266,45589
104722,45588
269835,45588
164431,45588
244739,45588
187187,45588
217724,45587
252016,45587
241558,45587
208445,45587
262857,45587
27790,45587
4966,45587
105735,45586
186005,45586
96769,45586
239557,45586
233326,45586
179440,45586
294688,45586
36871,45585
140668,45585
213305,45585
218926,45585
92998,45585
229493,45585
112796,45585
211051,45585
124593,45584
288594,45584
193922,45584
229230,45584
190624,45584
267685,45583
290994,45583
53619,45583
224629,45583
61598,45582
96242,45582
99590,45582
243922,45582
265928,45581
253581,45581
169189,45581
180927,45581
38900,45581
176624,45581
93029,45580
16522,45580
8065,45580
20195,45580
284844,45580
81849,45580
280654,45580
214703,45580
186526,45579
138379,45579
3079,45579
231566,45579
280847,45579
153351,45579
158435,45579
191484,45579
236165,45578
231178,45578
63789,45578
237003,45578
250737,45578
211432,45578
107835,45578
199305,45577
95740,45577
58349,45577
133510,45577
224585,45577
19163,45577
43708,45577
5758,45576
221897,45576
176962,45576
220349,45576
277334,45576
231565,45576
77694,45576
282407,45576
285102,45576
192605,45576
75329,45576
130011,45576
14924,45575
226218,45575
176902,45575
49529,45575
6503,45575
215308,45575
161987,45575
105874,45575
87209,45575
277549,45575
207309,45575
217466,45574
75686,45574
294402,45574
7531,45574
79429,45574
267976,45574
202057,45574
273232,45573
291214,45573
16287,45573
223772,45573
60476,45573
103242,45573
182996,45573
40684,45573
106118,45572
5257,45572
109709,45572
155318,45572
198607,45572
261785,45572
119024,45572
66441,45572
134554,45571
41972,45571
228658,45571
283497,45571
276797,45571
9678,45571
175142,45570
225846,45570
235722,45570
243900,45570
227936,45569
295548,45569
275538,45569
28598,45569
217545,45569
153261,45569
4361,45569
269755,45568
219588,45568
195393,45568
76020,45568
102140,45568
21663,45567
77618,45567
217462,45567
279882,45567
195081,45567
276101,45567
22466,45567
215288,45566
164323,45566
261061,45566
284853,45566
279911,45566
142499,45566
221680,45565
102461,45565
34975,45565
79374,45565
92235,45564
141840,45564
251948,45564
47357,45563
137454,45563
292436,45563
202983,45563
246060,45563
64181,45562
51460,45562
83222,45562
59267,45562
272192,45562
249297,45562
271772,45562
258467,45561
148793,45561
184143,45561
257529,45561
56252,45561
227963,45560
29074,45560
273369,45560
92904,45560
269534,45559
191650,45559
92531,45559
121827,45559
226852,45559
262362,45559
16221,45558
185260,45558
199499,45558
148138,45558
182112,45558
228217,45557
163904,45557
214705,45557
224327,45557
251047,45557
208485,45556
228736,45556
259227,45556
223563,45556
186248,45556
222543,45556
258535,45556
210470,45556
184837,45556
295781,45556
287590,45555
22465,45555
390,45555
282335,45555
56670,45555
143193,45555
113623,45555
235316,45554
196420,45554
217699,45554
177684,45554
295984,45554
291762,45554
158177,45554
39656,45554
260904,45553
71188,45553
285945,45553
257960,45553
178474,45553
144261,45553
192278,45553
202699,45553
155839,45553
232154,45553
228700,45553
159774,45553
14541,45552
140974,45552
249140,45551
148721,45551
284047,45551
149373,45551
21725,45551
167293,45551
292343,45550
112823,45550
205096,45550
82387,45550
166654,45550
235213,45550
221135,45550
166213,45550
5762,45549
268696,45549
106666,45549
197961,45549
270092,45549
194601,45549
137380,45549
280261,45549
213091,45549
307,45549
245382,45548
257565,45548
281633,45548
273386,45548
59446,45548
278897,45548
150420,45548
243726,45548
274084,45548
262073,45548
115053,45548
118132,45548
229599,45547
150824,45547
138707,45547
246991,45547
271240,45547
292233,45547
261118,45546
272254,45546
294177,45546
263820,45546
219836,45546
184534,45546
97058,45546
218544,45546
95580,45546
266089,45545
119268,45545
188790,45545
191579,45545
145333,45545
231852,45545
282010,45545
184154,45545
294744,45544
45747,45544
192636,45544
214706,45544
256533,45544
195312,45544
95055,45543
178455,45543
146462,45543
214765,45543
214218,45543
186578,45543
243463,45543
268674,45542
122946,45542
153751,45542
239261,45542
139230,45542
87592,45542
230625,45542
207469,45542
191520,45542
137656,45542
202193,45541
129014,45541
127738,45541
134252,45541
62564,45541
295375,45541
133340,45541
122,45541
229060,45541
272247,45541
49151,45541
234571,45541
115560,45541
241200,45541
268393,45540
281856,45540
224945,45540
218408,45540
267726,45540
209423,45540
21730,45540
94200,45540
251075,45540
189558,45540
6885,45540
170845,45540
77820,45540
269545,45539
227112,45539
9258,45539
73776,45539
148554,45539
117695,45539
254062,45539
245316,45539
111936,45539
294572,45538
172095,45538
222006,45538
69869,45538
97920,45538
156504,45538
233070,45538
30659,45538
112687,45538
164008,45537
111793,45537
147934,45537
68322,45537
9641,45537
158213,45537
241129,45536
213496,45536
147531,45536
82832,45536
227687,45536
4431,45535
79499,45535
178250,45535
287166,45535
142479,45535
231638,45535
274276,45534
35313,45534
59263,45534
25698,45534
273256,45534
11213,45534
97391,45533
259409,45533
220103,45533
266625,45533
128025,45533
294197,45533
232555,45533
269426,45533
280063,45533
140412,45533
65804,45533
249519,45533
188421,45533
13077,45532
124810,45532
228189,45532
291694,45532
278795,45532
83475,45532
257984,45532
281448,45532
264711,45532
261955,45532
294269,45531
146023,45531
195412,45531
134575,45531
10841,45531
59377,45531
13477,45531
243074,45531
105218,45531
229573,45531
213631,45530
182521,45530
25368,45530
125254,45530
71429,45530
235989,45530
248058,45530
83062,45529
164477,45529
5535,45529
736,45529
220057,45528
224091,45528
291297,45528
151623,45528
199450,45527
287576,45527
32770,45527
266543,45527
80810,45527
144636,45527
290055,45527
281483,45526
57624,45526
173845,45526
290863,45526
97211,45526
222248,45526
53329,45526
283887,45525
163295,45525
293616,45525
162559,45525
192217,45525
242827,45525
30679,45525
274552,45524
198259,45524
292360,45524
142287,45524
251229,45524
61635,45524
126507,45524
163013,45524
208073,45523
268942,45523
58326,45523
290923,45523
263279,45523
253469,45523
160122,45523
172715,45523
277741,45523
13931,45522
171080,45522
271364,45522
129949,45522
72663,45522
213074,45522
59962,45522
81729,45522
235630,45522
4220,45521
240497,45521
204482,45521
7039,45521
41363,45521
203728,45520
195038,45520
101113,45520
17800,45520
277079,45520
272337,45519
279442,45519
261927,45519
143307,45519
282875,45519
17517,45519
1068,45519
201823,45519
135660,45519
237387,45519
75879,45519
156793,45519
89271,45519
234220,45518
21626,45518
226448,45518
12944,45518
135398,45518
105997,45518
6883,45518
274032,45518
45322,45517
241426,45517
254675,45517
136249,45517
224839,45517
271819,45517
277903,45517
220074,45517
27034,45517
202726,45516
279366,45516
117338,45516
277784,45516
256892,45516
206354,45516
244910,45516
70143,45516
173,45516
116234,45516
67737,45516
164173,45516
187769,45516
277655,45515
74532,45515
61382,45515
194293,45515
289902,45515
287234,45515
197475,45515
290594,45515
140874,45515
8862,45515
154842,45514
285996,45514
253163,45514
49738,45514
80652,45514
102234,45513
147412,45513
200978,45513
69800,45513
14109,45513
11194,45513
123549,45513
188804,45513
131855,45513
193900,45512
296600,45512
8693,45512
212219,45512
244736,45512
82369,45512
21923,45512
258387,45512
212176,45512
212759,45512
131162,45511
135781,45511
273008,45511
74737,45511
249341,45511
76283,45511
85413,45511
248330,45511
167372,45510
80196,45510
83651,45510
231058,45510
47976,45510
232141,45510
35840,45510
158412,45510
96147,45510
273930,45510
83728,45510
227710,45510
247726,45510
242309,45510
231266,45510
273939,45510
253678,45509
212389,45509
11412,45509
207893,45509
294716,45509
141744,45509
114411,45509
164017,45509
75316,45509
258621,45509
251171,45509
119645,45509
242476,45508
217610,45508
270508,45508
168362,45508
260538,45508
165551,45508
4560,45508
31421,45508
124737,45508
172643,45508
18056,45508
190875,45508
295248,45507
102812,45507
259520,45507
205845,45507
207294,45506
82807,45506
275331,45506
23992,45506
234755,45506
211323,45506
70507,45506
286572,45506
106228,45506
162031,45506
192418,45506
170419,45505
162365,45505
56327,45505
267985,45505
57668,45505
28805,45505
250781,45505
229100,45504
227404,45504
1321,45504
262010,45504
249762,45504
211768,45504
8078,45503
277072,45503
55427,45503
240787,45503
213658,45503
110393,45503
248814,45503
19070,45503
276320,45503
53163,45503
197626,45503
277724,45503
54420,45502
253392,45502
136772,45502
30612,45502
172740,45502
280428,45502
179069,45502
132311,45501
41387,45501
293465,45501
169322,45501
30024,45501
601,45501
229549,45501
83620,45500
337,45500
213791,45500
160462,45500
125827,45500
187631,45500
205965,45500
7567,45500
97124,45500
186038,45499
58987,45499
124395,45499
242151,45499
86441,45499
263765,45499
13501,45499
194034,45499
293129,45499
276562,45499
197923,45498
121770,45498
13732,45498
207962,45498
148506,45498
283541,45498
74676,45498
187278,45498
2510,45498
252257,45497
132174,45497
10520,45497
276931,45497
256769,45497
19072,45497
273612,45497
229415,45497
159740,45497
241782,45497
280097,45497
197762,45497
196050,45496
252387,45496
193883,45496
142612,45496
215431,45496
278570,45496
173447,45495
60503,45495
219449,45495
167857,45495
36273,45495
174405,45495
246312,45495
250118,45495
76726,45494
264193,45494
58391,45494
127174,45494
291866,45494
176305,45494
