199483,100000
160552,64475
288029,64376
275002,64146
202937,63675
184098,63581
244525,63102
169087,62961
202406,62916
284009,62657
213022,62251
242152,62112
199513,62088
268692,62067
172709,62003
176958,61914
188202,61824
187530,61820
165199,61754
259566,61741
191537,61630
259120,61623
233632,61568
236121,61395
239306,61391
237303,61372
160949,61350
217134,61280
255700,61141
99382,61096
205193,61089
243687,61076
187595,61068
194328,61050
186879,60921
245861,60904
171894,60882
247487,60782
162650,60690
199344,60688
206632,60684
180432,60681
259384,60385
108384,60373
294782,60352
190154,60276
266128,60211
274175,60174
168150,60150
112470,60086
216018,60005
78015,59829
177160,59826
106639,59801
39762,59698
281480,59678
251145,59573
197450,59571
86119,59551
236472,59511
200161,59484
268703,59460
259506,59453
159261,59453
145691,59451
220603,59341
292381,59323
51344,59306
112381,59248
218424,59219
246805,59172
65386,59148
171597,59124
150508,59067
191923,59061
287573,58955
239765,58910
210690,58884
252264,58757
123505,58706
122866,58544
274940,58518
232184,58454
121501,58446
49328,58385
163177,58341
256745,58315
183903,58314
210152,58276
180676,58104
207862,58093
256956,58079
274225,58055
230252,58010
64661,57967
202494,57920
228812,57835
243151,57791
276167,57772
228758,57729
217655,57599
98375,57547
277643,57461
105939,57274
212952,57261
25294,57177
61111,57140
257099,56999
116926,56956
53738,56838
51269,56773
110173,56767
250847,56588
38509,56562
140495,56537
35527,56512
104865,56500
187674,56478
232547,56450
105360,56449
218318,56446
140336,56393
36984,56314
56821,56121
278821,56067
277460,55987
26649,55971
96263,55956
38868,55954
85465,55945
22634,55827
91947,55763
201941,55742
21237,55741
177439,55729
16953,55654
19452,55630
136847,55598
30961,55561
48047,55508
90808,55496
286414,55491
150774,55374
296565,55371
206312,55290
279339,55247
17678,55225
167238,55213
156846,55174
20274,55149
34091,55149
20387,55128
56548,55123
35951,55113
131915,55089
132290,55075
126643,55074
183243,55058
19214,55042
20269,55035
87644,55013
274560,55002
272992,54976
221670,54970
47430,54911
225133,54904
245495,54900
183275,54900
150554,54896
285493,54857
142719,54842
205419,54840
158016,54839
146815,54811
41310,54788
20116,54778
158887,54770
12197,54756
161271,54753
240199,54737
40767,54728
118589,54722
132651,54694
47410,54694
267618,54682
109498,54680
242252,54669
115446,54652
32340,54640
159230,54639
154947,54628
60011,54612
220798,54571
20842,54560
11954,54538
134864,54531
20725,54515
15690,54497
91333,54492
280761,54472
288920,54463
138544,54458
223112,54457
244696,54452
130585,54442
205102,54428
20071,54422
11297,54415
207244,54395
238495,54394
130506,54381
118262,54374
280742,54373
16839,54372
130507,54361
274615,54361
264353,54353
148593,54342
174187,54328
295927,54312
20396,54310
146126,54309
60380,54292
236443,54287
11631,54268
161851,54266
16159,54249
17802,54248
206499,54243
222539,54215
121112,54211
134456,54209
18804,54170
66472,54169
105159,54161
165915,54144
125110,54134
16846,54128
286802,54124
247262,54124
118369,54116
113727,54096
111166,54095
126878,54093
254862,54093
227154,54090
121260,54085
207519,54076
167251,54073
178435,54058
123372,54051
64668,54034
187123,54027
249382,54024
215849,54017
137483,54006
177506,53999
126130,53996
152834,53991
212201,53990
190491,53952
278964,53951
121840,53943
121048,53931
142461,53926
248952,53919
146317,53915
173573,53907
156494,53902
242322,53894
161001,53889
180364,53888
103470,53887
202006,53882
14779,53868
116938,53864
10232,53856
166442,53841
147728,53827
157648,53818
14268,53801
15462,53797
232618,53778
290627,53772
124846,53748
167983,53732
117533,53715
287220,53698
281522,53689
131301,53682
207129,53681
261023,53662
107579,53649
154998,53646
129752,53646
184784,53642
130887,53640
191111,53631
24239,53629
124335,53614
124141,53612
68175,53601
170229,53593
214608,53590
14847,53582
296223,53581
36169,53579
131128,53579
257084,53565
281602,53556
278465,53545
208437,53545
186808,53543
162408,53530
217071,53528
188581,53520
237571,53510
199077,53504
285178,53503
288766,53498
14350,53483
118812,53480
241549,53476
219640,53470
197762,53460
267777,53451
125222,53437
12877,53427
18437,53425
128806,53421
289194,53416
255890,53414
6720,53398
116263,53390
30078,53387
127514,53386
251744,53374
154522,53370
275424,53356
222447,53352
19110,53345
266237,53341
228816,53331
288758,53331
62694,53327
11375,53319
80880,53313
159037,53301
233312,53281
154924,53279
217721,53254
247043,53248
196740,53243
230371,53233
14085,53226
229323,53225
235579,53201
154707,53200
259493,53200
250638,53192
279251,53190
19614,53190
271411,53186
104485,53171
186322,53168
238868,53153
139226,53153
110260,53146
172923,53146
189903,53139
15032,53135
216604,53135
144095,53129
177301,53123
271296,53120
289106,53110
13344,53106
126596,53101
233823,53100
102809,53099
179520,53097
16216,53095
217277,53087
224699,53087
83440,53087
99186,53080
120750,53072
194053,53070
184262,53070
201684,53063
124172,53061
267175,53060
232148,53060
243448,53058
253466,53056
222601,53056
291139,53056
234314,53048
185916,53021
13975,53016
145146,52999
281889,52998
16419,52996
76440,52972
130087,52968
237821,52966
137780,52961
191803,52956
179264,52954
221714,52951
224588,52935
182339,52929
161081,52925
214293,52920
182039,52915
226078,52902
163091,52882
251573,52881
241451,52875
164668,52873
228515,52872
213791,52856
283926,52847
195177,52847
192462,52842
234695,52842
223890,52839
284604,52837
234529,52837
272604,52823
223181,52820
265782,52819
190201,52812
173391,52809
73156,52803
122358,52801
214301,52800
275689,52793
218743,52782
43640,52781
170369,52779
283900,52774
283728,52773
190288,52772
123110,52769
148856,52762
272368,52760
138746,52745
271001,52731
11119,52721
289613,52721
269383,52705
230661,52694
240374,52693
271124,52686
27512,52683
74078,52670
8190,52664
174260,52660
63440,52650
113454,52646
254122,52636
30986,52636
61097,52631
121948,52623
245223,52618
134255,52618
198867,52612
183793,52609
215708,52603
175745,52603
291148,52596
254351,52595
277921,52572
230447,52567
165557,52565
12792,52560
199507,52558
170551,52557
169051,52553
177593,52551
205535,52551
236187,52545
272971,52545
255222,52544
62942,52543
201549,52538
170249,52538
129572,52537
273780,52529
106100,52516
101639,52512
107555,52506
72248,52505
190276,52503
293418,52484
237056,52475
182242,52465
218581,52462
183029,52461
189665,52460
183922,52457
183693,52453
186292,52453
108990,52450
215388,52448
148043,52444
214332,52440
158532,52438
278034,52436
172886,52435
145057,52431
274788,52427
260742,52419
171535,52419
270742,52418
142606,52418
148919,52412
199085,52411
255768,52402
266603,52401
139136,52392
268698,52385
275698,52384
269724,52369
178785,52369
133435,52366
212217,52365
133904,52363
236716,52358
248802,52357
145747,52352
141431,52336
15495,52336
125727,52333
166754,52326
148088,52325
37716,52322
217911,52322
245293,52315
213537,52310
147332,52309
191052,52309
154980,52305
175096,52302
221798,52302
48575,52300
144460,52293
243090,52288
239138,52286
142479,52285
246016,52278
280035,52276
253671,52269
7943,52264
166878,52261
258534,52254
259557,52251
292231,52249
230294,52242
258405,52242
269413,52234
175874,52230
211222,52227
132235,52224
173189,52222
89032,52220
233643,52208
230617,52205
50001,52200
161593,52198
233650,52196
45020,52193
177315,52177
284339,52153
230139,52146
211171,52144
129128,52142
251222,52139
175251,52136
142422,52134
262864,52123
238391,52120
198232,52115
157723,52112
265811,52111
202992,52105
148628,52102
295939,52098
95723,52092
256372,52091
231323,52088
165122,52086
265160,52086
173298,52081
229415,52078
257966,52074
118001,52068
271767,52066
228410,52060
252705,52057
248804,52057
288944,52057
103824,52054
261450,52048
232813,52047
188589,52043
239609,52039
204045,52029
67214,52028
113774,52028
237589,52021
188624,52019
109011,52016
92953,52012
10683,52008
295096,52006
174624,52005
139489,52000
237016,51992
221693,51990
271125,51989
132509,51979
186666,51976
53329,51967
291410,51964
192511,51949
128026,51947
259677,51947
12331,51942
214406,51936
115129,51924
225586,51914
187309,51912
184018,51907
223620,51904
216873,51903
162276,51893
175842,51885
269290,51882
184305,51881
238248,51879
144225,51873
125268,51871
231162,51867
93590,51866
135312,51866
225940,51862
143821,51859
164629,51855
210379,51852
220569,51849
226080,51842
144113,51841
228822,51841
192595,51836
170346,51830
221468,51830
201141,51816
243512,51816
235088,51811
258931,51804
164953,51802
229690,51800
252458,51798
199237,51795
243520,51791
274525,51789
115203,51785
282673,51784
206485,51783
134929,51783
211322,51774
104496,51773
240943,51772
242294,51765
277654,51761
165589,51758
143991,51754
138435,51753
254624,51750
194284,51743
121993,51741
103264,51736
230897,51731
287212,51724
194883,51722
114326,51721
123967,51721
91650,51720
237866,51716
241507,51712
238169,51712
171258,51705
288010,51705
55999,51702
198873,51702
148131,51698
230754,51696
169466,51694
12865,51692
119336,51673
244030,51662
122303,51656
272079,51652
49089,51647
108363,51646
136221,51645
123086,51643
136981,51642
245382,51637
274931,51637
195083,51636
215162,51633
167452,51630
187915,51630
177858,51622
91384,51616
230591,51611
136413,51600
148778,51595
162320,51595
3445,51579
233355,51576
189462,51574
185512,51566
293591,51561
260841,51547
91599,51542
233017,51542
277488,51539
261201,51535
240511,51528
278697,51528
204098,51528
288546,51520
250689,51519
284988,51519
100419,51510
166942,51508
20916,51505
237553,51502
171351,51502
101870,51501
230071,51500
292799,51489
11312,51488
199133,51487
178977,51480
119968,51475
21015,51468
233502,51464
226089,51457
9294,51456
290045,51447
158218,51447
285509,51446
188630,51442
230998,51439
112210,51431
162767,51430
174906,51426
163371,51421
194237,51420
194679,51419
163107,51415
186222,51405
228789,51401
160950,51391
232480,51384
237627,51382
266192,51376
171710,51371
215994,51369
5826,51367
94508,51361
172489,51360
227483,51359
215520,51358
269057,51352
269786,51351
92164,51346
188599,51336
274135,51333
276480,51333
269230,51333
247351,51329
282578,51327
194555,51319
283215,51318
50774,51317
39200,51315
160597,51314
220985,51314
164499,51304
180265,51303
290726,51298
88762,51295
124937,51294
188504,51285
107895,51284
118218,51277
212670,51276
144876,51275
229950,51272
86616,51262
291667,51259
240042,51257
247170,51257
105036,51251
160112,51246
235351,51246
284633,51240
258253,51239
234663,51236
213386,51225
6380,51225
193058,51217
278024,51215
89998,51215
226959,51213
241890,51212
207555,51209
157369,51208
196025,51208
89333,51204
285163,51203
205976,51186
182087,51182
241534,51174
227872,51160
148030,51156
112634,51153
115946,51152
253992,51142
269509,51142
177274,51138
230266,51138
257296,51138
255822,51136
93758,51134
128219,51133
190886,51132
184077,51121
149207,51121
199548,51117
137436,51107
139945,51098
221397,51094
151498,51093
75032,51093
226120,51089
240927,51083
209517,51082
150983,51076
160508,51067
9159,51062
62779,51061
208112,51055
166112,51050
290191,51047
103814,51047
225927,51039
140471,51037
181250,51036
228191,51035
260036,51032
152251,51032
281592,51028
95123,51027
241861,51024
205113,51020
48555,51018
204683,51017
237348,51016
285989,51014
245640,51012
175789,50986
34773,50986
280550,50981
119492,50981
249831,50980
111685,50973
205090,50971
36623,50964
194747,50963
108536,50954
271455,50953
239657,50950
98895,50947
127622,50945
253826,50942
167058,50934
295148,50933
256182,50928
120009,50922
159952,50919
86396,50914
276229,50912
215574,50912
133608,50904
293197,50899
243227,50887
71784,50886
258074,50886
288909,50881
290986,50879
163507,50879
82751,50876
212734,50869
105503,50865
279247,50860
164660,50859
194230,50857
209818,50856
208786,50852
291635,50845
138319,50844
162658,50843
76836,50838
179279,50837
110532,50836
146285,50833
253575,50820
265999,50818
144999,50818
140454,50814
114320,50812
68906,50809
267191,50800
91549,50797
244019,50793
198603,50792
238067,50791
259035,50787
129883,50784
204812,50783
224948,50780
155998,50780
219028,50773
185815,50772
98035,50772
94744,50769
244336,50768
116518,50763
12645,50759
280511,50755
193035,50751
182414,50750
17393,50748
161977,50737
217667,50736
266096,50728
5127,50726
212432,50725
118525,50725
235857,50722
260974,50721
236024,50717
207559,50711
130089,50709
116329,50699
237760,50697
235310,50696
98249,50693
162820,50693
97219,50690
10514,50689
247815,50684
179920,50682
185807,50677
5390,50672
250758,50671
287858,50669
228251,50667
112324,50667
64544,50666
33269,50659
193735,50658
115136,50658
90026,50656
179145,50655
82307,50654
198949,50653
45110,50653
279489,50652
3153,50648
46130,50645
238366,50641
168887,50633
243150,50632
258071,50630
41373,50628
170891,50627
9091,50622
213646,50621
30368,50620
198597,50620
89797,50613
32919,50611
260627,50607
296216,50604
35454,50601
147762,50601
245641,50598
283913,50587
256678,50586
155517,50585
137072,50582
216958,50581
185709,50580
152865,50579
105559,50569
96842,50568
199229,50568
117196,50564
191114,50564
199069,50563
192873,50560
90983,50558
184859,50558
108208,50554
145076,50554
7081,50554
255188,50548
234481,50548
185344,50545
80750,50543
134500,50540
207069,50537
274247,50534
111500,50530
270793,50523
261130,50520
6180,50519
114801,50519
193584,50518
149116,50515
182121,50515
213949,50511
286111,50508
233967,50507
230820,50504
89012,50499
50477,50499
129957,50498
200352,50498
199044,50496
280241,50491
202580,50490
151352,50487
73642,50487
201498,50486
85954,50480
82394,50478
165115,50478
220343,50475
124424,50474
180577,50470
95140,50469
289496,50467
119862,50464
130694,50464
129359,50459
178399,50457
243102,50455
188638,50450
113563,50447
226754,50444
257748,50442
206664,50441
109551,50437
130391,50435
30432,50433
155718,50432
268793,50431
47618,50430
260247,50428
211048,50423
150860,50423
172829,50420
56296,50419
271390,50414
248136,50412
189501,50412
170290,50409
169565,50405
49787,50404
131520,50403
100011,50400
272395,50398
56898,50398
261601,50394
238801,50390
107529,50386
90636,50386
274022,50384
240316,50384
218926,50383
211536,50383
36360,50383
180020,50379
218214,50373
146514,50373
163522,50372
167512,50369
228029,50363
237921,50363
287584,50362
97363,50360
164208,50359
234668,50358
134675,50355
143970,50354
129066,50353
269847,50352
235752,50351
195888,50350
30942,50349
276313,50347
158184,50343
234915,50341
132282,50338
22693,50336
29978,50335
97730,50335
243749,50335
108907,50330
40762,50329
206041,50328
112278,50327
222496,50325
98347,50323
254254,50322
8107,50320
233834,50300
257883,50300
253204,50299
191131,50299
237015,50296
156892,50295
1549,50289
48166,50289
110481,50289
170378,50288
112387,50287
94762,50286
147085,50285
111661,50283
114354,50282
167484,50280
277927,50270
94737,50269
191260,50269
65350,50265
261192,50263
224574,50262
171253,50262
141891,50261
208766,50261
234404,50260
37659,50257
217773,50250
29258,50249
264715,50243
162950,50240
143212,50237
271373,50237
128012,50236
46100,50236
92580,50236
220593,50231
270039,50230
127285,50229
228999,50225
245134,50223
203303,50222
32188,50222
177148,50222
66364,50216
155899,50212
265955,50212
171620,50209
121128,50207
112405,50207
161611,50197
269202,50197
280496,50191
234438,50190
277050,50188
259784,50186
70876,50186
274631,50185
229225,50184
33676,50184
224466,50184
190145,50182
289026,50181
180667,50180
217169,50173
175091,50172
123151,50171
232349,50170
27880,50170
181411,50169
27433,50168
279463,50166
134234,50163
291029,50163
72166,50162
126616,50159
252233,50157
163435,50154
168561,50152
72980,50152
64658,50152
192254,50151
281386,50151
268411,50149
118541,50148
230313,50147
59932,50145
284857,50144
63583,50142
184358,50142
157021,50142
131011,50141
175736,50140
272306,50136
119914,50128
202565,50125
204454,50122
123807,50118
264427,50114
189944,50112
390,50112
189907,50103
66930,50100
69416,50099
53744,50099
101229,50099
209957,50098
293814,50097
4928,50089
212027,50089
282123,50085
201577,50083
226882,50080
97371,50079
211435,50079
241219,50079
91873,50074
38025,50074
269755,50072
271217,50071
138506,50070
214826,50070
70929,50065
83329,50064
139295,50059
287247,50056
126775,50056
142637,50050
215835,50049
198804,50048
131882,50045
253001,50041
173999,50040
235740,50039
180560,50038
162230,50038
231281,50035
119296,50033
128107,50030
103188,50029
210470,50028
98685,50015
270599,50014
220253,50012
259940,50007
171474,50007
285029,50006
266543,50004
24457,50001
30714,50001
19553,50001
137656,49998
251923,49989
221252,49988
258270,49988
264004,49987
104527,49985
284142,49983
173716,49974
264013,49970
211051,49970
238124,49969
128725,49968
256473,49968
144852,49966
295576,49964
201688,49963
200702,49963
287076,49957
160332,49953
196974,49949
18393,49944
214068,49943
231042,49942
187492,49942
73674,49939
190196,49939
134612,49938
5549,49932
252726,49931
195124,49931
184044,49931
106980,49929
22676,49928
212850,49928
39808,49926
97914,49926
234303,49926
29524,49924
185920,49921
291235,49920
295779,49919
264024,49918
280001,49918
175434,49916
223432,49912
146345,49908
137592,49907
161945,49906
25553,49905
254530,49905
20569,49900
278494,49899
50601,49897
292229,49896
225874,49895
251598,49894
18056,49892
31919,49891
178618,49891
217628,49890
37744,49882
271731,49882
152046,49882
272787,49879
269275,49878
232690,49875
102743,49871
83357,49871
204886,49867
127149,49866
213686,49866
81321,49865
104273,49865
296342,49864
223413,49864
283247,49863
225849,49861
222060,49859
140484,49857
291259,49857
216211,49855
203935,49853
208393,49852
157674,49850
120148,49850
274342,49846
159824,49845
181308,49844
116544,49843
193823,49841
274622,49839
243944,49837
36557,49833
259565,49833
162956,49831
275898,49831
40604,49831
286931,49830
81591,49826
120162,49826
180969,49825
270709,49824
107838,49824
268971,49823
29800,49817
90823,49816
237388,49814
170624,49813
241221,49812
234278,49812
230042,49806
214519,49805
204514,49801
248464,49801
250604,49793
127910,49788
156074,49788
281452,49788
264199,49787
220237,49786
179582,49786
237161,49782
138998,49782
139585,49780
100193,49776
279146,49775
295184,49775
165789,49774
45707,49774
287906,49770
257874,49770
163386,49769
135900,49768
112179,49766
276088,49766
199251,49765
10482,49763
155409,49762
291152,49761
41450,49759
31425,49759
32532,49754
256020,49753
173744,49753
165062,49751
169129,49749
202983,49749
291086,49746
256276,49745
270164,49743
237656,49737
264846,49736
46029,49733
135367,49729
236107,49729
268146,49723
278128,49720
270842,49719
199363,49717
200955,49716
245316,49716
203269,49715
167854,49714
201310,49710
148926,49709
37448,49709
279619,49705
4044,49705
187508,49704
69444,49704
169293,49701
226892,49700
173653,49696
260276,49695
261281,49693
272479,49690
281657,49689
275638,49689
35409,49689
210576,49687
184680,49687
87637,49683
163433,49682
284860,49680
281025,49680
40583,49679
154336,49679
267117,49678
263162,49678
135392,49677
131651,49677
276344,49677
27676,49677
200490,49677
291661,49677
100251,49675
42841,49675
13210,49673
214711,49671
238209,49671
78793,49668
17165,49664
46164,49663
270813,49663
31566,49662
34648,49661
229542,49658
30377,49658
24123,49658
197207,49655
274655,49653
219961,49653
116932,49652
213729,49652
207410,49651
243598,49650
163603,49649
279763,49648
290529,49647
266478,49645
246673,49645
280682,49641
177210,49639
248254,49638
96327,49638
224917,49636
19421,49635
144379,49632
198109,49632
221841,49631
264031,49631
98353,49630
209198,49625
70484,49625
185515,49623
219472,49621
281380,49615
296302,49615
266247,49615
273272,49614
198108,49612
274585,49612
223811,49611
211138,49607
149192,49606
259815,49606
194134,49604
124869,49603
131261,49600
253581,49590
79672,49590
253029,49588
271045,49587
188842,49586
224350,49584
259484,49584
201494,49584
91907,49583
52664,49583
230968,49583
37337,49582
89145,49578
185010,49578
289478,49572
103504,49571
166284,49571
126794,49571
159835,49569
12806,49569
285644,49567
286682,49562
113058,49561
21410,49558
211269,49558
210130,49557
105094,49555
77115,49554
75732,49553
238494,49552
29767,49550
272197,49549
264311,49548
38240,49546
273156,49543
210286,49539
289427,49536
27904,49535
119470,49534
264334,49531
184580,49531
166728,49530
225026,49528
294566,49528
278111,49527
271973,49525
106283,49525
53158,49525
248795,49524
34860,49520
195382,49520
112547,49518
23234,49515
83868,49512
93721,49512
251055,49508
88564,49507
273326,49506
289343,49503
141186,49500
149113,49500
233895,49498
99164,49494
206316,49490
29799,49485
118757,49485
290597,49485
186691,49484
225455,49482
22656,49480
241971,49472
41640,49472
289927,49470
289583,49468
169715,49466
17302,49465
173617,49458
181298,49458
86717,49456
249623,49455
52077,49455
32603,49454
117468,49450
209012,49449
181019,49446
36116,49444
129825,49443
160671,49437
125714,49433
146802,49433
19552,49432
91926,49432
132833,49430
272132,49429
271948,49426
285588,49425
245823,49423
127038,49423
229406,49423
192938,49419
93888,49419
210296,49417
268148,49415
290324,49415
108613,49414
86052,49414
248682,49412
159252,49412
127920,49409
167774,49408
31504,49405
124827,49403
266351,49402
160297,49400
232154,49400
256946,49397
165380,49397
296474,49395
191607,49395
9079,49394
211775,49390
183350,49389
132349,49388
86916,49388
157015,49386
271473,49385
244917,49384
144670,49384
280113,49384
6002,49383
176767,49382
191266,49381
126821,49380
292052,49379
242613,49376
157498,49373
191445,49371
156187,49370
248113,49370
207060,49369
114152,49364
99986,49363
145255,49362
290021,49359
276925,49359
290577,49359
185712,49358
274132,49358
34828,49358
288798,49355
167171,49355
74710,49354
209649,49353
255610,49351
125712,49351
235502,49351
168116,49349
254405,49349
292285,49348
90154,49346
276885,49345
205168,49343
236414,49342
260302,49341
278206,49340
232138,49340
286544,49339
161690,49339
231623,49335
172534,49333
211614,49333
132455,49329
204332,49325
294561,49324
35413,49322
114065,49321
75453,49321
280951,49320
126140,49319
24181,49318
258444,49315
289413,49315
83281,49314
236206,49312
248260,49311
23135,49310
226449,49309
197727,49306
111167,49302
158483,49302
264646,49300
258791,49298
270828,49297
201944,49297
273402,49297
116777,49295
139218,49295
275639,49294
195640,49292
209382,49289
291179,49286
232343,49286
131923,49286
273437,49286
103242,49281
194512,49279
89708,49277
47059,49276
151496,49274
66529,49274
35470,49272
119414,49272
257680,49271
165913,49270
166952,49270
128933,49268
120290,49268
295484,49265
262531,49263
226900,49261
241796,49261
35613,49261
44222,49260
235978,49259
225646,49258
255004,49257
204239,49257
229570,49257
231845,49256
250390,49255
194658,49255
252655,49253
284432,49253
277905,49253
224282,49253
133251,49253
142526,49252
169078,49248
269792,49242
251897,49241
22973,49240
264349,49240
184090,49238
293123,49235
113689,49232
212276,49231
251903,49230
167450,49230
26514,49230
173467,49226
225014,49225
279198,49225
195348,49221
169011,49219
282264,49218
100725,49216
278601,49216
151677,49215
196052,49213
288903,49213
122282,49213
151520,49209
232226,49209
206208,49208
2604,49204
156629,49204
255383,49203
293318,49202
269739,49202
66926,49200
267347,49199
270715,49197
183983,49197
238608,49196
223978,49194
185384,49194
205096,49193
11266,49191
167434,49189
154386,49189
272320,49187
65585,49186
283897,49186
99539,49185
17428,49183
201887,49183
187180,49181
15695,49180
49125,49179
38534,49178
283151,49178
188290,49178
111303,49174
109433,49172
67280,49171
89436,49171
151782,49170
190968,49168
144868,49164
209142,49164
272337,49163
272191,49161
257015,49161
141030,49151
108510,49148
54460,49148
54662,49147
202661,49145
281977,49145
72261,49145
262008,49144
232248,49144
260713,49142
218836,49140
188514,49140
227846,49139
280607,49137
139816,49137
97886,49137
135037,49136
236714,49135
155836,49133
226239,49133
79429,49130
200959,49129
93269,49126
68007,49125
269090,49124
215048,49122
243585,49121
160495,49121
37756,49120
213516,49120
293780,49119
22158,49118
208471,49118
193262,49117
294589,49115
242231,49114
149549,49114
190483,49113
201484,49112
226718,49111
75267,49110
220467,49109
294650,49108
258013,49107
254104,49105
42695,49104
35392,49104
41803,49101
272884,49099
239083,49096
18733,49096
260644,49096
203134,49095
175652,49094
250675,49093
15002,49093
81562,49092
220121,49090
113166,49085
91782,49084
138408,49083
180769,49082
14443,49081
25311,49080
126776,49080
53578,49080
171389,49078
182176,49077
156799,49077
230550,49075
28464,49074
253620,49072
212475,49072
274791,49071
256342,49071
151678,49070
122080,49070
227278,49068
270049,49068
120046,49067
112073,49066
180954,49066
272956,49066
201414,49065
291603,49065
227361,49062
197626,49061
98645,49061
283084,49061
275713,49060
233541,49060
120455,49059
273711,49055
17197,49055
203596,49055
138438,49054
91209,49054
101090,49053
235177,49052
289733,49052
227275,49051
110497,49049
187769,49048
239694,49046
140290,49046
187319,49045
143025,49044
118999,49044
224613,49044
236685,49043
128755,49043
85039,49042
245424,49040
10445,49039
181711,49038
38584,49037
81916,49036
225121,49034
238888,49032
11038,49031
272730,49028
248857,49025
197084,49024
105137,49024
194693,49023
258194,49022
140708,49022
279404,49021
104067,49020
110191,49019
152089,49018
106412,49018
44522,49018
2959,49017
190533,49016
40353,49014
73869,49013
9613,49012
134759,49010
176093,49009
202654,49008
233755,49007
125629,49007
133073,49004
257962,49004
218189,49003
254015,49003
284804,49001
257924,49000
265389,48999
167445,48994
288233,48993
261614,48993
288019,48993
273628,48990
289638,48990
253771,48990
28242,48989
159429,48988
18332,48988
231687,48988
231753,48988
195515,48986
88322,48985
273214,48985
40320,48985
279258,48984
70602,48981
135433,48980
108075,48979
174426,48979
253692,48979
181547,48976
141258,48975
224347,48975
17849,48974
80673,48973
211020,48970
112823,48968
245924,48965
247373,48965
266287,48963
152458,48963
200113,48963
78430,48963
174765,48963
200064,48962
174945,48961
105986,48961
163169,48961
201909,48959
274477,48956
117621,48955
118584,48955
197136,48955
277603,48954
244867,48954
209174,48953
170240,48953
248738,48952
279719,48952
167852,48951
296618,48950
257583,48948
282224,48947
74755,48947
152966,48947
272477,48946
119516,48945
217724,48945
14505,48945
215959,48944
264247,48943
231480,48943
14730,48942
261623,48939
48585,48938
246209,48937
170565,48936
118306,48935
281223,48934
127555,48933
207268,48933
284940,48933
225340,48932
248094,48932
289051,48931
280335,48930
10126,48929
111210,48929
163388,48929
262457,48926
118361,48926
175651,48926
34940,48925
129649,48925
106895,48925
132763,48925
249874,48924
35113,48924
284601,48923
123130,48922
263923,48921
141776,48920
281269,48919
74603,48919
95926,48919
216373,48918
285906,48917
125248,48916
264914,48915
261873,48909
294993,48905
223242,48903
168535,48903
285777,48902
243900,48902
26756,48901
96281,48901
82078,48901
26209,48899
61690,48898
227080,48897
283281,48897
255024,48897
114142,48894
277279,48893
291688,48891
85753,48891
157440,48891
41659,48889
116389,48889
98012,48888
219048,48887
250456,48887
203856,48885
284212,48884
74525,48883
235135,48882
282430,48882
6058,48881
95832,48881
237827,48880
33701,48879
147890,48879
61228,48878
19387,48876
143542,48875
12534,48874
252747,48874
292368,48874
212123,48874
241409,48873
24338,48873
179268,48872
45522,48872
149884,48871
255683,48871
236917,48869
291313,48869
282623,48869
29345,48869
236004,48868
182345,48867
256060,48867
189736,48867
77748,48867
234415,48866
88117,48864
41586,48863
96110,48863
177605,48862
274497,48862
169932,48861
239356,48861
145075,48859
197388,48857
208642,48856
248560,48855
221882,48853
176234,48849
103720,48849
188398,48848
23753,48847
85823,48847
286518,48847
228379,48846
270015,48845
84681,48845
240366,48843
261692,48843
55536,48843
12123,48838
215164,48838
91092,48838
243943,48837
110699,48836
242867,48835
219536,48835
146557,48834
225400,48834
83242,48833
254032,48832
150103,48832
96579,48831
270285,48831
215165,48831
93875,48831
27451,48831
252700,48830
246913,48829
186986,48828
176774,48828
244992,48827
257656,48827
22567,48826
85576,48826
116832,48824
257398,48824
254266,48824
272652,48824
209025,48823
123335,48821
181462,48821
272728,48820
239534,48820
208990,48819
189914,48818
66411,48816
76197,48816
239031,48814
12793,48813
50927,48812
37544,48812
108797,48810
283055,48809
254853,48807
228169,48806
203769,48803
197048,48802
89892,48801
285563,48801
228642,48799
260919,48795
99146,48795
192679,48795
77752,48794
238752,48793
168787,48793
182308,48793
157693,48791
257038,48788
83462,48788
16285,48787
95694,48786
169394,48786
133486,48784
111460,48784
143955,48784
230590,48781
291826,48781
117269,48780
242310,48780
161391,48779
29781,48779
197912,48778
289395,48778
102744,48778
53796,48777
38550,48775
251272,48774
236140,48773
2058,48773
270107,48772
200579,48772
29016,48772
87105,48770
110181,48766
111919,48766
38432,48765
247946,48765
69379,48764
204429,48760
249328,48760
92299,48760
50780,48760
295872,48760
81844,48760
26491,48758
295446,48758
273605,48758
225844,48758
239304,48757
91054,48757
90399,48757
38794,48756
283196,48756
260692,48755
282289,48755
32788,48754
51117,48754
112355,48754
143925,48754
67467,48754
177736,48754
180842,48753
192356,48753
57626,48751
134022,48751
293888,48751
247481,48750
238911,48749
241096,48749
228665,48748
204808,48747
191323,48747
129183,48747
204128,48744
85423,48744
282191,48744
187402,48744
290429,48744
281349,48743
254473,48742
56779,48740
176285,48740
225392,48739
248772,48735
275903,48734
40123,48734
60809,48733
43246,48733
156099,48733
190227,48733
261955,48732
240562,48731
22959,48731
160103,48730
278819,48729
260938,48728
280083,48727
135866,48727
204933,48726
197791,48726
222364,48725
288531,48725
130465,48724
235631,48724
232330,48724
159639,48723
242777,48723
145353,48721
149685,48721
234157,48720
17825,48719
294513,48719
254064,48718
58632,48717
68619,48716
214950,48716
290579,48716
93102,48714
243076,48713
202227,48713
53352,48712
253950,48712
229306,48710
282553,48709
91826,48708
44392,48707
218308,48707
124554,48705
158490,48704
229031,48703
212497,48703
295885,48703
186798,48702
193087,48700
193952,48697
199184,48696
240795,48695
291063,48695
163908,48694
96437,48694
55498,48693
68521,48691
177116,48690
133645,48690
282453,48687
220655,48686
29640,48686
229595,48685
283814,48684
270987,48684
204054,48683
155212,48681
51470,48681
238094,48681
209982,48681
163962,48679
33854,48679
245844,48678
115890,48678
38400,48678
255140,48677
77204,48676
224123,48675
96217,48674
229517,48672
283045,48671
123458,48671
62113,48669
224029,48667
42644,48667
262889,48663
107532,48661
33326,48661
232331,48660
52250,48659
226134,48657
232044,48657
148521,48656
157421,48656
253730,48655
18901,48654
192278,48654
17898,48653
124178,48651
291206,48651
35294,48649
14943,48648
223035,48646
11211,48645
292579,48643
207957,48643
275586,48642
234240,48641
249506,48641
229275,48640
280732,48640
113982,48639
286553,48638
128878,48638
19286,48637
134169,48637
13369,48637
262400,48636
169094,48635
267903,48635
116449,48635
186339,48633
296052,48633
139310,48633
81375,48632
156199,48630
220604,48629
272986,48628
148010,48627
246105,48623
175836,48623
194701,48622
106699,48622
261208,48621
280069,48621
134061,48621
229716,48617
102666,48616
245561,48616
184496,48616
104613,48616
266922,48615
46218,48615
254634,48614
141614,48613
286115,48612
3117,48612
291564,48612
130905,48611
210910,48610
226835,48609
193785,48609
261349,48609
258293,48608
22619,48607
56106,48607
164287,48607
236100,48606
10632,48606
244532,48606
210140,48605
41818,48604
196643,48604
10747,48604
108045,48603
54379,48602
24229,48601
167756,48599
212418,48599
193255,48598
63744,48597
261227,48596
146988,48595
228364,48595
267602,48595
289453,48591
211022,48589
254478,48587
277802,48586
257138,48585
200743,48585
269163,48583
256408,48581
125441,48580
247518,48579
21671,48579
292447,48577
221448,48577
268070,48576
81496,48576
193269,48576
224062,48573
52532,48573
295592,48572
126388,48572
258641,48571
64364,48569
232305,48569
130360,48566
141094,48566
180345,48565
264821,48564
246320,48564
216576,48564
231972,48564
289331,48563
278337,48562
284650,48561
111438,48561
240078,48560
266441,48560
87358,48559
81326,48559
105735,48559
130372,48558
92533,48557
215274,48556
186934,48555
268946,48554
250738,48554
123695,48553
263898,48553
235190,48553
150147,48553
53560,48551
103702,48551
286326,48549
30580,48549
204184,48549
121333,48549
181775,48548
220105,48548
256234,48546
223166,48546
160330,48546
242001,48545
177438,48544
168640,48544
165040,48543
198568,48543
68716,48543
182177,48543
243633,48542
206024,48542
294141,48541
260874,48541
19038,48538
260001,48538
203647,48538
277296,48538
252253,48537
207450,48537
275459,48537
131054,48536
276246,48535
169447,48535
145155,48535
146585,48535
105454,48533
241877,48532
161225,48531
261918,48530
240264,48528
210313,48528
129606,48526
197259,48526
95574,48524
271487,48524
242390,48524
234332,48523
135656,48523
249341,48523
226761,48522
233899,48522
111414,48521
113847,48521
190261,48520
225846,48520
204492,48520
206785,48519
80537,48518
295714,48518
168086,48517
285055,48516
288496,48516
255089,48515
208509,48514
228472,48514
41871,48513
13664,48513
173680,48511
69869,48510
48554,48510
30421,48510
273923,48509
45477,48509
91223,48508
133580,48507
223141,48506
206328,48506
175803,48506
185303,48505
276196,48505
183737,48505
257348,48503
165565,48502
224275,48500
291518,48500
87026,48500
232282,48500
211084,48498
223410,48497
267758,48497
181432,48495
254734,48495
193944,48494
287982,48492
153496,48492
178325,48491
96242,48490
256312,48489
246579,48488
274589,48487
216458,48486
194784,48486
26034,48486
159094,48485
55232,48482
126507,48481
283887,48480
158374,48480
277347,48480
147695,48479
142211,48479
296401,48478
257482,48477
121306,48477
245242,48476
95640,48476
93558,48473
220290,48472
173088,48472
271087,48472
75978,48472
187420,48471
90104,48471
83967,48471
226774,48471
288893,48470
257634,48470
206019,48470
148234,48469
210103,48469
18808,48468
203316,48468
152810,48467
44060,48466
190575,48466
205017,48465
76057,48464
149335,48464
210053,48463
271583,48463
246396,48462
280798,48462
76681,48462
281525,48461
251211,48460
177560,48459
101932,48458
261347,48457
253483,48457
119030,48457
131542,48456
91619,48454
49580,48454
40984,48453
10467,48453
142016,48452
134662,48452
262051,48452
204970,48452
187837,48451
237351,48450
183144,48449
60796,48449
125107,48449
155253,48449
186532,48448
197759,48446
274697,48446
116687,48445
177025,48445
200637,48444
195126,48444
22639,48444
189484,48442
73960,48442
289490,48442
204509,48441
152323,48441
113418,48440
207452,48439
79690,48438
143734,48438
245533,48437
117900,48436
91032,48435
197898,48434
185234,48434
163518,48433
166208,48432
267635,48432
200635,48432
101484,48431
155276,48431
290264,48431
198344,48430
235700,48430
293667,48429
151996,48429
258494,48429
164682,48429
126915,48428
269781,48427
184231,48426
204972,48425
241389,48425
267096,48424
157508,48423
146801,48422
118731,48422
209566,48421
199882,48420
184285,48419
61985,48419
252483,48419
134265,48419
224676,48418
211632,48417
167480,48417
178092,48417
100210,48417
199049,48416
46868,48413
253079,48412
224626,48410
234082,48409
89052,48409
290130,48408
257565,48407
244313,48407
285497,48406
186419,48406
228719,48406
198984,48406
24980,48405
266020,48405
296625,48405
64832,48405
55380,48404
116212,48404
24256,48404
266959,48403
175713,48403
258766,48403
280576,48402
173375,48401
147811,48401
246379,48400
35827,48400
266235,48400
241621,48399
92041,48398
9564,48397
162992,48396
284752,48396
242255,48395
64916,48395
80295,48394
55941,48394
124436,48394
14606,48393
254778,48392
292459,48392
98528,48392
281802,48392
84587,48392
108566,48391
285214,48390
270508,48390
193684,48389
149309,48389
122656,48388
96373,48387
137723,48387
208621,48387
171143,48386
203277,48386
107263,48385
136267,48384
148523,48382
17510,48382
190224,48381
267591,48381
285739,48380
165072,48380
272780,48378
221300,48377
177911,48375
253377,48373
294440,48372
171059,48372
157961,48371
228960,48370
8759,48370
217934,48369
230601,48368
245324,48368
87151,48368
70821,48368
131887,48368
291756,48367
36866,48367
132646,48367
229524,48367
272305,48367
262157,48366
275699,48366
283764,48365
278305,48364
214409,48363
192207,48363
84351,48363
80266,48362
285920,48361
237378,48361
217384,48360
219340,48360
294826,48360
121429,48360
289164,48359
250440,48359
177479,48359
221920,48359
167594,48358
74864,48358
210562,48358
71437,48357
233814,48356
275012,48356
82100,48355
128620,48354
12675,48353
207575,48352
266360,48352
264615,48352
193585,48351
223608,48351
160531,48351
71429,48349
86461,48348
101753,48347
145632,48347
21247,48347
210187,48345
187867,48345
248342,48345
233970,48344
59511,48343
261212,48343
63011,48341
114273,48340
204805,48340
200965,48339
134372,48338
286787,48338
48524,48337
192496,48334
229427,48334
151208,48334
68722,48334
290504,48333
191479,48333
30394,48332
283020,48332
113736,48332
159284,48331
51023,48331
257743,48331
169162,48329
245951,48326
151104,48326
95008,48324
242363,48324
89206,48323
10691,48320
257677,48320
203362,48319
37793,48319
49772,48319
286491,48319
279872,48319
228349,48319
286773,48318
243404,48318
81366,48317
116234,48317
294206,48316
129552,48315
252099,48313
155319,48313
107364,48312
184422,48310
219334,48310
233790,48309
157395,48309
170637,48308
197140,48308
186184,48307
111840,48307
22573,48304
221524,48304
124593,48303
249765,48302
159968,48300
115338,48300
177335,48297
200720,48296
26538,48296
185925,48295
273987,48294
290555,48294
293005,48293
244203,48292
203756,48292
215821,48292
240170,48291
117909,48291
161987,48291
235148,48290
287780,48290
172331,48289
219336,48289
200633,48288
275331,48288
275231,48287
224213,48285
291814,48285
180579,48284
196806,48284
107485,48283
293006,48281
240754,48281
79216,48281
118886,48280
227687,48280
19081,48279
178428,48279
92896,48278
149525,48278
184555,48277
231483,48277
158758,48276
202201,48276
163781,48276
294600,48274
118579,48274
57944,48274
190711,48273
74022,48273
205906,48272
86280,48272
209697,48270
176645,48270
169607,48269
293660,48269
218788,48268
72035,48268
189261,48268
188316,48265
248709,48265
259341,48263
247747,48263
286617,48263
103031,48262
174451,48262
208043,48262
270998,48261
191097,48261
199908,48260
221367,48259
44379,48259
214852,48259
252016,48258
27189,48257
145500,48257
242303,48257
252500,48256
13931,48255
186878,48255
280163,48255
268888,48254
120249,48253
123413,48253
55243,48253
7460,48252
190856,48251
187016,48251
135583,48250
153830,48250
57923,48249
227609,48248
83346,48248
206254,48247
92320,48246
49938,48246
273110,48245
92677,48245
280749,48244
216291,48244
55256,48244
285339,48244
61677,48244
256879,48244
217175,48244
157838,48244
146400,48243
240543,48243
146482,48242
96480,48242
68974,48242
83117,48242
249756,48241
256404,48241
139646,48240
163753,48239
141125,48239
185711,48238
139659,48237
293422,48237
190860,48236
27250,48236
24103,48236
61387,48235
76159,48235
23702,48235
293923,48234
126866,48234
141244,48233
179111,48233
55788,48231
77630,48231
271211,48229
271306,48228
107360,48227
162827,48227
270632,48227
192309,48227
226775,48226
248879,48225
265039,48225
133230,48225
46501,48224
131113,48224
240992,48222
57837,48222
273893,48222
284385,48222
274109,48221
252568,48221
226513,48221
286532,48220
163182,48220
82837,48219
244359,48217
240700,48217
278097,48216
175600,48215
237319,48215
182709,48215
224197,48215
283694,48215
94073,48214
128477,48214
187806,48214
185320,48214
256717,48214
186796,48214
149873,48213
130998,48213
294678,48213
181728,48213
197055,48213
285154,48212
198554,48211
274180,48211
218480,48210
62619,48210
277922,48210
274298,48210
11526,48209
262073,48208
65970,48208
132383,48207
147058,48206
138417,48206
252651,48205
163495,48204
288815,48204
162349,48204
288624,48203
264532,48202
292200,48202
231519,48202
121889,48202
180135,48201
211609,48201
225599,48199
285271,48198
20403,48198
101013,48198
17957,48198
139278,48197
284691,48195
90091,48195
209921,48195
222793,48194
259916,48194
11224,48193
231566,48193
193226,48193
32513,48192
191276,48192
198178,48191
78090,48190
235783,48190
248084,48189
274206,48189
16588,48189
198383,48188
286432,48188
285331,48188
40970,48188
174959,48188
269607,48186
246933,48185
233614,48185
235213,48185
258509,48184
6653,48184
217647,48184
112172,48182
75822,48179
273553,48179
248589,48178
101063,48176
10766,48176
77277,48175
68802,48175
230921,48175
128828,48173
285544,48173
252760,48172
226414,48171
139286,48169
267691,48167
67084,48166
108245,48164
280200,48164
139369,48164
238643,48164
252942,48163
260513,48163
205475,48162
156154,48161
289560,48160
172368,48160
22256,48160
217938,48159
293085,48159
295645,48159
19025,48158
260777,48158
35417,48157
160861,48157
24333,48156
115325,48156
186984,48156
170737,48156
198219,48156
259480,48155
289791,48155
263675,48155
221726,48154
223555,48153
175640,48153
68298,48152
216628,48152
123708,48151
180148,48151
136403,48151
34247,48150
289868,48149
161110,48148
108916,48148
25799,48148
195067,48146
128669,48146
281160,48145
159217,48145
115560,48144
155053,48144
180295,48143
81232,48143
254137,48142
30788,48142
185425,48141
273053,48140
13592,48140
164544,48137
290912,48135
144753,48135
222393,48134
280438,48133
245712,48132
252027,48132
271089,48132
115654,48131
276434,48131
210832,48131
165950,48130
18775,48130
202783,48129
101008,48128
137324,48128
260482,48128
284668,48127
142450,48127
18610,48126
295246,48126
286943,48125
42018,48125
4005,48123
241929,48122
106228,48122
225553,48121
15635,48121
244823,48121
77694,48120
184676,48120
273230,48119
224091,48119
245508,48118
143307,48118
155662,48118
151039,48118
69265,48117
211842,48117
167804,48116
205985,48115
218127,48115
132863,48115
243776,48115
18574,48114
244461,48114
22606,48113
224765,48113
147143,48109
65915,48109
85624,48109
202426,48109
266179,48108
266731,48107
16997,48107
238177,48107
19600,48106
243188,48106
239467,48105
14973,48103
96147,48102
240503,48102
27144,48102
241936,48102
169291,48101
53757,48101
252837,48100
263460,48100
229363,48099
296453,48099
16901,48099
284258,48098
24200,48098
269068,48097
115664,48097
42560,48096
284243,48096
99411,48096
287575,48095
149479,48094
23318,48094
37306,48094
287385,48094
287258,48094
86676,48093
186841,48093
266097,48093
114855,48093
142743,48093
165100,48092
250921,48091
159705,48091
226935,48090
97425,48090
264643,48089
208339,48089
183538,48088
99688,48088
148721,48087
97958,48087
219668,48087
250044,48086
60525,48086
270781,48085
27936,48085
296087,48084
28875,48084
296060,48083
16206,48083
258038,48083
166826,48083
202699,48082
80744,48082
276782,48081
282695,48080
15225,48080
52111,48080
221935,48080
187223,48080
207254,48079
107908,48079
258121,48078
236342,48076
265881,48075
28194,48075
140481,48074
294284,48074
22187,48073
218747,48072
35107,48072
99135,48072
261356,48071
263991,48071
49092,48070
19536,48070
37174,48069
232062,48068
155832,48068
149802,48068
41490,48067
287705,48067
292310,48067
42763,48067
158736,48066
94857,48066
122513,48065
181744,48065
139150,48065
247678,48064
53812,48063
296318,48063
77934,48062
178165,48062
236328,48062
189937,48061
235394,48061
261626,48061
216049,48061
283018,48061
286424,48060
213013,48059
223330,48058
225069,48058
217233,48058
136969,48057
155984,48057
264995,48056
275764,48056
272378,48056
176206,48056
135993,48055
191259,48054
203786,48053
119619,48053
76857,48053
231650,48053
26880,48053
123541,48053
142091,48052
277739,48051
261152,48051
145009,48051
295095,48051
11958,48050
252817,48049
120138,48049
251231,48049
262027,48049
266705,48049
230844,48049
79271,48049
219349,48047
189094,48047
21663,48047
284811,48046
20746,48046
136479,48046
274327,48045
231553,48045
250618,48045
119079,48044
245967,48043
218427,48043
128148,48043
260623,48043
11850,48041
235974,48040
279654,48040
123175,48040
245870,48040
135688,48038
107855,48037
230530,48036
219437,48035
173839,48034
78362,48034
43135,48034
32263,48034
60749,48034
289451,48034
202825,48033
189086,48033
118399,48033
70439,48032
241274,48032
211046,48031
109400,48030
263154,48029
277682,48029
168690,48029
71110,48027
24302,48027
255738,48026
120587,48026
197508,48025
287645,48025
186382,48025
239762,48025
230871,48025
136954,48025
228857,48024
45117,48024
147692,48024
183927,48024
260292,48024
216162,48024
196303,48024
109248,48024
278482,48023
274139,48022
95534,48022
262956,48022
291955,48022
90355,48022
283571,48022
178365,48021
123296,48021
154489,48021
167454,48021
137129,48020
125951,48019
225152,48019
169354,48019
272770,48019
260407,48019
147232,48019
104996,48018
189788,48017
119036,48015
277436,48015
159637,48015
244569,48014
234198,48013
113400,48013
145338,48013
264210,48013
26135,48013
96288,48013
120174,48013
294040,48011
205642,48011
254014,48011
263934,48011
197052,48010
216766,48010
224340,48009
178520,48007
257059,48006
256005,48006
263774,48006
268087,48005
204502,48005
103943,48005
29724,48004
104113,48004
280991,48004
218644,48003
296458,48003
288390,48003
290973,48001
242257,48000
162518,48000
260094,47999
151549,47999
151452,47999
23751,47998
212688,47998
296259,47997
229084,47995
243798,47995
174863,47994
9076,47994
163583,47993
18461,47993
194511,47992
217924,47992
126767,47991
278766,47991
257897,47990
194921,47990
128499,47990
73198,47989
39502,47989
179793,47989
224349,47989
59858,47988
167659,47988
193923,47988
135004,47988
231201,47988
222095,47987
167549,47987
179892,47987
190216,47983
198460,47982
129284,47981
67037,47981
152532,47980
283246,47980
224410,47980
97072,47979
269321,47979
47125,47979
53568,47979
172644,47979
160913,47979
235628,47977
278035,47977
230041,47976
86013,47976
167307,47976
188953,47975
216796,47975
279323,47975
228294,47974
289625,47974
79949,47974
17,47974
204411,47974
25914,47973
228639,47972
284714,47972
248324,47971
196860,47971
228431,47971
147383,47971
187394,47970
219216,47970
245043,47970
201286,47969
148760,47969
66324,47969
143808,47967
91867,47967
97660,47967
52071,47967
272405,47966
144645,47966
164655,47964
226849,47964
238592,47964
237394,47964
125601,47964
103049,47963
99893,47963
113190,47963
288229,47963
236492,47961
155920,47961
255330,47960
76228,47959
136134,47959
58082,47958
103900,47958
164411,47958
291740,47957
215377,47957
283330,47955
277549,47954
107020,47954
206218,47953
176374,47952
168183,47952
233054,47952
15441,47951
179037,47950
273853,47950
277976,47950
193727,47949
215898,47949
63357,47949
69263,47948
286905,47948
193030,47948
196932,47948
154268,47947
16900,47947
207441,47947
201086,47946
124050,47945
279610,47945
182056,47945
213215,47945
199737,47944
143656,47944
296347,47944
29601,47943
194687,47943
80497,47942
30530,47942
207863,47942
231291,47942
132677,47941
283327,47941
224922,47939
3099,47939
142108,47937
268388,47937
149625,47936
180250,47936
200473,47936
168036,47936
73935,47934
23361,47934
47653,47934
176824,47933
273232,47932
217875,47932
113199,47932
291663,47931
48933,47931
69306,47931
135338,47930
42361,47930
205099,47929
165434,47929
252401,47928
160036,47928
234169,47927
175424,47927
145069,47926
230380,47926
145118,47925
104955,47925
144712,47925
279254,47925
234862,47924
203818,47924
137274,47923
106194,47922
281882,47921
214520,47919
223018,47919
268522,47919
148430,47919
264444,47918
248620,47915
196883,47915
205870,47915
123572,47915
252512,47915
176213,47914
212759,47914
249493,47913
195395,47913
69883,47912
260225,47912
187514,47912
284882,47911
197173,47910
98002,47910
109343,47909
228310,47909
204163,47909
54211,47909
259956,47909
59832,47908
264381,47908
61445,47908
12528,47907
261972,47906
63125,47906
123477,47906
162224,47906
89972,47906
280748,47905
160515,47903
208136,47903
122247,47902
162520,47901
270857,47901
272925,47901
287602,47901
15141,47900
230214,47900
261408,47900
256023,47900
283851,47900
140646,47900
156173,47899
286786,47898
13885,47897
132425,47897
148341,47897
73583,47896
88655,47895
258463,47895
279472,47895
57888,47895
74631,47894
182138,47894
58060,47893
201882,47893
75451,47893
18748,47892
204220,47892
205159,47891
159863,47891
251638,47891
57604,47891
225810,47890
93811,47889
288244,47889
288953,47888
70145,47888
276035,47887
77530,47887
10582,47886
2909,47886
187284,47886
71066,47885
190649,47885
204779,47885
280028,47884
144363,47884
98627,47884
143692,47884
296580,47883
291352,47883
288165,47883
250945,47882
49912,47881
218102,47881
111721,47879
275561,47879
29861,47879
255415,47879
263295,47879
28823,47879
174523,47879
185785,47878
296415,47877
36968,47876
249560,47876
28342,47876
178223,47876
276966,47876
187875,47876
252951,47876
208560,47875
223754,47875
34977,47875
229284,47874
136388,47873
174298,47873
197650,47873
60037,47873
112185,47872
160101,47872
168006,47872
260696,47872
99845,47872
146212,47871
186479,47870
282263,47870
223625,47870
246792,47870
170393,47870
183953,47869
33752,47868
149062,47868
154347,47868
244545,47867
290767,47865
102214,47865
98494,47865
102140,47864
276816,47864
205010,47863
143847,47862
94556,47862
288088,47861
273483,47861
155231,47860
221677,47860
29853,47859
281726,47859
275508,47858
123640,47858
245013,47858
62957,47858
167946,47857
130009,47857
122563,47857
276297,47857
276986,47857
213994,47856
225581,47855
183118,47855
263257,47855
179245,47855
22355,47855
199673,47854
220043,47854
275332,47854
257112,47853
185682,47852
173423,47852
100307,47852
290266,47851
178704,47850
38447,47850
19493,47850
198899,47850
294079,47849
294907,47849
88740,47849
128457,47849
81536,47849
277123,47848
252287,47848
17811,47848
135908,47847
255122,47847
240169,47846
114708,47846
147313,47846
170157,47846
71044,47846
88919,47844
93053,47844
56347,47844
246991,47844
154756,47843
14526,47843
173773,47843
58891,47842
150126,47842
250266,47842
158497,47842
137064,47842
172465,47841
196993,47841
74532,47840
219735,47840
181583,47840
89271,47840
238292,47838
186648,47838
171386,47837
253332,47837
250370,47837
239876,47836
55046,47836
102944,47836
198148,47836
234280,47836
291136,47836
191657,47835
18731,47834
101067,47833
232287,47833
134721,47833
180239,47833
146351,47833
208519,47832
111710,47831
113857,47829
275294,47829
194825,47829
198102,47828
290289,47828
287821,47828
129517,47828
250292,47827
116328,47827
227095,47826
37493,47826
143642,47825
58761,47825
181835,47824
270258,47823
140636,47822
122387,47822
138936,47822
94930,47822
260010,47821
270100,47821
183892,47820
142222,47820
86742,47819
152338,47819
15205,47818
223385,47817
104856,47817
216515,47816
181637,47816
260984,47815
147707,47815
208086,47815
173556,47815
227025,47815
201352,47814
233850,47814
227622,47813
157043,47813
274241,47813
10806,47813
10089,47812
186029,47812
248117,47812
214858,47812
201855,47812
136325,47812
275745,47810
165003,47810
287463,47810
289417,47809
274154,47809
285071,47809
218144,47809
261236,47809
258965,47808
104093,47808
225154,47808
246301,47808
93289,47807
38464,47806
224740,47806
201580,47806
135648,47806
210706,47806
106475,47805
176025,47804
288837,47804
193974,47804
287892,47804
178468,47803
136167,47803
214277,47802
212785,47802
228048,47802
86352,47801
263624,47799
199918,47799
243384,47799
202503,47799
131440,47799
157751,47799
171604,47797
106517,47797
140432,47797
212679,47797
244827,47797
198743,47797
231709,47795
15768,47795
220362,47795
21473,47794
163027,47794
73282,47794
257394,47794
267869,47794
260028,47794
34997,47793
48471,47793
291013,47792
263685,47792
94683,47792
253384,47792
4682,47792
240008,47792
284524,47792
163446,47792
23077,47791
746,47791
264056,47791
100854,47790
261511,47790
225141,47789
130538,47789
45462,47788
143792,47788
59118,47788
27045,47788
200882,47788
286453,47787
181226,47787
172092,47786
18714,47786
138141,47786
146907,47786
237042,47785
182894,47784
241490,47784
127323,47783
227960,47783
109316,47782
265603,47782
182522,47781
96309,47781
161364,47780
224341,47780
198989,47780
151067,47779
207090,47778
110064,47778
83168,47778
61038,47777
201543,47777
62262,47777
86398,47777
203763,47777
138042,47777
121627,47776
261914,47776
101248,47776
15224,47776
221830,47775
16765,47774
160409,47774
45284,47774
199011,47774
175800,47773
257245,47773
230679,47773
176803,47773
231137,47772
289380,47772
216208,47772
115215,47771
143198,47771
145558,47770
294066,47770
96264,47770
202267,47769
64519,47769
262730,47769
275362,47769
4413,47768
157943,47768
207917,47768
216293,47767
194197,47767
173580,47766
207049,47766
259409,47766
131659,47766
239555,47765
173883,47765
269434,47763
292725,47763
227818,47762
252255,47762
274499,47761
258091,47760
123639,47760
87668,47760
209676,47759
129653,47758
125423,47757
175310,47757
269457,47757
212628,47756
117135,47756
278138,47755
69435,47755
138758,47754
199972,47754
142511,47754
287546,47754
136508,47753
256881,47753
152639,47752
253522,47751
245448,47751
132222,47751
225222,47751
37527,47750
169780,47750
88164,47750
182720,47749
260766,47749
255438,47749
78191,47749
45405,47748
190364,47748
104128,47747
272114,47747
78105,47747
174520,47747
260139,47747
195980,47746
280901,47746
266411,47746
134380,47745
69772,47743
287238,47743
256703,47743
12514,47743
116089,47743
74676,47743
114666,47742
216938,47742
146919,47741
175848,47741
269501,47740
13735,47740
128720,47740
96419,47740
52186,47740
259628,47740
177528,47739
278442,47739
48256,47738
55044,47738
114577,47737
252004,47736
169199,47736
115645,47735
238639,47735
61550,47734
173929,47734
202559,47734
122524,47733
284256,47733
285153,47733
274068,47733
151471,47733
119583,47732
221569,47731
215288,47731
145420,47731
180120,47731
214786,47731
226699,47730
165020,47730
286648,47730
235835,47730
52089,47730
197958,47729
268783,47729
294602,47728
117004,47728
161519,47727
45562,47727
296350,47727
82094,47727
220443,47727
229663,47726
257726,47726
163930,47726
195038,47724
24719,47724
76449,47724
212209,47724
195246,47724
268896,47723
79524,47723
46318,47723
136903,47722
25669,47722
179719,47721
160473,47721
291621,47721
262591,47720
236497,47720
198497,47719
43393,47719
275264,47718
101771,47718
203597,47718
250377,47718
117440,47718
194684,47717
224456,47717
197660,47717
235457,47716
158558,47716
262148,47715
47172,47715
235772,47714
61602,47713
132986,47713
148897,47713
247874,47713
279544,47711
295130,47711
294387,47710
142499,47710
227365,47710
269258,47710
103172,47709
209888,47709
219694,47709
283297,47709
247175,47707
14280,47707
242537,47707
78829,47706
215910,47706
14383,47706
278567,47706
50092,47706
158777,47705
229125,47705
294177,47705
233900,47705
252659,47705
202105,47704
130432,47704
142667,47703
257338,47703
169247,47703
255502,47702
216789,47702
275916,47701
20073,47701
141513,47701
281562,47700
240675,47700
106589,47699
272489,47699
248159,47699
193134,47698
113443,47698
257607,47698
250420,47698
192143,47697
30366,47697
57320,47697
279716,47697
215936,47696
139877,47696
96790,47695
26248,47695
196857,47695
273364,47694
55183,47693
269669,47693
267050,47693
155804,47692
251968,47692
70175,47692
174171,47692
62948,47692
194271,47691
100619,47690
69644,47690
265377,47690
117424,47689
204929,47689
139699,47688
239855,47688
32614,47688
267601,47688
171285,47688
143200,47687
255443,47687
198854,47687
127846,47687
41363,47686
170435,47686
209217,47686
112645,47686
45651,47686
112630,47686
265238,47686
166411,47685
244780,47684
284155,47684
38951,47684
148486,47684
107800,47684
99709,47683
74442,47683
243297,47682
133180,47682
149877,47681
242652,47681
36382,47681
243890,47680
182114,47680
189148,47680
224796,47679
24223,47678
200725,47677
125483,47676
271598,47676
160524,47676
93359,47676
165168,47676
70838,47675
159202,47674
19594,47674
165715,47673
61304,47673
261342,47673
174711,47673
296368,47673
215073,47672
101438,47672
257817,47672
203337,47672
31759,47671
289901,47671
275296,47671
135398,47670
219881,47670
289392,47669
141401,47669
175127,47669
19658,47668
279806,47668
54673,47668
238252,47667
154867,47667
230572,47666
202024,47665
248931,47665
198654,47664
50483,47664
144389,47664
204551,47664
171611,47663
260267,47663
236681,47663
30269,47663
46983,47662
117247,47662
280254,47661
259702,47660
271261,47660
289686,47660
75986,47659
291129,47659
146862,47659
172380,47658
263457,47658
18619,47658
114011,47657
229659,47657
30216,47656
162511,47656
277194,47656
139198,47655
68989,47655
94966,47655
105748,47654
135895,47654
169139,47654
72638,47653
105151,47653
172867,47652
75420,47651
238599,47651
135026,47650
218563,47650
90441,47650
81580,47650
18191,47649
240081,47649
250217,47649
168054,47649
142722,47648
54010,47647
193302,47647
227347,47647
225600,47646
257279,47646
180816,47646
93966,47645
246729,47645
96220,47645
126124,47645
49529,47645
136495,47644
251914,47644
47556,47644
71278,47644
120308,47643
57700,47643
27053,47643
5242,47643
155937,47642
204501,47642
48221,47642
72663,47642
252945,47642
269679,47642
230728,47642
256669,47641
152082,47641
176655,47640
214880,47640
268158,47639
24844,47639
290556,47639
68408,47639
217285,47639
123839,47639
204008,47639
32865,47639
287277,47638
73764,47638
286782,47638
127892,47637
278880,47636
102199,47636
175239,47636
54420,47635
17438,47635
147868,47634
205824,47634
115644,47634
140616,47634
223721,47633
286332,47632
246866,47632
232828,47632
245441,47632
63822,47631
262872,47631
233233,47631
195820,47630
193307,47630
191974,47630
70651,47630
72876,47630
105502,47629
154644,47629
117948,47629
289702,47629
190114,47628
238121,47627
248809,47626
196746,47625
184635,47625
159953,47624
162420,47624
210678,47624
110903,47623
201644,47623
100505,47623
215166,47623
209234,47622
231754,47621
293925,47620
199743,47620
20961,47620
225937,47620
174704,47620
125701,47619
281328,47619
271785,47619
109120,47619
265611,47618
251102,47618
204107,47617
75931,47617
57145,47616
199846,47616
217499,47615
229050,47615
203064,47613
101840,47613
41931,47613
240480,47613
285316,47613
275054,47613
226833,47613
103999,47613
286013,47612
237084,47611
171843,47611
168760,47611
280836,47610
162965,47609
293055,47609
68723,47608
294075,47607
281043,47606
132518,47606
198986,47606
146390,47606
269756,47606
105884,47605
248189,47605
79084,47604
280178,47604
184730,47604
125077,47604
228079,47604
168386,47604
76334,47603
204980,47603
231390,47603
191978,47602
269764,47602
74973,47601
21500,47601
54482,47601
56204,47601
90803,47601
257621,47601
226477,47601
209761,47600
110444,47600
104722,47599
280412,47599
239423,47599
272974,47599
289624,47599
281130,47599
287699,47599
238212,47598
253881,47598
259963,47598
263827,47597
220622,47597
230406,47597
198659,47596
280679,47596
21406,47596
124327,47596
107237,47596
117259,47596
194034,47595
147655,47595
189351,47595
66760,47595
200530,47595
208610,47594
287227,47594
115514,47593
162025,47593
17890,47593
294144,47592
268332,47592
138051,47592
212809,47592
163261,47592
205697,47591
79423,47591
242067,47590
197794,47590
206270,47590
155847,47590
139200,47590
168212,47590
238475,47589
249090,47589
69507,47588
245413,47588
38214,47587
290488,47587
54717,47587
140574,47586
61558,47586
137646,47585
230326,47585
32123,47585
154600,47585
147819,47585
204577,47584
61095,47584
270482,47584
268740,47584
57889,47584
185903,47584
224181,47583
237602,47583
184105,47583
199205,47583
85896,47583
14541,47582
131779,47582
150846,47582
175025,47581
271966,47581
199414,47581
214347,47580
285732,47580
232902,47580
265429,47579
213464,47578
294490,47578
281118,47578
179517,47578
107429,47578
148087,47577
108894,47577
274027,47577
99072,47576
289879,47576
187374,47576
60848,47576
236928,47575
25156,47575
180863,47575
171475,47575
247934,47574
172583,47574
271908,47573
234185,47573
152695,47573
227925,47573
199849,47573
165011,47573
118400,47572
288715,47572
173855,47572
280016,47572
199058,47571
15,47571
124466,47571
252552,47571
94037,47570
94002,47570
85058,47570
271937,47570
119947,47570
262264,47569
248542,47569
160486,47569
203780,47569
158305,47568
252713,47568
178942,47568
203728,47568
255733,47568
211154,47568
56353,47567
33727,47567
132822,47567
170742,47567
269261,47567
119531,47567
273888,47566
132437,47566
106300,47564
116582,47564
76315,47564
181076,47564
111611,47564
83729,47563
272863,47563
109829,47562
276195,47562
228964,47562
267457,47562
111825,47562
182961,47561
204384,47561
153802,47561
205054,47560
229250,47560
69411,47560
222385,47559
49995,47559
265458,47558
295837,47558
204476,47558
202736,47557
243232,47557
108685,47557
223307,47556
76383,47556
144889,47556
292823,47556
112713,47555
235547,47553
144809,47553
114103,47553
274683,47552
249195,47552
225760,47550
200354,47550
241032,47550
28042,47549
268240,47549
269970,47549
210563,47548
210137,47548
158784,47548
156115,47548
282591,47547
23147,47547
150145,47546
56892,47545
263946,47545
133888,47545
292886,47544
233098,47544
191538,47544
73882,47543
185987,47543
293594,47542
157985,47542
265569,47542
131268,47542
286252,47542
216419,47542
159841,47541
237843,47541
57794,47541
151418,47541
51660,47541
134554,47540
257343,47539
85076,47539
264282,47539
195282,47538
185800,47536
276165,47536
129003,47536
102802,47536
196419,47536
146651,47535
238790,47535
165529,47535
275585,47534
138647,47534
140251,47534
279708,47534
131956,47534
106803,47534
188615,47534
203077,47533
122288,47533
220855,47533
254541,47533
182371,47533
257030,47531
142665,47531
229294,47531
106575,47531
280860,47529
119831,47529
241426,47529
252520,47529
230762,47528
64491,47528
180706,47528
281354,47528
23638,47528
7311,47527
280633,47527
119401,47527
29362,47527
158479,47527
157861,47526
107314,47526
189707,47526
227614,47526
151299,47525
167693,47525
207882,47525
220808,47525
114340,47524
144235,47524
186854,47524
274726,47524
228876,47524
286073,47523
113493,47523
187041,47522
177028,47522
96611,47521
173383,47521
253960,47521
269170,47520
229549,47520
211268,47520
116110,47520
151075,47520
98633,47520
227478,47519
11511,47519
176986,47519
244579,47519
191749,47519
172470,47518
143370,47517
261411,47517
72429,47517
147752,47515
139499,47515
205586,47515
170096,47515
193016,47515
158378,47515
121846,47513
111362,47513
284821,47513
231617,47513
181122,47512
110569,47512
71050,47511
229764,47511
22670,47511
85801,47510
179127,47510
264315,47510
296264,47510
173776,47510
31243,47510
245946,47509
267325,47509
153699,47509
242220,47509
124810,47509
191551,47509
272361,47508
235071,47508
206859,47508
196820,47508
253014,47508
163828,47508
188566,47508
235034,47507
90059,47507
2448,47507
275591,47506
234458,47506
204005,47505
192636,47505
283614,47505
16387,47504
286694,47504
113089,47504
251439,47503
276788,47503
11223,47503
157900,47502
241831,47501
278026,47501
118869,47500
263781,47500
222443,47500
52120,47500
127703,47500
81046,47499
260827,47499
190598,47499
153101,47499
215129,47499
257236,47499
220342,47499
184842,47499
42842,47498
214169,47498
81795,47497
152085,47496
96258,47496
118760,47496
250843,47496
294994,47495
116102,47495
139821,47495
166472,47495
229137,47494
212207,47494
172219,47494
212569,47493
143175,47493
150327,47493
225146,47493
245026,47492
47168,47491
50920,47490
212526,47490
142615,47490
91698,47490
253594,47489
129205,47489
270166,47488
260466,47488
233813,47488
97663,47488
177872,47487
258737,47487
152727,47487
213997,47487
156152,47486
138087,47486
203648,47485
28269,47485
157142,47485
241328,47485
88931,47485
278794,47484
240787,47484
111162,47483
229964,47483
274078,47483
189622,47482
270302,47482
248722,47482
36624,47481
290825,47480
122574,47479
124724,47478
118501,47478
133046,47478
134825,47478
251479,47476
277878,47476
68476,47476
247575,47476
172531,47476
30052,47476
263064,47475
200757,47475
123995,47475
284214,47475
290989,47475
286037,47474
278995,47474
193808,47474
16393,47473
44945,47473
9418,47473
153348,47473
164964,47472
237845,47472
241897,47472
97003,47472
284063,47472
54392,47472
96778,47471
1192,47471
292717,47471
144147,47470
236780,47470
153915,47470
180673,47469
224517,47469
58801,47469
268060,47468
265591,47468
85866,47468
179311,47468
