2000,100000
48715,52304
36156,50440
72211,50236
32876,50227
43892,50207
62896,50103
51957,50034
280838,50006
139842,49899
2015,49853
90843,49785
262950,49739
291949,49719
8975,49680
101813,49619
118623,49583
25010,49537
279586,49487
16791,49310
149693,49302
268028,49283
134167,49257
51840,49249
123041,49244
71711,49189
5928,49119
228547,49111
264297,49105
283925,49073
5111,49071
211236,49045
103111,49044
27818,49042
136533,48992
108241,48965
261124,48957
228613,48953
10106,48948
173266,48926
1807,48925
161777,48909
282442,48861
168960,48857
120557,48809
8429,48807
15543,48797
19445,48740
182533,48737
165272,48730
68410,48701
14768,48687
191129,48678
92178,48672
40428,48661
54592,48652
64611,48630
38968,48606
239460,48603
289991,48599
280650,48593
161013,48588
17733,48585
189912,48584
53210,48579
39530,48547
294262,48509
81064,48505
292003,48480
84119,48480
241517,48480
144468,48461
265413,48457
58816,48407
8905,48396
16964,48346
121282,48325
19125,48319
27226,48315
246625,48299
135202,48296
285204,48238
172276,48238
191122,48234
249045,48202
186678,48201
5232,48198
186198,48197
132321,48195
225840,48178
219986,48170
137884,48148
151557,48142
92014,48142
285346,48130
216564,48117
106476,48115
32651,48106
152995,48103
93553,48103
291568,48071
75963,48024
47452,48023
214933,48015
14503,48003
118594,48002
158300,47990
2742,47986
102312,47984
253322,47980
3491,47980
258472,47973
274997,47964
150339,47949
234700,47949
184629,47940
93209,47934
4495,47933
191665,47929
259779,47888
254982,47880
181582,47877
40825,47854
249838,47854
205699,47847
147416,47847
283499,47846
39492,47840
290013,47839
79496,47836
421,47830
147655,47830
4833,47818
285419,47818
238011,47812
63220,47806
276689,47805
248616,47805
159520,47802
3320,47801
8919,47786
180023,47782
4183,47778
138091,47765
102723,47760
291920,47737
288320,47735
6674,47735
113740,47723
149034,47718
229364,47709
282637,47706
238160,47704
267919,47685
285773,47685
75825,47684
228201,47673
89965,47670
49147,47667
185409,47647
52962,47643
38652,47641
938,47631
77024,47630
251440,47622
93077,47598
178125,47595
6596,47593
291757,47593
135954,47589
219448,47578
12224,47568
1151,47562
46450,47555
14913,47552
214948,47549
295616,47541
184097,47531
24147,47522
11917,47520
219296,47516
150521,47505
294299,47503
236813,47501
42351,47499
232002,47485
202846,47484
275883,47469
262863,47468
245081,47442
208780,47442
5072,47437
25810,47428
96536,47419
186166,47401
164630,47398
19689,47397
21477,47397
173118,47397
237808,47385
257558,47382
283412,47374
209011,47360
9492,47345
74639,47344
4213,47336
200823,47330
152094,47322
124228,47319
239470,47319
126500,47311
16353,47310
144065,47290
5158,47289
223288,47287
175867,47284
99737,47276
174559,47273
275084,47269
28114,47267
7026,47265
205214,47257
175256,47250
274963,47249
33021,47243
247124,47238
29764,47237
20150,47222
137044,47212
273367,47210
123516,47204
237757,47204
284413,47188
189772,47180
286114,47171
22119,47154
256068,47153
115210,47146
130127,47145
195858,47145
274575,47138
103948,47137
60130,47136
48147,47135
209155,47130
160058,47129
73969,47121
156742,47119
253468,47119
14189,47110
12890,47106
266969,47101
60209,47099
6103,47097
5560,47093
54930,47087
3918,47084
52943,47082
32299,47078
98142,47073
118088,47072
148680,47057
288944,47057
196298,47049
277536,47045
132635,47045
144021,47045
281855,47043
288974,47040
29969,47029
15811,47026
285350,47018
150975,47014
218371,47004
49085,47001
242776,46998
260735,46989
39513,46987
92265,46972
144436,46971
65041,46969
10860,46968
203197,46963
66506,46962
265526,46961
120107,46958
863,46954
143118,46948
146228,46947
71118,46946
138906,46945
13054,46937
254656,46937
37098,46935
64692,46929
221060,46928
129207,46925
277970,46920
138186,46919
92373,46917
210655,46916
189811,46916
237800,46915
36811,46914
151203,46913
230368,46911
109057,46907
218185,46897
293303,46897
104603,46897
1884,46895
31573,46893
153915,46888
179617,46886
269607,46881
269620,46874
276413,46865
202696,46863
207370,46862
99577,46859
142564,46857
165180,46850
265727,46846
280751,46843
34237,46836
19043,46833
254064,46831
218995,46829
85149,46829
60098,46828
293369,46824
268993,46821
120385,46815
125443,46813
12074,46799
133884,46798
149029,46797
85912,46796
6601,46794
64758,46794
124266,46794
39289,46792
191281,46791
22757,46788
181626,46776
3862,46772
87232,46770
2434,46769
21041,46760
49860,46759
155460,46758
93872,46757
38636,46749
278572,46742
88592,46739
40770,46739
116918,46738
11927,46732
200585,46731
142335,46730
73082,46729
60348,46726
276599,46718
277671,46717
5102,46714
9637,46712
2612,46709
2804,46708
111610,46707
281317,46705
16609,46700
126559,46699
142819,46694
69800,46685
102518,46684
284640,46682
54692,46681
71648,46681
17205,46680
77330,46680
230142,46673
169638,46671
94051,46663
205330,46663
244664,46660
285403,46659
5637,46656
178707,46656
66717,46655
168207,46653
12303,46649
199706,46642
205058,46642
240298,46640
6820,46636
289419,46635
90447,46635
153137,46634
13991,46633
27973,46632
113406,46630
112982,46630
78596,46628
132705,46627
143290,46626
112890,46625
37199,46621
130442,46619
7888,46617
14700,46615
255162,46615
258976,46614
5099,46610
122611,46610
266734,46606
20667,46604
14207,46594
223268,46590
249639,46588
98700,46588
101012,46588
54446,46588
11740,46584
111892,46584
265223,46583
13682,46581
66173,46580
264209,46578
166738,46577
6150,46576
41949,46574
207413,46572
177220,46568
81754,46567
13459,46565
249017,46562
257742,46561
112544,46561
187774,46559
148476,46555
198465,46552
250779,46552
21320,46552
170327,46548
29967,46548
55332,46547
35556,46547
234495,46546
251253,46545
141896,46545
173875,46541
1916,46540
291597,46539
14874,46539
174962,46538
137443,46532
36641,46529
30352,46525
15736,46523
159676,46523
175082,46522
9885,46522
208600,46520
6594,46520
291411,46520
215161,46520
22992,46516
176794,46515
155322,46514
98072,46512
97679,46511
7748,46510
132952,46508
264018,46506
213967,46504
24725,46498
275100,46497
209393,46497
78106,46495
146208,46494
267154,46493
67582,46491
176709,46490
117787,46490
216467,46490
230673,46489
216107,46488
296576,46487
235088,46484
106512,46482
63337,46481
67432,46479
207198,46479
97153,46478
93723,46477
260040,46475
183833,46474
20433,46472
268857,46471
189147,46468
265551,46466
3533,46461
162458,46460
230578,46460
9316,46457
237103,46450
146878,46448
208531,46447
177694,46444
3255,46442
133933,46441
176188,46441
280846,46440
146819,46439
95632,46439
53410,46437
188881,46436
199039,46435
222505,46434
18994,46430
137866,46429
127403,46429
147513,46426
260558,46425
57227,46423
123507,46422
203494,46422
31000,46421
2385,46420
122224,46420
214315,46419
46931,46418
10167,46415
287409,46415
4975,46413
173275,46413
209288,46410
55125,46407
345,46403
238496,46402
141604,46397
205389,46397
150491,46397
32491,46397
212730,46396
28834,46395
270749,46395
125513,46391
74991,46391
189928,46389
57980,46389
23103,46386
160672,46385
118213,46385
141950,46384
3377,46381
218193,46379
135881,46377
72465,46377
216399,46374
71137,46373
26331,46370
143775,46370
59712,46370
228242,46369
283369,46365
97659,46363
84040,46362
226105,46362
12390,46355
70306,46355
293197,46353
126254,46352
101390,46351
2908,46350
177421,46350
212536,46346
27003,46346
245641,46342
289578,46341
219480,46339
109542,46339
889,46338
197698,46332
214250,46330
216013,46329
282307,46329
1546,46326
203349,46326
31120,46325
241120,46325
11368,46324
234755,46323
163695,46321
132663,46320
180557,46320
120513,46319
290932,46319
153777,46318
192317,46317
4597,46317
199330,46316
100716,46316
282859,46315
87704,46315
197708,46314
222601,46314
243503,46312
292432,46312
271920,46312
158038,46312
269172,46311
201240,46310
261601,46305
6231,46304
171430,46301
152286,46300
2782,46299
180396,46298
125185,46294
72789,46292
2942,46291
55443,46291
17598,46289
6753,46289
246808,46289
8831,46289
31417,46288
110283,46288
143091,46287
2156,46285
30844,46284
93132,46283
205387,46281
148517,46274
239084,46273
133050,46272
105586,46269
273605,46269
20636,46269
266922,46268
128132,46266
47871,46266
110740,46266
97852,46266
289271,46266
232305,46265
78077,46265
32816,46261
216108,46257
3541,46257
249273,46256
286733,46255
171494,46253
71332,46253
289106,46252
268793,46250
206662,46249
46053,46247
172553,46247
284462,46247
3875,46246
56403,46245
11528,46245
228595,46244
176333,46244
12461,46241
284339,46241
186049,46240
93338,46237
150080,46237
86360,46237
42516,46236
53808,46233
196357,46232
77856,46231
426,46231
281429,46230
178216,46230
7666,46229
10616,46228
66303,46224
104632,46222
267649,46222
15079,46220
271808,46220
138510,46219
223413,46218
3276,46217
247043,46217
23809,46216
128545,46216
290177,46216
163801,46216
134043,46213
45641,46213
207937,46212
4560,46210
257073,46208
208624,46204
177558,46203
245354,46201
273633,46201
11136,46198
118150,46197
249011,46194
125802,46193
243214,46193
269787,46192
288516,46192
276205,46189
15832,46188
39972,46188
273944,46186
281452,46185
265782,46184
152060,46183
25644,46181
257895,46181
197657,46179
22453,46177
132668,46174
144614,46174
98389,46174
76692,46173
141995,46168
282912,46167
101675,46166
271124,46165
287894,46165
184875,46164
141620,46163
239704,46163
228251,46161
12200,46159
257504,46159
195805,46159
4301,46158
110660,46156
294566,46155
208369,46154
11516,46153
211675,46152
95670,46151
17195,46151
160788,46151
12403,46151
15626,46151
257978,46150
199503,46146
256311,46145
27234,46145
143373,46144
200291,46143
264003,46142
261607,46140
12155,46139
125263,46135
232699,46132
191785,46131
1273,46130
265389,46129
1570,46129
48266,46128
41733,46128
279145,46126
230730,46124
228412,46124
171157,46124
8586,46123
208465,46122
17185,46119
24954,46119
55996,46118
116374,46117
252458,46115
159081,46114
248643,46112
32827,46110
259035,46109
225815,46109
25916,46109
22626,46108
145279,46108
207825,46107
69314,46106
283006,46106
22897,46106
181506,46106
190166,46102
20644,46100
3737,46100
246031,46099
13180,46099
75666,46097
160231,46096
252232,46096
24829,46095
159749,46094
252051,46094
252028,46094
276828,46094
182653,46088
187747,46088
294651,46087
154627,46087
242294,46086
115259,46086
238465,46086
182242,46085
272964,46083
3755,46083
246500,46083
45457,46082
224961,46082
192464,46081
253437,46081
65284,46080
246039,46080
122944,46080
68437,46080
149600,46079
7070,46079
16562,46077
58204,46076
145324,46075
24513,46073
274342,46073
233659,46072
222605,46071
35537,46070
202093,46069
288446,46066
6463,46065
251744,46065
207720,46064
24196,46064
222770,46063
44450,46062
241324,46057
46953,46056
233845,46054
8788,46053
221780,46052
296342,46052
236178,46051
160946,46050
87406,46048
31032,46047
135970,46046
175358,46045
247646,46043
262223,46042
164795,46041
174831,46041
132183,46039
288363,46039
34902,46038
288770,46036
264587,46036
204620,46036
133649,46036
146492,46036
75335,46035
48185,46035
62616,46034
253600,46032
188891,46032
10986,46031
80954,46030
276695,46030
12816,46027
285509,46025
276347,46024
109396,46024
38185,46023
237016,46022
194104,46020
72819,46020
107698,46019
285582,46018
16594,46018
13130,46017
187426,46017
1721,46017
296582,46015
258340,46015
4858,46015
197896,46013
119447,46012
241724,46012
162845,46011
218934,46011
68415,46010
262864,46010
87361,46009
114363,46009
195409,46008
41700,46008
144647,46008
280761,46007
280895,46007
287975,46007
131543,46007
61265,46006
84785,46005
49821,46004
247189,46004
944,46003
155518,46003
166305,46003
219481,46001
31074,46001
246186,46001
282937,46000
284211,46000
202240,46000
203819,46000
239894,46000
186301,45999
112115,45998
21919,45996
67690,45996
168557,45996
195922,45995
153019,45994
272036,45994
295574,45993
106244,45990
235700,45990
5959,45989
262427,45988
57190,45988
194284,45987
243452,45987
191206,45987
157313,45986
67782,45986
219270,45985
91357,45985
10260,45985
271767,45984
257023,45984
208680,45984
56212,45984
263610,45984
271291,45984
218518,45984
131177,45982
230040,45982
158604,45982
566,45981
2278,45980
33986,45979
12606,45979
13203,45979
4708,45978
2444,45978
43581,45978
20987,45978
274793,45977
293571,45976
124939,45975
197208,45975
155317,45975
227214,45975
142583,45974
56697,45973
169500,45972
196974,45971
267636,45970
165386,45969
212711,45968
26394,45966
157295,45965
260169,45965
240822,45965
53274,45963
246259,45963
197347,45963
17926,45962
18837,45962
243749,45962
271973,45962
591,45960
17330,45960
224,45959
207151,45958
21475,45957
219689,45957
117697,45957
142575,45957
112574,45956
180583,45955
240554,45953
175682,45952
225110,45952
208767,45951
124545,45951
110922,45950
280633,45950
11781,45950
261896,45949
16399,45949
140250,45949
243545,45948
51594,45946
274579,45945
190288,45944
5107,45944
236988,45943
20200,45943
204660,45943
203862,45942
262899,45942
178213,45942
286383,45942
43863,45942
14974,45940
133147,45940
269906,45940
29718,45939
111955,45939
284907,45938
29319,45938
254872,45938
252726,45937
74863,45937
136078,45935
31439,45935
102963,45934
92814,45934
259448,45934
31082,45934
111571,45933
261551,45933
150797,45933
9491,45932
196053,45931
296004,45931
251353,45930
73975,45929
2530,45929
215238,45929
296133,45929
26348,45929
251697,45928
213289,45927
91307,45926
216936,45926
177378,45925
55488,45923
31805,45923
14735,45922
32773,45922
242341,45921
26996,45921
113056,45921
224953,45921
34781,45920
265875,45920
206530,45920
17848,45920
224350,45919
93721,45919
260333,45918
2275,45918
69116,45918
92185,45917
296065,45917
258933,45917
62147,45916
7994,45915
123994,45914
107433,45913
45984,45913
220688,45913
129353,45913
241703,45912
170240,45911
284282,45908
27984,45906
231625,45906
48475,45905
189162,45904
24616,45904
203050,45904
216720,45904
146514,45903
249581,45903
145787,45903
283699,45903
254138,45901
93331,45901
239718,45901
80608,45901
268383,45900
286292,45900
193934,45900
46493,45899
232845,45899
79435,45899
23371,45897
244818,45897
10422,45896
49208,45896
102834,45895
233404,45893
198140,45893
489,45893
34776,45892
100661,45892
158434,45892
197507,45891
185998,45890
173874,45890
151044,45889
7608,45888
288007,45888
50425,45888
3619,45886
201498,45886
285745,45886
184228,45886
76710,45886
192314,45886
153745,45885
84352,45885
96997,45885
55317,45884
29581,45884
204381,45884
90113,45883
274615,45883
57389,45883
236285,45882
103892,45881
198320,45881
275981,45881
169570,45880
37077,45879
7709,45879
53261,45878
192220,45878
227655,45877
157447,45877
165916,45877
285525,45876
295264,45876
290938,45876
144908,45875
293667,45875
230281,45874
85233,45874
288980,45874
50714,45873
160455,45873
42899,45873
145655,45871
132227,45871
211100,45870
10865,45870
242608,45870
158966,45870
96926,45870
239198,45869
152726,45869
116155,45869
52815,45868
18388,45868
261352,45867
204334,45867
89412,45866
47613,45866
7625,45865
160061,45865
61924,45864
90681,45864
121767,45862
269912,45861
1473,45860
15634,45860
250720,45859
194533,45859
17363,45859
143281,45856
241489,45856
174488,45856
273245,45855
110386,45855
236567,45854
2664,45852
161952,45851
291661,45851
229830,45851
111868,45850
206370,45849
10164,45848
124307,45848
257341,45848
272133,45848
55711,45847
237477,45846
46316,45844
275698,45843
283579,45843
245766,45842
41551,45841
119863,45839
237589,45838
247380,45838
265149,45837
207273,45836
31548,45836
138147,45835
106475,45835
156438,45834
73943,45834
20545,45834
288920,45833
177013,45832
186472,45832
218060,45832
207229,45831
199237,45830
57795,45830
14873,45830
266243,45829
155038,45829
3527,45829
217724,45829
223042,45829
11219,45828
296423,45828
107715,45828
145525,45827
241373,45827
193679,45826
80282,45826
145580,45826
116014,45826
1933,45826
130288,45825
238554,45825
128755,45825
77561,45825
5354,45823
100997,45823
20284,45822
291771,45822
14633,45822
188602,45821
108618,45821
16044,45821
81806,45820
129665,45820
19786,45819
3258,45818
210378,45818
181525,45817
109843,45817
128158,45817
6912,45817
233643,45816
170273,45816
171331,45816
4579,45815
3827,45815
23108,45814
295711,45813
148807,45812
27737,45811
33709,45811
272320,45810
11441,45807
82984,45807
180962,45806
270899,45805
140000,45805
236400,45805
105589,45805
231172,45805
4337,45804
140972,45804
128878,45804
277353,45802
146396,45802
57377,45801
174222,45801
48511,45801
276833,45801
203159,45801
35270,45801
167386,45800
283511,45800
170790,45796
295949,45796
183028,45796
2639,45794
35479,45794
250127,45794
180224,45794
118446,45793
1477,45793
70508,45792
216424,45792
263246,45792
282433,45792
60416,45792
274788,45790
240927,45789
194101,45786
242352,45786
73603,45786
169548,45786
152556,45785
117602,45785
200817,45785
32823,45785
221468,45785
250059,45784
281587,45784
291657,45783
288546,45782
255732,45782
294680,45782
11593,45781
55468,45781
115890,45781
265704,45780
256571,45780
82817,45779
224948,45779
13576,45777
260534,45777
23358,45777
210938,45777
46725,45777
229511,45775
206051,45774
134531,45774
87740,45774
79775,45774
42109,45774
231334,45774
59393,45774
236763,45774
52203,45773
253694,45773
113573,45773
164509,45772
147544,45772
205131,45772
24054,45772
199085,45772
121860,45771
199334,45771
253297,45770
281669,45770
258848,45769
285046,45768
7898,45767
147232,45767
8800,45767
209044,45767
262230,45766
189462,45766
164215,45766
18810,45766
28506,45766
250284,45765
90348,45765
27620,45763
57726,45763
108551,45762
135312,45762
265970,45762
25202,45761
281435,45761
64878,45761
246836,45760
268042,45760
163169,45760
117136,45759
503,45759
41654,45759
180438,45757
5302,45757
286802,45756
180020,45756
212829,45755
232547,45754
100187,45754
116402,45754
292799,45753
266849,45753
287212,45751
268344,45751
49870,45751
189903,45751
274958,45750
19783,45750
262205,45750
31358,45750
214816,45750
256918,45749
12583,45749
177921,45748
165023,45747
78123,45746
115876,45746
43551,45744
234342,45743
220574,45743
106614,45742
285724,45742
219866,45742
7526,45742
43568,45741
290726,45741
110665,45741
276468,45741
2561,45740
96114,45739
5358,45738
92835,45738
267534,45738
281716,45737
250550,45737
22418,45737
264755,45736
154944,45735
275190,45735
172907,45735
114551,45735
173238,45735
236437,45734
4376,45734
256407,45734
192000,45733
253992,45733
177918,45733
82754,45732
60792,45732
238309,45732
50897,45732
269774,45732
107980,45732
89971,45732
17812,45731
236886,45731
262391,45731
295119,45731
241871,45730
81530,45730
15450,45730
280511,45729
208024,45728
276877,45728
140103,45727
193778,45727
264311,45726
280904,45726
278941,45726
29762,45726
102588,45725
155932,45724
245818,45724
26347,45724
171168,45724
257395,45724
77549,45724
95177,45724
188472,45723
20381,45723
104779,45723
225223,45722
277985,45722
15219,45721
8243,45721
180941,45721
65312,45721
201962,45721
1710,45720
100905,45719
26010,45719
7538,45719
164515,45719
214677,45718
69842,45718
178127,45717
294142,45717
235428,45717
241755,45716
257813,45715
155604,45715
139641,45715
143254,45714
41702,45714
40098,45712
148426,45711
231907,45711
125928,45711
235420,45710
226078,45710
31301,45710
114884,45709
239508,45709
173716,45706
181565,45706
217277,45706
284401,45706
131732,45705
287769,45705
175834,45704
85025,45704
37424,45704
37337,45704
165636,45703
12078,45703
279264,45703
190592,45702
30805,45702
11312,45702
38151,45702
78137,45701
209860,45701
8128,45700
35905,45699
187286,45699
145617,45699
247328,45698
236189,45698
206121,45698
185303,45696
116893,45696
220655,45695
260122,45695
18237,45695
291534,45695
291319,45694
143215,45694
201086,45694
243090,45693
215388,45692
273364,45692
284950,45691
114074,45691
244830,45690
225552,45690
4042,45690
295226,45686
18031,45686
259802,45686
281380,45686
118512,45685
245223,45684
82176,45684
131209,45684
94400,45683
255827,45683
229543,45683
104606,45682
257389,45681
96176,45681
252769,45680
251021,45680
285541,45680
196541,45679
228999,45678
107467,45678
105094,45678
88272,45677
76057,45676
5518,45676
254788,45676
22547,45676
160407,45676
85531,45675
160332,45675
136221,45675
20683,45674
251598,45673
206701,45673
109577,45672
113116,45672
273489,45671
8611,45671
133090,45671
20031,45671
212699,45671
84234,45671
14894,45671
149471,45671
181704,45671
29344,45671
295749,45669
185491,45669
295022,45669
271054,45669
258048,45669
281149,45668
259828,45668
132769,45668
145493,45667
56342,45666
212317,45666
10690,45666
152450,45665
28785,45665
243517,45665
159410,45664
114599,45663
235282,45663
207371,45663
262401,45663
274728,45662
234717,45661
119997,45661
286612,45661
211171,45661
17358,45661
125952,45660
47356,45660
22975,45660
3264,45658
57013,45658
90338,45657
49223,45657
67397,45656
253963,45655
7721,45654
285970,45653
57689,45652
270198,45652
9370,45652
274254,45652
212075,45652
9828,45651
38325,45650
241377,45650
109648,45650
174215,45650
235866,45650
202608,45650
5921,45650
166511,45649
156328,45649
8985,45649
235111,45648
238974,45647
268691,45647
278461,45647
41287,45647
80204,45647
282261,45647
219922,45646
241524,45646
157270,45645
287371,45644
125390,45644
210903,45644
120482,45644
163718,45644
75789,45643
278444,45643
293485,45643
214918,45643
192073,45642
126794,45642
208047,45642
253148,45641
126445,45641
37947,45641
195014,45641
118783,45641
33879,45640
29864,45640
292393,45640
259557,45639
173584,45639
265636,45639
200705,45639
183864,45639
156647,45638
264644,45638
283331,45638
287749,45638
2199,45637
213729,45637
154539,45637
9374,45637
76907,45637
69232,45636
232928,45636
121669,45636
107141,45636
9322,45635
11945,45635
278248,45635
270825,45635
188147,45634
87712,45633
269057,45632
250922,45632
269584,45632
6202,45631
291563,45631
39452,45631
74896,45631
220503,45630
73240,45630
27383,45629
195732,45629
235502,45629
102850,45629
118009,45628
1402,45628
146239,45628
161183,45628
10565,45628
200562,45627
19150,45626
234626,45626
145697,45625
296319,45625
201113,45625
233135,45624
23627,45624
23744,45623
230689,45623
67256,45623
71270,45622
267827,45622
218467,45622
13467,45622
83458,45621
27538,45621
189036,45620
208511,45619
207145,45619
274110,45619
237955,45618
294996,45618
293066,45618
143399,45617
281502,45617
71370,45617
65129,45617
168464,45617
8331,45616
1741,45616
175586,45616
149170,45615
138780,45615
174387,45615
160840,45614
184106,45614
101229,45613
210178,45613
278513,45612
8187,45612
273863,45612
144902,45612
130804,45611
278602,45611
135786,45611
151111,45611
85136,45609
36421,45609
139698,45608
25536,45608
57415,45608
2702,45607
268397,45607
21844,45606
230869,45605
274983,45605
191661,45605
1383,45604
153009,45603
25698,45603
118975,45603
231171,45603
262612,45603
39267,45603
191391,45602
155517,45602
252184,45602
112060,45602
135179,45601
270163,45601
167171,45601
17532,45601
280216,45600
137183,45600
245710,45600
244889,45599
6043,45599
292347,45599
186666,45599
247717,45598
173505,45598
176179,45598
187765,45598
230148,45597
289026,45597
252192,45597
97958,45596
257100,45596
229893,45595
110426,45595
10402,45595
217642,45595
115838,45595
6381,45594
264086,45594
32814,45594
34458,45594
215627,45594
101665,45593
243209,45593
277525,45593
261619,45593
21513,45593
291290,45593
295268,45592
287276,45592
68333,45592
184328,45591
199249,45591
114201,45591
58815,45590
25768,45590
125249,45590
193728,45589
214645,45589
274872,45588
71734,45588
278636,45587
177279,45587
241043,45587
132179,45586
108474,45586
272787,45586
193583,45585
164708,45584
287737,45584
133818,45584
41964,45583
139753,45583
291109,45583
260155,45582
10456,45582
60188,45582
128268,45582
21705,45582
91265,45582
2528,45581
261679,45581
189436,45580
23332,45580
192114,45580
284904,45579
173524,45579
156385,45579
294376,45579
54393,45578
13930,45578
93931,45578
62524,45578
278792,45578
162998,45577
268216,45577
274700,45577
248118,45576
57740,45575
185925,45575
43346,45575
166556,45575
16301,45575
37009,45574
40877,45574
89797,45574
15722,45574
168815,45573
13526,45573
98685,45573
195718,45572
208233,45572
37389,45571
41139,45571
3802,45571
3127,45571
288994,45570
256950,45570
236649,45570
219039,45569
65961,45569
14730,45568
287991,45567
98172,45567
169466,45567
250640,45567
198993,45567
110656,45566
218842,45566
149703,45566
7541,45566
293977,45566
243512,45566
282257,45566
114885,45565
21931,45565
156549,45565
275670,45564
37095,45564
221361,45564
58017,45563
124273,45563
67225,45563
197331,45562
8313,45562
218212,45562
136726,45562
269724,45562
263510,45561
167484,45561
33012,45561
216250,45561
139018,45561
225370,45561
160508,45561
184374,45560
52968,45560
35999,45560
146038,45559
294019,45559
225501,45559
193226,45559
210209,45558
17208,45558
127235,45558
282382,45558
274757,45557
27567,45557
194260,45557
204971,45556
237553,45556
186321,45555
268823,45555
245539,45555
67319,45554
295927,45553
247262,45553
186051,45553
9806,45552
266256,45552
217089,45552
234137,45551
268897,45551
166587,45550
270345,45550
229092,45549
261099,45549
246620,45549
196307,45548
237467,45548
79977,45548
260797,45547
4752,45546
235316,45546
231237,45545
285296,45545
150263,45545
1819,45545
8743,45545
138465,45544
201909,45544
3015,45544
205677,45543
148771,45543
12485,45543
13239,45543
197290,45542
269024,45542
17615,45542
257611,45542
214202,45541
269755,45539
239855,45539
162484,45538
258246,45538
234613,45538
242829,45538
42467,45537
58795,45537
71440,45537
166754,45536
46861,45536
238603,45536
269817,45536
1908,45535
268945,45535
166277,45534
30136,45534
202033,45533
15070,45533
4906,45533
10547,45532
18616,45532
261838,45532
276108,45532
292040,45531
12553,45531
209074,45531
40195,45531
15031,45531
46631,45531
18011,45531
266176,45530
164208,45530
237348,45530
12456,45529
161348,45529
131011,45529
182371,45529
287584,45529
32824,45529
159890,45528
71839,45528
256548,45528
289160,45527
187871,45527
225602,45527
1772,45527
160950,45527
251243,45526
261109,45526
127061,45526
29474,45526
238689,45526
17530,45525
292274,45525
267039,45525
276231,45525
281726,45524
54674,45524
178890,45524
30206,45523
252098,45523
265464,45523
63237,45523
181966,45523
293911,45522
2431,45522
135821,45522
241507,45522
121523,45522
107241,45522
261882,45522
238253,45522
213686,45521
32825,45521
249837,45521
70784,45521
223267,45521
202395,45521
80030,45521
212455,45519
207069,45519
282743,45519
272111,45519
286859,45519
859,45519
19036,45519
60286,45518
284253,45518
3190,45518
284988,45518
193693,45517
56799,45517
225031,45517
66040,45517
21945,45517
175518,45516
191292,45516
97564,45516
264698,45516
72663,45515
154427,45514
62717,45514
56420,45514
189358,45514
62072,45514
187067,45514
94708,45514
58964,45514
97300,45513
23912,45513
68489,45513
5678,45513
66403,45513
29781,45513
217944,45512
14019,45512
269410,45512
244134,45512
286936,45511
234915,45511
21791,45511
54153,45510
142317,45510
247682,45509
23767,45509
287617,45509
160864,45509
46852,45509
285181,45509
184562,45508
207814,45508
87408,45508
270998,45508
229901,45508
149102,45508
144221,45507
228435,45507
215494,45507
214790,45507
94932,45507
202277,45506
1987,45506
252412,45506
257080,45506
287247,45504
228984,45504
34416,45503
137034,45503
2820,45503
269786,45503
176038,45503
67956,45502
131684,45502
215737,45502
225026,45502
65673,45502
183529,45501
296200,45501
106255,45501
117617,45501
248802,45500
213460,45500
215798,45500
270842,45500
94923,45500
250691,45500
155319,45500
247725,45499
135955,45499
182348,45499
219028,45499
207167,45498
36751,45498
1878,45498
97183,45497
287258,45497
281411,45497
113505,45497
164527,45497
275751,45497
122025,45496
29356,45496
280550,45496
187683,45496
245244,45496
293400,45496
247234,45496
224619,45495
103611,45495
225474,45495
254598,45495
266096,45494
20542,45494
135651,45494
116949,45494
124713,45493
193106,45493
129415,45493
251048,45493
105505,45493
238321,45493
134269,45493
266699,45492
233502,45492
290364,45491
229711,45491
26018,45491
214204,45491
92320,45491
117906,45490
38127,45490
180042,45490
73880,45490
227872,45489
5713,45489
36809,45488
255890,45488
229007,45487
230519,45487
217177,45487
50134,45487
51453,45487
286031,45486
259855,45486
124349,45485
279489,45485
16733,45485
95926,45485
7291,45484
216634,45484
112277,45484
4319,45484
260791,45484
159039,45484
50424,45484
7839,45483
84892,45483
186222,45482
243177,45482
130923,45482
296391,45482
275622,45481
157102,45481
237636,45481
5224,45481
176981,45481
22713,45479
129634,45479
249944,45478
153194,45478
167309,45478
207331,45477
78147,45477
188431,45477
129349,45477
167,45477
186339,45476
287328,45476
48133,45476
261955,45476
123269,45476
595,45476
263162,45476
229071,45475
7569,45474
257987,45474
100510,45474
200410,45473
91117,45473
285109,45472
193057,45472
238225,45472
110433,45472
181741,45472
182997,45471
226121,45471
139206,45471
170455,45470
274660,45470
222926,45470
152441,45469
24571,45469
273532,45469
167415,45469
277476,45468
70479,45468
39588,45468
43576,45468
223906,45468
146401,45467
70082,45467
18047,45467
196639,45467
184222,45467
237409,45466
281752,45466
291181,45466
185709,45466
146663,45466
35955,45466
115970,45466
265756,45465
143000,45465
264895,45465
17351,45465
1215,45465
137915,45464
115368,45464
145849,45464
248764,45463
243174,45463
31822,45463
222539,45463
206720,45463
96579,45462
247329,45462
11889,45462
57555,45462
207282,45461
58236,45461
31178,45461
85406,45461
175131,45461
50601,45461
227901,45460
256670,45460
228199,45460
197691,45460
260294,45460
231060,45460
175216,45460
36706,45459
190819,45459
272971,45459
89524,45458
42191,45458
78863,45458
20592,45457
257084,45457
185746,45456
139954,45456
177858,45456
294929,45456
230613,45456
183211,45456
289540,45455
204045,45455
149745,45455
202983,45454
829,45454
135555,45454
182140,45454
8378,45454
85699,45454
169928,45453
167472,45453
12394,45453
255060,45452
227910,45452
148195,45452
133910,45452
278935,45452
5865,45452
6493,45451
258586,45451
142873,45451
235206,45450
273478,45450
33907,45450
295168,45450
49946,45449
174242,45449
296565,45449
229323,45449
16801,45448
91640,45448
165499,45448
29972,45448
45309,45448
56506,45448
51190,45448
221920,45447
205336,45447
261559,45447
160437,45447
27314,45447
2295,45446
180936,45446
53008,45446
31533,45446
291012,45446
277670,45446
296548,45446
94638,45445
289220,45445
245819,45445
219141,45445
88251,45444
234316,45443
8838,45443
122428,45443
19569,45442
5840,45442
270470,45442
146477,45442
279404,45441
245467,45441
296052,45441
234489,45441
237994,45440
11719,45440
285279,45440
269290,45440
74044,45440
150103,45440
191192,45440
206664,45439
295302,45439
264909,45439
184726,45439
209413,45438
167452,45438
171378,45438
38118,45438
7410,45438
29819,45438
11342,45437
200276,45437
52782,45437
232099,45437
254866,45435
6724,45435
66432,45435
268228,45435
293104,45435
34338,45435
288186,45434
247181,45434
112170,45434
16808,45434
2570,45433
200963,45433
260572,45433
96688,45433
133831,45433
220047,45433
273872,45432
79692,45432
154849,45432
268152,45432
152761,45431
277176,45431
221656,45431
18988,45431
233088,45431
2864,45430
162101,45430
266237,45430
203182,45430
176667,45430
180384,45429
271917,45429
187309,45429
91855,45429
74266,45429
90125,45428
125644,45428
102357,45428
145792,45428
6883,45428
252866,45427
204858,45427
67161,45427
102666,45426
241549,45426
98423,45426
242231,45425
109245,45425
220522,45425
128858,45425
5729,45425
243448,45425
228977,45425
144251,45424
122962,45424
735,45424
104514,45424
130391,45423
175630,45423
259677,45423
128661,45423
162142,45423
30994,45423
259032,45423
262895,45422
251006,45422
207854,45422
223978,45422
86082,45420
252041,45420
85447,45420
147180,45420
256158,45420
122276,45420
241433,45419
168233,45419
207052,45419
107749,45418
107148,45418
277600,45418
168176,45417
111076,45417
12600,45417
138179,45417
269383,45417
44870,45417
221714,45416
144986,45416
200490,45416
13040,45416
8660,45416
107094,45415
222804,45415
268195,45415
141049,45415
229382,45415
283495,45415
73818,45414
166878,45414
29174,45414
82259,45414
47184,45413
295426,45413
247351,45412
60101,45412
285853,45412
279330,45412
4174,45412
208133,45412
115711,45411
279452,45411
252518,45410
230989,45410
172343,45410
76667,45410
224836,45410
229258,45409
268328,45409
146815,45409
164953,45409
284173,45408
76642,45408
133073,45408
245536,45407
281223,45407
223789,45407
171703,45407
268540,45407
268308,45406
120316,45406
7031,45406
229415,45405
19745,45405
137094,45405
218763,45405
236364,45404
198049,45404
264348,45404
276186,45404
27244,45404
267937,45403
139295,45403
13657,45403
191415,45402
194959,45402
207822,45402
17085,45402
86901,45401
39727,45401
277556,45401
79516,45401
62593,45401
286767,45400
142119,45400
246318,45400
233017,45400
60518,45400
264148,45400
199974,45400
33958,45400
208734,45400
191666,45399
89333,45399
57000,45399
161308,45399
156099,45399
231483,45399
258534,45398
142479,45398
78604,45398
130299,45398
254483,45398
108797,45398
294207,45398
173229,45398
20115,45397
11344,45397
137180,45397
262446,45397
151383,45396
24535,45396
171351,45396
250090,45396
123807,45395
108095,45395
196381,45395
645,45395
252277,45394
277398,45393
155899,45393
34886,45393
293814,45393
222835,45393
146345,45393
55466,45392
293003,45392
222231,45392
242956,45392
63120,45392
272543,45392
29604,45391
156846,45391
293836,45391
31368,45391
230049,45391
274350,45391
274462,45391
99241,45390
149580,45390
16955,45390
140249,45390
165843,45390
291578,45390
47535,45389
161458,45389
183891,45389
147386,45389
283725,45388
55282,45388
33464,45388
128380,45388
163091,45388
215752,45387
131985,45387
139650,45387
115478,45386
147371,45386
109460,45386
102740,45386
218729,45386
111392,45385
115895,45385
33714,45385
232603,45385
13220,45384
78910,45384
201026,45384
28150,45384
162322,45384
189124,45384
247815,45384
283215,45384
288691,45384
230755,45384
206361,45384
7738,45383
201141,45382
270523,45382
85518,45382
295456,45382
2795,45381
11659,45381
259715,45381
88192,45381
164133,45381
253114,45380
221500,45380
203066,45379
57785,45379
262226,45379
169757,45379
23922,45378
112173,45378
21422,45378
294747,45378
158532,45377
253175,45377
160057,45377
201520,45377
202517,45377
18591,45377
158553,45377
240042,45376
22703,45376
231994,45376
278205,45376
53919,45375
80227,45375
263620,45374
112136,45374
143429,45374
95143,45374
190839,45374
131364,45373
275012,45372
10489,45372
187034,45371
59191,45371
66940,45371
234304,45371
125161,45371
263009,45370
261580,45370
223190,45370
71876,45370
185898,45370
63733,45370
131676,45369
208033,45369
42161,45369
266551,45369
255383,45369
295893,45369
146168,45368
2842,45368
152501,45367
257446,45367
35221,45367
35805,45367
18041,45367
89815,45366
198473,45366
156321,45366
187492,45366
10676,45366
271901,45366
12339,45365
156301,45365
264207,45365
31776,45365
75079,45365
128093,45364
10413,45364
211117,45364
177454,45363
107344,45363
198648,45363
12646,45363
28541,45362
47455,45362
66265,45361
221677,45361
130977,45361
17687,45361
41829,45361
4246,45361
83323,45361
87121,45361
152687,45361
276671,45360
215699,45360
88805,45360
156070,45360
72698,45360
194822,45360
58069,45360
290242,45360
74631,45360
211201,45359
216757,45359
273238,45359
165683,45358
19928,45358
276647,45358
198867,45357
211930,45357
249042,45357
264588,45357
129007,45356
249029,45356
8140,45356
136981,45356
99429,45356
75931,45356
291148,45356
73615,45356
232273,45355
270275,45354
257990,45354
68531,45354
7906,45354
227405,45354
264353,45354
178443,45354
203316,45354
193422,45354
280683,45354
195136,45354
96097,45353
118350,45353
36466,45353
7235,45353
251568,45353
187040,45353
284490,45353
258640,45352
201400,45352
248426,45352
239687,45351
218904,45351
244886,45351
136960,45350
17360,45350
130514,45349
258270,45349
276344,45349
163562,45349
248672,45349
19101,45348
257784,45348
268676,45348
134762,45348
233650,45348
82699,45348
209522,45348
244336,45348
189665,45347
186939,45347
30291,45347
263191,45347
169211,45346
61720,45346
247175,45346
17066,45346
150387,45346
102212,45346
220866,45346
261450,45346
10523,45345
14712,45345
207074,45345
201107,45345
278536,45345
14157,45344
198637,45344
11743,45344
159791,45344
133179,45344
138197,45344
114748,45344
180927,45344
236679,45343
284604,45343
150121,45343
229950,45343
281602,45343
142108,45342
30518,45342
285841,45342
246152,45342
151492,45342
270794,45342
163642,45342
239666,45341
216766,45341
196318,45340
293232,45340
214068,45340
143993,45340
292776,45339
263944,45339
15941,45338
289957,45338
239176,45338
208405,45338
141193,45338
291967,45337
171471,45337
48198,45337
2294,45337
178786,45336
40161,45336
221690,45336
273192,45336
318,45336
168121,45336
269324,45336
262795,45336
238855,45335
20988,45335
227517,45335
265883,45335
274022,45335
281889,45335
75352,45334
291244,45334
43958,45334
212295,45334
283913,45334
274549,45334
179404,45334
138049,45334
189712,45334
21389,45333
200465,45333
225198,45333
28713,45333
7876,45333
115164,45332
74177,45331
196825,45331
31651,45331
264384,45331
37031,45331
18805,45331
232502,45330
6432,45330
74534,45330
88147,45330
172701,45329
266663,45329
28917,45329
30942,45328
270497,45328
168566,45328
2258,45327
72514,45327
544,45327
292310,45327
25465,45327
66144,45327
103547,45326
171480,45326
283537,45326
111992,45326
107990,45326
252748,45326
268709,45326
74988,45325
1896,45325
101526,45324
91873,45324
150072,45324
197996,45323
282342,45323
33195,45323
144015,45322
193531,45322
265390,45322
287220,45322
200170,45322
209013,45321
32457,45321
7787,45321
295873,45321
83873,45321
90440,45321
82074,45320
228887,45320
272305,45320
172961,45320
286606,45320
91567,45320
277067,45319
139779,45319
199463,45319
291680,45319
12378,45318
164668,45318
121502,45318
119677,45317
192125,45317
208443,45317
8507,45317
3697,45316
265998,45316
118282,45316
19278,45315
181555,45315
1356,45315
98111,45314
180666,45314
196419,45314
177763,45314
182049,45314
88167,45314
232270,45313
263354,45313
116179,45313
19473,45312
83385,45312
54512,45312
61181,45312
228505,45312
180148,45312
9571,45312
4711,45312
8662,45311
127272,45311
293539,45311
194883,45311
171710,45311
295665,45311
130956,45311
250512,45311
216488,45311
82409,45311
204728,45310
225557,45310
51073,45310
65662,45310
230451,45309
240488,45309
84597,45309
123898,45309
46008,45309
189359,45309
282989,45309
205351,45308
109775,45308
272781,45308
45549,45308
189168,45308
239349,45307
126203,45307
23783,45307
92642,45307
271235,45307
291787,45307
231845,45307
46598,45307
272380,45306
166224,45306
234171,45306
229939,45306
210066,45306
221259,45305
185587,45305
160569,45305
80827,45305
138511,45305
24223,45304
77180,45304
255439,45304
211435,45304
169081,45304
228247,45304
63795,45304
182462,45304
156702,45304
158723,45304
209429,45303
9320,45303
200680,45303
238512,45303
226897,45303
118675,45303
240373,45303
223051,45303
36942,45303
50958,45303
36564,45303
229737,45302
276535,45302
256495,45302
35276,45302
266756,45301
8209,45301
235837,45300
285409,45300
223011,45300
137358,45300
17831,45299
186215,45299
233312,45299
18962,45299
293771,45299
268534,45298
12288,45298
222973,45298
166711,45298
174298,45298
13590,45298
100056,45297
48969,45297
23742,45297
213176,45297
130729,45297
203117,45297
246289,45297
166380,45297
76526,45297
287227,45297
189336,45297
277868,45297
291374,45297
44524,45296
14597,45296
218468,45296
225940,45296
281623,45296
164964,45295
187674,45295
68949,45295
106202,45295
51275,45295
291139,45295
180641,45295
47302,45294
273604,45294
151541,45294
223734,45294
137,45294
171620,45294
172078,45294
275447,45294
37032,45294
232067,45293
49639,45293
2965,45293
85031,45293
269500,45292
288108,45292
169474,45292
167172,45292
104173,45292
144304,45292
255139,45292
144979,45292
126294,45292
19667,45291
278227,45291
268257,45291
159901,45291
202736,45291
6250,45291
237281,45291
276645,45290
196052,45290
132130,45290
156869,45290
283233,45290
194555,45290
16183,45290
136527,45290
104972,45290
30498,45290
165118,45289
25679,45289
47934,45289
289631,45289
64096,45289
291381,45289
11282,45289
217630,45289
16137,45289
143140,45288
59540,45288
33799,45288
68180,45288
86983,45288
259410,45287
122380,45287
208933,45287
121912,45287
157951,45287
30754,45286
254254,45286
294630,45286
148850,45286
259455,45286
238709,45285
64424,45285
288139,45285
272598,45284
10789,45284
264464,45284
18260,45284
51827,45283
190268,45283
177104,45283
6973,45283
47966,45283
28269,45282
26809,45281
187388,45281
21987,45281
16112,45281
287531,45281
163210,45281
242001,45281
867,45280
205955,45280
149192,45280
10577,45280
152251,45279
288010,45279
181837,45279
36180,45279
4171,45279
71331,45279
45927,45279
32670,45279
173889,45279
13784,45279
274560,45278
65198,45278
165115,45278
251893,45278
80524,45278
37243,45278
253881,45278
89774,45278
233175,45277
227593,45277
283948,45277
75853,45276
295460,45276
126732,45276
155497,45275
249821,45275
136856,45275
36309,45275
236414,45275
184912,45275
118775,45274
236905,45274
207706,45274
167234,45273
182077,45273
115237,45273
292520,45273
248847,45273
134739,45273
74211,45273
98,45272
136857,45272
54676,45272
230754,45272
46029,45272
218221,45271
194795,45271
170249,45271
73677,45271
223620,45271
46574,45271
289438,45270
27205,45270
48046,45270
249305,45270
63858,45270
172363,45270
126132,45269
269699,45269
25811,45268
295057,45268
194939,45268
201537,45268
210047,45268
261585,45268
245979,45267
192846,45267
74065,45267
272083,45267
245369,45267
190316,45266
59303,45266
151004,45266
189400,45266
155906,45266
177328,45266
144164,45266
33970,45265
185344,45265
282821,45265
96327,45265
177635,45265
8437,45265
17607,45265
292725,45264
31900,45264
67289,45264
153543,45264
95338,45263
114355,45263
275942,45263
135516,45263
31485,45263
269258,45263
13500,45263
249971,45263
87594,45262
143054,45262
258954,45262
85851,45262
137389,45262
65573,45262
245090,45261
236891,45261
165589,45261
180265,45261
224782,45261
54758,45261
231011,45260
9667,45260
246046,45260
245293,45260
265619,45260
103242,45259
212670,45259
149736,45259
133727,45259
164177,45259
163962,45259
280742,45258
101630,45258
260197,45258
35655,45258
180659,45258
278583,45258
162704,45257
213646,45257
128828,45257
240107,45257
247813,45257
216149,45257
253390,45257
131275,45256
275110,45256
241208,45256
209448,45256
259590,45255
230591,45255
145076,45254
294564,45254
722,45254
6020,45254
259322,45254
156025,45254
269604,45254
41705,45254
206190,45254
247856,45253
207294,45253
284494,45253
142235,45253
291029,45253
230371,45253
31940,45253
241614,45253
195634,45253
89120,45253
227513,45253
9613,45252
260115,45252
10765,45252
183422,45252
21492,45252
276261,45252
254963,45252
28676,45251
53397,45251
14016,45251
198874,45251
110313,45251
266171,45251
223404,45250
192501,45250
212134,45250
195907,45250
214555,45250
122985,45250
43450,45249
165367,45249
129362,45249
7816,45249
233219,45249
191520,45249
95058,45249
15766,45249
111195,45249
233967,45248
221591,45248
181346,45247
145265,45247
152514,45247
158150,45247
66705,45247
90148,45246
280003,45246
237263,45246
261328,45246
68253,45245
206198,45245
283673,45245
103131,45245
86916,45245
61682,45245
275613,45245
118212,45245
123696,45245
197098,45245
84231,45244
283651,45244
186496,45244
220801,45244
254606,45244
118833,45244
144515,45244
56365,45244
239335,45244
287597,45243
34806,45243
84359,45243
295468,45243
22518,45243
232061,45243
241845,45242
247081,45242
33072,45242
153072,45242
163386,45241
176629,45241
221721,45241
37134,45241
203736,45241
123006,45241
188985,45241
195583,45241
149220,45241
119628,45241
241031,45240
252880,45240
289679,45240
236608,45240
287707,45239
241111,45239
189522,45239
194588,45239
160115,45239
142139,45238
258253,45238
138880,45238
108033,45238
286063,45237
243860,45237
154896,45237
152403,45237
196040,45237
6297,45237
57395,45237
94318,45237
174629,45237
147098,45237
45534,45236
138633,45236
1131,45236
235363,45236
176525,45236
170990,45236
147206,45235
46885,45235
60532,45235
105559,45234
245869,45234
225583,45234
266727,45234
48343,45234
264268,45234
294522,45233
93967,45233
56015,45233
186322,45233
70,45233
250730,45232
76625,45232
258400,45232
154873,45232
264045,45232
14243,45232
241918,45232
232480,45232
208092,45232
272604,45232
192528,45231
116968,45231
64944,45230
218778,45230
252831,45230
139661,45230
6767,45230
24793,45229
71376,45229
143821,45229
278048,45229
59767,45229
28903,45229
69143,45229
200955,45228
263943,45228
34924,45228
172771,45228
283194,45227
271757,45227
176651,45227
288903,45227
200992,45227
79288,45227
156178,45227
279815,45227
285361,45226
175188,45226
63167,45226
112727,45226
226962,45226
17404,45226
228410,45226
266603,45226
161606,45226
273556,45226
110196,45225
91735,45225
1291,45225
166110,45225
189227,45224
217822,45224
193824,45224
238495,45224
176072,45224
71937,45223
203300,45223
43965,45223
87613,45223
278445,45223
191595,45223
6027,45222
293638,45222
273841,45222
256805,45222
31137,45222
200033,45222
61989,45222
162273,45222
208610,45222
111949,45221
267581,45221
201965,45221
260384,45221
9011,45221
195219,45220
125969,45220
204590,45220
133520,45220
193975,45220
181002,45220
270599,45219
7650,45219
276448,45219
164074,45219
282476,45219
69105,45219
236776,45219
73174,45218
282822,45218
52004,45218
106162,45218
220897,45218
8083,45218
205519,45218
203932,45218
39229,45217
247516,45217
176844,45217
66839,45217
6380,45217
198799,45217
267131,45217
224191,45217
248473,45217
144011,45216
153788,45216
26797,45216
171707,45216
240025,45216
6618,45216
250244,45215
209936,45215
180674,45215
152596,45215
39275,45215
289426,45215
33597,45215
3679,45215
104885,45215
255131,45214
232728,45214
74932,45214
214433,45214
203786,45214
48855,45214
93696,45214
296140,45214
184299,45214
76336,45213
253051,45213
282418,45213
294678,45213
248887,45213
208450,45213
128022,45213
217001,45212
254862,45212
191452,45212
287957,45212
88203,45212
32874,45212
238366,45212
125803,45212
67493,45211
209220,45211
264846,45211
262086,45211
260310,45210
189065,45210
184032,45210
125489,45210
151793,45210
274480,45210
157723,45210
190476,45210
220432,45209
205096,45209
1240,45208
53258,45208
51421,45208
276767,45208
149877,45208
54097,45208
168763,45208
197224,45208
291635,45208
204457,45207
146876,45207
290873,45207
261314,45207
173883,45206
205813,45206
15475,45206
294589,45206
109033,45206
174714,45206
8740,45205
242356,45205
24519,45205
294805,45204
120009,45204
157363,45204
256368,45204
62841,45204
104334,45204
91215,45204
221099,45204
276770,45203
264115,45203
193444,45203
85279,45203
20022,45203
146109,45203
139205,45203
112556,45203
113568,45202
260913,45202
144077,45202
101010,45202
204975,45202
73729,45201
210130,45201
295501,45201
277047,45201
69535,45201
273843,45201
28910,45201
76041,45201
4629,45201
151704,45200
158123,45200
184570,45200
66310,45200
201999,45200
247664,45200
64124,45200
226696,45199
95959,45199
15708,45199
158506,45199
252754,45198
28362,45198
9849,45198
259509,45198
1672,45198
134196,45198
5768,45197
216825,45197
259222,45197
274245,45197
78722,45197
230600,45197
74742,45197
38407,45197
224574,45197
175091,45197
44400,45196
149381,45196
107762,45196
276330,45196
288959,45196
71287,45196
123390,45195
102052,45195
159885,45194
187288,45194
164233,45194
295994,45194
87410,45194
268953,45194
89243,45193
174717,45193
211789,45192
241291,45192
148721,45192
191485,45192
220213,45192
100770,45191
190441,45191
58627,45191
238665,45191
117685,45191
253183,45191
296223,45191
531,45191
214332,45191
135392,45190
294910,45190
134505,45190
224532,45190
217477,45190
143741,45189
48450,45189
76726,45189
240684,45189
10254,45189
220569,45188
237171,45188
250694,45187
33194,45186
81271,45186
289416,45186
90588,45186
206902,45186
81526,45186
127363,45186
261261,45186
91039,45186
257617,45186
135570,45186
155874,45186
137541,45185
131279,45185
244654,45185
212681,45185
245924,45185
137219,45185
24474,45184
281522,45184
59306,45184
202467,45184
275424,45184
245242,45184
208898,45183
204683,45183
155510,45183
61305,45183
81099,45183
287490,45183
40,45183
11053,45183
200749,45183
5703,45183
221936,45183
228789,45182
272264,45182
14942,45182
205600,45182
97684,45182
134401,45182
269665,45182
89343,45181
264715,45181
292848,45181
267059,45181
289826,45181
18474,45181
101560,45181
181768,45180
170392,45180
238578,45180
208766,45180
223060,45179
129262,45179
131202,45179
157071,45178
132436,45178
157414,45178
43470,45178
14038,45177
6149,45177
185796,45177
212154,45177
223218,45177
17547,45177
107611,45177
179762,45177
193507,45177
288862,45177
52383,45177
238791,45176
97644,45176
225054,45176
231699,45176
279072,45176
140290,45175
178377,45175
209772,45175
25214,45175
106817,45175
237161,45175
22320,45175
267785,45175
10079,45174
169471,45174
222431,45174
86467,45174
66360,45174
281497,45174
227224,45173
155424,45173
34554,45173
249831,45173
253348,45173
221204,45173
199133,45173
16357,45172
20907,45172
102219,45172
237031,45172
277300,45172
209000,45172
183297,45172
288442,45172
163644,45172
141998,45172
287967,45172
211530,45172
47844,45171
243712,45171
145766,45171
5836,45171
148889,45170
154260,45170
118812,45170
193952,45170
128387,45170
130343,45170
137928,45170
222174,45170
281786,45170
26338,45170
28906,45170
94410,45169
182782,45169
239749,45169
53773,45169
275189,45169
243564,45169
77121,45169
4604,45169
173878,45169
289194,45169
228024,45169
252012,45169
25865,45169
60671,45169
36084,45169
116673,45168
214643,45168
87300,45168
218316,45168
138033,45168
232618,45168
201010,45168
142653,45167
25758,45167
78000,45167
222823,45167
231687,45167
195135,45167
15094,45167
230298,45167
29500,45167
48743,45167
225011,45167
6337,45167
3211,45166
115393,45166
186192,45166
158569,45166
99913,45166
276219,45166
247280,45166
273470,45166
89011,45166
133137,45166
272975,45166
171148,45165
243287,45165
271217,45165
252332,45165
216230,45165
286585,45165
268632,45165
170376,45165
153982,45165
96189,45164
30553,45164
288134,45164
86423,45164
74726,45164
211911,45164
264349,45164
271411,45164
204812,45164
30607,45163
94543,45163
16764,45163
93726,45163
103457,45163
261614,45162
221737,45162
237853,45162
25025,45162
172489,45162
233619,45162
83,45162
147177,45162
140831,45162
275968,45162
45218,45162
90127,45161
8384,45161
38800,45161
150860,45161
257524,45161
229902,45161
215840,45161
202643,45161
220115,45160
188456,45160
151352,45160
262331,45160
201687,45160
101408,45160
274977,45160
246201,45159
156369,45159
248556,45159
96565,45159
229478,45159
9930,45159
274031,45159
129309,45159
13843,45159
83473,45159
276414,45158
17387,45158
269326,45158
70919,45158
291015,45158
258072,45158
285744,45158
86803,45157
44533,45157
207555,45157
95013,45157
288156,45157
90758,45157
14649,45157
29476,45157
172000,45156
217323,45156
224456,45155
273548,45155
259827,45155
242773,45155
2233,45155
275864,45155
20976,45155
27515,45154
131249,45154
167627,45154
253554,45154
82,45154
219823,45154
46158,45154
285073,45154
7776,45154
53020,45153
199507,45153
124034,45153
4101,45153
283986,45153
24368,45153
156204,45153
247901,45153
151932,45152
210448,45152
118357,45152
72550,45152
135968,45152
192732,45151
291081,45151
275995,45151
133539,45151
31361,45151
173483,45151
160965,45151
18855,45151
16520,45151
289587,45151
183885,45150
284474,45150
3538,45150
242893,45150
141226,45150
197801,45150
242322,45149
23286,45149
43409,45149
283887,45149
121811,45149
226295,45149
203246,45149
258898,45149
100746,45149
221229,45149
10163,45149
258226,45148
272308,45148
55321,45148
213445,45148
58249,45148
253588,45148
93575,45148
266906,45147
2281,45147
180245,45147
112871,45147
89538,45147
221050,45147
62007,45147
4665,45147
225012,45147
199695,45146
200737,45146
215763,45146
176669,45146
70008,45146
186184,45146
265321,45146
124424,45146
19865,45146
157552,45145
119395,45145
71681,45145
37151,45145
8480,45145
254846,45145
8894,45145
155313,45145
181225,45145
282575,45145
225133,45144
105239,45144
230877,45144
63024,45144
68837,45144
248905,45144
24575,45144
81,45143
278684,45143
160907,45143
121716,45143
223016,45143
8648,45142
278818,45142
261544,45142
264259,45142
117166,45142
47225,45142
221407,45142
138128,45141
175994,45141
157369,45141
159559,45141
240180,45141
290467,45141
1039,45141
279767,45140
91250,45140
286964,45140
163182,45140
220374,45140
210374,45140
192780,45140
67339,45140
18680,45140
259570,45139
127873,45139
36527,45139
258535,45139
193875,45139
63915,45139
209106,45139
10256,45139
3985,45139
25872,45139
20779,45138
246865,45138
63848,45138
199589,45138
246804,45138
127471,45138
138512,45138
40832,45138
250399,45137
240596,45137
248746,45137
77089,45137
251222,45137
291756,45137
78052,45137
286163,45136
244563,45136
16235,45136
21463,45136
227154,45136
118573,45136
129277,45136
90975,45135
190859,45135
24362,45135
153681,45135
194093,45135
255961,45135
35340,45135
172923,45135
192719,45135
144460,45135
118828,45135
53627,45134
10408,45134
47511,45134
138854,45133
170815,45133
137976,45133
38947,45133
149404,45133
222852,45133
101082,45133
128260,45132
166588,45132
176309,45132
273469,45132
282264,45132
219877,45132
273893,45132
17884,45132
274069,45131
216287,45131
161980,45131
267907,45131
195470,45131
44853,45131
246106,45131
284335,45130
14830,45130
218581,45130
190668,45130
8445,45130
211216,45130
15299,45130
112983,45129
208786,45129
220309,45129
59249,45129
254563,45129
254671,45128
246344,45128
234202,45128
194638,45127
264642,45127
141202,45127
262677,45127
202,45127
66413,45127
281499,45127
28166,45127
137229,45127
255589,45127
29025,45127
47618,45127
274882,45126
239573,45126
239609,45126
205002,45126
47475,45126
159586,45126
77937,45126
27648,45126
34800,45125
221989,45125
13551,45125
285071,45125
157532,45125
150967,45125
58074,45125
110274,45125
264211,45125
273519,45124
232185,45124
46264,45124
37735,45123
73,45123
263201,45123
194091,45123
168248,45123
251295,45123
295942,45123
258813,45122
45198,45122
31761,45122
136659,45122
288063,45122
288607,45122
113838,45121
17583,45121
49862,45121
293380,45121
230193,45121
125961,45121
230139,45121
235285,45121
46084,45121
126845,45120
228371,45120
276129,45120
198232,45120
191833,45120
288773,45120
28518,45120
23739,45120
26662,45120
167240,45120
9649,45120
241387,45120
178600,45120
223599,45120
73555,45119
45017,45119
208334,45119
157620,45119
177816,45119
6233,45119
915,45119
14188,45118
214331,45118
159217,45118
108840,45117
168865,45117
278436,45117
231163,45117
110244,45117
225219,45116
22493,45116
240233,45116
119296,45116
6184,45116
286601,45116
84483,45116
126600,45115
11518,45115
242487,45115
232846,45115
170551,45115
253332,45115
902,45114
269132,45114
184411,45114
179741,45114
167574,45114
50586,45114
52998,45114
75418,45114
253572,45113
141940,45113
196727,45113
124846,45113
259092,45113
141996,45113
65804,45113
178599,45112
258795,45112
46336,45112
225703,45112
241790,45112
222493,45111
258074,45111
142408,45111
25481,45111
34836,45111
125727,45111
230935,45111
166546,45111
116667,45111
219080,45111
125183,45111
170971,45111
41824,45110
255477,45110
233674,45110
151777,45110
92920,45109
74589,45109
208104,45109
98035,45109
200742,45109
241032,45109
26386,45109
214035,45109
237138,45109
15464,45108
211068,45108
279493,45108
257585,45108
87262,45108
157359,45108
200786,45108
96,45107
201941,45107
183693,45107
183029,45106
47829,45106
41818,45106
206870,45106
260420,45105
122068,45105
204708,45105
3333,45105
166352,45105
211223,45105
67804,45105
230897,45105
117311,45104
170454,45104
213244,45104
230668,45104
32469,45104
223384,45104
234718,45104
166657,45104
249449,45104
232651,45104
198879,45104
260601,45104
111714,45103
37499,45103
67176,45103
126063,45103
163608,45103
262716,45103
267673,45103
24854,45103
29501,45103
101491,45103
261082,45103
2083,45103
83901,45102
184157,45102
212102,45102
250735,45102
274751,45102
216642,45102
290301,45102
163603,45101
270005,45101
226523,45101
246755,45101
32919,45101
168186,45101
190491,45100
101068,45100
194526,45100
265680,45100
63456,45100
80429,45100
243531,45100
12054,45099
1747,45099
246896,45099
237015,45099
135508,45099
193153,45099
68393,45099
160294,45098
174516,45098
262492,45098
203606,45098
280559,45098
296129,45098
279224,45098
146740,45097
90339,45097
218678,45097
34828,45097
198544,45097
276229,45097
85,45097
75279,45097
281706,45097
146928,45097
3188,45096
103399,45096
294725,45096
276266,45096
169885,45096
113473,45096
51878,45096
217366,45096
33854,45096
210504,45096
260760,45096
263076,45095
14254,45095
54450,45095
81001,45095
31045,45095
147355,45095
293263,45095
110964,45095
188054,45094
281592,45094
38071,45094
285051,45094
98943,45094
190915,45094
286003,45094
240921,45094
276203,45094
279812,45094
217566,45094
266948,45093
135003,45093
66504,45092
188749,45092
182036,45092
55328,45092
40224,45092
284061,45092
132078,45092
180695,45092
135084,45092
79708,45091
176126,45091
262428,45091
137301,45091
28587,45091
153934,45091
245088,45090
93917,45090
17353,45090
134916,45090
217399,45090
52869,45090
281622,45090
296321,45089
168692,45089
204379,45089
237647,45089
195792,45089
279034,45089
99,45089
18313,45089
99589,45089
161232,45089
295748,45088
10190,45088
113318,45088
150709,45088
245359,45088
76606,45088
168611,45088
42699,45088
142217,45088
128231,45088
116831,45088
137968,45088
75836,45087
22179,45087
285443,45087
47893,45087
230050,45087
99548,45087
233139,45086
257439,45086
34246,45086
291620,45086
43436,45086
206300,45086
152970,45086
12311,45086
80759,45086
31631,45086
6113,45085
20407,45085
233322,45085
249491,45085
277626,45085
109972,45085
276960,45085
267210,45085
258194,45085
201100,45085
107447,45085
266073,45085
160583,45084
30821,45084
19357,45084
183146,45084
295581,45084
122042,45084
212469,45084
23229,45084
255822,45083
211077,45083
110109,45083
186859,45083
53062,45082
8344,45082
9169,45082
74083,45082
222619,45082
191394,45082
104527,45082
193877,45082
284663,45082
49650,45081
130077,45081
183897,45081
70902,45081
249088,45081
224989,45081
58466,45081
82792,45081
211615,45080
167811,45080
223955,45080
262033,45080
266025,45080
278854,45080
55300,45080
278288,45079
2527,45079
181830,45079
178152,45079
206999,45079
485,45079
272709,45079
119676,45079
231302,45079
7856,45079
203886,45079
67575,45079
146442,45079
37522,45079
79007,45078
19923,45078
46412,45078
212639,45078
254779,45078
273265,45078
200322,45078
157021,45078
123086,45078
219501,45077
206712,45077
237998,45077
294108,45077
150447,45077
265713,45076
276439,45076
277581,45076
287100,45076
23326,45076
280626,45076
12644,45076
238233,45076
261839,45076
17629,45076
73146,45076
125981,45075
142316,45075
57585,45075
229026,45075
279465,45075
134377,45075
17163,45075
169481,45075
214424,45075
210925,45075
170266,45074
18296,45074
194237,45074
11784,45074
188104,45074
29769,45074
6892,45074
14130,45074
237627,45074
223729,45073
204851,45073
253382,45073
289725,45073
227483,45073
233408,45073
261503,45073
198851,45072
165744,45072
231540,45072
47158,45072
163583,45072
98226,45072
52193,45072
206076,45072
233834,45072
95975,45072
140718,45071
256015,45071
194821,45071
132891,45071
37890,45071
242042,45071
6517,45071
115291,45071
186351,45070
31929,45070
80540,45070
83905,45070
252540,45070
112188,45070
165660,45070
77894,45070
250799,45070
188599,45070
106705,45069
197961,45069
220563,45069
141431,45069
217628,45069
43733,45068
17105,45068
256762,45068
34439,45068
162115,45068
12976,45068
75032,45068
242172,45068
164100,45068
170337,45068
205716,45068
111857,45068
78341,45067
216900,45067
5653,45067
245975,45067
116897,45067
127162,45067
263448,45067
75285,45067
181637,45066
250419,45066
176564,45066
235767,45066
92760,45066
189383,45066
265458,45066
215708,45065
7621,45065
162282,45065
270534,45065
154566,45065
8736,45065
207395,45065
232806,45065
276493,45065
283858,45065
145609,45065
75917,45065
159423,45065
56639,45065
493,45065
222957,45064
208466,45064
143971,45064
279890,45064
278964,45064
3896,45064
211842,45064
100665,45064
240715,45064
143907,45064
174624,45064
7810,45064
199414,45064
218036,45064
134841,45063
99063,45063
4361,45063
127634,45063
271797,45063
150028,45063
31325,45063
276940,45063
2695,45063
87868,45063
240874,45063
279247,45063
230461,45062
165559,45062
291371,45062
288937,45062
268419,45062
207772,45061
267813,45061
185936,45061
209890,45061
116890,45061
270976,45061
282243,45060
88383,45060
271025,45060
225187,45060
288821,45060
163457,45060
11815,45060
6975,45060
209452,45060
180009,45060
252532,45060
58344,45059
5202,45059
226717,45059
137920,45059
268039,45059
159022,45059
5320,45059
279300,45059
28182,45059
235150,45059
66442,45059
49576,45058
238169,45058
146317,45058
220813,45058
285112,45057
245708,45057
199996,45057
5835,45057
54510,45057
144296,45057
123972,45057
163808,45057
189724,45057
215182,45057
178977,45057
91219,45056
169565,45056
272113,45056
97865,45056
39480,45056
259106,45056
9561,45056
73025,45056
125955,45056
109551,45056
127290,45056
278115,45055
253384,45055
166450,45055
127695,45055
169182,45055
177432,45055
243015,45055
30921,45055
4397,45055
165338,45054
206532,45054
234631,45054
145057,45054
43874,45054
205966,45054
235474,45054
117707,45054
234145,45054
263665,45054
92277,45054
231243,45053
79623,45053
197103,45053
256372,45053
272365,45053
275944,45053
12807,45053
230130,45053
296626,45053
173744,45053
233735,45053
250689,45052
187464,45052
3078,45052
209938,45052
139972,45052
196784,45052
171708,45052
247952,45052
27550,45052
220243,45052
514,45052
218372,45052
180483,45052
171350,45052
76820,45051
137011,45051
133320,45051
250853,45051
99732,45051
223699,45051
23979,45051
205435,45050
230834,45050
219129,45050
3980,45050
63966,45050
14310,45050
228816,45050
124178,45050
163525,45050
274226,45050
257431,45050
1722,45050
168182,45049
43059,45049
115730,45049
225599,45049
28469,45049
54479,45049
211582,45049
97415,45049
192595,45049
182610,45049
282158,45049
27187,45049
95723,45049
1720,45048
147975,45048
109115,45048
292438,45048
173089,45048
156452,45048
154288,45048
282179,45048
280167,45048
224731,45047
69944,45047
122065,45047
232961,45047
101140,45046
249126,45046
247388,45046
47442,45046
187009,45046
17727,45046
165798,45045
148532,45045
112165,45045
21097,45045
8888,45044
35252,45044
251338,45044
269837,45044
8054,45044
293573,45044
238917,45044
68778,45044
164660,45044
187042,45044
173914,45044
10868,45044
15458,45044
126916,45044
165562,45044
89998,45043
115318,45043
137238,45043
222154,45043
272368,45043
176989,45043
19019,45043
216293,45043
77832,45043
279340,45043
284483,45043
55055,45043
281253,45043
49436,45043
224866,45042
150084,45042
221173,45042
157531,45042
208062,45042
251917,45042
133120,45042
138435,45042
3902,45042
280804,45042
52550,45042
160606,45042
231952,45042
48418,45042
6388,45042
194893,45042
209933,45041
44133,45041
101168,45041
7824,45041
39696,45041
204531,45041
111446,45041
209315,45041
245377,45041
191929,45041
217911,45041
188478,45040
79019,45040
182720,45040
166024,45040
183199,45040
1033,45040
266634,45040
99144,45040
62734,45040
111116,45040
110127,45039
257513,45039
235174,45039
195666,45039
239083,45039
200882,45039
188514,45039
25751,45038
21484,45038
75031,45038
265387,45038
189471,45038
5620,45038
88472,45038
170247,45037
157648,45037
85109,45037
266111,45037
119358,45037
240981,45037
66884,45037
236443,45037
282828,45037
282776,45037
275043,45037
258738,45036
206470,45036
274497,45036
71113,45036
169058,45036
