2107,100000
4491,64072
1846,58795
1228,57791
19422,57182
34212,54800
20060,54506
109691,53734
32474,53728
39430,53327
42611,53305
2175,53190
12091,53161
7008,53130
39220,52542
3626,52535
249499,52360
147734,52273
217626,52260
25790,52185
5333,52167
10543,52148
30445,52108
8228,51955
21266,51913
134648,51842
135873,51727
54294,51696
59550,51637
14462,51561
289289,51469
256249,51449
25298,51407
115796,51346
201446,51310
295716,51178
229730,51160
227377,51142
287793,51062
239595,51035
212975,51020
2317,51005
240,50954
240894,50902
2330,50815
279423,50789
42159,50708
3424,50630
49000,50621
236841,50538
119534,50475
19555,50457
246830,50358
83405,50334
291322,50319
73636,50295
71777,50292
9913,50254
110849,50243
10101,50243
157328,50188
85849,50179
669,50179
292294,50173
143391,50169
31874,50155
47861,50134
5786,50126
232721,50121
2292,50117
280199,50113
57024,50112
98520,50112
37145,50044
290305,50004
32279,49967
253104,49959
53251,49959
8090,49957
142948,49957
570,49942
279114,49884
222350,49826
34883,49824
290689,49788
13433,49785
256439,49785
250241,49785
276870,49783
271242,49761
93759,49741
254377,49728
280871,49716
63528,49703
291763,49666
236561,49662
36181,49649
274131,49645
150358,49636
144659,49633
213777,49631
132841,49620
177926,49617
182875,49614
28936,49606
151095,49591
3848,49556
72687,49537
169059,49534
264043,49525
160012,49523
247417,49519
269303,49517
11564,49514
196900,49501
132902,49481
144364,49466
6028,49466
166611,49452
205375,49449
87265,49426
154357,49412
2866,49408
60175,49394
292402,49371
140467,49369
181989,49365
35089,49364
283960,49363
259191,49359
145334,49358
239440,49358
289534,49343
7411,49335
42279,49326
1969,49319
173378,49316
6882,49315
7316,49310
221426,49295
175397,49273
222390,49270
111727,49267
8101,49252
222034,49249
9824,49249
47450,49247
199740,49230
264153,49214
288087,49206
270776,49203
293952,49201
238550,49186
821,49185
284245,49177
703,49169
16355,49165
68760,49156
52482,49154
107615,49148
260911,49145
216072,49142
94996,49142
37410,49138
3974,49136
235009,49135
250201,49133
258061,49111
195197,49110
248822,49109
69323,49105
152830,49104
257267,49102
76704,49094
2320,49092
7323,49092
264326,49089
29093,49082
39150,49063
248758,49057
173346,49056
182641,49054
32703,49051
252783,49050
176726,49047
38036,49045
202118,49032
17627,49028
258771,49028
274596,49024
294834,49020
270414,49020
100711,49011
80276,49003
100260,48995
179868,48974
58810,48973
196230,48970
19655,48968
2339,48964
139049,48955
275076,48945
135922,48944
292591,48943
255496,48940
236489,48930
229337,48929
166963,48918
17045,48915
280592,48913
215878,48908
99696,48907
114444,48903
77352,48899
62826,48899
149478,48896
216624,48890
267985,48885
224354,48884
132780,48884
125260,48884
223245,48880
2509,48873
296329,48851
287996,48844
149761,48842
281619,48841
261535,48832
195927,48829
12649,48826
274058,48825
123250,48816
287804,48815
268686,48812
257096,48802
86635,48799
148162,48793
283087,48778
256361,48775
122368,48760
293286,48758
45497,48755
206605,48745
194969,48741
13048,48734
12005,48732
2243,48729
217825,48723
200494,48723
12166,48720
21957,48718
230396,48718
159357,48714
202435,48706
251114,48705
20598,48700
241229,48690
137779,48679
163070,48677
23803,48666
189304,48665
63200,48664
98978,48663
267795,48657
41059,48656
200935,48655
237963,48646
241528,48645
100847,48640
133907,48620
116852,48619
260287,48618
22964,48612
25854,48604
153850,48601
248646,48599
283881,48592
241768,48587
2930,48587
147662,48584
242964,48582
255248,48579
170224,48578
100830,48578
278006,48574
221796,48569
176022,48569
62636,48568
217472,48562
3119,48556
148976,48556
182158,48554
22871,48553
23683,48553
65501,48550
1777,48548
276322,48541
18350,48533
5238,48533
123849,48532
286665,48530
84892,48524
110593,48516
205755,48512
2437,48509
216174,48504
23009,48502
23600,48497
265696,48496
217804,48492
234650,48488
97867,48487
91103,48486
1458,48478
218548,48476
159052,48474
283721,48473
217769,48473
290710,48457
8074,48455
185374,48446
18138,48445
168560,48443
251924,48435
279969,48433
270352,48421
159894,48420
2601,48418
6680,48418
231032,48418
282252,48416
4735,48408
88899,48397
295233,48390
264102,48383
5588,48382
223696,48380
203080,48377
274848,48374
171513,48372
269020,48370
278524,48370
92662,48369
89461,48363
281327,48360
151291,48359
251062,48355
17874,48355
9085,48350
154100,48349
9455,48346
275247,48345
273010,48340
18996,48336
182567,48335
44115,48331
243089,48330
3492,48326
271485,48323
236953,48322
101716,48319
285143,48317
101342,48316
96947,48314
179653,48305
255920,48303
255810,48301
203411,48296
293974,48294
224854,48291
295746,48290
28953,48283
76555,48282
132254,48279
268500,48275
291153,48273
200651,48270
255879,48258
251402,48257
184182,48255
30002,48255
261928,48252
62723,48250
119673,48243
284796,48243
253318,48239
288044,48238
6218,48237
192854,48234
230328,48232
294007,48228
52097,48224
266344,48224
278263,48222
51360,48221
247496,48220
11505,48219
126714,48213
266456,48207
104999,48204
291847,48202
23504,48200
225234,48192
7205,48189
190191,48185
7947,48180
137441,48176
250465,48176
267568,48175
212555,48173
99040,48171
3769,48168
234193,48165
110347,48159
183999,48158
196191,48157
168284,48151
178848,48146
13438,48145
109242,48144
49154,48143
3507,48139
4295,48139
172258,48128
208557,48123
287381,48123
188809,48121
11863,48118
209464,48116
270745,48112
218524,48112
259825,48111
216423,48108
9796,48107
10322,48107
254838,48104
188381,48103
150856,48101
276869,48098
215049,48095
288629,48094
248860,48092
233896,48091
216676,48085
283997,48085
238511,48082
20476,48082
257043,48081
18783,48076
153872,48071
871,48066
124095,48065
159270,48064
179136,48064
117441,48062
4079,48061
288898,48058
5464,48058
163989,48054
2849,48052
244036,48051
228797,48044
226140,48043
80452,48043
210880,48040
209474,48033
121373,48029
101361,48022
182046,48022
293712,48017
125862,48015
53405,48012
260162,48011
281125,48010
74871,48009
69350,48007
187417,48004
188462,48003
183178,48003
41835,48000
287179,47999
269199,47998
287697,47997
69,47992
33232,47989
95630,47987
296114,47980
104372,47968
109328,47966
235868,47960
277715,47960
226639,47958
234057,47958
235468,47957
276003,47955
247982,47953
187488,47946
52533,47944
97287,47941
208513,47940
193473,47937
55244,47935
117464,47932
217695,47931
269544,47931
9676,47929
244011,47928
118967,47925
236133,47924
217621,47922
21685,47912
181242,47909
222972,47909
93018,47908
172773,47907
100122,47907
99314,47906
197653,47903
138644,47903
234733,47892
283807,47888
210134,47886
285042,47883
8256,47880
265476,47879
168215,47876
121396,47872
11501,47871
228399,47870
251900,47869
228910,47866
48741,47865
210619,47861
239724,47859
133715,47859
263455,47859
244512,47858
288637,47853
221462,47852
165639,47849
228927,47848
371,47847
17730,47844
236973,47840
55297,47839
97382,47834
238894,47834
207122,47832
55577,47831
257336,47830
182080,47830
194714,47830
2958,47828
294980,47828
114438,47826
4792,47826
284325,47825
240716,47824
247174,47824
12670,47823
213198,47822
36460,47822
499,47820
192952,47819
102009,47817
194759,47817
161904,47817
239484,47812
245067,47812
292305,47811
239537,47808
250,47806
243662,47803
210908,47799
234037,47798
7893,47796
14414,47795
284399,47789
224698,47788
286074,47780
227417,47779
184080,47776
244527,47774
1265,47774
148772,47772
212,47771
233766,47770
144663,47769
258710,47766
224044,47765
216581,47763
2200,47761
158903,47761
139072,47761
183074,47759
148434,47757
244685,47756
23697,47753
16847,47752
185418,47751
88598,47748
183125,47748
283143,47747
95276,47747
273263,47746
246352,47741
255820,47741
237263,47739
162399,47738
273554,47737
116685,47735
241818,47734
166,47731
207693,47730
228312,47729
69498,47724
5274,47723
2755,47723
279116,47721
246511,47721
129894,47720
127851,47719
159671,47719
3074,47717
237653,47708
213548,47706
67351,47706
94058,47706
172207,47705
149385,47703
24965,47703
196181,47703
284232,47702
122793,47700
263198,47697
12596,47696
123314,47693
122591,47692
5648,47691
291696,47690
2990,47689
8095,47689
256954,47689
278738,47686
264953,47684
243820,47684
288499,47680
47324,47678
1591,47678
197422,47678
269137,47678
35152,47677
192564,47675
277009,47674
87179,47671
172261,47665
9602,47665
78258,47663
72929,47662
214223,47661
166868,47659
248683,47655
277760,47654
143903,47653
12361,47653
126077,47651
118569,47651
100658,47649
197275,47648
5074,47643
247917,47639
182744,47637
127903,47636
225520,47635
247385,47633
6627,47631
13009,47628
103825,47627
4778,47626
217801,47626
106840,47622
94221,47620
224084,47620
45320,47617
275484,47615
248695,47607
2118,47607
81430,47606
89048,47605
215824,47604
230845,47603
217953,47600
9046,47596
39687,47593
136930,47590
7206,47589
5477,47588
193462,47588
279937,47587
254206,47585
231273,47583
27361,47583
293347,47581
60629,47579
3331,47579
280536,47578
156379,47575
12469,47575
293922,47574
158371,47572
191263,47572
261499,47569
203831,47560
75173,47559
95405,47556
152062,47553
150841,47552
285601,47551
71735,47547
222215,47547
199502,47547
140744,47543
139995,47542
258774,47539
220007,47538
272817,47538
244816,47536
293772,47535
140632,47535
293178,47535
11316,47533
253131,47532
61393,47530
207795,47530
2621,47529
151332,47526
178088,47524
268517,47522
203237,47518
144400,47515
246402,47514
5316,47513
289974,47511
254706,47510
272164,47507
52762,47506
8152,47504
24071,47502
58167,47501
2422,47501
15498,47500
296283,47499
74454,47498
2529,47498
230439,47495
187475,47494
227274,47494
23043,47494
62837,47493
165053,47491
66478,47490
211565,47490
107479,47489
77543,47488
122762,47488
279322,47487
94281,47487
172356,47485
112748,47485
31400,47480
53236,47478
36945,47470
179563,47469
266356,47469
148024,47468
105174,47468
286698,47467
277272,47465
284402,47464
244185,47462
160802,47460
73922,47460
207428,47457
271303,47453
139798,47452
257755,47451
293703,47450
261897,47448
286907,47448
98683,47447
280707,47446
255601,47445
272490,47444
5419,47443
254796,47441
128572,47439
150625,47438
4210,47438
76551,47437
277181,47435
215806,47434
2521,47433
295525,47433
177273,47433
71280,47432
239009,47428
83387,47428
217605,47427
221918,47426
252649,47425
30219,47425
239212,47423
179742,47423
212995,47420
253756,47419
13032,47419
289304,47419
169936,47419
226757,47418
1031,47418
207143,47416
285292,47415
193118,47414
199725,47411
277002,47408
43017,47408
255169,47407
291237,47407
1816,47405
196749,47403
259951,47400
50643,47400
276762,47395
21599,47395
250632,47394
119319,47393
127346,47390
269098,47388
226448,47385
14315,47385
75271,47384
69329,47382
278212,47382
215047,47381
231131,47381
242339,47379
167743,47379
279249,47378
290287,47378
187356,47377
7638,47376
291721,47375
172688,47372
273460,47372
10013,47371
175759,47370
257349,47369
79909,47369
98141,47368
187487,47367
24198,47367
16804,47367
252307,47366
225388,47364
271378,47362
242708,47360
5598,47359
206942,47357
130972,47356
275553,47356
23936,47354
201202,47352
248756,47351
2768,47350
248599,47349
121795,47345
208005,47344
296362,47344
284444,47343
250722,47341
41652,47338
120641,47338
177562,47338
296167,47335
64055,47334
220081,47330
104438,47329
12121,47327
203906,47326
141160,47325
170194,47323
265432,47323
284886,47321
189810,47315
196863,47314
140496,47314
233876,47312
112853,47309
27421,47308
257923,47308
274636,47306
203063,47306
152756,47305
288768,47304
47837,47304
6910,47304
270157,47304
243336,47302
183062,47300
135695,47300
247140,47300
26216,47299
231712,47299
21390,47297
240201,47296
39592,47295
117349,47291
238964,47290
253085,47290
147733,47289
2133,47287
17509,47287
152927,47286
28901,47286
209768,47285
206950,47285
162906,47283
127924,47282
27415,47281
158606,47281
20044,47280
54515,47280
277753,47278
176267,47276
237925,47276
92076,47274
30965,47274
270866,47273
263563,47272
263431,47270
24370,47269
45923,47266
232976,47265
5405,47264
186468,47262
273091,47259
256705,47258
178388,47258
169667,47256
195613,47256
1601,47256
288129,47255
47906,47254
254019,47254
248729,47253
18634,47252
234040,47251
34608,47249
184952,47249
290808,47249
243692,47249
181333,47247
240075,47246
264169,47245
241667,47245
157312,47244
264304,47243
165658,47243
236947,47241
270409,47240
229847,47240
188364,47239
11748,47239
287757,47237
1724,47236
123757,47233
66097,47233
38966,47229
114485,47227
264053,47226
174774,47226
1892,47226
223654,47225
117186,47224
213506,47223
259922,47222
295552,47222
232120,47222
251757,47221
59363,47221
124975,47221
925,47220
254126,47218
235264,47215
43146,47214
208100,47214
231760,47212
221139,47208
206110,47204
235543,47203
104800,47203
281545,47202
48959,47201
296289,47201
209414,47200
15821,47200
110024,47200
286830,47198
22283,47196
206796,47194
36271,47194
292243,47192
213105,47191
291101,47191
23110,47189
92094,47188
221440,47187
68397,47187
12838,47185
54220,47185
4341,47184
244294,47184
296263,47182
294570,47182
240603,47181
47310,47181
36399,47180
142537,47180
166059,47179
76461,47178
244096,47177
206002,47177
269136,47176
229555,47175
120944,47174
156349,47172
69360,47172
167361,47172
16802,47170
186152,47170
274308,47167
260511,47167
27859,47166
57798,47164
147894,47162
201685,47161
6189,47160
89524,47159
32074,47158
21955,47157
201821,47155
10570,47155
253440,47155
278840,47154
197377,47154
228386,47154
261745,47153
77780,47153
30758,47151
268139,47151
148864,47151
222469,47148
32004,47146
270908,47146
940,47144
74450,47144
274542,47143
154350,47139
164512,47139
96493,47138
254584,47138
278875,47136
13172,47136
230054,47134
134343,47133
1736,47132
264030,47132
191726,47132
26307,47130
7033,47130
208542,47130
265501,47129
26856,47128
8084,47127
3252,47126
10686,47126
176581,47126
185471,47126
60967,47124
251309,47123
179539,47121
136989,47121
1169,47121
238980,47120
374,47119
281920,47118
171346,47118
197076,47117
120551,47116
54229,47115
279788,47114
50795,47113
40453,47113
261088,47113
238714,47113
276915,47112
226885,47112
265924,47110
494,47110
266652,47110
286312,47109
156359,47108
286972,47107
228268,47106
4228,47105
21683,47105
116470,47104
199281,47104
42261,47103
175948,47102
244015,47101
165030,47100
215866,47100
1295,47099
180838,47099
151282,47098
261697,47097
87444,47097
220856,47097
267541,47095
173104,47093
12993,47092
3440,47092
108914,47089
282218,47088
28144,47087
226932,47087
285803,47087
287710,47086
260518,47086
129775,47086
82717,47085
109299,47083
268912,47082
278735,47081
285390,47080
197688,47079
285337,47077
214671,47077
252603,47076
63057,47075
139416,47075
108218,47074
176721,47074
228791,47073
125728,47073
231328,47072
2752,47071
232076,47071
158188,47070
3474,47068
4592,47067
280988,47066
189277,47066
43045,47065
144000,47065
264321,47062
84621,47061
277118,47060
238358,47060
72056,47058
32884,47055
52360,47055
24526,47054
163942,47054
874,47054
243884,47053
287215,47052
178081,47051
271030,47050
271898,47050
278008,47049
52175,47048
203342,47045
107019,47045
280015,47044
22789,47044
261004,47043
208174,47042
284384,47041
430,47040
229597,47040
151603,47040
218670,47039
273836,47038
124078,47038
151752,47038
75042,47037
127400,47037
700,47037
212782,47035
162991,47035
273621,47035
80547,47034
234132,47033
84053,47033
1509,47031
284902,47030
21307,47030
207748,47029
99915,47028
246852,47028
290063,47026
145507,47026
254425,47025
39243,47025
124919,47025
286258,47024
260856,47023
20065,47022
286673,47022
35708,47022
238929,47019
114271,47019
3476,47018
212470,47017
225006,47016
134477,47015
281203,47014
259593,47010
129563,47008
294908,47008
220949,47008
226984,47007
171249,47007
189486,47006
1839,47005
78996,47004
210962,47004
266303,47004
290519,47003
289847,47003
116587,47003
274852,46996
194995,46995
124668,46994
290478,46992
275955,46992
182174,46991
9276,46990
111993,46989
133696,46989
247821,46989
235011,46986
6855,46985
138925,46982
50500,46982
238477,46982
295178,46981
291549,46981
981,46981
284662,46980
274661,46979
101778,46978
173301,46976
362,46976
18043,46976
268728,46974
218349,46974
36818,46972
254245,46972
127104,46972
83863,46971
208491,46970
248753,46969
50878,46969
129631,46968
144263,46968
212928,46967
6425,46967
569,46967
210687,46966
208825,46964
239610,46964
4265,46964
242388,46963
24791,46962
248924,46961
266357,46961
233430,46960
167334,46960
50080,46960
15959,46958
231431,46958
64278,46955
150829,46955
115046,46955
123654,46955
12520,46954
231170,46954
48154,46953
275687,46953
277377,46951
277646,46950
144534,46948
276705,46948
135032,46948
583,46947
164599,46947
31897,46947
5026,46944
248054,46943
169807,46943
47265,46943
226725,46941
265637,46939
283277,46938
196265,46938
182155,46937
18926,46936
209000,46935
13719,46935
270233,46935
188555,46934
29441,46934
81713,46933
166050,46933
14134,46932
269144,46932
85180,46932
43807,46930
264612,46929
15354,46928
7350,46927
202749,46927
215458,46924
13981,46924
254356,46924
254679,46923
224599,46923
160874,46923
160472,46922
80667,46922
288646,46921
172121,46921
247650,46920
274222,46919
8242,46918
192705,46917
125742,46916
114970,46916
238565,46916
135492,46914
8935,46914
239899,46914
217520,46913
293947,46912
282344,46912
285456,46911
276055,46911
70921,46910
161248,46910
258175,46909
35431,46909
167468,46909
281929,46907
280529,46907
117850,46907
155955,46906
195297,46904
273329,46903
242599,46903
13017,46902
203247,46902
129427,46902
223130,46901
288062,46901
75498,46900
250001,46900
241497,46899
270104,46897
226589,46897
287368,46897
5140,46896
140828,46896
170849,46895
222640,46895
206512,46895
94408,46893
287822,46893
255969,46891
212977,46890
255593,46889
292253,46888
5331,46887
103893,46887
277764,46887
136407,46886
902,46886
214818,46885
27589,46885
265777,46885
281521,46884
124963,46883
145101,46882
268483,46881
64284,46880
10797,46880
86232,46880
168946,46878
151481,46878
131330,46878
210387,46878
37213,46878
266184,46878
236378,46877
14447,46877
60441,46877
1303,46877
236299,46877
169056,46876
175010,46876
263846,46876
16618,46876
239245,46875
232318,46874
48935,46873
218575,46873
25272,46873
248235,46872
14711,46871
186326,46870
200190,46870
168846,46869
144992,46868
39819,46867
207422,46867
237743,46865
274293,46865
209844,46864
255405,46864
278931,46863
255435,46862
268497,46861
47206,46859
294973,46859
217276,46858
229423,46857
187704,46857
104036,46856
156287,46855
175311,46855
120165,46854
229496,46854
157777,46854
37321,46851
3433,46851
287529,46851
105309,46850
222427,46850
210605,46849
136883,46849
238396,46845
236857,46845
219697,46844
274321,46844
244734,46844
148484,46844
12658,46842
274534,46841
78179,46840
55868,46840
296098,46839
261516,46836
79813,46835
259317,46833
103891,46833
132656,46833
293054,46832
225463,46832
188737,46832
282,46832
133451,46832
78648,46831
69739,46830
256989,46829
232013,46829
131247,46829
183609,46828
244374,46828
113349,46827
63410,46826
87483,46825
129903,46825
275248,46824
232396,46823
194470,46822
189312,46820
173639,46819
71266,46819
185660,46819
247426,46819
83750,46818
231376,46818
13499,46818
7708,46817
209821,46817
174591,46816
267489,46816
153551,46816
140443,46813
187725,46812
149885,46812
212197,46811
231935,46810
236440,46809
137157,46807
3402,46807
14185,46805
118996,46805
247419,46805
129383,46803
7491,46801
271579,46801
268813,46797
589,46796
285972,46796
204432,46796
14223,46795
4016,46795
190050,46795
295718,46795
11577,46795
20920,46794
275234,46794
256168,46794
264764,46793
30912,46793
44997,46792
266508,46792
15383,46791
119255,46791
295145,46790
640,46790
281137,46790
143206,46790
108508,46789
211605,46786
55886,46786
150469,46786
52025,46785
230340,46785
168196,46784
239962,46783
139683,46782
266336,46781
196607,46781
231226,46780
1739,46778
245102,46778
249834,46777
86309,46776
247186,46776
181111,46775
6869,46775
177007,46774
262682,46773
1493,46772
287827,46772
88334,46770
220436,46770
74372,46770
118653,46769
154896,46768
277896,46767
295894,46766
277163,46766
71100,46766
72202,46764
121204,46764
192696,46764
214440,46764
82692,46763
141384,46763
72847,46763
293050,46763
93505,46760
129766,46759
284684,46759
49483,46759
197901,46759
188502,46759
25762,46758
116284,46757
233491,46757
89545,46757
233533,46756
185241,46756
205312,46756
226902,46755
213651,46755
228272,46754
186139,46754
154893,46753
197074,46753
137567,46753
7123,46751
206578,46751
98753,46751
28761,46750
142382,46750
99523,46749
240910,46749
184202,46749
23409,46747
196255,46747
220561,46746
5329,46746
244319,46746
262137,46745
120114,46745
2666,46744
237847,46743
286428,46743
193451,46742
266015,46742
210253,46742
49825,46741
79956,46740
218849,46739
29219,46739
269392,46738
247799,46738
289979,46738
244786,46737
245648,46736
239612,46736
78655,46735
142803,46735
251976,46735
294248,46734
197043,46732
16277,46731
244043,46731
239033,46729
226997,46729
183179,46729
117070,46729
165,46728
189949,46728
227552,46727
232156,46726
26095,46725
260694,46725
176436,46725
294104,46724
62242,46723
286087,46722
116522,46721
216202,46721
44180,46721
296057,46720
242873,46720
4719,46720
220715,46719
157180,46719
47571,46719
218484,46718
280022,46717
255423,46716
35399,46716
4087,46715
259471,46714
237503,46713
285917,46713
24000,46712
268915,46711
264324,46710
260574,46709
292452,46709
33117,46709
281722,46708
179138,46708
168677,46708
270406,46708
226384,46707
53558,46707
211710,46707
53432,46706
276440,46706
59526,46705
140681,46705
260564,46704
290926,46704
228230,46703
35902,46703
144411,46702
218626,46702
168427,46701
177607,46701
266358,46701
55910,46701
105646,46701
176647,46700
19168,46700
189705,46699
26196,46699
238347,46699
242472,46699
202282,46697
11767,46697
290777,46696
166633,46695
199686,46694
171255,46694
117650,46692
10028,46692
6696,46691
261863,46691
262167,46691
286993,46691
295297,46690
16438,46689
254786,46688
232635,46688
109266,46687
266567,46687
248161,46686
117303,46686
1345,46684
15620,46684
262343,46684
161630,46683
33515,46683
35109,46683
132145,46682
258828,46682
150110,46682
2293,46682
287267,46681
191424,46681
181431,46680
55563,46680
215519,46679
168333,46679
114603,46677
53646,46676
66257,46676
103363,46676
263875,46674
295620,46674
243751,46674
88162,46673
203755,46671
220864,46671
265909,46671
13250,46670
119304,46670
289446,46668
277369,46668
114926,46667
188047,46667
195266,46667
110768,46667
15931,46667
235658,46665
11071,46665
219440,46664
148346,46664
256911,46664
165238,46664
129251,46662
177152,46662
213868,46661
130276,46661
261243,46661
275043,46661
237671,46660
296337,46659
17251,46659
3660,46659
279678,46659
50244,46659
291170,46659
223052,46659
138781,46657
222217,46656
42634,46656
245926,46655
186654,46655
255964,46655
194537,46654
75594,46654
39012,46654
49021,46654
6379,46653
21495,46653
294666,46653
292246,46652
216919,46651
54282,46651
291324,46651
138419,46649
247842,46648
187473,46648
283161,46647
253654,46646
12125,46645
145475,46645
261744,46644
39345,46644
249770,46643
266860,46643
272526,46642
276499,46641
260675,46641
25694,46641
46872,46639
265517,46639
269938,46639
259193,46638
257441,46638
128289,46638
192966,46638
96828,46638
15042,46638
278038,46636
160726,46635
280850,46635
83798,46634
10029,46634
249753,46633
25860,46633
157345,46632
279290,46630
259523,46630
159460,46630
29252,46629
110273,46629
32672,46629
123036,46629
112597,46628
134830,46628
168920,46627
171691,46626
293114,46626
197023,46626
68418,46626
272045,46625
277668,46625
239690,46624
264936,46622
296471,46621
295633,46621
25524,46620
155370,46620
144527,46620
268124,46619
30106,46619
20829,46617
193757,46617
277038,46615
228138,46615
260978,46613
51549,46613
20193,46612
35565,46611
94090,46611
2720,46610
114532,46610
290419,46610
277998,46610
286886,46610
212858,46609
27281,46608
37009,46608
172696,46608
272968,46608
129576,46607
8326,46606
66402,46606
3310,46605
282146,46605
154938,46605
289939,46605
185233,46604
169125,46604
170218,46604
46149,46604
291387,46604
8589,46603
281427,46603
293674,46603
287901,46603
250481,46603
260165,46601
246132,46601
377,46601
14332,46600
90484,46600
246435,46599
287752,46599
266846,46597
219731,46597
81166,46596
279860,46595
280052,46595
201975,46595
8886,46595
8432,46594
264533,46593
276991,46593
255104,46593
69737,46592
258088,46592
146256,46592
163602,46592
283454,46592
218957,46592
189793,46591
173616,46591
222965,46590
89724,46590
217617,46590
242769,46590
177371,46590
14143,46589
257797,46589
209319,46588
201782,46588
97917,46588
234396,46588
96864,46588
1272,46588
293614,46587
208959,46585
119811,46584
149870,46584
23184,46584
240362,46583
272850,46583
74881,46582
85813,46581
282291,46581
60356,46580
6589,46580
221812,46580
278291,46579
11387,46579
136033,46578
278075,46578
228996,46578
219657,46577
130560,46577
182882,46576
284994,46576
156186,46575
200467,46575
54806,46574
70877,46574
119202,46574
180983,46573
1998,46571
254486,46570
99773,46570
291216,46570
245045,46569
13660,46569
7386,46568
226651,46567
110863,46567
142766,46566
242914,46566
214094,46565
227787,46565
203302,46565
253662,46564
146527,46564
24852,46563
185445,46563
257905,46562
53438,46561
215772,46561
148462,46561
40846,46561
206062,46561
285864,46561
78265,46560
182310,46560
146346,46560
7098,46560
248447,46560
279696,46559
179806,46559
271803,46557
259938,46557
114536,46556
17785,46555
252994,46555
191219,46555
3294,46555
139685,46555
244438,46554
194615,46553
146292,46552
165724,46552
193918,46551
278179,46551
10757,46550
113406,46550
3328,46550
275794,46550
13200,46550
241546,46550
243518,46549
23189,46548
229479,46548
135602,46548
228769,46547
129684,46547
288436,46547
180850,46547
104333,46546
85153,46546
273673,46546
72782,46544
255179,46544
226200,46543
195660,46543
22616,46543
82140,46543
233030,46543
295340,46541
270276,46541
287222,46540
96040,46540
200707,46540
159927,46540
294154,46539
4587,46539
53603,46539
257782,46539
140057,46538
22022,46538
253776,46537
86917,46536
70835,46536
178700,46536
225986,46536
7846,46536
37422,46536
243624,46535
282138,46535
16944,46535
90762,46534
30203,46534
245030,46534
265614,46532
44880,46531
123910,46531
228608,46531
281764,46531
290479,46530
289893,46530
292395,46529
250556,46529
209585,46529
212022,46528
16555,46526
34016,46526
159365,46526
6226,46526
99941,46526
199383,46525
124378,46525
40347,46525
263382,46525
295830,46524
215197,46524
249208,46523
26872,46523
239867,46523
135527,46522
228223,46521
294974,46521
268900,46521
106507,46519
84307,46519
36612,46519
860,46518
260377,46518
8963,46518
121241,46517
19513,46516
125057,46516
233413,46515
226602,46515
181789,46514
74251,46514
175920,46514
19130,46514
169344,46514
170291,46514
246248,46513
232684,46512
7251,46512
14510,46511
64819,46510
173477,46509
100521,46509
264180,46508
4768,46508
8264,46508
132886,46508
5599,46508
135332,46506
253356,46505
203228,46505
48839,46505
140219,46504
176595,46504
274724,46503
64840,46503
209038,46503
3207,46502
221305,46502
8796,46501
196182,46500
252845,46500
286377,46500
148777,46498
107032,46497
39554,46495
196738,46495
206674,46495
8955,46494
63578,46494
240867,46494
292045,46493
93371,46493
266410,46492
294724,46492
2575,46492
885,46492
245177,46492
207852,46491
578,46490
63608,46490
296464,46490
167461,46489
223150,46489
34685,46488
264905,46488
165147,46488
175060,46488
283214,46488
38681,46488
188626,46487
254472,46487
248877,46486
291151,46486
262606,46486
225888,46485
220032,46484
20787,46484
262656,46483
119931,46482
231432,46481
142821,46481
286091,46481
210789,46480
286960,46480
195471,46480
54524,46479
55117,46479
109710,46478
162624,46478
211415,46478
84979,46478
622,46477
95344,46476
156997,46476
203459,46475
23945,46474
15204,46473
85320,46473
63379,46473
279023,46473
262705,46472
67353,46472
287966,46472
279321,46471
86982,46471
105663,46471
266127,46471
184563,46471
243948,46470
5040,46469
221057,46469
237306,46469
221418,46468
303,46468
172050,46468
15095,46468
196930,46467
172728,46467
229505,46466
274457,46466
194723,46465
261334,46465
157384,46464
258229,46464
294633,46463
133717,46463
135019,46463
280032,46462
121581,46462
117334,46462
255168,46461
100358,46461
228164,46461
183816,46461
11220,46460
125249,46460
46920,46459
288272,46458
295437,46458
269989,46458
66768,46457
272486,46456
280745,46456
204627,46455
243767,46455
209430,46454
289474,46454
281379,46454
169226,46452
254551,46451
15930,46451
8195,46451
290918,46451
178275,46451
226124,46449
162003,46449
283565,46449
23229,46448
102940,46448
66696,46448
129161,46447
260423,46447
186695,46446
237431,46445
10356,46444
11013,46444
269391,46444
105018,46444
197169,46444
255165,46443
296170,46442
248894,46441
232190,46441
13884,46440
270315,46440
109281,46440
139108,46440
110323,46439
240621,46439
238534,46439
191301,46438
155623,46438
134247,46438
293600,46437
2710,46436
280186,46436
139062,46435
259984,46434
205232,46434
293317,46434
246157,46434
6620,46433
66014,46433
96459,46432
72284,46432
165992,46432
74564,46431
260844,46430
276749,46429
160503,46429
272052,46428
175393,46428
132769,46427
188283,46427
4933,46427
197351,46427
241761,46426
160714,46425
266606,46425
147103,46424
35588,46423
96635,46423
181772,46423
24596,46423
59178,46422
2441,46422
257989,46422
15459,46422
224524,46421
25586,46420
253500,46418
227937,46418
7204,46418
249183,46418
75797,46417
45798,46417
253115,46417
79651,46416
271196,46416
253108,46416
68248,46415
232495,46413
268785,46413
187701,46413
55827,46412
110827,46412
1484,46412
242558,46412
183815,46411
124080,46411
156912,46411
167731,46410
256882,46410
241000,46410
107814,46410
264495,46410
55745,46410
285299,46410
132130,46409
14556,46409
165560,46408
284648,46408
254164,46407
276710,46407
189985,46407
238941,46407
144777,46407
152480,46407
186701,46406
258870,46406
274020,46406
156774,46406
10919,46405
36801,46405
218592,46405
248468,46404
206835,46403
209648,46402
3366,46402
60350,46401
31737,46401
274274,46401
78503,46401
287941,46401
109697,46401
91738,46400
25776,46399
293664,46399
88170,46399
39506,46399
29005,46399
163879,46399
196724,46398
144239,46398
255380,46398
92429,46397
248250,46397
207419,46397
272375,46396
231211,46396
183542,46396
293220,46396
113453,46395
196981,46395
186815,46395
15013,46395
9431,46395
204247,46394
194732,46394
223251,46394
199126,46393
2662,46393
11542,46393
279630,46392
287899,46392
181821,46391
46294,46391
54660,46391
205831,46391
172081,46390
20944,46390
236216,46389
291611,46389
227572,46389
112898,46388
123506,46387
257973,46387
71383,46385
133532,46385
241646,46385
186904,46384
263606,46384
141822,46383
279650,46382
129273,46382
255082,46382
259598,46382
49601,46381
252917,46381
147077,46381
130007,46380
242795,46380
209990,46379
198316,46377
285206,46377
81881,46374
103000,46374
266590,46373
195937,46373
51865,46373
265728,46373
204337,46373
62902,46373
235520,46373
233570,46372
175240,46372
88191,46372
237390,46370
296370,46370
122846,46370
31573,46369
254134,46369
156841,46368
250644,46368
198722,46368
186280,46367
155584,46367
142162,46366
274087,46366
183030,46366
112366,46366
188719,46366
274786,46365
126066,46365
59953,46364
92793,46364
266882,46363
163151,46363
183930,46363
278520,46362
256061,46362
159978,46362
197026,46360
157228,46360
284147,46360
158052,46359
227733,46358
169229,46358
234782,46358
44096,46357
179181,46357
150766,46356
52592,46356
30348,46355
295425,46355
178596,46354
36938,46354
260470,46353
269419,46352
165481,46352
41639,46351
141761,46351
200785,46351
240077,46350
183577,46350
146416,46350
35209,46350
272446,46349
95170,46349
2785,46348
268770,46348
221843,46348
197764,46348
293259,46347
268724,46347
74146,46347
253205,46347
4208,46347
196955,46346
156263,46346
170476,46345
277224,46345
171281,46344
10771,46344
252802,46343
170989,46343
107212,46342
283477,46342
273288,46342
229603,46341
162323,46341
245298,46340
155473,46340
290537,46339
106789,46339
274018,46339
274089,46339
287940,46339
14122,46338
255606,46338
236958,46337
33174,46337
180287,46336
213403,46336
110236,46335
201930,46335
281616,46335
149676,46334
152970,46334
148333,46333
88294,46333
19115,46333
38557,46332
265290,46332
280960,46331
61666,46331
4677,46331
279497,46330
277912,46330
277205,46329
286180,46329
282014,46328
81350,46326
25315,46326
21061,46326
258495,46326
284637,46326
242659,46325
24992,46325
83615,46324
733,46323
163979,46323
232823,46323
176200,46322
41172,46322
255838,46321
264088,46321
213406,46320
45855,46319
32825,46319
227668,46318
72321,46318
288416,46318
161842,46318
291701,46317
106101,46317
253401,46317
153687,46316
291113,46316
83833,46316
212732,46316
53087,46316
78121,46316
68894,46315
200293,46315
266936,46315
269062,46315
171147,46315
165489,46315
255175,46315
278406,46315
177739,46314
253853,46314
189641,46314
183823,46314
289577,46314
290466,46314
236403,46313
64189,46313
47915,46312
244055,46312
293873,46312
111717,46311
244758,46311
121984,46311
201223,46310
220145,46310
293804,46310
245155,46310
114512,46309
103395,46309
122411,46309
40215,46309
52858,46309
136801,46308
188403,46308
162602,46307
99247,46307
16262,46307
112680,46306
39711,46306
255,46306
199488,46306
249751,46306
188355,46305
196160,46305
6398,46305
183092,46305
128540,46304
66536,46304
226432,46303
281561,46302
202972,46302
186490,46302
271846,46302
31005,46301
259331,46301
282566,46301
272682,46301
114973,46301
266604,46300
295686,46300
275356,46300
156086,46300
140249,46300
211116,46299
162314,46298
60,46297
206286,46297
13790,46297
115924,46296
158267,46296
141387,46295
214942,46294
115546,46294
279060,46294
249111,46294
1526,46293
269124,46292
270884,46292
262303,46292
273892,46292
224660,46292
74232,46292
254748,46292
177053,46291
288333,46291
257203,46291
246294,46291
187139,46291
180483,46290
38634,46290
165159,46290
34519,46289
289340,46289
6893,46289
198675,46289
163913,46289
246148,46289
212527,46288
222381,46288
226980,46288
76266,46288
76448,46287
215372,46286
149410,46286
257460,46286
25160,46286
179738,46286
13745,46285
260372,46285
215581,46285
71665,46285
171486,46284
261254,46284
191972,46283
264026,46283
260416,46283
147532,46283
197637,46282
139878,46282
260568,46282
216528,46282
74656,46281
19352,46280
87726,46280
89236,46280
71029,46280
192118,46280
276326,46280
288210,46280
210076,46280
114056,46280
151862,46279
172112,46279
260474,46279
238180,46279
239146,46278
252938,46278
276568,46278
246451,46277
65108,46277
6729,46277
12114,46277
253529,46277
253708,46276
262,46276
4977,46275
102206,46275
150153,46274
143395,46274
120116,46274
288330,46274
9400,46273
245603,46273
111266,46273
225071,46273
199294,46272
204911,46272
165853,46272
132642,46272
121377,46272
100156,46271
122838,46271
264330,46271
2439,46271
220955,46271
220534,46270
171420,46270
196,46270
86771,46270
199343,46268
231246,46268
91100,46267
251543,46266
262930,46266
203867,46266
1731,46266
288422,46265
147044,46265
51600,46265
10374,46265
215369,46264
110780,46264
288018,46264
246412,46262
5454,46262
260889,46262
202652,46262
140902,46261
192134,46261
228824,46261
276225,46260
23215,46260
258858,46259
245614,46259
5298,46258
258770,46258
80375,46258
12606,46258
146459,46257
181625,46257
15784,46257
243464,46257
29905,46257
290070,46257
257715,46256
256185,46256
269274,46256
272571,46256
150916,46255
262366,46255
218535,46255
260843,46255
131828,46255
266924,46254
259311,46254
272753,46254
292101,46252
17783,46251
1677,46251
226577,46251
203760,46251
80760,46250
196006,46250
283351,46249
24032,46249
288702,46249
102094,46249
96629,46248
293173,46248
143747,46248
49856,46247
139509,46247
242033,46247
205177,46247
154264,46247
154367,46247
160566,46247
95776,46246
121815,46246
271926,46245
21515,46245
50285,46244
185674,46244
256114,46244
146761,46243
120899,46243
119944,46243
109892,46243
236743,46242
215333,46242
162647,46242
37366,46242
248862,46242
250450,46242
146112,46242
45863,46241
256355,46241
87405,46241
187730,46240
64681,46240
265008,46240
280454,46239
156347,46239
5113,46239
179766,46239
29911,46239
272162,46239
280173,46239
274744,46238
114923,46238
14328,46238
160640,46238
155191,46238
287798,46238
225065,46238
94608,46238
70997,46238
168805,46237
283200,46237
15918,46237
122372,46237
253754,46237
255463,46236
149940,46236
182553,46236
20106,46236
145374,46234
295771,46234
32377,46233
16033,46232
286082,46232
276729,46231
20573,46231
9177,46231
194521,46231
226676,46231
93156,46230
221454,46230
264499,46230
56359,46230
254,46230
292241,46230
88062,46229
198910,46228
269962,46228
183882,46228
232566,46228
274126,46227
191582,46226
161885,46225
10490,46225
166058,46225
257105,46225
296520,46225
44882,46223
130261,46223
161591,46223
254892,46223
102152,46223
180594,46222
176508,46222
14229,46222
296627,46221
154876,46221
65969,46220
157087,46220
30639,46219
197070,46219
280499,46219
178577,46219
275068,46218
268381,46218
225225,46218
229735,46217
82423,46216
279094,46216
4858,46216
58556,46216
266514,46216
178160,46216
132824,46216
156542,46215
186546,46215
261752,46215
243968,46214
133690,46213
265952,46213
136232,46213
195421,46213
238531,46212
234270,46212
233484,46211
200445,46211
79556,46211
51742,46210
273995,46210
16912,46210
209358,46210
69647,46210
4805,46209
279977,46209
158802,46209
172115,46209
189979,46208
151877,46208
220834,46207
7795,46207
95509,46206
247706,46205
275384,46205
296356,46205
246400,46205
255672,46205
219917,46205
5494,46204
86662,46204
122216,46204
232111,46204
162330,46203
34935,46203
260298,46203
5027,46202
138695,46202
284607,46201
220903,46201
228080,46201
267310,46201
60170,46200
211430,46200
96475,46199
230082,46199
67023,46199
183251,46198
7303,46198
179009,46198
174842,46197
10495,46197
94158,46197
205042,46196
251694,46196
116422,46196
146034,46196
119295,46195
106447,46195
201775,46195
48,46195
165341,46194
273228,46194
284739,46194
198241,46194
207630,46194
119976,46193
126842,46193
74578,46193
259952,46193
12119,46193
284326,46191
53054,46190
16177,46190
254908,46190
206818,46190
296446,46189
1552,46189
254687,46189
296414,46189
151931,46189
162364,46189
250905,46188
41944,46188
47814,46188
57432,46188
147855,46188
123119,46188
7496,46188
21770,46188
240198,46188
1553,46187
203933,46187
238627,46187
286533,46187
190835,46187
169619,46186
282244,46186
280289,46186
280747,46185
103220,46185
245987,46185
286215,46184
296210,46184
202892,46184
213311,46183
121508,46183
211065,46183
168502,46183
255038,46182
116082,46182
295809,46182
264985,46182
109264,46181
9959,46181
247587,46181
274106,46181
289512,46181
47479,46181
281033,46180
236623,46180
271649,46180
18194,46180
128108,46180
232974,46179
132301,46179
108331,46179
4738,46179
134724,46178
56899,46178
254422,46178
155273,46178
216016,46178
228058,46177
241701,46177
199540,46177
273529,46177
198152,46176
240292,46176
262459,46175
218932,46175
2544,46175
10862,46174
165167,46174
275497,46174
217782,46173
287446,46173
291245,46173
184654,46173
220614,46172
114743,46172
223613,46172
203832,46172
254762,46171
174809,46171
263645,46169
226010,46169
12578,46168
144646,46168
150171,46168
176168,46168
95486,46168
274717,46168
216942,46168
81553,46168
138949,46167
261979,46167
125804,46167
23658,46167
282044,46167
241668,46166
236566,46166
83147,46166
76547,46166
264708,46165
56357,46164
239543,46164
178411,46164
167339,46164
96731,46164
180675,46164
281414,46163
235313,46163
232404,46163
295887,46163
10376,46163
226380,46163
275121,46162
174302,46162
180927,46162
231326,46162
60458,46162
295670,46161
154808,46161
249780,46161
82162,46160
118533,46160
207003,46160
222257,46160
184181,46160
58952,46159
289965,46159
120150,46158
83463,46158
240974,46158
32497,46157
24540,46157
283872,46157
255053,46157
187849,46156
245170,46155
133409,46155
93205,46155
117706,46155
222846,46154
265769,46154
112138,46154
179642,46153
16928,46153
292137,46153
228437,46153
29984,46153
212750,46151
267171,46151
250643,46151
253735,46151
232020,46151
128615,46150
66634,46150
182889,46149
258871,46149
224286,46149
293741,46149
158151,46148
105338,46148
193605,46148
175732,46148
206609,46148
135705,46147
270,46147
252,46147
213283,46147
137015,46147
278114,46147
105222,46147
366,46147
257125,46146
273281,46145
248637,46145
2678,46145
96089,46144
44962,46144
283831,46143
30139,46143
291541,46143
7656,46142
72296,46142
98312,46142
291446,46142
124348,46141
164737,46141
223611,46141
407,46140
238091,46140
277484,46140
29459,46139
20613,46139
95180,46139
288668,46139
221021,46139
260268,46139
221185,46139
234451,46139
86315,46139
209981,46138
154372,46138
15682,46138
251779,46138
4691,46137
69724,46137
188584,46137
21284,46137
159465,46137
46473,46137
23675,46137
91819,46136
23103,46136
139081,46136
285227,46136
84354,46136
290117,46135
73712,46135
10406,46135
152654,46135
145560,46135
1980,46135
181248,46134
239785,46134
200544,46133
57967,46133
161039,46133
47989,46132
13782,46132
279225,46132
132658,46131
148507,46131
132181,46131
24473,46131
245001,46131
282825,46131
295783,46130
256630,46130
253386,46130
187189,46130
178280,46130
295946,46129
187670,46129
240432,46129
159350,46129
272806,46128
946,46128
195676,46128
115257,46128
256785,46127
212565,46127
136475,46127
115485,46127
159263,46126
277676,46126
256652,46125
221713,46125
189399,46125
124755,46125
289149,46125
286676,46124
106338,46124
242669,46123
285566,46123
231520,46122
13161,46122
284572,46122
50292,46122
182571,46122
204727,46122
93264,46122
293023,46122
275333,46122
6100,46122
236529,46121
280493,46120
248597,46119
141370,46119
167343,46119
6547,46119
230892,46119
198195,46118
107059,46118
88889,46118
127625,46118
97042,46118
133789,46117
13485,46116
200641,46116
291226,46116
254852,46115
238764,46115
240248,46114
235711,46114
205857,46113
289779,46113
137628,46113
296466,46113
10786,46112
94560,46112
223517,46112
243081,46112
194010,46112
50086,46112
282752,46111
294178,46111
91683,46111
10072,46111
185723,46111
13321,46111
283073,46110
261513,46110
175599,46110
950,46110
263391,46110
195741,46109
284271,46109
232788,46108
144504,46108
279938,46108
139151,46107
277503,46107
94720,46107
37944,46107
240506,46107
221896,46107
250454,46106
282738,46105
210242,46105
770,46104
264672,46104
208402,46104
125262,46104
255315,46104
206544,46104
79558,46104
271986,46103
160545,46103
293982,46103
81701,46103
263644,46103
47517,46102
1582,46102
162728,46102
5264,46102
3894,46102
76734,46102
223342,46102
188592,46102
4467,46102
190903,46101
236205,46101
33436,46101
100648,46101
118914,46101
188826,46101
280002,46100
2291,46100
239550,46100
258134,46100
242654,46100
56979,46100
164657,46099
170710,46099
36078,46099
268471,46099
12366,46098
250045,46098
110954,46098
270918,46098
116441,46098
210210,46098
270558,46097
294436,46097
213902,46097
148108,46096
196653,46096
219901,46096
175122,46095
119561,46095
192095,46095
263468,46095
200222,46095
54559,46095
169734,46095
82358,46094
70201,46094
92781,46093
282180,46093
147021,46093
276770,46093
29834,46093
66,46092
5123,46092
136984,46092
163609,46092
211402,46092
58973,46091
175604,46091
81436,46091
258128,46091
136701,46090
192317,46090
274127,46089
1337,46089
238645,46089
231589,46089
198056,46088
118348,46088
131946,46088
266213,46088
19274,46088
35063,46087
209570,46087
189469,46087
294585,46087
2865,46087
47852,46087
237215,46086
204188,46086
138899,46086
21817,46086
263581,46085
270562,46085
286168,46085
278737,46085
6930,46084
258563,46084
239820,46084
224441,46084
189029,46084
138429,46083
125651,46083
91930,46082
38545,46081
273709,46081
186772,46080
136333,46079
270827,46079
68478,46079
294607,46078
9435,46078
3812,46078
15852,46077
1227,46077
209285,46077
103663,46077
222805,46077
120703,46076
271760,46076
292358,46075
21142,46074
178964,46074
132928,46074
288802,46073
271331,46073
178137,46073
48642,46073
250585,46072
131197,46072
4251,46072
250763,46072
289749,46072
226221,46071
172036,46071
89339,46071
242092,46071
13976,46070
248454,46070
263959,46070
293492,46069
242768,46069
248366,46069
170862,46068
281094,46068
222526,46068
185915,46068
21660,46068
99829,46067
280739,46067
262624,46067
173919,46067
98376,46065
186622,46065
8485,46065
231486,46065
81006,46064
214689,46064
20754,46064
196929,46064
10944,46063
208595,46063
19133,46063
32356,46063
93141,46063
26159,46062
5982,46062
238153,46062
179760,46061
126731,46061
21806,46061
220082,46060
41598,46060
231785,46060
11883,46060
105540,46059
71156,46059
266829,46059
255012,46059
141900,46059
179028,46058
189569,46058
295923,46058
194497,46058
39440,46058
9838,46058
276946,46058
282383,46057
92848,46057
141997,46057
79051,46057
247449,46057
161101,46057
172910,46057
289527,46057
288676,46056
283929,46056
245295,46056
226607,46056
47787,46054
238666,46053
294733,46053
238280,46053
10988,46053
266827,46052
247722,46052
155024,46052
205334,46051
77649,46051
87693,46051
280696,46051
73436,46051
62967,46051
232718,46051
115345,46050
295615,46050
37739,46050
248005,46050
267606,46050
157028,46050
230332,46049
295493,46048
268877,46048
293151,46048
240544,46048
254174,46047
143852,46047
149748,46047
180186,46046
10016,46046
179436,46046
132752,46046
186397,46045
166031,46045
227722,46045
162227,46045
106542,46044
186442,46044
20165,46044
255007,46044
39271,46044
2764,46044
97742,46043
295011,46043
218293,46043
123494,46042
240168,46042
274395,46042
2851,46042
169939,46042
82826,46041
236884,46041
191112,46041
144847,46041
31111,46041
293305,46040
279139,46040
196462,46040
81959,46040
154702,46039
25671,46039
206157,46039
94118,46038
11896,46038
269157,46037
214839,46037
5466,46037
271983,46036
253199,46036
255923,46035
264333,46035
293541,46035
237423,46035
84016,46034
127447,46034
253258,46034
2433,46033
213210,46033
239479,46033
245301,46033
214984,46032
197575,46032
132874,46031
179493,46031
246485,46031
238431,46031
257624,46030
32639,46030
287829,46030
259914,46030
185398,46030
20123,46030
294732,46030
172332,46029
278043,46029
4305,46028
199536,46028
240999,46028
187711,46028
185345,46027
78485,46027
35821,46027
258103,46027
189149,46026
105722,46026
76622,46026
2722,46026
86641,46026
283104,46024
253095,46024
255693,46024
253035,46024
293768,46024
280811,46024
226647,46023
181254,46023
128248,46023
234104,46023
128945,46023
193640,46023
281053,46022
255725,46022
187000,46021
250412,46021
270852,46021
267239,46021
187617,46021
139001,46021
248592,46020
261415,46020
200351,46020
268153,46020
170335,46020
92001,46019
2937,46019
212373,46019
270804,46018
112133,46018
292599,46018
245146,46018
253159,46017
66877,46016
269672,46016
173146,46016
104670,46016
22683,46015
251400,46015
267157,46015
154173,46015
87145,46015
3506,46015
218181,46014
193615,46014
241119,46014
93197,46014
188360,46014
267497,46013
26728,46013
119075,46012
13684,46012
25716,46012
183963,46012
53842,46012
103919,46012
218760,46011
248884,46011
229379,46011
64857,46011
188558,46010
92982,46010
231734,46010
232094,46010
55664,46010
149477,46009
249671,46009
64630,46008
258153,46008
1611,46007
11741,46007
88244,46006
132615,46006
54744,46006
215384,46006
244009,46006
273489,46006
233461,46006
126896,46005
48003,46005
226238,46005
255646,46004
198183,46004
164478,46004
185008,46004
170977,46004
17773,46004
34132,46003
61927,46003
260903,46003
60445,46003
162281,46002
2905,46002
107149,46002
10370,46002
287964,46002
215549,46002
275188,46002
291655,46002
168045,46001
284102,46001
108977,46001
262495,46001
264779,46001
135924,46000
130220,46000
263192,46000
163009,46000
247517,46000
139669,45999
197034,45998
100789,45998
284978,45997
198791,45997
26562,45997
231525,45997
236001,45996
249049,45996
29880,45996
5830,45995
186857,45995
232942,45995
69711,45995
174099,45994
159293,45994
284148,45994
205825,45994
289660,45994
293060,45993
37063,45993
243417,45993
9188,45993
223388,45992
243446,45992
265371,45992
31984,45991
1859,45991
77800,45991
130452,45991
23243,45991
48697,45990
3775,45990
279727,45990
219675,45990
1935,45989
294259,45989
288975,45989
133604,45989
289501,45988
33052,45988
182500,45988
171823,45988
184751,45987
293374,45987
49364,45987
125056,45987
110752,45986
226913,45986
210431,45985
212246,45985
117596,45985
248780,45985
44952,45985
153903,45984
169799,45984
14872,45983
55537,45983
143502,45983
217417,45983
259188,45983
166103,45982
113308,45982
101311,45982
142696,45981
271745,45981
167974,45981
230032,45981
279110,45980
91602,45980
270617,45979
65583,45979
200587,45979
277140,45978
280904,45978
292008,45978
241475,45977
287057,45977
193520,45977
16990,45977
147486,45977
217890,45977
180754,45977
243222,45976
258533,45976
271162,45975
149785,45975
106004,45975
216330,45975
29185,45975
190250,45975
236048,45975
142786,45974
121762,45974
113295,45974
17327,45974
264746,45974
92630,45974
260142,45974
220457,45973
202225,45973
106478,45972
25070,45972
106227,45972
271795,45972
237694,45972
243996,45972
255204,45972
82935,45972
254851,45972
202082,45971
159880,45971
114655,45970
25862,45970
162468,45970
170635,45970
240287,45970
198734,45969
275383,45969
61649,45969
283642,45969
267338,45969
184671,45968
290096,45968
212877,45968
32382,45968
293004,45968
153794,45967
135344,45967
20077,45967
126970,45966
233229,45966
269822,45966
15904,45966
256376,45966
42150,45966
135930,45966
130303,45966
69884,45965
2613,45965
118735,45965
100213,45965
112522,45965
277277,45965
14925,45964
222896,45964
206478,45963
196490,45963
6083,45963
66447,45963
108690,45962
110731,45962
233520,45962
204106,45962
54672,45962
289737,45962
265335,45961
208759,45961
66190,45961
104628,45961
144444,45961
278477,45961
134614,45961
252973,45961
294827,45961
156964,45961
160277,45960
104134,45960
241722,45960
228794,45960
196800,45959
125546,45959
166727,45959
292829,45959
187466,45959
259548,45958
159591,45958
257838,45958
279024,45958
290575,45958
184162,45957
217309,45956
96052,45956
229186,45956
253962,45956
286982,45956
37304,45956
10102,45956
263091,45956
243142,45956
265123,45956
184975,45956
4514,45955
214831,45955
4774,45955
95761,45955
294372,45954
78453,45954
95040,45954
205987,45954
247829,45954
150917,45954
25697,45953
254036,45953
192195,45953
45678,45953
145900,45953
197814,45953
206341,45952
65409,45952
183779,45952
189300,45952
71120,45952
250467,45952
268543,45952
53710,45952
278027,45952
139867,45951
186337,45951
140821,45951
146040,45951
295765,45951
178887,45951
13812,45950
294382,45950
183869,45950
280614,45950
113869,45950
75831,45949
275854,45949
180175,45949
122056,45949
11594,45949
252706,45948
128807,45948
8233,45948
17545,45948
130362,45947
212716,45947
67166,45947
274405,45947
82417,45947
277165,45947
38273,45947
284749,45947
243765,45947
286929,45946
178901,45945
233311,45945
260121,45945
152044,45945
186575,45945
166005,45945
227107,45945
6312,45944
51329,45944
173936,45944
143711,45944
121303,45943
173258,45943
258686,45943
124319,45943
88241,45942
210853,45942
189213,45942
144519,45942
234794,45942
266819,45942
44135,45941
286895,45941
3863,45941
233091,45941
290818,45941
139361,45940
22515,45940
284452,45940
282125,45940
62157,45940
60602,45940
50902,45940
61530,45940
16463,45940
178734,45940
130365,45940
217909,45939
213377,45939
289268,45939
31269,45939
27707,45938
258322,45938
23413,45938
267708,45938
201808,45937
283582,45937
89902,45937
255397,45937
124379,45937
57357,45937
221941,45937
253308,45936
213006,45936
245865,45936
160636,45935
1036,45935
162443,45935
282448,45935
271442,45935
290329,45934
170630,45934
247872,45934
190515,45934
262173,45933
14620,45933
41085,45933
288192,45933
175296,45933
280180,45932
206380,45932
266948,45932
232246,45932
222179,45932
268016,45932
244954,45931
150757,45931
275494,45931
127949,45931
181382,45931
187710,45930
165564,45930
273679,45930
181981,45929
153810,45929
136536,45929
54844,45929
103300,45929
489,45929
86674,45928
184705,45928
193483,45928
186665,45928
284118,45928
232168,45928
213071,45927
19159,45927
110814,45927
191293,45927
24349,45926
533,45926
199231,45926
497,45926
176612,45926
214290,45926
263793,45925
136332,45925
63069,45925
121619,45925
90833,45924
220373,45924
290082,45923
203627,45923
122189,45923
246624,45922
4648,45922
27126,45922
231974,45922
193617,45921
62149,45921
181798,45921
143512,45921
109466,45920
288644,45920
62373,45920
27891,45920
76566,45920
219372,45920
239188,45919
273225,45919
143302,45919
291823,45919
154555,45918
292699,45918
114357,45918
55656,45918
39826,45917
6818,45917
239121,45916
278724,45916
10646,45916
54165,45916
160765,45916
273534,45916
218943,45916
279986,45916
249992,45916
114595,45916
31156,45915
11218,45915
239020,45915
270726,45915
106429,45915
265402,45914
19189,45914
198514,45914
165772,45914
8964,45914
282497,45914
283586,45914
161869,45914
233360,45914
141181,45913
62871,45913
64521,45913
288655,45913
187048,45913
128200,45913
178677,45912
110437,45912
65878,45912
135238,45911
142143,45910
46740,45910
243558,45910
78516,45910
184482,45909
130551,45909
250901,45909
183089,45909
242528,45909
234411,45909
215003,45909
295443,45908
28142,45908
6571,45908
205786,45908
101465,45907
38761,45907
122922,45907
103935,45907
271289,45907
187746,45906
57831,45906
245003,45906
225786,45906
225171,45906
31540,45906
280568,45906
213440,45906
155032,45905
250941,45905
278747,45905
246253,45905
113662,45905
286121,45905
204334,45905
56415,45904
69888,45904
230773,45904
13168,45903
192030,45903
33657,45902
143398,45902
146089,45902
266589,45902
236625,45902
52996,45901
6788,45901
47596,45901
261666,45901
138107,45900
270723,45900
294824,45900
887,45900
265589,45900
96664,45899
210078,45899
141585,45899
100994,45899
111229,45899
170295,45899
291913,45899
286481,45898
294525,45898
183946,45898
109793,45897
275695,45897
6780,45897
10880,45897
9515,45897
212658,45897
276874,45896
205243,45896
157912,45896
19951,45896
270873,45896
260022,45896
155372,45895
238074,45895
21075,45895
124768,45895
217102,45895
198809,45894
107909,45894
266051,45893
146642,45893
38629,45893
235835,45892
196846,45892
45061,45892
288820,45892
269857,45892
285626,45892
109071,45891
161717,45891
10412,45891
234959,45891
263032,45891
222891,45891
285187,45891
210527,45890
281278,45890
285166,45890
225399,45890
241053,45890
135618,45889
11566,45889
5784,45889
249644,45889
9210,45889
132374,45889
107771,45889
140571,45889
295322,45888
278799,45888
259532,45888
60717,45888
274461,45888
65493,45888
238350,45888
157193,45887
10019,45887
3778,45887
244958,45887
293687,45887
46341,45887
3281,45887
92784,45886
183870,45886
262038,45886
78279,45886
221891,45886
190395,45886
279412,45886
42179,45886
156389,45886
108753,45885
91183,45885
232708,45885
134116,45885
224043,45885
283489,45885
213360,45885
131111,45885
289604,45885
246090,45885
209206,45885
203678,45884
263882,45884
197437,45884
79288,45884
17831,45884
278620,45884
32212,45884
191558,45883
296599,45883
193093,45883
254324,45883
34852,45883
102737,45883
245072,45883
12305,45882
221787,45882
152999,45882
208839,45882
267967,45882
66023,45882
215730,45882
180731,45881
3475,45881
129898,45881
167345,45881
244520,45881
36174,45880
271081,45880
99008,45880
240639,45880
6811,45880
29354,45880
158624,45880
251019,45880
279086,45880
224000,45880
266081,45879
108908,45879
292827,45879
265040,45879
117578,45879
207665,45879
225928,45879
293699,45878
217449,45878
269302,45878
178999,45878
67978,45878
228741,45878
40314,45877
220223,45877
154165,45877
291448,45877
255422,45877
292116,45877
45809,45877
6431,45876
148808,45876
55992,45876
248213,45875
24049,45875
249074,45875
151492,45874
294112,45873
232213,45873
58442,45873
197900,45873
38991,45872
200045,45872
146701,45871
256789,45871
25279,45871
34390,45871
275932,45871
183362,45871
182610,45870
106673,45870
138942,45870
247594,45870
142203,45870
212120,45870
202996,45870
150627,45869
113356,45869
289328,45869
189479,45869
59859,45868
220698,45868
203601,45868
212329,45868
81809,45868
81813,45868
251648,45868
214031,45867
261875,45867
209920,45867
79973,45867
256551,45867
255299,45867
274778,45866
262336,45866
210606,45866
190027,45866
251363,45866
73634,45866
108104,45866
269351,45866
240396,45866
294603,45865
203533,45865
245185,45865
82724,45864
162932,45864
207790,45864
239340,45863
212840,45863
136396,45863
207066,45862
269024,45862
285607,45862
234593,45862
277909,45862
98433,45862
133824,45862
259113,45861
133804,45861
148679,45861
198234,45861
283455,45861
131356,45860
198490,45860
215704,45860
167712,45859
202759,45859
63805,45859
228679,45859
203699,45859
182109,45859
43741,45859
108056,45859
5497,45859
217870,45859
250371,45858
147224,45858
136899,45858
229473,45858
281735,45857
141227,45857
29120,45857
100231,45856
276147,45856
286041,45856
5892,45856
249845,45856
237439,45855
22842,45855
293284,45855
236438,45855
294351,45855
198028,45855
82230,45855
178210,45855
6361,45854
265293,45854
80,45854
241080,45854
249691,45854
70194,45853
21286,45853
228911,45853
268734,45853
230199,45853
16640,45853
270168,45853
169805,45853
151074,45853
4018,45852
250423,45852
236433,45852
196450,45852
166622,45852
23873,45852
43769,45851
1500,45851
95524,45851
239005,45851
126721,45850
178149,45850
209708,45850
265189,45850
191930,45849
90569,45849
50562,45849
217372,45849
280479,45849
180660,45848
280842,45848
220792,45848
19561,45848
278293,45847
118868,45847
234181,45847
87269,45847
154853,45846
280867,45846
267421,45846
213335,45846
275796,45846
39932,45846
143381,45846
155356,45845
100997,45845
207632,45845
190090,45845
123184,45845
63330,45845
3610,45844
254867,45844
280803,45844
195488,45844
137860,45844
195903,45843
117108,45843
179476,45843
141163,45843
85461,45843
153089,45843
281045,45843
265419,45843
292468,45842
133254,45842
260857,45842
275399,45842
290802,45841
248355,45841
221155,45841
168540,45841
7624,45841
228085,45841
275458,45841
166652,45841
247209,45840
148284,45840
281696,45840
130420,45840
212559,45840
167870,45840
93967,45839
272638,45839
296042,45839
54628,45839
150045,45839
43024,45838
174657,45838
37097,45838
295205,45838
158625,45838
157171,45837
222851,45837
184920,45837
82285,45837
51353,45837
260943,45837
236317,45837
168465,45837
3530,45836
246120,45836
198995,45836
279717,45836
7197,45836
152477,45836
2793,45836
80445,45836
260129,45836
142399,45835
8137,45835
282706,45835
115077,45834
155295,45834
195334,45834
151136,45834
170047,45833
115817,45833
174503,45833
229959,45833
20187,45833
163147,45833
220722,45832
70328,45832
289961,45832
62148,45832
143902,45831
92357,45831
256953,45830
54967,45830
792,45830
200297,45830
172891,45829
66201,45829
244742,45829
224804,45829
156046,45829
287367,45829
79487,45828
77660,45828
230943,45828
157799,45827
48228,45827
183539,45827
122489,45827
248292,45827
288428,45826
209569,45826
159485,45826
187136,45826
288275,45826
279697,45826
221424,45826
129105,45826
159593,45826
206534,45825
220858,45825
265201,45825
139520,45825
117694,45825
261536,45825
195402,45825
227111,45825
3070,45825
105267,45825
281007,45824
221599,45824
239637,45824
140393,45824
77906,45824
33633,45824
168847,45824
274280,45823
134702,45823
240848,45823
282974,45823
262580,45823
88211,45822
137931,45822
289336,45822
21954,45822
215908,45821
16096,45821
812,45821
140913,45821
155628,45821
284768,45820
138783,45820
82674,45820
36426,45820
98698,45820
70238,45820
275783,45820
210809,45820
146759,45820
180164,45819
16547,45819
123578,45819
2651,45818
234128,45817
9062,45817
236398,45817
188944,45817
284518,45816
88250,45816
197627,45816
150044,45816
294846,45816
3302,45815
149853,45815
229116,45815
3103,45815
242976,45815
42444,45815
289542,45814
158261,45814
267818,45814
212211,45814
171828,45813
269376,45813
272595,45813
128768,45813
89970,45813
191745,45813
58163,45813
171184,45812
105047,45812
10118,45812
240091,45811
271066,45811
4322,45811
286450,45811
286313,45811
264344,45811
4419,45811
236292,45811
178654,45810
109966,45810
10958,45809
147871,45809
93807,45809
33843,45809
220576,45809
224794,45809
291708,45809
27989,45808
164929,45808
291551,45807
204242,45807
68093,45807
122311,45807
976,45806
1875,45806
163549,45806
213641,45806
172945,45806
2062,45805
86787,45805
77168,45805
224307,45805
240650,45805
272153,45805
234891,45805
75538,45805
179,45804
126324,45804
231441,45804
67604,45804
246817,45804
3076,45803
25749,45803
1124,45803
170145,45803
191138,45803
194014,45803
236458,45803
136796,45803
258251,45802
86470,45802
255580,45802
182428,45802
4589,45801
204598,45801
1258,45801
258346,45800
243645,45800
201365,45800
4788,45800
177182,45800
257198,45800
5587,45799
66515,45799
137225,45799
129771,45798
69694,45798
37729,45798
206742,45798
294293,45798
153033,45798
210421,45798
279378,45798
136117,45798
96782,45798
252873,45798
86025,45797
4513,45797
91261,45797
212830,45797
262340,45796
169947,45796
256528,45796
59644,45796
13517,45796
232883,45795
208970,45795
85428,45795
127375,45795
269336,45795
90811,45795
148749,45794
17637,45794
238049,45794
12315,45794
263857,45794
12,45794
233860,45794
233083,45793
272760,45793
23625,45793
63246,45793
257829,45793
19757,45793
218256,45793
196626,45792
266902,45792
280278,45792
205918,45792
111174,45792
790,45792
272591,45791
224726,45791
270395,45790
204737,45790
209647,45790
175872,45790
228517,45790
270091,45789
250593,45789
257970,45789
294940,45788
198410,45788
238600,45788
261747,45788
45516,45788
14014,45788
265427,45788
147744,45788
65068,45788
114404,45788
270147,45787
9956,45787
202523,45787
43138,45787
122162,45787
113598,45787
128099,45787
262770,45786
296330,45786
275658,45786
277314,45786
227460,45786
219811,45786
198762,45785
165438,45785
261696,45785
197721,45785
225789,45785
153768,45785
273353,45784
71512,45784
99769,45784
242435,45784
120390,45783
274958,45783
3082,45783
22071,45783
98950,45783
195889,45782
75580,45782
228293,45782
290039,45782
64162,45782
40397,45782
243697,45782
278468,45781
256521,45781
248579,45781
235027,45781
66327,45781
263849,45780
197607,45779
188756,45779
77012,45779
43425,45779
34030,45779
207108,45779
210079,45779
286584,45778
208409,45778
154305,45778
193494,45778
274544,45778
8620,45778
2198,45777
20156,45777
286887,45777
180221,45777
224533,45777
123422,45777
158141,45777
268631,45777
183777,45776
258985,45776
63207,45776
186790,45776
257142,45776
39979,45775
192052,45775
69801,45775
219525,45775
26813,45775
227114,45775
237807,45774
198669,45774
238255,45774
286240,45774
87262,45773
285894,45773
228742,45773
255557,45773
264639,45773
269810,45773
84139,45773
111634,45772
36038,45772
234019,45772
115972,45772
201119,45772
252007,45771
90243,45771
120245,45771
184460,45771
1873,45771
187467,45771
265873,45771
10597,45771
244614,45770
56757,45770
9636,45770
152377,45769
30511,45769
127094,45769
16147,45769
76466,45768
98688,45768
67301,45768
224373,45768
280746,45768
187650,45768
240450,45768
288014,45768
208199,45768
46734,45768
233847,45768
194734,45767
231537,45767
124390,45767
25476,45767
272812,45766
3274,45766
218534,45766
227788,45766
161823,45766
8295,45766
246926,45766
197261,45765
111249,45765
116048,45765
293046,45765
113542,45765
76801,45764
235761,45764
52887,45764
261904,45763
158126,45763
144166,45763
284371,45763
224601,45763
100168,45763
184984,45763
279762,45763
135459,45763
27138,45762
59269,45762
265485,45762
215991,45762
273133,45762
156375,45762
86610,45761
201754,45761
237626,45761
92700,45761
92129,45761
21856,45760
2460,45760
130066,45759
31900,45759
221045,45759
89591,45759
262160,45759
214221,45758
276113,45758
166957,45758
123962,45758
122496,45758
164584,45758
20438,45758
187489,45757
282332,45757
224957,45757
113980,45757
267303,45757
72881,45757
275039,45757
