2129,100000
25446,53972
109733,53307
278134,51511
241890,49722
99162,49280
74401,49233
270229,48991
288758,48978
277643,48939
4912,48917
21043,48874
8924,48841
187123,48785
19546,48764
271125,48722
43529,48669
202580,48605
4024,48534
252142,48511
25267,48508
257296,48505
16611,48480
194747,48416
264353,48352
283926,48351
278465,48343
282673,48342
5705,48340
266128,48321
292968,48289
264334,48287
19079,48207
161844,48181
233736,48181
201313,48172
292381,48164
71855,48152
210748,48150
119234,48141
115989,48120
229323,48116
113503,48111
115946,48106
161001,48101
4204,48085
60408,48083
246397,48076
13400,48058
208437,48025
272971,48025
93146,48017
35281,48014
254853,48011
72235,48009
173467,47950
2926,47940
102430,47917
149096,47913
203728,47878
173153,47832
230294,47832
217071,47830
234668,47801
254122,47796
251222,47784
260595,47778
246568,47777
237056,47773
251573,47772
241226,47758
265242,47749
199077,47731
190276,47727
266237,47719
201941,47715
963,47712
36188,47709
36045,47693
212952,47690
131094,47685
118812,47681
183275,47673
288010,47671
168887,47668
256745,47637
281602,47637
251923,47628
176375,47607
56640,47594
164668,47587
234529,47582
259384,47576
53811,47565
85039,47558
22673,47554
191131,47549
180364,47548
105036,47536
255008,47511
25598,47509
146317,47506
274560,47505
272079,47500
43338,47496
247815,47495
163091,47494
30714,47470
215388,47469
229248,47452
274175,47445
230171,47419
136847,47415
193123,47414
239306,47396
243520,47393
130405,47392
235668,47390
191537,47387
40,47386
144283,47385
28436,47376
130506,47376
84681,47374
235164,47369
243151,47369
225014,47368
27676,47367
210690,47365
146126,47363
277060,47360
267777,47355
239657,47353
194053,47347
244525,47342
238495,47341
268703,47339
210379,47339
5257,47332
92092,47329
144225,47320
329,47318
263551,47317
232148,47304
243102,47302
2609,47297
209517,47292
182339,47290
132290,47290
184784,47285
269755,47285
156846,47283
241861,47281
207862,47278
268411,47268
247663,47267
116263,47265
165789,47265
293814,47265
184098,47262
225259,47255
257656,47255
244696,47253
182121,47240
148882,47238
4134,47229
274615,47225
100923,47222
174187,47218
21315,47218
148523,47217
207519,47211
294782,47210
215849,47205
228812,47205
243090,47205
160950,47199
158532,47197
245861,47192
93714,47188
80161,47187
185709,47180
142719,47178
150508,47177
170681,47175
221798,47174
280200,47172
200188,47172
256182,47168
240927,47167
285163,47164
160949,47162
289194,47161
114195,47154
199438,47151
207069,47139
91885,47138
217277,47132
280742,47130
148593,47126
18363,47125
207955,47117
244992,47113
271263,47111
74864,47109
118589,47109
247262,47108
78135,47108
154947,47104
69058,47103
617,47099
284479,47093
74923,47092
124846,47091
225133,47090
291139,47089
114794,47080
248804,47080
264311,47080
269057,47075
158016,47071
151996,47071
251837,47069
146815,47066
107579,47065
44522,47061
284604,47059
136470,47054
75461,47052
6380,47047
108448,47042
196740,47041
108990,47039
94930,47038
185,47034
13251,47033
234314,47033
191923,47028
215994,47028
234695,47028
166001,47026
121948,47025
170369,47023
202334,47022
199187,47021
119217,47019
154998,47017
7425,47016
29006,47014
110260,47012
152834,47009
277488,47009
115446,47008
273326,47008
154373,47003
167983,46996
17366,46995
212595,46990
217100,46983
181363,46982
3022,46981
142461,46981
126878,46976
168981,46975
238915,46970
118262,46961
198846,46954
230741,46953
192926,46951
188203,46950
165199,46949
190886,46948
124141,46946
223181,46930
98235,46929
199069,46928
169533,46928
268698,46926
71515,46920
254862,46919
260427,46918
89333,46913
126130,46904
186686,46903
124172,46900
211106,46899
244969,46896
217655,46895
279339,46890
185234,46889
80631,46882
173573,46882
119454,46881
291086,46881
139226,46878
275002,46870
161202,46869
79833,46866
238608,46866
144095,46864
256473,46863
268692,46863
259506,46858
170891,46856
288029,46856
131128,46855
262591,46855
219295,46855
278220,46850
128755,46841
169051,46841
8728,46840
213022,46838
236121,46837
200161,46835
96217,46835
155539,46825
121112,46821
289728,46820
39015,46819
230617,46819
199044,46819
199363,46815
157648,46815
11321,46813
184262,46813
162408,46810
137483,46808
5791,46808
40103,46806
258121,46801
121048,46800
177160,46799
284009,46799
105094,46797
238868,46792
69100,46791
256976,46791
73168,46789
261614,46785
202406,46785
113718,46781
217134,46779
241945,46778
256276,46773
177439,46771
129752,46770
252726,46770
24844,46769
33264,46765
101384,46763
232547,46763
268195,46759
29008,46757
284432,46755
194333,46754
150400,46749
283281,46748
168150,46746
270508,46746
268793,46745
172380,46741
278081,46740
115203,46739
271087,46732
33765,46731
189501,46730
199940,46730
139136,46730
68304,46729
188586,46727
288696,46721
103750,46721
244548,46720
36057,46718
194328,46714
1013,46713
213388,46712
295576,46711
20648,46710
159230,46705
8699,46702
219472,46698
136787,46698
186879,46697
278964,46695
42974,46693
231162,46689
160103,46688
177244,46684
121260,46683
208374,46682
119725,46680
281025,46680
272907,46674
90910,46667
155899,46666
214293,46666
212201,46666
103470,46665
223304,46664
200490,46662
289868,46660
111166,46659
128490,46656
234415,46655
205263,46655
172886,46654
75732,46650
118369,46649
118398,46648
237921,46647
295779,46645
200743,46643
213729,46643
183922,46643
182894,46642
130585,46642
104485,46641
87478,46640
101229,46640
170551,46639
140336,46634
134456,46632
109498,46630
274940,46630
102809,46628
161851,46628
84025,46628
240199,46627
197450,46627
275689,46625
42980,46625
289769,46625
257248,46622
295246,46620
257279,46619
171535,46615
108566,46614
210152,46611
103242,46611
163474,46610
163795,46609
204029,46607
203078,46607
248680,46607
46501,46606
215835,46605
125110,46604
113454,46600
277187,46600
61095,46599
226893,46597
280083,46596
47376,46595
109343,46594
182282,46591
132651,46590
234021,46588
105159,46588
111869,46583
49410,46581
40862,46581
49518,46581
81591,46581
4966,46580
258534,46579
296565,46578
223282,46577
259493,46573
56918,46572
23851,46572
229659,46569
222601,46568
93152,46565
252264,46564
136694,46563
183793,46563
243190,46562
183295,46562
271644,46561
207244,46561
121840,46560
32759,46559
131915,46557
287618,46557
123807,46555
259940,46554
58122,46551
243687,46551
290983,46550
148628,46549
159060,46549
162913,46548
215048,46546
233052,46545
130507,46544
214608,46543
175874,46543
126596,46543
209064,46541
92299,46538
177648,46536
177506,46535
171894,46534
123372,46529
294980,46527
11394,46525
113727,46522
76003,46521
59812,46520
139295,46517
54334,46515
296367,46513
122427,46512
254626,46512
113133,46512
268611,46511
267618,46510
216018,46510
129957,46508
218318,46507
5150,46505
231753,46503
98347,46502
123110,46499
179520,46499
255222,46499
87303,46498
127514,46497
236024,46495
3663,46494
108547,46492
169565,46492
134864,46491
10420,46489
50630,46488
75024,46488
296458,46487
77143,46487
241409,46487
236472,46486
62011,46481
186716,46481
154707,46478
170229,46475
126557,46475
205770,46474
252807,46473
238248,46470
181297,46470
182967,46470
254749,46469
257299,46468
78684,46467
100802,46466
169078,46466
201814,46466
170920,46465
176616,46465
44945,46465
248113,46464
90269,46464
221937,46464
45024,46462
123154,46462
205102,46461
118886,46460
87151,46455
130290,46453
268914,46453
130905,46452
266104,46452
182467,46452
172709,46451
128828,46447
45642,46446
142479,46444
221524,46443
247487,46442
61656,46442
195640,46442
166728,46440
245316,46440
194689,46438
269202,46438
277921,46438
188504,46438
161271,46437
281620,46435
257621,46435
279324,46433
241032,46433
226892,46432
64598,46431
295906,46431
210053,46430
220064,46429
267,46427
22642,46426
248303,46426
184018,46425
466,46425
56674,46424
29505,46423
154522,46423
202937,46423
244739,46422
154924,46422
152604,46422
90808,46420
184555,46419
185092,46419
38877,46417
105360,46416
98105,46416
22497,46415
231695,46413
184899,46413
13192,46412
258074,46411
288909,46408
103424,46408
276167,46408
212027,46407
82919,46407
26816,46406
291897,46405
171353,46404
181459,46404
264193,46403
165100,46402
244728,46401
244823,46400
272232,46400
287076,46399
264111,46398
169087,46396
246089,46396
267175,46390
122866,46388
29622,46387
242255,46387
128806,46387
205193,46386
199049,46385
130060,46385
103702,46383
8577,46383
259566,46380
126926,46379
249472,46378
277541,46374
188589,46373
142760,46372
120724,46371
280761,46371
291179,46371
283055,46368
255700,46368
272604,46367
275424,46365
143925,46364
187595,46362
112210,46362
19562,46360
235823,46360
91333,46358
183903,46356
264262,46353
278521,46352
160552,46350
229225,46349
168535,46348
47586,46348
113774,46345
59624,46344
183248,46342
176104,46342
201684,46342
4207,46342
149956,46340
269334,46339
180676,46339
157888,46337
238752,46336
155257,46334
115252,46333
281386,46330
176958,46330
182345,46329
243404,46327
105938,46326
246249,46324
22358,46321
91227,46321
111799,46320
173744,46316
287682,46315
156137,46315
223112,46312
250847,46310
134929,46310
238494,46309
160881,46308
114326,46307
123607,46307
79429,46306
141206,46305
5731,46305
60490,46304
242252,46302
237303,46302
6653,46299
97940,46293
45651,46293
264590,46292
147728,46291
242294,46291
288019,46288
226775,46288
86713,46287
216604,46286
212147,46286
150176,46286
235488,46285
287247,46281
138024,46280
103264,46280
63709,46279
259075,46278
6620,46277
83329,46277
22653,46277
199513,46277
265955,46276
248560,46274
198239,46273
54574,46273
242540,46272
224350,46271
37505,46271
132286,46270
134615,46270
17389,46269
51963,46268
225586,46267
287900,46265
198515,46265
88564,46265
296216,46265
53542,46263
145788,46262
70602,46262
271516,46260
91599,46260
550,46257
234438,46255
215952,46255
181250,46254
230550,46254
21602,46253
176047,46253
296257,46253
164462,46253
241158,46252
288893,46250
205417,46250
269413,46250
69079,46250
272964,46249
236917,46247
24786,46245
196214,46244
220603,46244
106589,46243
180432,46242
219767,46242
16970,46241
259605,46240
52664,46240
147865,46239
239049,46239
231291,46238
234626,46238
35655,46237
217465,46236
233414,46236
110532,46235
153764,46234
138751,46233
103072,46232
296476,46232
182133,46232
38449,46231
148721,46229
193735,46222
279500,46221
14813,46221
267096,46218
135312,46218
5620,46217
71784,46217
242662,46217
197084,46214
206632,46213
242105,46213
5364,46213
61985,46210
245515,46209
218857,46209
187530,46207
164101,46207
278567,46205
220201,46205
102488,46203
164498,46203
288244,46201
192800,46201
293104,46199
247175,46198
159037,46197
191266,46197
145919,46196
263774,46196
189665,46196
273459,46196
245924,46195
136413,46194
95950,46194
199344,46194
231731,46194
20359,46193
238513,46193
288920,46190
225849,46189
185712,46187
229346,46187
9140,46185
243512,46185
158887,46184
222791,46182
248081,46182
285604,46182
230447,46181
113943,46181
235088,46176
203564,46175
38868,46175
186063,46174
115055,46174
271559,46173
25034,46172
281522,46171
114892,46170
291667,46169
282213,46167
226543,46167
179264,46166
259120,46165
175330,46164
223563,46164
228581,46163
79577,46162
232138,46161
265235,46160
82100,46160
135651,46159
274022,46159
284119,46159
231498,46156
222570,46156
248189,46155
240044,46155
271089,46154
21651,46154
65350,46154
175705,46153
144460,46152
290912,46151
202227,46151
288870,46149
230941,46149
198949,46148
144096,46148
203950,46148
124335,46148
145146,46147
173055,46145
254766,46145
286802,46145
248254,46144
142716,46144
58516,46142
42841,46141
126643,46141
14376,46140
263231,46139
113007,46138
98702,46138
188581,46137
8732,46137
107529,46137
239762,46136
1404,46136
178310,46135
219640,46135
296342,46134
136082,46133
23597,46131
145691,46131
235547,46129
149549,46128
751,46128
183074,46128
97512,46127
239308,46124
31058,46123
23013,46121
284088,46120
178785,46119
227154,46119
165168,46119
27698,46118
236716,46118
183513,46118
237827,46117
234556,46116
129359,46113
143212,46112
103188,46112
265782,46112
166458,46111
281529,46111
250340,46111
115057,46110
116932,46110
246717,46107
88746,46104
274978,46101
238124,46101
238209,46099
63807,46099
10198,46098
2417,46098
91384,46098
210396,46097
177593,46097
232828,46096
117627,46096
19809,46096
127829,46094
97102,46094
10445,46094
264278,46093
272264,46093
245428,46092
189267,46089
32638,46088
208786,46087
162347,46087
245966,46086
241796,46085
238094,46085
108787,46084
99382,46084
39976,46084
105986,46084
295661,46083
275318,46080
215708,46079
264846,46078
213091,46078
52186,46077
64670,46076
252942,46076
90104,46075
268974,46075
230252,46075
259570,46073
258038,46073
15462,46072
130631,46071
282461,46071
284593,46071
154462,46071
258897,46071
254598,46068
242489,46068
87105,46068
237821,46068
80362,46067
273466,46067
243654,46067
163177,46066
243448,46065
184219,46065
193412,46065
231845,46065
139247,46063
60933,46062
187503,46061
256964,46060
18866,46059
55759,46059
258931,46056
264587,46055
100821,46054
59856,46054
263257,46053
163405,46051
24123,46051
50738,46050
22584,46050
188202,46050
202654,46047
195312,46046
125268,46045
175836,46043
214858,46043
193824,46043
88867,46043
131301,46041
235579,46040
162427,46040
137274,46040
220959,46039
216900,46039
284650,46037
249700,46037
68520,46036
182480,46036
40801,46035
89797,46033
164517,46033
208990,46032
155836,46032
234240,46032
51856,46031
157369,46031
256956,46031
208519,46030
174765,46029
257513,46029
11224,46028
50617,46028
280951,46028
275656,46028
123505,46028
221397,46027
130293,46026
20313,46026
171597,46026
147418,46025
209634,46022
281799,46021
164466,46021
156082,46021
251926,46019
264004,46018
225296,46018
261023,46018
288390,46017
201887,46016
282695,46016
248136,46016
121058,46016
187253,46015
129145,46015
17217,46011
168477,46011
48106,46010
222912,46010
256104,46009
88163,46009
207645,46009
115568,46009
171656,46009
114517,46007
97985,46005
8027,46004
158571,46004
195348,46003
237999,46002
131011,46002
168892,46002
156494,46001
3897,46000
137,46000
143970,46000
85,46000
151736,45998
223166,45998
7081,45998
190533,45998
201356,45997
54460,45997
225400,45996
107838,45996
176234,45995
274225,45995
144212,45995
71430,45994
87870,45992
290529,45992
227829,45992
5865,45990
229880,45990
134675,45989
274010,45988
203013,45987
233,45985
36840,45984
280216,45983
24130,45983
199483,45983
166550,45983
141395,45982
116065,45981
261955,45980
197032,45979
267691,45979
70279,45978
132959,45977
199133,45977
204970,45976
179829,45975
99866,45975
4517,45975
40404,45975
211346,45974
59517,45974
236780,45973
287775,45973
190934,45973
113781,45973
186322,45972
292368,45971
186990,45971
271454,45971
290654,45971
286622,45971
244461,45970
201498,45970
183397,45970
116518,45970
6043,45969
96,45969
37323,45969
168867,45968
156727,45968
135908,45968
270107,45968
143307,45967
38118,45967
202494,45966
164858,45966
238083,45966
271306,45964
242001,45963
239765,45963
153598,45963
72166,45962
230266,45962
179037,45961
260469,45960
152964,45960
221252,45959
38283,45959
1669,45958
52160,45958
152767,45957
222262,45957
96263,45956
27023,45956
280281,45955
79949,45954
283247,45954
206664,45954
15671,45954
246319,45953
269210,45953
59884,45951
156389,45950
186913,45950
237015,45949
13238,45949
242838,45949
65354,45948
218424,45948
2857,45947
281372,45947
131923,45947
292078,45947
99164,45947
234546,45946
246777,45946
49328,45946
264427,45945
276885,45944
275944,45944
271473,45944
278287,45944
270550,45944
171258,45944
250675,45943
255353,45943
118001,45941
224091,45941
93269,45940
183243,45940
214332,45939
260466,45939
49580,45939
248545,45938
202992,45938
96281,45937
288566,45937
80537,45937
27382,45937
279344,45936
169211,45936
199058,45935
193084,45934
282693,45934
257634,45934
230042,45934
265811,45933
103,45933
293667,45932
257218,45932
281480,45931
49301,45930
178449,45930
122656,45930
120148,45929
215406,45928
227925,45928
218040,45928
134061,45928
241221,45927
222740,45927
271764,45927
149362,45927
58484,45927
279269,45925
212734,45925
193574,45924
206499,45924
283900,45924
246011,45922
98,45922
231211,45922
260938,45922
73,45921
20046,45921
285588,45920
230590,45920
2454,45919
54413,45919
232618,45919
130434,45919
257580,45919
219147,45917
13592,45915
81562,45914
231281,45914
288766,45913
180740,45913
11890,45913
81495,45912
237529,45911
56898,45911
100725,45911
233559,45911
130609,45910
108384,45910
281974,45909
196451,45909
128450,45909
131829,45908
140471,45908
280127,45908
241897,45908
273265,45907
123386,45907
279,45907
232813,45906
120750,45906
84587,45905
172363,45905
242871,45904
145747,45903
148030,45903
231617,45903
213192,45902
77694,45902
191212,45902
224410,45901
272992,45900
257966,45899
290781,45899
221670,45898
242681,45898
46983,45898
286800,45898
27451,45897
187514,45897
232640,45897
235740,45897
61274,45896
293334,45896
111436,45895
107013,45895
140290,45894
168412,45894
296385,45894
285668,45893
238366,45893
257597,45893
19908,45891
107657,45891
4866,45891
137462,45891
36250,45891
180345,45891
231798,45890
224430,45890
103847,45890
76,45890
91873,45889
193760,45888
128933,45888
72489,45888
112381,45888
230114,45887
230820,45887
283440,45887
174906,45887
10197,45886
115029,45886
244776,45886
242827,45885
207342,45885
67214,45884
142895,45883
296223,45881
11297,45880
46372,45880
283196,45880
199054,45880
133230,45879
272132,45879
271440,45879
336,45879
218127,45878
269054,45878
170525,45878
25553,45878
232154,45877
101304,45876
28541,45876
27007,45875
214900,45875
275698,45873
139945,45873
92904,45873
237042,45873
247193,45872
243476,45872
278305,45871
54379,45869
62788,45869
154722,45868
177992,45868
83852,45867
40957,45867
286624,45867
159261,45867
137891,45867
90059,45866
282152,45866
126544,45866
14383,45866
175511,45865
262794,45864
102161,45864
54475,45863
172681,45863
250456,45863
59311,45862
26678,45861
8759,45860
143991,45860
19123,45859
18266,45858
71429,45857
91657,45856
213516,45856
146064,45856
239083,45855
128026,45855
163295,45854
152047,45854
219782,45853
32340,45853
237351,45853
222358,45852
944,45850
132630,45850
2585,45850
289417,45850
1668,45850
293552,45850
155512,45849
287573,45848
277982,45848
245836,45847
242322,45847
51344,45847
195081,45847
127776,45846
183343,45845
201760,45845
317,45845
162767,45844
291152,45844
75911,45843
223451,45842
163253,45841
86916,45841
220321,45841
251895,45840
287220,45840
223120,45839
27763,45839
125941,45839
67194,45838
65596,45838
135452,45838
212276,45838
116777,45837
262786,45836
210943,45836
293516,45836
949,45836
202781,45836
161645,45835
186473,45835
16216,45835
103814,45834
202699,45834
238067,45834
104093,45833
81249,45833
268120,45833
174945,45833
187613,45832
36914,45832
116671,45832
125727,45832
126879,45831
287906,45830
57739,45830
92393,45829
37337,45829
2272,45829
9530,45829
285451,45828
19949,45828
977,45828
85441,45828
196107,45828
187802,45827
243820,45827
4802,45827
178076,45827
136495,45827
222539,45825
220008,45825
294077,45825
209704,45824
125080,45821
212668,45821
101256,45821
206859,45821
156606,45820
244602,45820
49772,45820
233632,45819
82078,45818
282239,45818
89661,45818
183118,45818
82647,45817
256678,45817
188444,45816
121775,45816
139319,45815
286414,45815
274835,45815
294707,45815
228813,45815
190081,45815
44930,45814
260428,45814
131651,45814
205976,45814
227100,45813
29683,45813
172222,45813
81,45812
224500,45811
251432,45810
38828,45810
34781,45810
118410,45810
215910,45809
213780,45809
194726,45808
441,45808
232529,45807
143656,45806
522,45806
188624,45806
280153,45805
283374,45805
187674,45805
193669,45804
256627,45804
281705,45803
94857,45803
266101,45803
97663,45803
172856,45802
134289,45802
261227,45802
261130,45802
249355,45802
284556,45802
256739,45801
43556,45801
265230,45801
177410,45800
200795,45799
152251,45799
166942,45799
158483,45798
292971,45798
249232,45798
139198,45798
114018,45797
103850,45797
170637,45797
189086,45796
265109,45796
225557,45796
255443,45795
111217,45795
245013,45794
180510,45794
108797,45793
296106,45792
147078,45792
229690,45792
3153,45791
53346,45791
235158,45790
289380,45790
204728,45790
95191,45790
96327,45789
56982,45789
78570,45788
150145,45788
139489,45787
225170,45787
120213,45787
878,45786
187260,45786
152323,45786
135466,45786
272471,45786
78548,45786
224828,45786
13664,45785
231004,45784
158664,45784
274532,45784
239286,45784
29853,45783
128021,45783
277253,45782
273992,45782
201897,45782
60796,45782
40544,45781
232254,45781
159835,45781
143237,45780
159202,45780
243796,45780
265031,45780
187420,45779
175600,45779
75907,45778
222589,45778
144185,45778
34773,45778
100789,45778
249073,45778
8857,45777
101793,45777
241291,45777
162701,45777
205250,45776
1929,45776
94305,45776
204808,45776
17605,45776
295138,45775
5848,45775
260817,45775
254795,45774
163930,45774
9159,45774
200633,45773
291313,45773
12823,45772
208158,45772
35051,45771
211275,45771
135001,45770
228515,45770
17058,45770
47036,45770
266441,45769
234086,45768
282875,45768
2681,45768
33315,45768
286200,45768
278024,45767
127910,45766
232928,45765
280732,45765
226080,45762
37051,45762
228816,45762
159483,45761
77907,45761
231951,45761
143792,45760
135037,45760
26661,45760
20765,45759
245495,45759
44759,45758
265944,45758
80395,45758
160112,45757
186934,45757
18774,45757
167504,45756
14419,45755
33739,45755
69148,45754
102743,45754
38812,45754
291756,45754
114548,45754
90823,45753
62374,45753
220798,45753
275296,45753
116926,45752
290942,45752
257748,45752
276344,45751
221714,45751
290021,45750
274643,45750
119336,45749
106639,45749
21986,45749
256570,45748
255561,45748
114580,45748
45046,45747
168913,45746
45252,45745
252516,45745
137698,45745
250001,45745
206531,45744
251,45744
246805,45744
295095,45743
149479,45743
147819,45743
294513,45743
131505,45742
175096,45742
258405,45742
61009,45742
206287,45742
228642,45742
221333,45741
274116,45741
82,45741
59814,45741
44552,45740
21162,45740
162704,45740
116131,45740
122985,45739
18815,45739
294660,45739
11492,45738
9782,45738
198309,45738
260036,45737
148260,45737
260841,45737
112547,45737
279383,45736
263536,45735
18056,45735
266020,45735
293913,45735
271908,45735
293118,45734
230408,45733
273053,45733
238653,45733
54892,45732
192504,45732
221716,45732
50601,45732
31785,45731
231988,45731
69435,45731
79,45731
253466,45731
99,45731
291410,45730
49125,45730
70341,45730
153360,45729
282553,45729
224948,45729
12141,45729
131648,45727
225481,45727
266026,45727
274631,45726
190154,45726
16522,45726
454,45726
279156,45726
260197,45725
94264,45724
86280,45724
242316,45723
146642,45723
266382,45723
244663,45723
198554,45723
222816,45722
52293,45722
112470,45722
14505,45721
285525,45721
1080,45721
14741,45721
256793,45720
267470,45719
241451,45719
84882,45719
71514,45719
26994,45719
178435,45719
117148,45719
296060,45718
254872,45717
80873,45717
146041,45717
236818,45717
240670,45717
234,45716
240078,45715
273784,45715
99268,45715
37583,45715
245967,45715
160036,45715
63214,45714
84848,45714
25391,45714
275330,45714
117167,45714
186255,45713
12514,45713
224466,45713
73532,45712
245506,45712
22143,45712
121506,45711
221882,45711
33066,45711
83,45711
33606,45711
185633,45710
188983,45709
18332,45709
220608,45709
132437,45707
256312,45707
121501,45707
248335,45706
7578,45706
133251,45706
251145,45705
127821,45705
114968,45705
276534,45705
180088,45704
277072,45704
99539,45704
258737,45704
18437,45703
106377,45703
63182,45702
107312,45702
17331,45702
286664,45702
207575,45701
238830,45701
250351,45700
102189,45700
45866,45699
140324,45699
245134,45699
256470,45699
275231,45699
138904,45698
21713,45697
286931,45697
269704,45697
22093,45696
234198,45696
110173,45696
254530,45696
369,45696
107777,45695
175122,45695
284633,45694
242911,45693
28369,45693
14844,45692
253692,45692
182087,45692
167024,45692
75598,45692
118218,45691
169199,45691
4551,45691
33199,45691
33021,45690
77204,45690
209697,45689
222945,45689
227818,45688
220121,45688
33986,45688
186513,45688
79966,45687
18084,45687
40229,45687
148778,45687
144674,45686
196643,45685
287493,45685
87644,45685
165040,45685
206501,45684
23036,45684
276537,45684
16695,45684
133890,45684
90132,45683
277006,45683
119030,45683
278821,45683
262980,45682
266096,45682
266922,45681
7955,45681
135392,45681
223856,45681
237255,45680
111367,45680
242587,45680
198088,45680
108416,45680
157185,45680
32120,45679
122014,45679
197389,45679
46164,45679
279323,45679
179711,45678
156629,45678
224682,45678
254125,45678
252568,45677
437,45677
81561,45677
256696,45676
186292,45675
171710,45675
83367,45674
78015,45674
112223,45674
31370,45674
61111,45674
23397,45673
112526,45672
50306,45671
278716,45670
456,45670
10582,45670
265980,45669
256706,45669
294589,45668
255768,45668
170249,45668
165629,45667
260448,45667
253992,45667
220577,45666
107956,45666
191538,45666
43252,45665
247551,45664
144116,45663
287241,45663
198789,45663
28823,45663
166768,45663
169128,45663
147058,45662
206421,45662
96832,45662
198190,45661
25465,45661
72261,45660
240310,45660
223890,45660
128066,45659
841,45659
187915,45659
51470,45659
16305,45659
49882,45658
23234,45658
263470,45657
190145,45657
172928,45657
233312,45656
169072,45656
162650,45656
198396,45655
213537,45655
219270,45655
125955,45654
295927,45654
199085,45654
256060,45654
43981,45654
293660,45654
49974,45653
74973,45653
57720,45653
238708,45653
23336,45653
175676,45653
18583,45653
167058,45652
273664,45652
144668,45652
247316,45652
107555,45652
81775,45651
261736,45651
250061,45651
185303,45651
234469,45651
155087,45651
150774,45650
264646,45650
203362,45650
285920,45649
27254,45649
2530,45649
124937,45649
126397,45648
200113,45648
37845,45648
29345,45648
144999,45648
27137,45648
247359,45647
20260,45647
13889,45646
119947,45645
271411,45645
236103,45645
52165,45645
255234,45644
183720,45644
196806,45643
214149,45643
246933,45643
236100,45643
163753,45643
172800,45643
28255,45643
9338,45642
191052,45641
224916,45641
105282,45641
274286,45641
19110,45641
10596,45641
270793,45640
202006,45640
269739,45640
223242,45640
254832,45640
153348,45639
25820,45639
161611,45639
144876,45638
263307,45638
188702,45638
171354,45637
67132,45636
41310,45635
45511,45635
41555,45634
191445,45634
150771,45634
16040,45633
16421,45633
88327,45633
241012,45632
197388,45632
105293,45632
292725,45632
290187,45631
104468,45631
107895,45631
86762,45631
19552,45630
47394,45630
293006,45629
69145,45629
216630,45629
239031,45629
290808,45628
112634,45628
283246,45628
251948,45628
95902,45628
258118,45628
207500,45627
161408,45627
15851,45626
66983,45626
51121,45625
31458,45625
220972,45625
85194,45624
182561,45624
166544,45623
292579,45623
210130,45623
267291,45623
292812,45623
286001,45622
253373,45622
182242,45622
3782,45621
57207,45621
233017,45620
220786,45620
293160,45620
59421,45620
127089,45619
174073,45618
174346,45618
32766,45618
254188,45618
284404,45617
283099,45617
252379,45617
151433,45617
93888,45617
144387,45616
134067,45616
40217,45615
28468,45615
295528,45615
220913,45614
116371,45614
174643,45614
46130,45614
266192,45614
244620,45614
230771,45613
147576,45613
260537,45613
85138,45613
8092,45613
29016,45612
170231,45612
246902,45611
264539,45611
219517,45611
58627,45611
44841,45610
252253,45610
192710,45610
274994,45610
244203,45610
3697,45610
291323,45610
235035,45609
40525,45609
24043,45609
2604,45608
214081,45608
83623,45608
210470,45608
26240,45607
219693,45607
197834,45606
264657,45605
246029,45605
263826,45604
226120,45604
261152,45604
10043,45604
258510,45603
241810,45603
88164,45603
96240,45603
210103,45603
159497,45603
268146,45603
230041,45603
257099,45602
214519,45602
141983,45602
220284,45601
89052,45601
2470,45601
5719,45601
123435,45601
250321,45601
268676,45601
116687,45601
265075,45600
200649,45600
282123,45599
225329,45599
193728,45599
22670,45599
24583,45599
275639,45598
289679,45598
1495,45598
235064,45598
97683,45598
229951,45597
229131,45596
266318,45596
140622,45595
139313,45595
202509,45594
22676,45593
179291,45593
124861,45593
64360,45592
190171,45592
171852,45591
272191,45591
45284,45591
68566,45591
231242,45590
20961,45590
235857,45590
261601,45590
235351,45589
210625,45589
68408,45589
33585,45588
251744,45588
300,45587
239416,45587
129128,45587
13564,45587
142523,45586
266282,45586
219204,45586
248094,45586
273689,45585
49787,45585
206485,45585
226449,45585
245210,45585
81849,45583
262008,45583
107616,45583
282676,45582
21590,45582
243538,45582
153740,45582
264247,45582
290832,45581
46452,45581
66490,45581
200965,45581
225011,45580
247615,45580
260618,45580
225745,45580
4928,45580
215155,45580
284526,45579
175852,45579
99082,45579
233899,45579
252652,45578
292052,45578
180029,45578
172842,45578
37762,45578
148043,45577
279034,45577
264841,45577
118937,45577
286710,45577
125951,45577
278029,45576
22320,45576
60092,45575
63209,45575
292942,45574
243497,45574
285989,45574
108454,45573
210140,45573
282898,45573
290973,45572
288422,45572
233767,45572
248952,45572
281130,45571
264010,45571
218907,45571
4864,45571
1570,45571
222652,45571
211609,45571
294650,45570
74143,45570
62859,45570
67511,45570
192434,45569
70,45569
282072,45568
71376,45568
194893,45567
156852,45567
223689,45567
108613,45567
114146,45566
148910,45566
232184,45566
154421,45565
224388,45565
243873,45564
32993,45564
12457,45564
295714,45563
167594,45563
182709,45563
108536,45563
3553,45563
224347,45563
229286,45563
176774,45563
195820,45563
218836,45561
24512,45560
72035,45560
241415,45560
270164,45560
167251,45559
211453,45559
121300,45559
163386,45559
284007,45559
126902,45558
186095,45558
168445,45558
191657,45558
166776,45557
272197,45557
201772,45557
47497,45556
228310,45556
252158,45556
1741,45556
174575,45555
86535,45554
8323,45554
206285,45554
27400,45553
92215,45553
58124,45553
107100,45552
228571,45552
196052,45551
261615,45551
53744,45551
251968,45551
265062,45550
175251,45550
280633,45550
29768,45550
222,45549
80097,45549
136315,45549
13424,45549
123017,45549
105503,45548
154820,45547
185515,45547
201382,45547
254655,45547
151601,45547
13953,45547
29191,45546
227524,45546
35502,45546
6958,45545
226967,45545
13977,45545
238630,45545
172923,45545
105939,45544
144030,45544
209198,45544
24851,45544
158750,45543
147890,45543
103504,45543
190491,45542
137563,45542
180667,45542
166511,45542
178618,45541
123907,45541
3345,45541
3924,45541
285178,45541
60306,45541
22219,45540
157689,45540
235822,45540
10097,45540
282884,45539
162023,45539
20984,45539
4819,45538
27862,45538
264615,45538
275565,45537
143760,45537
155088,45537
197951,45537
92989,45537
19231,45537
800,45537
40385,45536
4763,45536
28875,45536
151079,45535
290726,45535
134255,45535
272651,45534
294004,45534
255966,45534
118117,45534
176923,45534
134482,45533
296052,45532
3439,45532
91834,45532
203206,45532
180890,45531
287765,45531
11375,45531
291661,45531
230707,45531
20861,45531
205824,45531
19045,45530
20269,45530
188617,45530
59622,45530
219340,45530
148552,45530
94762,45530
77787,45530
270568,45530
139036,45529
146862,45529
41549,45528
205113,45528
489,45528
283739,45528
171178,45528
73607,45527
213646,45527
147444,45527
195243,45527
152630,45526
179920,45526
21233,45526
259409,45526
146425,45525
121994,45525
207060,45525
259441,45524
145169,45523
292551,45523
88626,45523
97886,45523
165302,45523
284439,45522
184746,45522
85168,45522
255187,45522
89915,45522
765,45521
202275,45521
266603,45521
246105,45521
31504,45521
190144,45520
237778,45520
109605,45520
257962,45519
278111,45519
4513,45519
243227,45519
97195,45518
189261,45518
17529,45518
213474,45518
235771,45518
22619,45517
263568,45517
206513,45517
5607,45517
229415,45516
29647,45516
14294,45515
217978,45515
74715,45514
241289,45514
182484,45514
30504,45513
173649,45513
226338,45513
257015,45513
242295,45513
182827,45512
259173,45512
167756,45512
143703,45512
171033,45511
485,45511
116127,45510
267506,45510
56476,45510
278035,45510
17438,45510
207559,45510
289654,45509
289553,45509
588,45508
182960,45508
245064,45508
259815,45508
18255,45508
199176,45507
172309,45507
149116,45507
84784,45507
29081,45506
39762,45506
18889,45506
142422,45506
183324,45505
94667,45505
181775,45505
65937,45505
133435,45504
240731,45504
75417,45504
252016,45504
16995,45504
73455,45504
289106,45503
98313,45503
97244,45503
258966,45503
275264,45502
163482,45502
114653,45501
138061,45501
262856,45501
126101,45500
233981,45499
170290,45499
152989,45499
141563,45499
238169,45498
214960,45498
699,45498
21960,45498
265853,45497
37927,45497
97468,45497
9374,45496
46102,45496
189192,45496
291830,45496
254292,45496
133903,45495
5837,45495
205376,45494
158764,45494
248857,45494
242777,45494
277227,45493
276317,45493
291620,45493
215574,45493
276730,45493
104865,45493
293089,45492
2279,45492
24670,45492
188470,45492
242009,45491
203064,45491
72413,45491
18840,45491
280099,45491
206432,45491
8296,45491
133303,45491
159682,45490
280901,45490
260623,45490
133896,45490
67278,45490
272461,45490
69706,45489
247934,45489
140177,45489
47873,45489
77648,45488
278655,45488
282224,45488
53738,45488
276961,45487
220443,45487
26928,45487
133571,45487
184753,45487
182308,45487
284997,45487
47388,45486
264576,45486
10090,45486
287057,45486
85195,45485
256669,45485
261794,45485
115751,45485
266357,45484
147085,45484
248574,45484
234657,45484
128400,45484
210656,45484
84352,45484
250921,45483
270470,45483
284691,45483
254733,45482
257565,45482
55468,45482
179386,45481
268241,45480
286994,45480
232472,45479
281889,45479
251659,45479
15790,45479
33161,45478
288134,45478
243012,45478
45117,45478
122517,45477
226229,45477
163962,45477
235647,45477
181963,45477
177594,45477
65331,45476
31226,45476
18666,45475
259410,45475
117333,45474
101063,45474
257746,45474
157021,45474
18391,45473
250884,45473
28166,45473
43708,45473
211322,45472
228410,45472
228061,45472
279654,45472
98375,45472
187136,45471
211602,45471
239356,45471
31625,45471
251399,45471
205361,45471
31501,45471
93466,45471
233755,45471
68906,45470
117313,45470
75725,45470
183190,45470
25056,45470
279463,45470
268971,45469
287177,45469
169394,45469
212679,45469
245183,45469
102584,45469
248789,45469
165557,45468
97730,45468
261439,45468
104917,45468
233077,45468
241244,45467
111919,45467
87615,45467
173391,45467
171997,45467
215165,45467
134488,45467
290640,45467
215384,45467
243776,45466
213964,45466
8089,45466
236714,45465
207220,45465
91323,45465
287780,45465
143516,45465
169101,45465
176665,45465
35237,45464
291148,45463
151258,45463
212910,45463
294566,45463
77405,45463
287103,45463
220179,45462
293573,45462
1072,45462
284668,45462
180954,45462
257883,45461
100228,45461
104479,45461
94508,45461
270632,45461
232062,45461
66953,45461
133608,45460
270928,45460
33674,45460
238188,45460
236187,45460
151677,45460
234428,45459
130009,45459
255188,45459
238824,45459
204972,45459
278681,45459
138467,45459
200393,45459
110102,45459
250063,45459
514,45458
175279,45458
235855,45458
104587,45457
15386,45457
284585,45457
204536,45457
196025,45457
134825,45457
173312,45456
26487,45455
179957,45455
277654,45455
71608,45455
233093,45455
229549,45455
271601,45455
293935,45455
282937,45454
212785,45454
285493,45453
236140,45453
50001,45453
78654,45453
2605,45452
1963,45452
295184,45452
127622,45452
285548,45452
211222,45452
278078,45452
167854,45452
507,45451
155998,45451
198837,45451
212342,45451
22826,45450
47168,45450
71849,45450
263447,45450
279251,45450
108898,45450
237571,45449
61473,45449
23970,45449
220173,45449
290364,45449
234395,45449
8559,45448
61097,45448
209979,45448
59932,45448
201909,45448
134767,45448
285509,45447
86689,45447
158481,45446
216324,45446
204090,45446
170624,45445
19338,45445
226306,45445
252401,45445
275795,45445
115758,45445
50052,45445
291110,45444
13860,45444
193720,45444
77704,45444
30788,45444
271390,45444
103945,45444
181411,45443
37059,45442
56106,45442
221291,45442
283215,45441
262713,45441
10171,45441
171211,45441
173530,45440
257343,45440
137108,45440
8423,45440
259916,45440
171351,45439
32008,45439
252723,45438
185807,45436
262964,45436
215164,45436
62497,45436
132282,45436
196658,45435
189061,45435
16839,45434
238888,45434
236443,45434
139235,45434
21827,45434
246346,45434
53008,45433
241776,45433
3509,45433
286577,45433
210851,45433
179480,45432
37188,45432
282378,45432
280589,45432
225317,45431
274534,45431
295478,45431
246755,45431
273192,45430
202024,45430
143557,45429
146350,45429
60729,45429
57889,45429
294247,45429
242152,45429
279258,45429
255048,45428
224940,45428
74468,45428
63002,45428
281818,45428
129181,45428
123541,45427
200955,45427
216291,45427
257397,45427
242613,45426
162138,45426
717,45426
131121,45425
201580,45425
260483,45425
259334,45425
7752,45425
293,45425
179598,45425
204380,45425
283814,45425
235190,45425
151352,45424
38794,45424
285962,45424
29270,45424
241542,45424
22960,45424
217595,45424
72818,45423
14350,45423
287318,45423
278719,45423
259293,45422
179211,45422
148696,45422
142450,45422
170574,45422
128698,45421
156166,45421
128791,45421
289343,45421
58803,45420
101639,45420
250940,45420
269487,45420
14085,45420
129183,45419
170096,45419
198232,45419
3429,45419
119036,45418
138905,45418
187478,45418
263898,45418
112857,45418
126140,45417
6258,45417
50436,45417
63483,45416
103954,45416
196289,45416
226598,45416
241534,45416
229197,45415
221549,45415
19525,45415
93682,45415
220604,45415
425,45415
4144,45414
27053,45414
24508,45414
14730,45414
67987,45413
125336,45413
256278,45413
24198,45413
277139,45413
177858,45413
251841,45412
85866,45412
213643,45412
249432,45412
5498,45412
28439,45412
228376,45412
37431,45411
30646,45411
269383,45411
257237,45411
269297,45411
209936,45410
269745,45410
282566,45410
42335,45410
37448,45409
5647,45409
287982,45409
135740,45409
111593,45409
177685,45409
268319,45408
123649,45408
290045,45408
166877,45407
47125,45407
252529,45407
200174,45407
193684,45406
291015,45406
164298,45406
211026,45406
173170,45406
203806,45405
127825,45405
36169,45405
225151,45405
273469,45405
169301,45405
180332,45405
31185,45405
51812,45405
205603,45404
61602,45404
531,45404
14904,45404
122503,45404
221504,45404
76468,45404
65466,45404
282847,45404
173289,45403
226849,45403
275459,45403
267382,45403
63829,45402
278794,45402
146885,45402
249623,45402
164895,45402
259035,45402
157788,45402
1064,45402
257136,45401
167586,45401
199303,45401
134897,45401
227539,45401
249319,45400
68716,45400
73960,45400
271837,45400
153341,45400
16876,45399
107770,45399
272138,45399
177210,45399
96792,45399
226916,45399
150554,45399
116726,45398
130498,45398
171226,45398
90636,45398
122863,45398
42945,45398
196561,45397
288810,45397
8843,45397
187576,45397
266543,45396
194495,45396
67883,45396
4556,45396
245593,45396
65386,45396
91128,45395
117695,45394
265518,45394
191453,45394
94204,45394
185496,45394
93721,45394
294575,45393
229595,45393
146802,45392
291283,45392
128482,45392
201176,45392
278886,45391
235073,45391
126306,45391
214711,45391
144852,45391
76057,45391
1871,45391
190735,45391
276217,45390
93178,45390
30157,45390
159863,45390
130087,45390
173002,45389
187272,45389
273414,45389
270298,45389
223892,45389
43050,45388
191111,45388
123086,45388
96784,45388
16314,45388
274622,45388
216136,45388
31627,45388
73674,45387
245429,45387
198108,45387
146123,45387
73025,45386
194052,45386
128290,45386
294358,45386
161104,45386
295902,45385
30246,45385
204575,45385
148486,45385
253332,45385
197762,45384
229587,45384
61776,45384
268720,45384
35413,45384
244357,45383
216272,45383
15005,45383
35031,45383
53459,45383
177789,45383
225553,45383
155865,45383
184869,45383
258988,45382
254778,45382
93546,45382
242363,45382
105234,45382
191835,45381
99729,45381
50774,45381
249551,45381
242046,45381
105411,45381
93820,45381
55999,45381
2692,45381
183132,45380
11954,45380
177493,45380
287040,45379
54978,45379
232871,45379
246379,45378
207401,45378
272884,45378
59713,45378
292708,45378
30927,45378
240959,45378
4562,45378
205303,45378
78079,45378
213855,45377
189733,45377
26880,45377
121770,45377
283571,45377
77074,45377
141751,45377
23361,45376
268113,45376
81616,45376
16906,45376
278924,45376
148095,45376
284512,45375
137656,45375
252851,45375
184831,45375
196610,45375
246796,45375
122358,45375
277460,45375
77566,45374
275654,45374
72248,45374
169189,45374
11579,45374
12215,45374
118525,45374
132659,45373
4865,45373
282310,45373
201269,45373
216479,45373
188630,45373
108236,45373
126690,45372
98041,45372
255329,45372
130237,45372
97425,45371
234677,45371
183938,45371
80744,45371
12569,45371
143821,45371
192679,45371
119862,45370
147273,45370
232832,45370
231650,45370
98830,45370
234613,45370
280402,45369
174657,45369
20693,45369
76605,45369
152458,45369
28800,45368
48438,45368
226718,45368
142696,45367
174662,45367
99222,45367
168560,45367
739,45367
247048,45367
18862,45367
203520,45367
245324,45366
212925,45366
259176,45366
81601,45366
273780,45366
184584,45366
134234,45366
271595,45366
14279,45365
240546,45365
29824,45364
278337,45364
227380,45364
272652,45364
143808,45364
23496,45364
161041,45364
116408,45364
169349,45363
224456,45363
25484,45363
276502,45363
91567,45363
161942,45363
219336,45363
6329,45363
77410,45362
144899,45362
289195,45362
18919,45362
10232,45362
81844,45362
205251,45361
203597,45361
241877,45361
200473,45361
350,45361
66885,45361
270842,45361
228758,45361
199056,45361
206727,45360
244336,45360
370,45359
265753,45359
134272,45359
144,45359
257924,45359
86119,45359
191260,45358
252497,45358
53158,45358
253730,45357
19214,45357
20346,45356
160796,45356
169487,45356
295096,45356
241293,45356
252483,45355
43713,45355
44259,45355
282841,45355
241584,45355
35484,45355
2813,45354
265039,45354
259850,45354
196303,45354
102159,45354
179714,45354
42204,45354
25868,45353
42929,45353
142606,45353
42364,45353
79639,45353
81496,45352
276523,45352
145075,45352
253280,45352
12877,45352
244589,45352
288287,45351
291029,45351
286359,45351
138624,45351
202928,45351
130236,45351
48585,45351
873,45351
286698,45351
207446,45351
93594,45351
254974,45350
15573,45350
111478,45350
65915,45349
161308,45349
276449,45349
122928,45349
187132,45349
97257,45349
36462,45348
283320,45347
15002,45347
26,45347
99576,45347
154216,45347
91737,45346
247170,45346
260001,45346
178853,45346
10342,45346
96579,45346
237016,45346
222364,45346
51117,45345
124763,45345
62578,45345
127614,45345
4897,45345
280798,45345
237866,45345
9214,45345
30986,45345
203026,45345
71340,45345
79030,45345
247122,45344
237656,45344
226900,45344
286784,45344
152865,45343
30803,45343
220956,45343
28763,45343
111362,45343
205488,45343
3959,45343
156115,45342
288208,45342
173708,45342
187041,45342
280284,45342
119619,45342
19493,45342
260803,45342
23617,45342
292009,45342
28934,45341
148919,45341
167683,45341
5917,45341
122299,45341
17963,45341
173185,45341
1421,45341
219973,45340
100642,45340
286115,45340
184496,45340
218226,45340
103045,45340
19002,45340
182844,45340
18393,45339
5042,45339
20387,45339
3171,45339
170133,45339
218294,45339
271432,45339
219019,45339
122277,45339
290987,45339
279472,45338
95763,45338
239766,45338
287170,45338
17430,45338
86052,45337
148979,45337
139921,45337
230371,45337
22256,45337
34507,45337
212859,45336
112797,45336
206755,45336
54641,45336
58668,45335
118188,45335
212145,45334
4611,45334
259213,45334
205096,45334
242972,45334
55641,45333
120162,45333
152072,45333
274041,45333
195607,45332
146801,45332
144236,45332
246579,45332
18200,45331
144321,45331
188808,45331
51814,45331
162276,45331
115136,45331
29861,45330
128204,45330
45020,45330
259463,45330
44973,45330
40195,45330
68973,45330
168308,45329
131452,45329
197376,45329
260742,45329
158758,45329
169692,45328
150519,45328
215068,45328
236473,45328
141169,45328
7506,45328
156676,45328
266415,45328
90615,45328
32513,45327
227361,45327
173113,45327
67224,45327
254892,45327
86867,45326
256050,45326
290627,45326
156227,45326
143891,45326
4654,45326
290556,45326
221156,45325
216886,45325
273853,45325
19476,45324
198310,45324
142067,45324
195622,45324
173676,45324
6524,45324
97059,45323
222878,45323
141051,45323
144542,45323
109200,45323
199737,45323
200959,45322
9545,45322
246467,45322
177471,45322
253365,45322
62398,45322
246192,45322
243749,45321
139699,45321
212996,45321
43548,45321
272986,45321
43264,45320
147774,45320
248324,45320
92817,45320
254165,45320
206778,45320
4057,45320
194104,45319
71390,45319
95384,45319
303,45319
53860,45319
228935,45319
286061,45319
37609,45318
265149,45318
223439,45318
19285,45318
6690,45318
37802,45318
147461,45317
105843,45317
266794,45317
279708,45317
181728,45317
190913,45317
13942,45316
61173,45316
141431,45316
236639,45316
105884,45316
128669,45316
165798,45316
285029,45315
243798,45315
117090,45315
223162,45315
291352,45315
33676,45315
223589,45315
269230,45315
111891,45314
156642,45314
12580,45314
21865,45314
197626,45314
291994,45313
280115,45313
70687,45313
293780,45313
272914,45313
251951,45313
95124,45313
201364,45312
195685,45312
160676,45312
202847,45312
230474,45312
282986,45311
152639,45311
118298,45311
6279,45311
11028,45310
24340,45310
6720,45310
277479,45310
234859,45310
253826,45310
167481,45309
131882,45309
240543,45309
237544,45308
137509,45308
197860,45308
250689,45308
194271,45308
280163,45308
47430,45308
115215,45307
48763,45307
213555,45307
163522,45307
287146,45307
119026,45307
131294,45307
250678,45307
65804,45306
168871,45306
45707,45306
98442,45306
290675,45306
17565,45306
193557,45306
65680,45305
244285,45305
263727,45305
216153,45305
187284,45305
201219,45305
132106,45304
111106,45304
245823,45304
117367,45304
56318,45304
290711,45304
217721,45304
1878,45303
228704,45303
130977,45303
108301,45303
214103,45303
154339,45303
244990,45303
130887,45303
273388,45302
196569,45302
68394,45302
66279,45302
166492,45302
56992,45302
246824,45302
278138,45302
55498,45301
232141,45301
294629,45301
92984,45301
204615,45301
232226,45301
292799,45301
119142,45300
157658,45300
66411,45300
196056,45300
2118,45300
77421,45300
271979,45300
229785,45300
230392,45300
283547,45300
25522,45299
97410,45299
81321,45299
189231,45299
48832,45299
30269,45299
148087,45299
198765,45299
209460,45299
65759,45299
31049,45298
155254,45298
27419,45298
228364,45298
64832,45298
232790,45298
130408,45298
107472,45298
293697,45298
185920,45298
169471,45298
50466,45298
193373,45298
271710,45297
109933,45297
35947,45297
83729,45297
282191,45297
230897,45297
10467,45296
211842,45296
262889,45296
76673,45296
199189,45296
109117,45296
241004,45295
235679,45295
113301,45295
18416,45295
136253,45295
119807,45295
290191,45295
278766,45295
285143,45295
282102,45295
136167,45294
149206,45294
7623,45294
16877,45294
79438,45294
294600,45294
241389,45294
239855,45294
74185,45294
44059,45294
234481,45294
280197,45293
263508,45293
143540,45293
262157,45293
255584,45293
287930,45293
169680,45293
233679,45293
226144,45293
132763,45293
12442,45292
262225,45292
11798,45292
198970,45292
18808,45292
155662,45291
29700,45291
288546,45291
27297,45291
105559,45291
169011,45291
114801,45291
202411,45290
110433,45290
17834,45290
150373,45290
197727,45290
123784,45290
243900,45290
179659,45290
4639,45290
241619,45290
67180,45289
21421,45289
104722,45289
18062,45289
267347,45289
264800,45289
249560,45289
81275,45289
133933,45289
22357,45288
276561,45288
211664,45288
211268,45288
169594,45288
273006,45287
6685,45287
123458,45287
134500,45287
9354,45287
273666,45287
116832,45287
187591,45287
7888,45286
176513,45286
29942,45286
263457,45286
60175,45286
179157,45285
247096,45285
239833,45285
143855,45285
23041,45285
151678,45284
221754,45284
235310,45284
292429,45284
291904,45284
276326,45284
233823,45284
157437,45283
13383,45283
55046,45283
195124,45283
173500,45283
1484,45283
68575,45283
230591,45283
138565,45282
161880,45282
123639,45282
194640,45282
208233,45282
18152,45282
137988,45282
197340,45282
258863,45282
54858,45281
186479,45281
59880,45281
294297,45281
217934,45281
145240,45280
200896,45280
261511,45280
211703,45280
38584,45280
94416,45280
225340,45280
208,45280
214645,45280
152083,45279
292447,45279
273888,45279
279561,45279
69403,45279
143046,45279
36023,45279
29524,45278
253881,45278
45361,45278
111178,45278
206289,45278
272014,45278
159987,45277
78676,45277
289496,45277
65637,45277
195067,45277
159948,45277
127846,45277
201944,45277
294967,45276
273384,45276
211347,45276
73156,45276
221989,45276
229801,45276
3783,45276
281214,45275
183615,45275
169247,45275
2252,45275
105137,45275
281427,45274
273087,45274
221289,45274
231480,45274
232784,45274
38025,45273
5076,45273
279091,45273
182404,45273
280412,45273
163526,45273
183522,45272
147411,45272
90397,45272
275115,45272
171386,45272
282174,45272
231712,45272
18135,45271
41287,45271
108496,45271
42175,45271
159252,45271
187964,45271
126466,45271
201795,45271
147326,45271
249341,45270
209863,45270
213791,45270
17946,45270
15001,45270
213924,45270
290324,45269
122661,45269
191276,45269
232248,45269
230504,45269
248104,45269
150619,45269
218926,45269
246035,45269
91549,45269
45664,45268
281815,45268
91947,45268
148521,45268
38748,45268
216113,45268
42938,45267
140339,45267
281527,45267
193823,45266
71100,45266
44887,45266
96373,45266
162012,45266
97958,45266
31425,45266
97057,45266
248772,45266
176495,45266
193923,45266
89379,45266
157142,45265
224664,45265
121953,45265
78211,45265
228876,45265
248282,45265
203530,45264
224458,45264
137072,45264
134662,45264
257030,45264
128620,45264
128486,45264
105748,45264
281657,45263
16898,45263
229148,45263
43140,45263
190945,45263
164953,45263
181770,45263
37785,45263
202076,45263
186108,45263
121292,45262
49092,45262
253979,45262
11795,45262
280299,45261
192303,45261
74230,45261
194094,45261
190856,45260
117269,45260
289442,45259
4044,45259
264060,45259
232690,45259
216507,45259
16923,45259
97747,45259
88170,45259
256971,45259
296333,45258
12777,45258
253063,45258
154003,45258
185425,45258
181474,45257
273068,45257
251012,45257
224573,45257
17849,45257
227469,45257
217924,45256
153943,45256
138422,45256
63811,45256
295667,45256
255049,45256
233780,45255
215970,45255
190123,45255
158950,45255
101431,45254
174930,45254
269607,45254
194693,45254
21115,45254
13774,45254
250618,45253
119714,45253
289306,45253
259956,45253
11384,45252
256481,45252
283303,45252
293066,45252
86519,45252
281779,45252
174447,45252
5127,45252
174681,45252
201295,45252
85954,45251
25893,45250
83943,45250
247322,45250
282558,45249
211138,45249
124250,45249
292823,45249
126866,45249
205231,45249
233373,45249
78238,45248
239027,45248
242257,45248
212230,45248
4943,45247
11696,45247
210286,45247
863,45247
93966,45247
78793,45246
193779,45246
204332,45246
213386,45246
52643,45246
191803,45246
104268,45246
256946,45245
187180,45245
225940,45245
253202,45245
156075,45245
93655,45245
274132,45245
262423,45245
174426,45245
4593,45244
292003,45244
134862,45244
280550,45244
227056,45244
107713,45244
47059,45244
281289,45243
214855,45243
272770,45242
139218,45242
177093,45242
276448,45242
143305,45242
41659,45241
48235,45241
262569,45241
281571,45241
15804,45241
12516,45241
54116,45241
84813,45241
209127,45241
270715,45241
279274,45240
153569,45240
22728,45240
273365,45240
252950,45240
92367,45240
111828,45240
113982,45240
15032,45240
14380,45239
243607,45239
279026,45239
291603,45239
147143,45239
121572,45238
121954,45238
4277,45238
27080,45238
251095,45238
166810,45238
61,45238
174294,45238
82649,45238
38992,45238
4413,45238
27402,45238
35527,45238
246647,45237
272137,45237
259535,45237
27936,45237
65585,45237
176746,45237
43640,45237
194,45237
95928,45237
2636,45237
281380,45237
238212,45236
33207,45236
152089,45236
63446,45236
2058,45236
284142,45236
49729,45236
3511,45236
190766,45236
229950,45236
91344,45236
85465,45236
206889,45236
198188,45235
275968,45235
71869,45235
283764,45235
140403,45235
19256,45235
154628,45235
281118,45235
154347,45234
101168,45234
47172,45234
255870,45234
282895,45234
75666,45234
49668,45233
254266,45233
113549,45233
253461,45233
168419,45233
228428,45233
36273,45233
273272,45233
200606,45233
108742,45232
291213,45232
239555,45232
159296,45232
14043,45232
222055,45232
64277,45232
84842,45232
21733,45232
223498,45232
101090,45232
189094,45232
53568,45231
265458,45231
174260,45231
135523,45231
283088,45231
162482,45231
249382,45231
111611,45231
223076,45230
226089,45230
10988,45230
236590,45230
39892,45230
185308,45230
167323,45230
38682,45230
28993,45230
169242,45230
161770,45229
289490,45229
288944,45229
190742,45229
290998,45229
167319,45228
234886,45228
2318,45228
224567,45228
217968,45228
34091,45227
17675,45227
293631,45227
250843,45226
166674,45226
254957,45226
46218,45226
102768,45225
140444,45225
233779,45225
151660,45225
131740,45225
91058,45225
128725,45225
105849,45225
120850,45224
171215,45224
286424,45224
49169,45224
15226,45224
120933,45224
102784,45223
246729,45223
251147,45223
277844,45223
228639,45222
56646,45222
196665,45222
78532,45222
190107,45222
166908,45222
7139,45222
218618,45222
115154,45222
152690,45221
127287,45221
239621,45221
256703,45221
249919,45221
228533,45221
289134,45221
274271,45221
247382,45220
264368,45220
102673,45220
174663,45220
149765,45220
107055,45220
229764,45219
131682,45219
199885,45219
95260,45219
185320,45218
230031,45218
21226,45218
177247,45218
41084,45218
114739,45217
288410,45217
117900,45217
132558,45217
55540,45217
146345,45217
252599,45217
212850,45217
229800,45217
7946,45217
243680,45217
295590,45217
221420,45216
260525,45216
233643,45216
212512,45216
266727,45216
25215,45216
173889,45216
257482,45216
290433,45216
106078,45216
144294,45215
69494,45215
290465,45215
5973,45215
35601,45215
177950,45215
68494,45215
280462,45215
246320,45215
178303,45215
16953,45214
109248,45214
8584,45214
113837,45214
259638,45214
42119,45214
200322,45214
146265,45214
179343,45213
275561,45213
107709,45212
10540,45212
69273,45212
265377,45212
23125,45212
170157,45212
25679,45211
169810,45211
193209,45211
211472,45211
148997,45210
136666,45210
215530,45210
161491,45210
5451,45210
144217,45210
128796,45210
112413,45210
269724,45210
258619,45209
89901,45209
207441,45209
45014,45209
1427,45209
176526,45209
251638,45209
197233,45208
70820,45208
243701,45208
56043,45208
241724,45208
239053,45208
17353,45208
56438,45207
210268,45207
21462,45207
228851,45207
189914,45207
293923,45207
184078,45206
53757,45206
169466,45206
255231,45206
271044,45206
250128,45206
295816,45205
212707,45205
128012,45204
9950,45204
50711,45204
198882,45204
115582,45204
285071,45204
227478,45203
289427,45203
73289,45203
235835,45203
107028,45203
197445,45203
58598,45203
24261,45203
274180,45203
273499,45202
31919,45202
200069,45202
85714,45202
6489,45202
256020,45201
242067,45201
21813,45201
278494,45201
267602,45201
240148,45201
189788,45201
290918,45201
159824,45200
72696,45200
36765,45200
1585,45200
46701,45200
122005,45200
193324,45200
205327,45200
280301,45200
168054,45200
221651,45199
220861,45199
54165,45199
260850,45199
131520,45199
20569,45199
94556,45198
283297,45198
296227,45198
118361,45198
72917,45198
109080,45198
30368,45197
253441,45197
233610,45197
163908,45196
182502,45196
141125,45196
214639,45196
218214,45196
281010,45195
67530,45195
12676,45195
82267,45195
74814,45195
168640,45195
182176,45195
9564,45195
182414,45195
48644,45194
284475,45194
167844,45194
99986,45194
240743,45194
82369,45194
171034,45194
212551,45194
43104,45194
73677,45194
222496,45194
243872,45194
209782,45193
117553,45193
199283,45193
263608,45193
178365,45193
16192,45193
238032,45193
122303,45193
11861,45193
98401,45192
7357,45192
261281,45192
238675,45192
276840,45191
172959,45191
268745,45191
183130,45191
200720,45191
156257,45191
140446,45191
195374,45191
243177,45191
236497,45190
290597,45190
284961,45190
147692,45190
254816,45190
51431,45190
4431,45190
248342,45190
102140,45189
97371,45189
108168,45189
11511,45189
38668,45189
16187,45189
98793,45189
45462,45189
1873,45189
278653,45189
284734,45188
282611,45188
157421,45188
194227,45188
80198,45188
159968,45188
2192,45187
286912,45187
261292,45187
296583,45187
236684,45186
201414,45186
271001,45186
277082,45186
174173,45186
195976,45186
173823,45186
281813,45186
167920,45186
218480,45185
282623,45185
279271,45185
204817,45185
290857,45185
211801,45185
137436,45185
242867,45185
216211,45185
247715,45185
17393,45184
242652,45184
291733,45184
172450,45184
98010,45184
107109,45184
165892,45184
43083,45184
229406,45183
241313,45183
61304,45183
279766,45183
160597,45183
154778,45182
184960,45182
210070,45182
283728,45182
5524,45182
17340,45182
280682,45182
284988,45181
268739,45181
145632,45181
150503,45181
131887,45181
139102,45181
19920,45181
52269,45181
188842,45181
140454,45181
198676,45181
92580,45181
237234,45181
184959,45180
214707,45180
7129,45180
216969,45180
181007,45180
193943,45180
169201,45180
287879,45180
166315,45180
78993,45180
101438,45180
291295,45180
58463,45180
25294,45180
89024,45180
18619,45180
211614,45180
148816,45180
88117,45179
142845,45179
250820,45179
118067,45179
82337,45179
251249,45179
75451,45179
245843,45179
50426,45178
42593,45178
291666,45178
194824,45178
209174,45178
3273,45177
16247,45177
144345,45176
107764,45176
241096,45176
236360,45176
282430,45176
275613,45176
81543,45175
269781,45175
61489,45175
292849,45175
615,45175
19124,45175
291244,45175
135556,45174
208025,45174
277272,45174
10225,45174
137381,45174
270599,45174
247875,45174
200757,45174
287659,45174
225123,45174
190196,45174
264207,45174
286695,45174
268009,45174
121430,45173
41640,45173
262531,45173
160671,45173
170254,45173
133302,45173
249506,45173
251598,45173
181355,45173
35021,45172
226482,45172
280035,45172
28328,45172
41900,45172
249731,45172
120945,45172
119175,45172
189721,45172
175745,45172
278696,45172
2451,45172
61019,45171
112324,45171
173883,45171
62074,45171
284860,45171
71066,45171
2567,45171
217684,45171
296271,45171
270647,45170
154267,45170
193058,45170
110963,45170
23452,45170
264736,45170
24698,45170
213974,45170
10261,45170
164841,45169
135429,45169
244413,45169
268246,45169
187656,45168
274162,45168
248442,45168
20704,45168
239097,45168
220855,45168
141451,45168
201657,45168
289033,45168
70745,45168
282989,45167
229086,45167
201973,45167
223035,45167
217876,45167
278809,45167
78010,45167
163568,45167
197173,45167
123429,45166
205642,45166
283794,45166
12386,45166
264490,45166
194134,45166
245293,45166
281524,45166
275012,45165
157723,45165
8643,45165
284624,45165
228897,45165
35695,45165
12197,45165
151573,45165
276925,45165
31023,45165
293594,45164
182573,45164
162956,45164
132349,45164
90483,45164
222727,45164
184231,45164
207485,45164
274700,45163
244316,45163
30216,45163
293204,45163
126445,45162
95723,45162
268888,45162
21816,45162
260108,45162
52156,45162
192595,45161
19986,45161
256869,45161
99522,45161
284855,45161
23367,45161
6950,45161
28342,45161
261277,45161
244007,45161
192496,45161
247043,45160
232349,45160
201972,45160
178953,45160
165062,45160
122781,45160
115472,45160
82376,45159
187886,45159
223052,45159
274477,45159
241199,45159
101437,45158
173559,45158
7943,45158
86185,45158
256472,45158
257520,45158
2565,45158
113443,45158
139101,45158
97302,45158
196921,45158
286216,45157
205027,45157
51990,45157
113072,45157
215212,45157
164233,45157
101550,45157
86977,45156
140640,45156
258071,45156
195010,45156
236127,45156
223413,45156
212922,45156
269778,45155
292542,45155
270706,45155
90670,45155
166442,45155
215847,45155
73328,45155
160477,45154
35363,45154
16670,45154
279207,45154
611,45154
129634,45154
226414,45154
288715,45154
145440,45154
294440,45153
275898,45153
111144,45153
150878,45153
52753,45153
164960,45153
18973,45152
29536,45152
281559,45152
266118,45152
37774,45152
233502,45151
44392,45151
262327,45151
20466,45151
254758,45150
220815,45150
203303,45150
131188,45149
155401,45149
269847,45149
89916,45149
189937,45149
218814,45149
237487,45148
26514,45148
260276,45148
21582,45148
83868,45148
14188,45148
270742,45148
206576,45148
85659,45148
280178,45148
222635,45148
272479,45148
278447,45148
261575,45147
69084,45147
169902,45147
294699,45147
61228,45147
209252,45147
101889,45147
28039,45147
252713,45146
2205,45146
275695,45146
201644,45146
86013,45146
284882,45146
27684,45146
245958,45145
244545,45145
184360,45145
271217,45145
188778,45145
216201,45145
136448,45145
113263,45145
168078,45144
215597,45144
289026,45144
1134,45144
141095,45144
276297,45144
38548,45144
202554,45144
178281,45144
144654,45144
135242,45144
279815,45144
53803,45144
269152,45144
106228,45143
16656,45143
24525,45143
76857,45143
195701,45143
210459,45143
116234,45143
98874,45142
142091,45142
281449,45142
29724,45142
52111,45142
190472,45142
12509,45142
293826,45142
56204,45142
217933,45142
241224,45142
264284,45141
180630,45141
14191,45141
289613,45141
61191,45141
231016,45141
2446,45141
192713,45140
153400,45140
55025,45140
253536,45140
175036,45140
251705,45140
140899,45140
270358,45140
261356,45140
43885,45140
179401,45139
2647,45139
174856,45139
176233,45139
208339,45139
113018,45139
189903,45139
42644,45139
249239,45139
35028,45139
194034,45139
223978,45138
205186,45138
169163,45138
63030,45138
202056,45138
91283,45138
198976,45138
241447,45138
45382,45138
123106,45138
173529,45138
199864,45137
158771,45137
232012,45137
17925,45137
100637,45137
252975,45137
233790,45136
277626,45136
120377,45136
27705,45136
291787,45136
165380,45136
284041,45136
4502,45136
232535,45135
86807,45135
187105,45135
295084,45135
189707,45135
216218,45135
122187,45134
274931,45134
57846,45134
274439,45134
238911,45134
166842,45134
17986,45133
179498,45133
118423,45133
168487,45133
296,45133
29684,45133
27567,45133
65039,45133
2038,45132
257531,45132
293682,45132
199214,45132
203127,45132
165450,45132
140786,45132
164499,45132
258791,45132
120164,45132
92023,45132
86757,45131
135648,45131
203277,45131
166754,45131
207286,45131
185703,45131
136830,45131
112073,45131
143716,45131
70190,45131
279545,45131
233588,45131
265724,45131
187423,45131
2490,45131
288385,45130
94744,45130
58526,45130
227655,45130
17631,45130
240211,45130
453,45130
41383,45130
88435,45130
47428,45130
232044,45130
172368,45130
231566,45129
268133,45129
2245,45129
161376,45129
244917,45128
257463,45128
79775,45128
238202,45128
230313,45128
147198,45128
193140,45128
255383,45128
2448,45128
20142,45127
285841,45127
202072,45127
164544,45127
13629,45127
191355,45126
47865,45126
171344,45126
196079,45126
11909,45126
189689,45126
233996,45126
228055,45126
178508,45126
159599,45125
9675,45125
178170,45125
229125,45125
284669,45125
61558,45125
289614,45124
83097,45124
114688,45124
85413,45124
221821,45124
111438,45124
3541,45124
160148,45123
81286,45123
6456,45123
266351,45123
16298,45123
287385,45123
276426,45123
144077,45123
24338,45122
103720,45122
150607,45122
51260,45122
286682,45122
104524,45122
149613,45122
271318,45122
107532,45122
213405,45121
201310,45121
214826,45121
34413,45121
58072,45120
271309,45120
161944,45120
277682,45120
238514,45120
219523,45120
197699,45120
216049,45120
11631,45120
27880,45120
116389,45120
31729,45120
205576,45120
191669,45119
234278,45119
194512,45119
101860,45119
290089,45119
265160,45119
152441,45118
206571,45118
128444,45118
26667,45118
87169,45118
261483,45118
192070,45118
175048,45117
199184,45117
248026,45117
10026,45117
8091,45117
170927,45117
257290,45117
123511,45116
163906,45116
211046,45116
31467,45116
132312,45116
198517,45116
261260,45116
13409,45115
285055,45115
210576,45115
292742,45115
206312,45115
242060,45115
255677,45115
17728,45115
258295,45115
41682,45114
278128,45114
127799,45114
26665,45114
21282,45114
124505,45114
221468,45113
18901,45113
36383,45113
170759,45113
286739,45113
26491,45113
