2158,100000
1069,55327
210,54707
16998,53620
28335,53514
5137,53046
4422,52898
5960,52672
6148,52328
4351,52011
4772,51791
5028,51281
147422,51087
69073,51003
105173,50992
114493,50730
88896,50679
153315,50660
211805,50644
5520,50626
60925,50521
218665,50488
204650,50438
138037,50223
11026,50188
193276,50136
684,50125
6949,50112
239853,50071
266912,50019
128308,49984
103478,49965
3855,49958
107317,49892
126082,49883
149978,49876
115448,49842
86821,49821
182679,49793
256938,49789
4856,49759
3957,49751
138886,49749
153634,49733
129104,49681
108783,49678
210389,49673
1168,49639
139493,49617
91126,49611
216972,49608
84407,49605
27428,49573
208041,49528
199271,49526
457,49525
59253,49498
288881,49488
2036,49463
244293,49452
133482,49444
4443,49441
181980,49441
287739,49417
220026,49385
181761,49358
8536,49357
184613,49356
22165,49347
165684,49312
8049,49301
107120,49290
218385,49278
288811,49268
189518,49242
273631,49222
38144,49206
211833,49194
131847,49192
149682,49190
236602,49184
181651,49148
244768,49146
89219,49137
225590,49121
224876,49113
275665,49113
230575,49099
854,49098
124667,49090
218931,49081
46274,49077
171027,49068
265245,49051
9070,49051
203157,49045
201101,49032
215649,49027
291957,49026
14359,49024
294790,49023
9360,49016
272590,49011
157996,49001
194945,48990
1214,48988
151233,48974
211633,48972
262111,48971
126904,48955
285579,48954
92042,48951
183643,48950
138702,48946
113657,48905
285933,48899
105149,48862
240976,48861
239581,48859
168041,48855
140805,48852
9953,48848
127541,48847
182763,48841
5747,48838
215560,48835
200542,48830
289937,48820
203475,48818
156110,48794
163167,48790
156932,48786
252410,48781
473,48770
158578,48740
1332,48739
262951,48738
1044,48738
295240,48725
156278,48725
487,48724
125555,48718
170963,48713
168699,48710
147388,48708
118905,48704
206646,48704
140774,48701
180823,48696
205003,48694
7340,48686
113261,48684
118448,48681
240013,48680
93789,48679
136019,48678
142035,48675
253954,48661
286642,48656
275856,48637
240057,48630
2622,48628
168438,48626
101996,48621
202754,48620
284698,48610
864,48599
203926,48599
155011,48597
115232,48595
229983,48593
241634,48592
202663,48588
111467,48585
231536,48585
212016,48584
187098,48583
105060,48580
228402,48579
190160,48578
173872,48577
283202,48564
1550,48563
173480,48558
107536,48556
147640,48554
81572,48553
168015,48553
293900,48550
261960,48549
170530,48548
174528,48546
137536,48545
122782,48543
214303,48538
6061,48537
169413,48534
114260,48532
179644,48527
125286,48526
248788,48526
257133,48526
116693,48525
97983,48521
199092,48510
181634,48505
100183,48504
170402,48490
205283,48487
181236,48485
274458,48483
245980,48483
109376,48482
188235,48476
79362,48471
135580,48471
208333,48471
123087,48469
132429,48465
187150,48464
7628,48464
123561,48464
292897,48464
5958,48463
180501,48458
145316,48455
107598,48454
171181,48454
116857,48445
229460,48441
78835,48438
147118,48437
126038,48437
160737,48432
194885,48427
141564,48425
222414,48424
136564,48421
129,48420
155263,48419
146357,48417
197176,48417
109419,48415
8744,48413
245639,48403
60917,48401
256098,48401
740,48395
238731,48393
269666,48387
108462,48385
18383,48383
79584,48381
102013,48379
183119,48379
194643,48378
1206,48376
109163,48369
233448,48366
23680,48363
119242,48361
121,48361
126220,48356
231516,48354
281723,48350
158573,48349
157024,48347
213468,48340
279320,48335
223391,48334
95909,48328
118673,48322
276937,48321
122621,48321
101871,48320
142097,48319
185120,48319
118593,48309
202717,48304
147502,48303
7182,48300
176189,48298
4650,48292
106089,48290
134173,48289
168100,48287
110435,48287
18176,48284
127610,48281
87524,48276
246925,48276
73183,48271
129931,48267
251052,48266
126536,48262
8750,48261
108421,48257
259500,48253
127021,48247
204493,48245
130327,48242
138785,48236
30724,48234
293116,48234
127640,48233
192980,48231
112729,48228
104240,48223
230925,48217
140183,48216
125473,48210
403,48210
280584,48209
189191,48208
129109,48208
82375,48207
115149,48201
4508,48190
119000,48188
102818,48186
106678,48185
8707,48182
284263,48180
249898,48178
100424,48172
276956,48171
130038,48167
167110,48164
166126,48163
99332,48162
135731,48160
99249,48154
75433,48152
168339,48148
70649,48145
125548,48145
250434,48143
271747,48141
44006,48140
65030,48138
78060,48136
155676,48135
289347,48132
99912,48130
118259,48130
131526,48129
155627,48127
108479,48127
4962,48123
289477,48123
125716,48123
90085,48120
130,48119
138974,48118
899,48117
80655,48110
51138,48105
222185,48105
2092,48104
82876,48101
122304,48094
187275,48094
137827,48092
2954,48079
81051,48077
121918,48053
126800,48047
105517,48044
176383,48042
835,48041
12631,48041
134741,48034
128424,48034
280552,48025
271637,48015
123651,48012
123868,48009
174958,48006
268339,48005
4310,48002
100134,48001
67451,48000
119386,47998
92016,47997
6255,47991
74703,47989
269715,47989
107889,47986
6623,47985
136722,47984
234853,47974
136783,47973
115694,47967
117310,47965
90564,47965
244643,47964
162578,47961
127047,47958
239990,47956
3901,47955
94250,47952
133673,47944
131804,47944
295896,47942
6879,47939
167619,47924
225284,47921
1276,47919
123320,47917
1141,47908
230606,47905
266956,47892
82149,47890
178915,47884
288498,47883
236634,47881
104564,47880
276536,47878
288793,47865
234654,47864
291970,47862
262345,47857
23006,47854
95549,47854
100801,47847
119717,47844
85511,47839
291951,47837
77393,47834
217903,47834
9892,47832
60601,47827
89325,47824
6865,47819
8452,47816
98273,47815
400,47813
649,47806
81236,47800
127604,47799
5855,47793
8647,47792
247292,47789
73800,47789
285709,47771
148599,47758
244208,47751
79242,47747
6356,47747
13215,47745
265327,47742
2573,47740
272161,47730
80013,47729
13832,47717
199177,47711
133396,47710
221600,47708
202220,47706
240891,47706
99095,47705
254115,47695
24522,47692
98448,47692
88605,47690
117251,47688
24707,47687
30434,47681
275351,47671
540,47668
271830,47665
170386,47655
9106,47641
39545,47640
295855,47639
148570,47634
253643,47633
10431,47631
81112,47625
221995,47624
179570,47624
281730,47624
120799,47623
244561,47622
69582,47616
270097,47612
137393,47610
280792,47605
190613,47600
4186,47598
254754,47597
288212,47597
213727,47570
15407,47559
232029,47540
223915,47538
237354,47536
249498,47531
25526,47528
279055,47526
216959,47526
24650,47525
292553,47521
183446,47518
59290,47517
152068,47516
143413,47509
571,47505
3391,47501
201759,47490
228793,47490
160700,47480
2552,47476
234112,47470
174378,47468
160682,47467
848,47462
17835,47453
170978,47452
3461,47451
16724,47450
72144,47449
2564,47447
138081,47443
224849,47442
214493,47440
231249,47438
266197,47435
180857,47434
292928,47433
258634,47433
186663,47432
222841,47430
1658,47429
18485,47424
212807,47423
179703,47418
235701,47413
15974,47411
17464,47410
274550,47402
189006,47401
11844,47398
251129,47397
204219,47397
13635,47392
127638,47387
19181,47386
225726,47385
49296,47379
250430,47372
95618,47370
12032,47363
208924,47362
256602,47359
283576,47357
287711,47351
13709,47350
830,47350
248013,47350
268702,47347
195765,47342
268590,47336
2196,47335
246223,47334
1993,47332
247300,47325
233060,47323
1664,47315
208472,47310
40840,47309
142932,47296
255951,47296
165855,47296
238175,47295
235969,47294
233159,47291
194116,47287
5233,47287
208195,47285
294073,47275
252976,47272
158238,47272
207085,47269
229874,47269
82126,47267
260914,47266
170334,47266
288751,47266
260871,47264
1997,47261
144348,47257
224649,47253
151575,47251
626,47251
288725,47249
251238,47249
143617,47245
150,47245
270182,47244
239720,47241
21137,47239
149094,47236
2094,47227
2504,47225
2897,47221
64783,47220
295385,47220
35229,47220
152581,47219
1180,47214
227376,47212
238977,47211
259662,47211
148515,47208
246349,47204
284754,47201
198260,47198
217536,47197
243110,47195
9857,47192
105941,47191
281026,47185
2314,47184
19531,47182
294295,47179
87776,47177
161703,47175
234276,47171
275222,47171
290310,47170
209437,47169
3194,47165
189739,47164
3947,47164
242391,47162
244537,47157
261487,47154
246695,47141
153645,47137
281893,47127
2812,47123
11426,47123
281019,47120
23587,47117
198471,47115
288653,47114
8512,47114
186424,47112
236203,47112
286570,47111
27506,47111
1647,47108
185870,47108
265188,47106
195760,47106
256821,47101
292282,47099
156071,47097
239951,47097
3895,47096
253916,47090
2469,47090
185606,47089
169595,47085
270613,47083
261416,47079
163007,47078
188170,47075
286827,47074
276545,47071
219666,47069
291249,47059
147284,47059
13454,47057
247099,47055
256447,47054
204472,47053
149546,47051
289711,47048
14270,47048
253157,47047
5355,47040
164170,47038
269091,47036
128675,47033
6011,47031
170,47031
285401,47025
146693,47024
8134,47022
222023,47020
279899,47018
289707,47015
190799,47015
272,47014
671,47013
264622,47013
6859,47012
117087,47010
6033,47007
199206,47005
176903,47004
290651,47004
209350,47002
98725,47001
265789,47000
177686,46999
144094,46995
283594,46994
291899,46992
262082,46991
152466,46990
160543,46988
4547,46987
261925,46986
199372,46984
240235,46982
180079,46981
233578,46981
96775,46981
125886,46975
241759,46972
202525,46971
256019,46970
198122,46965
140005,46963
229025,46963
123412,46961
239661,46959
92,46959
8011,46959
246917,46959
286140,46958
194018,46958
172,46955
285884,46954
243759,46953
5404,46953
223467,46951
165334,46950
155291,46950
110,46950
198261,46948
206888,46948
656,46943
141830,46942
199561,46941
199529,46940
264223,46938
31157,46937
224002,46935
149140,46935
103830,46934
287421,46933
274421,46929
259406,46927
4263,46924
283678,46921
264818,46916
216176,46915
185030,46913
293894,46912
285914,46909
277918,46908
184503,46908
12277,46903
97971,46899
3230,46899
268808,46898
196963,46897
250002,46894
171886,46894
270591,46894
141625,46893
264952,46893
111009,46888
267492,46881
179237,46881
23362,46880
13388,46880
258232,46879
20252,46879
269651,46878
4773,46877
212392,46875
171470,46875
287272,46874
265470,46869
70930,46868
57168,46868
215724,46866
258733,46864
235226,46863
239797,46863
256427,46858
236325,46856
280120,46855
267739,46854
210485,46854
219740,46853
7877,46850
217714,46845
5504,46844
296113,46842
151129,46839
275496,46839
244084,46829
216048,46829
4161,46828
267680,46827
245872,46826
8120,46826
274603,46826
230505,46822
279891,46822
255283,46821
179506,46817
210763,46816
195440,46816
47040,46815
280727,46812
155159,46812
215948,46810
233584,46809
900,46808
279462,46806
660,46803
7235,46802
12213,46800
281665,46800
243308,46800
284307,46799
259476,46797
125416,46796
251659,46796
12639,46794
125743,46793
190003,46793
6272,46792
255370,46792
21833,46792
253424,46790
208561,46788
111154,46784
157217,46783
202088,46783
218657,46781
146155,46781
199964,46779
175660,46779
286475,46777
50360,46777
202203,46772
270509,46771
256870,46767
60083,46765
104543,46765
7353,46764
262877,46764
271833,46762
280889,46760
32029,46760
120855,46759
296509,46759
240166,46757
87754,46756
133415,46754
23642,46752
284302,46752
254178,46750
258406,46750
279080,46748
148022,46746
67765,46746
264788,46745
256014,46745
288102,46743
20499,46743
2534,46740
28628,46737
702,46737
255945,46736
273327,46735
203623,46735
202032,46733
286983,46733
17459,46733
9009,46730
258326,46723
261549,46722
222286,46722
265197,46721
1042,46719
427,46718
190415,46718
235518,46717
175196,46716
109,46716
267019,46714
278730,46713
177131,46713
208803,46712
4969,46712
278825,46712
137448,46710
181866,46709
292494,46705
250812,46703
258,46701
11481,46700
241322,46698
4476,46697
239270,46696
209007,46696
257657,46696
115986,46693
1567,46693
235076,46693
263464,46692
11428,46690
248993,46688
10711,46688
289718,46687
244958,46686
184013,46686
190752,46685
243827,46681
13851,46680
225594,46678
191075,46677
228392,46677
33338,46675
210202,46675
292129,46673
192778,46672
272509,46671
234224,46671
292855,46671
206498,46671
134528,46669
94,46668
88400,46668
99815,46668
121571,46668
26249,46667
244573,46665
3756,46664
4931,46662
215245,46662
290671,46661
294117,46656
121578,46655
255783,46652
256585,46650
296261,46649
291281,46647
254230,46646
85029,46646
240808,46645
12350,46645
58282,46643
251274,46643
264626,46641
48973,46641
164891,46639
291777,46638
1504,46638
267963,46637
226347,46637
138583,46636
173007,46634
154076,46633
248427,46632
209657,46627
287174,46626
135304,46626
167877,46624
268461,46621
207289,46621
223735,46619
233343,46617
251331,46616
277640,46615
282685,46613
262307,46608
10216,46607
21423,46605
96978,46605
295649,46603
289788,46602
253487,46600
157191,46600
9405,46599
260030,46598
207111,46597
236772,46596
289387,46595
207879,46594
296479,46593
89015,46592
161,46592
271981,46592
237972,46591
145571,46591
226243,46591
144739,46590
223344,46590
272988,46590
109562,46588
214190,46588
17775,46586
152578,46585
209702,46582
242437,46580
5255,46580
91437,46579
166918,46577
266361,46576
217479,46576
251637,46575
255989,46575
231259,46574
279047,46574
139736,46571
271970,46570
133508,46568
143996,46568
286436,46567
151254,46566
163072,46565
11626,46565
228178,46563
208880,46562
82864,46559
136173,46558
217856,46558
240018,46558
19644,46556
296586,46555
186494,46554
213592,46553
173224,46551
272100,46549
241346,46548
212562,46548
266008,46548
310,46547
221086,46546
5514,46544
243239,46543
296307,46542
10946,46540
254793,46540
2862,46539
197603,46539
244102,46539
32194,46538
139460,46537
194144,46536
357,46535
228929,46534
104450,46534
281806,46533
215981,46533
54868,46531
145633,46528
175050,46528
951,46527
174395,46526
39380,46526
199679,46524
263603,46524
292201,46520
289236,46520
273640,46518
242845,46514
256924,46511
29539,46511
277360,46510
19132,46510
285952,46509
210351,46507
135514,46505
26870,46504
269931,46503
246184,46503
161594,46502
233963,46502
133813,46502
217766,46501
157317,46498
274436,46496
237865,46496
264632,46495
198954,46494
2731,46491
229556,46490
133240,46489
214270,46488
251153,46487
123890,46487
22864,46487
195951,46486
143508,46486
1367,46485
238245,46483
4510,46483
1689,46483
289037,46482
161128,46480
190895,46479
799,46479
11222,46479
280849,46478
156243,46474
268527,46474
200256,46473
217025,46471
282030,46471
185138,46470
256371,46470
12441,46470
13073,46468
21743,46468
266788,46467
4360,46466
246446,46466
8695,46466
294983,46466
10857,46466
119166,46465
267434,46464
218716,46464
161322,46463
23402,46462
1919,46462
279392,46460
105771,46460
289521,46459
242653,46459
27341,46458
294510,46457
108229,46452
34404,46451
179039,46450
211983,46450
39053,46450
294951,46450
287269,46449
257259,46449
185816,46448
204979,46447
257734,46446
244791,46446
222847,46446
274362,46445
55,46445
243999,46445
179047,46444
86949,46443
24855,46442
230346,46442
207874,46440
288004,46438
30746,46438
134827,46436
134891,46435
301,46435
97792,46434
267086,46434
8930,46433
195059,46430
195897,46429
172989,46427
187945,46427
212954,46427
234085,46427
402,46425
292334,46424
486,46424
49451,46424
2185,46424
72893,46424
156455,46422
226985,46422
29043,46421
255782,46420
197850,46418
109785,46418
218378,46417
155524,46417
278361,46417
215902,46416
266404,46414
183766,46414
139304,46413
221058,46411
92438,46411
42718,46410
2672,46409
256479,46409
237617,46408
265671,46408
263891,46407
256752,46407
251645,46404
127966,46403
247281,46403
279745,46401
295618,46400
251664,46399
202346,46399
278554,46398
275442,46397
273079,46396
182381,46395
212973,46394
288767,46394
103236,46394
215600,46393
7096,46393
220480,46392
251731,46391
228075,46388
3422,46388
417,46388
142482,46388
218406,46388
252604,46388
8978,46386
223139,46386
150874,46385
207968,46385
149044,46385
128769,46385
73564,46384
225767,46383
234287,46383
284934,46383
279041,46382
162416,46382
247299,46382
255742,46381
155400,46381
275977,46380
296483,46380
268282,46378
12310,46378
279227,46378
163403,46377
288369,46375
100418,46373
80515,46373
128827,46372
273747,46371
180043,46370
278552,46368
194997,46366
266864,46366
138268,46366
89059,46364
262201,46363
9492,46363
4093,46363
10752,46362
280056,46361
184216,46360
170064,46360
296374,46359
287738,46358
52245,46358
259140,46358
285723,46357
287250,46356
277340,46355
154774,46354
1110,46353
256633,46353
567,46352
214903,46352
265265,46352
222038,46352
227786,46352
235233,46351
5534,46351
194823,46350
208628,46350
60891,46349
2425,46349
275901,46349
121190,46348
291247,46348
221150,46348
255107,46348
277510,46347
6908,46347
182206,46347
57008,46346
7207,46346
243595,46345
82165,46345
4289,46344
244403,46342
196406,46341
281021,46341
139832,46340
281498,46339
286538,46339
277556,46338
279471,46338
13469,46338
88460,46337
21506,46335
17526,46334
37286,46334
224180,46334
162861,46334
261427,46333
270237,46332
229725,46332
173236,46332
202762,46330
290608,46328
3006,46327
158889,46326
282923,46325
219317,46324
256419,46323
285324,46323
269271,46323
191909,46322
234651,46320
246466,46320
270594,46319
233706,46317
240461,46316
233271,46315
293157,46314
19158,46313
188495,46313
216937,46313
268836,46312
30556,46312
220994,46312
295387,46312
90488,46311
202388,46309
147463,46309
17566,46308
157741,46308
41741,46308
7613,46308
214825,46308
157195,46307
261218,46307
283972,46306
235407,46306
173756,46306
273716,46305
278981,46304
11073,46301
255832,46301
290662,46301
464,46301
177435,46300
213633,46300
226862,46300
6707,46299
259364,46299
60585,46299
142794,46299
257480,46297
256553,46297
129510,46297
251120,46297
260786,46295
1193,46295
277316,46294
276494,46293
270892,46293
201259,46292
142380,46292
86075,46289
222270,46288
173124,46288
56864,46288
280640,46288
192263,46286
203850,46286
18500,46285
24228,46284
267443,46283
115341,46283
35238,46283
162522,46282
218419,46281
190324,46281
280613,46280
259046,46280
95732,46279
264345,46278
189898,46278
219677,46278
270836,46278
296431,46278
283484,46277
253939,46277
262739,46276
98736,46276
158340,46276
162713,46276
96113,46275
296451,46275
201449,46274
276850,46274
4644,46272
236523,46271
259699,46271
249051,46271
7843,46270
234323,46270
1769,46269
8855,46269
159334,46269
115159,46269
81402,46267
230635,46267
60970,46266
222371,46264
261905,46264
232497,46264
292495,46263
177630,46262
196220,46261
239764,46261
282486,46261
191261,46260
40141,46260
284530,46259
191998,46259
290069,46259
194889,46259
249246,46258
97689,46258
7188,46258
246636,46258
212967,46257
95690,46257
256621,46255
190514,46254
231823,46252
277337,46252
161532,46252
159555,46250
291822,46250
150927,46248
17616,46248
265463,46248
52679,46247
249361,46246
259116,46245
30588,46245
192343,46243
214168,46243
1531,46242
61419,46242
255731,46241
143973,46241
196460,46240
205469,46240
213760,46239
229978,46238
10224,46238
110154,46238
71053,46237
253737,46237
213437,46237
130165,46236
215907,46235
17658,46235
285107,46234
271605,46234
245078,46233
152655,46233
167537,46233
1849,46233
252276,46233
294856,46232
121319,46232
188016,46231
11090,46230
116922,46230
5283,46230
248230,46227
205351,46226
294192,46226
174011,46226
234906,46225
226735,46223
267865,46223
19596,46223
246351,46223
29495,46223
255069,46223
249783,46223
286454,46223
208897,46222
117539,46222
189032,46221
21359,46221
175021,46221
239199,46221
266573,46220
219737,46220
261939,46220
153208,46219
89346,46218
79366,46218
707,46218
212279,46218
29636,46217
123837,46217
162742,46216
254623,46216
135785,46216
255750,46215
41378,46215
288157,46215
250244,46215
191782,46215
223222,46215
276819,46215
592,46214
269793,46214
215784,46213
290103,46212
199552,46212
6307,46212
2802,46212
240037,46210
246335,46210
69222,46209
5408,46208
246086,46208
253176,46206
200513,46206
285756,46206
168156,46206
81613,46205
223170,46204
34551,46204
96338,46204
13056,46204
190871,46203
279488,46203
14975,46202
117381,46202
38694,46200
280158,46199
107971,46199
22132,46198
214453,46198
295203,46198
14300,46197
53583,46196
291130,46196
225979,46196
230316,46196
241168,46196
159756,46195
165498,46194
289865,46194
3004,46193
13573,46193
255156,46193
248812,46192
218993,46192
221905,46192
242492,46192
218811,46189
53452,46189
16640,46188
51899,46188
279976,46187
1390,46186
265475,46186
293375,46186
9166,46186
149788,46186
194162,46184
230006,46184
205935,46184
282086,46184
10802,46183
89958,46183
286227,46182
55374,46182
129865,46181
279253,46179
81574,46178
183868,46176
120491,46176
292771,46176
252071,46174
172974,46174
285073,46172
261727,46172
266598,46170
28054,46170
274302,46169
114394,46169
131523,46169
22301,46168
9780,46168
196243,46166
278503,46166
80901,46166
174983,46164
289333,46162
2941,46162
294512,46162
233440,46161
170216,46161
243737,46160
290902,46160
50491,46160
92200,46160
259513,46160
137422,46159
294250,46159
36101,46159
259477,46157
143420,46156
219124,46156
262255,46156
120508,46155
224894,46155
189052,46155
217268,46155
2263,46155
49623,46154
162688,46153
70676,46153
284606,46153
284520,46152
288373,46152
14357,46152
6515,46150
65299,46150
132638,46150
292901,46148
183834,46148
229155,46148
141263,46147
188323,46147
23776,46147
98120,46147
6385,46146
268271,46146
136747,46146
235364,46145
205596,46145
113352,46144
63082,46144
286864,46142
230383,46142
140507,46142
834,46142
223297,46141
29642,46141
208239,46139
3351,46138
5169,46138
279395,46138
120596,46137
281192,46137
85946,46136
239002,46136
274928,46136
2188,46135
135,46135
87184,46135
251082,46133
264093,46133
111291,46133
246543,46132
235618,46132
293537,46132
113339,46132
98796,46131
269505,46131
180953,46130
1906,46129
284146,46129
288578,46128
215215,46128
221944,46128
162293,46128
155186,46127
178196,46127
170277,46127
186111,46127
144624,46127
25110,46126
235713,46126
264631,46126
242372,46126
178239,46126
147281,46125
2186,46124
270552,46124
223780,46123
102532,46123
296481,46122
249377,46122
130140,46121
9819,46121
295285,46121
119573,46121
24031,46120
161535,46120
276139,46119
181844,46119
247224,46119
238029,46118
19188,46118
38408,46117
255553,46116
223136,46116
258094,46116
283971,46116
207361,46116
113871,46115
284417,46115
3406,46114
181145,46114
4284,46114
165621,46113
257501,46113
15029,46112
203523,46112
286683,46112
48468,46111
296290,46111
227566,46111
241491,46111
276527,46111
39122,46110
259079,46110
227081,46110
223646,46109
12258,46109
174353,46109
150311,46108
256650,46107
89421,46107
28387,46107
519,46106
217009,46105
293275,46105
292046,46105
5354,46103
235239,46103
6791,46103
15684,46103
196012,46101
196455,46101
13253,46101
168735,46101
652,46101
230174,46100
284987,46099
209894,46098
219341,46098
13623,46098
226122,46097
44054,46097
4637,46097
264705,46096
127711,46096
682,46095
8672,46095
265390,46094
3747,46094
275510,46094
275543,46093
114282,46093
98821,46092
222599,46092
15343,46091
125825,46091
256889,46091
17427,46090
44128,46090
286211,46090
209,46088
126288,46088
256235,46087
228299,46087
121742,46086
5582,46086
1687,46086
114248,46086
154516,46086
201788,46085
253078,46084
289995,46084
262909,46084
220625,46084
128127,46083
191595,46083
271817,46083
230228,46083
285276,46081
195001,46081
14946,46080
288595,46080
250333,46080
15907,46079
252533,46078
292417,46077
5681,46077
270314,46076
295892,46075
195379,46075
71136,46073
233349,46073
191156,46072
4040,46072
258352,46072
257366,46072
22464,46072
262271,46071
17734,46071
186,46071
14342,46071
291417,46071
258037,46071
211782,46070
190838,46070
226947,46070
250010,46069
186565,46069
118956,46068
8945,46068
122176,46068
280234,46068
102835,46067
8154,46065
16891,46064
178497,46064
222079,46064
152878,46064
200759,46064
21483,46063
188943,46063
153,46063
267533,46063
270048,46062
270146,46062
216612,46061
277852,46060
86231,46060
209926,46060
6422,46060
7348,46059
61708,46059
8286,46058
288176,46058
13933,46058
257202,46057
120157,46057
261921,46057
223114,46057
236643,46057
246453,46056
296279,46056
244112,46055
25226,46055
241614,46055
231408,46054
258379,46053
28582,46053
229790,46052
180240,46052
6632,46052
202362,46051
7099,46051
203715,46049
134744,46049
342,46049
29621,46048
16362,46048
5589,46048
278059,46048
213111,46047
287087,46047
388,46046
268545,46046
259993,46046
122593,46044
188180,46044
144982,46044
249362,46043
263145,46043
32942,46042
285958,46042
287239,46042
278786,46042
121220,46041
181985,46041
294596,46041
219855,46039
42148,46038
20419,46037
68230,46037
253300,46037
249683,46037
139524,46037
284972,46036
260296,46036
279846,46035
84464,46033
220280,46033
265702,46033
5796,46033
267383,46033
32226,46031
149962,46030
100837,46030
253798,46030
208133,46029
248076,46029
249674,46029
284544,46028
291837,46028
24,46028
244265,46027
13309,46027
292180,46027
260174,46027
262525,46026
12161,46025
4297,46025
124587,46025
137939,46023
265,46023
19588,46021
6756,46021
223778,46021
258921,46021
212106,46020
180655,46019
277871,46019
289285,46019
295585,46018
53233,46017
284712,46017
115,46017
12443,46017
2157,46017
275559,46017
217436,46017
262577,46016
199584,46014
198646,46013
165412,46013
246176,46013
185435,46013
5444,46012
263264,46012
215523,46011
199373,46011
265911,46011
263769,46010
240485,46010
248298,46009
162998,46009
147683,46009
178197,46009
106664,46008
12163,46008
38166,46008
635,46007
287442,46006
137461,46006
219914,46005
191535,46005
202119,46005
230946,46004
261443,46004
14059,46003
22976,46003
267428,46003
255526,46003
154017,46003
35483,46002
179512,46002
241662,46002
230812,46001
18203,46001
243337,46001
122933,46000
177987,46000
174058,45999
211423,45999
3072,45998
214835,45998
283959,45998
92217,45998
295947,45997
272942,45997
283264,45997
161115,45996
10161,45996
268054,45995
215407,45994
224730,45993
5686,45993
260325,45992
17432,45992
250181,45992
219311,45991
294599,45991
178594,45990
236313,45990
205077,45990
116,45990
194445,45990
263174,45989
91681,45989
257696,45988
292364,45988
195084,45987
249787,45986
211551,45986
240599,45985
221901,45985
250280,45985
219135,45984
267183,45984
279633,45984
284008,45984
254158,45984
236656,45984
126491,45983
14382,45983
195386,45983
276021,45983
262364,45982
263007,45982
158737,45982
2135,45981
99330,45981
219519,45981
277906,45980
254637,45980
233571,45980
5798,45980
272846,45979
287627,45979
287169,45979
277703,45978
288771,45978
234600,45978
237898,45977
103739,45976
189321,45976
2935,45976
266373,45975
14515,45975
182267,45974
203693,45973
238300,45973
280558,45972
188802,45972
692,45971
90664,45971
141473,45970
171024,45970
257849,45970
239375,45970
166082,45968
17995,45968
254112,45967
205617,45966
42549,45965
2569,45964
1102,45964
63031,45964
201748,45964
240593,45964
236450,45963
256663,45963
207783,45963
226880,45963
2826,45962
281220,45961
273381,45961
2606,45961
164246,45961
233090,45961
255274,45961
234716,45961
213558,45960
58971,45960
8419,45960
292001,45959
275224,45959
129208,45959
22106,45959
267463,45959
7457,45959
278616,45959
127469,45959
267123,45958
294754,45958
1212,45958
14936,45958
117439,45958
253067,45957
190146,45957
254661,45957
6341,45957
25145,45956
187675,45956
252312,45955
294368,45955
281264,45955
177024,45955
143402,45955
4420,45954
228988,45954
248947,45954
2835,45953
253045,45952
52454,45952
226357,45951
246448,45951
201546,45951
195770,45951
111846,45950
271362,45950
13327,45950
226678,45949
232473,45949
222439,45948
105500,45948
159351,45948
286030,45948
136174,45947
6250,45947
288460,45947
282705,45947
107250,45947
146605,45946
125532,45946
102890,45946
88160,45946
17175,45946
266797,45945
201501,45945
162835,45945
253740,45945
248209,45945
274370,45945
282903,45944
74529,45944
265946,45944
213799,45943
150439,45942
214254,45942
267339,45942
272093,45942
208568,45941
185607,45940
281990,45940
288432,45940
233936,45940
99895,45940
216279,45940
63089,45940
113959,45939
5045,45939
266692,45939
287387,45939
173024,45939
209560,45938
199291,45938
144074,45938
83266,45937
295073,45937
238858,45936
40096,45936
240143,45936
227632,45936
225976,45935
142056,45935
269001,45935
138802,45935
8631,45934
210663,45933
294435,45933
112908,45933
154805,45933
778,45933
69122,45932
277540,45932
13830,45932
139770,45932
272059,45932
136,45931
274182,45931
171297,45931
275432,45931
262139,45930
34107,45930
215446,45929
217480,45929
285698,45929
273518,45929
244727,45929
192875,45928
116431,45928
186732,45928
278091,45928
230999,45928
1521,45927
291311,45926
238086,45926
148491,45926
219594,45926
1091,45925
20870,45925
245252,45925
262628,45925
242004,45924
29472,45924
5284,45924
94685,45923
7250,45923
71194,45923
4530,45923
147843,45923
23444,45922
289142,45922
263522,45922
161757,45921
176598,45920
236501,45920
4888,45920
273324,45920
228663,45920
146950,45920
249159,45920
193896,45920
232723,45920
17359,45919
240107,45919
270191,45919
12635,45919
281320,45918
270232,45918
200644,45918
137743,45918
246832,45918
241552,45918
212413,45917
235067,45917
34193,45917
209871,45917
186601,45916
161309,45916
229627,45916
20394,45916
192176,45915
9306,45915
292744,45914
192465,45914
290127,45914
244343,45913
220464,45913
245557,45913
223434,45913
257833,45912
82698,45912
50505,45912
273581,45912
226237,45912
127306,45911
202843,45911
261642,45911
264989,45910
64648,45910
140323,45910
3184,45909
159197,45908
157090,45908
259778,45907
112578,45907
273383,45906
292534,45906
13430,45906
279161,45905
117304,45905
256078,45905
8304,45905
259913,45904
260712,45904
269308,45904
4134,45903
3503,45903
287176,45903
277280,45903
81819,45902
246529,45902
293976,45902
262724,45902
289803,45902
252271,45901
289943,45901
257512,45900
206540,45900
194871,45900
237698,45899
253047,45899
273166,45898
295276,45898
185065,45898
196447,45898
129820,45898
268474,45898
130865,45898
136369,45897
14305,45896
193990,45896
281691,45895
286106,45895
217232,45895
508,45894
181436,45894
288097,45894
183622,45893
134201,45893
170196,45892
131078,45892
137989,45892
146740,45891
264772,45891
186263,45891
261143,45891
258503,45891
266665,45890
185104,45890
176809,45890
283998,45889
295234,45888
217604,45888
9662,45888
189483,45887
73602,45887
225897,45887
223940,45886
153098,45886
186224,45885
267595,45885
243355,45885
3066,45884
3373,45883
196703,45883
43124,45883
153637,45882
287520,45882
72641,45881
179813,45881
253019,45881
275700,45880
124523,45880
280171,45879
13688,45879
272791,45878
280061,45878
273461,45877
277304,45877
266037,45877
116879,45876
170895,45876
275552,45876
212081,45876
280809,45876
96914,45876
140113,45875
121172,45875
295321,45875
239125,45875
203582,45875
277394,45875
138639,45874
206033,45874
265709,45874
144231,45873
78410,45873
281647,45873
157738,45872
189800,45872
215537,45872
291204,45872
1237,45871
103806,45871
109229,45871
269746,45870
126237,45870
250578,45870
253393,45870
161975,45869
250625,45869
16237,45869
233296,45868
224675,45868
258163,45868
281482,45868
134774,45867
288481,45867
267010,45867
259522,45867
12833,45867
132152,45866
79045,45866
36604,45865
275063,45864
37987,45864
288113,45864
295553,45864
258764,45864
290209,45864
90431,45864
130139,45864
1293,45863
200418,45863
109614,45863
161452,45862
206333,45862
274511,45861
115098,45861
266992,45861
67078,45861
274880,45860
225407,45860
270894,45859
150385,45858
265418,45858
218394,45858
238267,45857
241582,45857
5503,45856
206910,45856
272385,45856
254802,45856
278202,45855
288489,45855
200783,45855
273501,45855
160747,45855
253570,45854
192448,45854
119980,45854
256157,45853
2073,45853
224777,45853
173656,45853
213922,45853
228779,45852
283263,45852
274192,45852
165043,45852
249719,45852
90141,45852
232503,45852
180540,45851
140679,45851
146572,45851
9516,45851
116731,45851
283030,45851
193397,45851
250978,45850
257611,45849
194258,45849
248764,45849
11197,45849
3920,45849
277980,45849
218952,45848
287178,45848
184455,45848
856,45848
95101,45847
169998,45847
133631,45847
239364,45847
27583,45847
256677,45847
281922,45847
285503,45846
174054,45846
22449,45846
216155,45845
260481,45845
283570,45845
291947,45845
276221,45844
194331,45844
259239,45844
65648,45844
278060,45844
288508,45844
242138,45844
122709,45844
267467,45843
263841,45843
151726,45843
84509,45842
4712,45842
267516,45842
258024,45842
271657,45841
114875,45841
236331,45841
186287,45841
229408,45841
256465,45840
160660,45840
33123,45840
155062,45839
10899,45839
233035,45839
13178,45839
202812,45839
112498,45838
88131,45838
267904,45838
12544,45837
286516,45837
1304,45837
243083,45837
7171,45837
204378,45836
186412,45836
271330,45836
238951,45836
225034,45836
213297,45835
268145,45835
270174,45835
274194,45835
263467,45835
232772,45834
3130,45834
263638,45834
275887,45834
210533,45833
215028,45832
92666,45832
128660,45832
6739,45832
192420,45832
268407,45831
249250,45831
294487,45831
217475,45831
59531,45830
8693,45830
259665,45830
281838,45830
156418,45829
288187,45829
245135,45829
91977,45828
29999,45828
85798,45828
285125,45828
208337,45828
29563,45827
5344,45827
157486,45827
61890,45827
169915,45826
293737,45826
199781,45826
219974,45826
278186,45826
58245,45825
138358,45825
294518,45825
15120,45824
223019,45824
262367,45824
247126,45824
274512,45823
233722,45823
262488,45823
117491,45823
32,45823
76448,45822
278020,45822
2889,45822
287625,45821
258963,45821
249299,45821
247113,45821
217669,45820
270071,45820
52608,45820
267757,45820
2774,45820
274278,45819
3740,45819
232808,45818
106294,45818
269083,45818
259328,45818
276466,45817
257431,45817
57,45817
275080,45817
74634,45816
216563,45816
138592,45816
212239,45816
295019,45816
203632,45816
152369,45816
188666,45815
25977,45815
264414,45815
217638,45815
224614,45815
222067,45815
253249,45815
290106,45814
265350,45814
166512,45814
275727,45814
111035,45814
194639,45814
167041,45813
44478,45813
154893,45812
273525,45812
255258,45812
291492,45812
134715,45812
173204,45812
153913,45811
272808,45811
80256,45811
254741,45811
142729,45811
222253,45811
256681,45810
117494,45810
166295,45810
248466,45810
230778,45810
271730,45810
296492,45810
9452,45809
232616,45809
4042,45808
112357,45808
215254,45808
187571,45808
214388,45806
223333,45806
279182,45805
246871,45805
289559,45804
103448,45804
208109,45804
177663,45804
173863,45804
279051,45804
4936,45803
40670,45803
15149,45803
219223,45802
248171,45802
245940,45802
14916,45802
224632,45802
286278,45801
273023,45801
269527,45801
232593,45801
172421,45801
223710,45801
235436,45800
205827,45800
266400,45800
294153,45800
142827,45799
68337,45799
221096,45799
45003,45798
264947,45798
272259,45798
165558,45798
288535,45797
170890,45797
254116,45797
233195,45796
255931,45796
1872,45796
293862,45795
19414,45795
276624,45795
3577,45795
165533,45795
289373,45794
109850,45794
192114,45794
13415,45794
214629,45794
146882,45794
233192,45794
7854,45793
230922,45793
208071,45792
54331,45791
132911,45791
273708,45791
175529,45791
291622,45790
171443,45790
271799,45790
256080,45790
287693,45790
224076,45790
129333,45790
238866,45789
294470,45789
177882,45789
293841,45789
220047,45789
237557,45788
212911,45788
254983,45787
226734,45787
9946,45787
192796,45787
281139,45787
133600,45787
24051,45786
255894,45786
235044,45786
171052,45786
156145,45786
245976,45785
239394,45785
253558,45784
274756,45784
19941,45784
51624,45784
2746,45784
244986,45784
259272,45783
217020,45783
294803,45783
248633,45783
79683,45782
162986,45781
103269,45781
142647,45781
5227,45781
259179,45780
211137,45780
242187,45780
283026,45780
159895,45779
251465,45779
286876,45778
120840,45778
181999,45778
383,45778
289907,45777
275093,45777
265491,45777
293236,45777
124757,45777
40203,45777
263449,45777
267316,45777
4147,45776
228967,45776
243946,45776
261364,45776
77387,45776
160540,45776
285940,45775
282207,45775
172941,45775
259130,45775
94103,45774
143756,45774
73555,45774
200289,45773
236726,45773
8983,45773
267032,45772
170042,45772
292435,45771
244722,45771
208967,45771
3912,45770
149027,45770
255223,45770
137713,45770
194930,45769
253615,45769
283257,45769
93322,45769
23863,45769
275615,45769
252559,45768
137641,45768
267401,45768
221853,45768
220811,45768
117151,45767
266564,45767
262906,45767
259368,45767
294751,45766
275152,45766
247508,45766
283639,45766
268851,45766
480,45765
1701,45765
88100,45764
227385,45764
200099,45764
246588,45764
283525,45764
142387,45763
82788,45763
17820,45763
253694,45763
180968,45763
184525,45763
133918,45762
1179,45762
145165,45762
281017,45762
9384,45762
194245,45761
273734,45761
267180,45761
283090,45761
185695,45761
251774,45760
206307,45760
78758,45760
214123,45760
266691,45759
1866,45759
277352,45759
244087,45759
631,45759
99742,45759
70566,45758
104707,45758
282743,45758
193231,45758
226958,45757
237667,45757
245098,45757
236466,45756
278950,45756
296384,45756
93346,45756
295380,45755
276881,45755
266131,45755
6382,45754
41550,45754
278037,45754
267871,45754
260749,45753
189287,45753
229467,45752
261232,45752
215307,45752
248521,45752
68301,45752
289210,45752
60875,45751
52554,45751
14,45751
159996,45751
296400,45751
213462,45750
228074,45750
217244,45750
8844,45750
1319,45750
208946,45750
233315,45749
277065,45749
225970,45749
135228,45749
159499,45749
224479,45749
251155,45748
210779,45748
236770,45748
266275,45748
183484,45747
2089,45747
1317,45747
243919,45747
165344,45747
267043,45747
271007,45747
253618,45746
205810,45746
227343,45746
294691,45746
1,45746
18275,45745
174026,45745
290472,45744
94378,45744
287868,45744
220659,45744
204515,45743
272411,45743
19304,45743
181957,45743
8884,45742
204414,45742
90430,45742
8367,45742
205252,45742
275,45742
293764,45742
233155,45741
275846,45741
208667,45741
166609,45741
69413,45740
132192,45740
246669,45740
280933,45740
287168,45739
277642,45739
275885,45739
160248,45739
230155,45739
179285,45739
230853,45739
266001,45738
170368,45738
272047,45738
294215,45738
1428,45738
240002,45738
293843,45738
1323,45737
7678,45737
68885,45736
194063,45736
267702,45736
158205,45736
247078,45735
226587,45735
209720,45735
190135,45735
272358,45735
109495,45735
251913,45734
224432,45734
118649,45733
291829,45733
185188,45733
168833,45733
245008,45733
138049,45733
216698,45732
218653,45732
102313,45732
54265,45731
123142,45731
124767,45731
81394,45731
291885,45730
115002,45730
238261,45730
272602,45729
286028,45729
287479,45729
219228,45729
244661,45728
293657,45728
235739,45728
176441,45728
1257,45727
236719,45727
200546,45727
210688,45727
175453,45726
142106,45726
124766,45726
91702,45726
285950,45725
201425,45725
106467,45724
2934,45724
13853,45724
186493,45723
227116,45723
239441,45723
285519,45723
293759,45723
205523,45723
181646,45723
213369,45722
7237,45722
161683,45722
210907,45722
242175,45722
211866,45722
79044,45722
257049,45721
8068,45721
245677,45721
237154,45721
294657,45721
212878,45721
28604,45721
186818,45721
114069,45720
10005,45720
163816,45720
178635,45720
180123,45720
286850,45719
271528,45719
247201,45719
191313,45719
233357,45719
252766,45719
229432,45719
157336,45719
283574,45718
279309,45718
266713,45718
6117,45718
173957,45718
116287,45717
291038,45717
292397,45716
251845,45715
155911,45715
249591,45715
10409,45715
241060,45714
261822,45714
105166,45714
230409,45714
235575,45714
258439,45714
272218,45714
173560,45714
84720,45714
204679,45713
198107,45713
14297,45713
120631,45713
233721,45713
6625,45713
1071,45713
28946,45712
195238,45712
71467,45712
7414,45712
275870,45712
288084,45711
246291,45711
41594,45711
52784,45711
191210,45710
219761,45710
277345,45710
168639,45710
106143,45710
181550,45710
268038,45709
227845,45709
268868,45709
270600,45709
243415,45709
287058,45709
104639,45709
222029,45709
254974,45709
63377,45708
12783,45708
285676,45707
161380,45707
8378,45707
268016,45707
85545,45706
158645,45706
95131,45706
240181,45706
274564,45705
234073,45705
251677,45705
63570,45704
199922,45704
162674,45704
290886,45704
262189,45703
288468,45703
271431,45703
271958,45703
295743,45702
143937,45701
216926,45701
225962,45701
211193,45701
137367,45701
217553,45700
233827,45700
218304,45700
83501,45700
259740,45700
233028,45700
215653,45700
13462,45700
294156,45700
139612,45700
145304,45700
169121,45699
285463,45699
229134,45699
8506,45699
11408,45699
173358,45699
125776,45698
202589,45698
11537,45698
119676,45698
224077,45697
279016,45697
221634,45697
72,45697
131090,45697
224896,45697
182198,45696
271886,45696
282130,45696
276486,45696
245002,45695
11978,45695
170128,45695
171623,45695
249893,45695
269422,45695
143022,45694
181818,45694
53675,45694
285593,45694
267909,45694
129718,45694
203470,45694
139058,45693
284865,45693
267332,45693
290862,45693
286771,45693
189775,45693
217754,45692
265918,45691
273517,45691
2450,45691
57043,45691
225535,45691
206445,45691
226119,45690
180566,45690
198454,45690
229475,45690
265139,45689
80578,45689
198434,45689
263267,45688
228238,45688
235192,45688
283016,45687
273436,45687
193245,45687
215942,45687
198952,45687
173510,45687
216913,45686
287846,45686
66455,45686
243961,45686
157776,45686
150755,45685
210713,45685
159066,45685
175709,45684
196885,45684
294370,45683
166293,45683
223253,45683
237850,45683
157380,45682
277797,45682
125097,45682
234433,45682
99909,45682
224330,45681
284778,45681
274891,45681
294499,45681
255521,45681
146506,45681
282785,45681
248111,45680
232485,45680
284257,45680
287886,45680
53326,45679
211848,45679
254218,45679
241608,45679
179704,45678
17350,45678
271936,45678
69377,45677
133951,45677
12043,45677
8731,45677
285461,45677
209967,45676
237256,45676
102479,45676
495,45676
239232,45675
2266,45675
197187,45675
269655,45674
96101,45674
249251,45674
283132,45673
226592,45673
127086,45673
232143,45673
288887,45673
275219,45673
210090,45672
146214,45672
176179,45672
11170,45672
236920,45672
268855,45672
264418,45672
158534,45672
245964,45671
244772,45671
160177,45670
238603,45670
269863,45670
63834,45670
239958,45670
246274,45670
209748,45670
271110,45669
290980,45669
245873,45669
201948,45669
246998,45669
269380,45669
171686,45669
198935,45669
11836,45669
290648,45669
284153,45669
15809,45669
84584,45668
115137,45668
221993,45668
165249,45668
122360,45668
9574,45668
169316,45667
564,45667
10137,45667
250935,45667
79799,45667
247284,45666
80619,45666
275655,45666
18006,45666
230881,45666
7494,45666
130849,45666
180289,45665
232089,45665
229708,45665
206997,45665
227853,45664
293722,45664
85467,45664
79592,45664
256546,45664
244445,45664
223044,45664
272879,45664
217456,45663
64972,45663
219547,45663
209999,45663
256317,45663
691,45662
2313,45662
4521,45662
242431,45662
185649,45662
250615,45662
28683,45662
285280,45662
1735,45660
40147,45660
8498,45659
263090,45659
174488,45659
29331,45659
188222,45659
251946,45659
183684,45658
190349,45658
153723,45658
231303,45658
45472,45658
277839,45658
214176,45658
151842,45658
201934,45657
192281,45657
243471,45657
269894,45657
155725,45657
121809,45656
276834,45656
100085,45656
251714,45656
269239,45656
270574,45656
8865,45656
38892,45655
218602,45655
57136,45655
256136,45655
270914,45655
212458,45655
286513,45655
256539,45655
36329,45655
212537,45655
296416,45654
290240,45654
116549,45654
289355,45654
272167,45654
277560,45654
253991,45653
261543,45653
209701,45653
185288,45652
167785,45652
296378,45652
222275,45652
243420,45652
96694,45651
188404,45651
230705,45651
251044,45651
120630,45651
241693,45651
283328,45651
235527,45650
44950,45650
275933,45650
287703,45650
275295,45650
222531,45649
178008,45649
204873,45649
284955,45649
256144,45649
264641,45649
233781,45648
254146,45648
274212,45648
135639,45648
54236,45648
197246,45647
186415,45647
238628,45647
294332,45646
267728,45646
132737,45646
222849,45646
239834,45646
194778,45646
211906,45645
55396,45645
86082,45645
270322,45644
256907,45644
280782,45644
253480,45644
61448,45643
242064,45643
11296,45643
280956,45643
260216,45643
289246,45642
107030,45642
220840,45642
282808,45641
284241,45641
206225,45641
141318,45641
213941,45641
7374,45640
175216,45640
147768,45640
194934,45640
244782,45640
263832,45640
252192,45640
231406,45640
219565,45640
235975,45640
245667,45640
291000,45639
156197,45639
248314,45639
274812,45639
67044,45639
148726,45638
5418,45638
169527,45638
274535,45638
292667,45637
279075,45637
190809,45637
156693,45636
106057,45636
226407,45636
19728,45636
278590,45635
186530,45635
266458,45635
266673,45635
279819,45635
169029,45635
159800,45635
265715,45635
42193,45635
274789,45634
211514,45634
20918,45634
141215,45634
94638,45634
101603,45634
267778,45634
192397,45633
212473,45633
266745,45633
245370,45633
283275,45633
240606,45633
151781,45632
162188,45632
279873,45632
97406,45631
127374,45631
199820,45631
123957,45631
269660,45631
243118,45631
269386,45631
56744,45630
254940,45630
246505,45630
116398,45630
60571,45629
146866,45629
56290,45629
276836,45629
210381,45629
282468,45628
122402,45628
121149,45628
129969,45628
293349,45628
216172,45628
231720,45628
244380,45627
240766,45627
264421,45627
287068,45627
212640,45627
6931,45627
229,45627
244428,45626
290866,45626
238557,45626
35232,45626
251999,45626
105259,45626
285844,45626
73799,45626
41307,45625
252042,45625
223548,45625
254876,45625
157438,45625
273858,45625
153222,45624
217501,45624
244499,45624
278746,45624
1845,45623
227526,45623
221070,45623
7172,45623
222503,45623
171418,45623
183533,45623
257114,45623
200071,45623
5613,45623
150596,45623
17502,45623
277059,45622
198703,45622
31361,45622
181240,45622
295952,45622
185177,45622
197289,45622
158960,45622
98001,45621
263405,45621
218722,45620
214808,45620
107316,45620
149048,45620
155777,45620
12104,45619
179202,45619
276047,45619
196858,45619
295919,45618
276799,45618
165597,45617
12454,45617
225343,45617
28830,45617
246382,45617
237715,45617
2582,45616
240972,45616
19665,45616
108350,45615
240471,45615
282248,45615
228556,45615
129095,45615
287937,45615
233381,45614
210600,45614
661,45614
74267,45614
62535,45614
231363,45614
241785,45614
177242,45614
134043,45613
48728,45613
160207,45613
226618,45613
106017,45613
4820,45613
230529,45612
295908,45612
258652,45612
209247,45612
275663,45612
247104,45612
276748,45612
209998,45611
150718,45611
230352,45611
282478,45611
249796,45611
219807,45611
159068,45611
3389,45611
44706,45610
279329,45610
14786,45610
197787,45610
283278,45610
10481,45609
136003,45609
282256,45609
296317,45609
200327,45609
67357,45609
202706,45608
267673,45608
275773,45608
41188,45608
273493,45608
21475,45608
175716,45608
200928,45608
244566,45607
235558,45607
291316,45607
225977,45607
244296,45607
291578,45607
266517,45607
278630,45606
35471,45606
196291,45605
235449,45604
256734,45604
2721,45604
266750,45604
191,45604
292683,45604
2335,45604
244810,45604
217474,45603
207375,45603
163955,45603
159591,45603
199197,45603
30755,45602
254601,45602
130594,45602
1017,45602
1061,45601
272805,45601
262399,45601
176794,45601
269073,45601
183234,45601
5783,45601
269924,45601
2225,45601
90674,45601
240491,45600
232518,45600
293065,45600
210927,45600
260991,45600
145495,45600
228578,45600
105249,45599
116771,45599
219722,45599
18968,45599
207919,45599
161474,45599
253553,45599
279000,45599
250353,45599
203709,45598
238050,45598
4244,45598
186556,45598
235512,45598
201844,45598
161192,45598
135778,45597
294741,45597
4137,45597
239729,45597
189216,45597
267145,45597
276837,45597
66174,45597
271290,45597
172365,45597
250648,45597
211507,45597
244126,45596
189637,45596
285111,45596
151513,45596
285097,45596
105083,45596
217389,45596
261970,45595
272343,45595
272352,45595
66745,45595
272735,45594
184943,45594
289351,45594
282749,45594
98391,45594
116090,45594
280565,45594
266769,45594
203662,45594
269873,45593
286426,45593
235667,45593
1292,45593
83181,45593
203239,45593
295221,45592
207339,45592
211657,45592
157860,45592
30412,45592
136312,45591
105357,45591
269444,45591
235926,45591
163846,45591
277113,45591
111877,45590
172506,45590
216003,45590
34967,45590
100871,45590
184911,45590
293243,45590
272195,45590
278717,45589
40888,45589
242797,45589
28828,45589
233058,45589
233006,45589
249384,45589
177288,45588
7034,45588
52810,45587
236077,45587
211593,45587
262176,45587
151010,45587
239845,45587
154112,45587
115003,45586
226897,45586
205085,45586
293230,45586
228250,45586
296278,45586
234739,45586
28718,45586
141935,45585
206233,45585
262468,45585
171679,45585
116841,45585
176937,45584
243640,45584
151060,45584
262081,45584
1406,45584
77949,45584
160450,45584
39475,45583
63088,45583
281628,45583
272302,45583
54655,45583
203836,45582
63141,45582
261262,45582
84241,45582
203618,45582
9901,45581
151120,45581
160537,45581
268641,45581
261787,45581
139170,45581
247538,45581
210733,45581
891,45581
12030,45581
138218,45580
154291,45580
225054,45580
219285,45580
22884,45580
218437,45579
120129,45579
153263,45579
115272,45579
223374,45578
148243,45578
263792,45578
130997,45578
67588,45578
287464,45578
272423,45577
220714,45577
236303,45577
238920,45577
208618,45577
272965,45577
284758,45577
223478,45577
78172,45577
162775,45577
238220,45576
293590,45576
192964,45576
187997,45576
246388,45576
282956,45576
275692,45576
2950,45576
211818,45576
265956,45576
293909,45576
218689,45576
157411,45575
186579,45575
283647,45575
100533,45575
271978,45575
66034,45575
3923,45575
257194,45574
291338,45574
222564,45574
198128,45574
276988,45574
265566,45574
217683,45574
151068,45574
207989,45573
219603,45573
72872,45573
277532,45573
200684,45573
284851,45572
13569,45572
280415,45572
218617,45572
294883,45572
234319,45572
293095,45572
190230,45572
258011,45572
53076,45572
253313,45572
195864,45572
278124,45571
254483,45571
43383,45571
219399,45571
192198,45571
288620,45571
206094,45571
286364,45571
199775,45570
149193,45570
176041,45570
13887,45570
258899,45570
266684,45570
247644,45569
97698,45569
200247,45569
273152,45569
46887,45569
209135,45568
285256,45568
171996,45568
135158,45568
1756,45568
137593,45568
244176,45568
250162,45568
128480,45568
171495,45568
201512,45568
265561,45567
272507,45567
238541,45567
21071,45567
198506,45567
163638,45567
251251,45567
14898,45566
108532,45566
155658,45566
121039,45566
145695,45565
210971,45565
177565,45565
55319,45565
273779,45565
122083,45565
65089,45565
221947,45565
110056,45565
199139,45565
239493,45565
277509,45564
15279,45564
257862,45564
207028,45564
239662,45563
252889,45563
249963,45563
250802,45563
293753,45563
289947,45562
256851,45562
250690,45561
196642,45561
235593,45561
19789,45561
281472,45560
103104,45560
281083,45560
252315,45560
291972,45560
135820,45560
56386,45560
235885,45559
233209,45559
130300,45559
618,45559
51878,45559
58054,45559
256713,45559
229156,45559
138556,45558
139716,45558
292319,45558
293891,45558
218114,45558
168829,45558
294799,45558
188127,45558
229814,45558
295676,45557
276048,45557
115292,45557
155027,45557
247406,45557
181090,45557
37720,45557
172014,45557
231984,45556
234136,45556
175743,45556
249117,45556
203852,45556
261011,45556
234557,45556
247955,45556
205758,45556
196218,45556
155545,45555
179236,45555
203869,45555
241565,45555
267669,45555
46115,45555
245843,45555
214042,45555
290372,45555
234934,45554
110486,45554
247806,45554
121057,45554
8741,45554
170359,45554
270743,45554
292275,45553
202151,45553
255378,45553
202680,45553
222806,45553
166134,45552
246656,45552
294847,45552
142597,45552
260718,45552
254335,45552
286189,45552
280522,45552
213071,45551
287482,45551
175136,45551
250873,45551
244962,45551
87942,45550
160160,45550
167661,45550
241304,45550
234166,45550
292757,45550
3997,45550
173911,45550
76861,45550
252368,45549
215759,45549
5663,45549
165165,45549
262583,45549
273879,45549
178778,45548
278303,45548
288698,45548
189237,45548
36862,45548
149326,45548
148585,45548
206908,45548
135366,45548
247253,45548
225861,45548
251472,45548
210410,45548
277969,45547
235588,45547
13641,45547
35435,45547
292237,45547
261374,45547
102854,45547
5646,45547
285000,45547
258584,45546
284889,45545
183276,45545
225383,45545
96137,45545
246710,45544
270861,45544
224178,45544
282789,45544
107996,45544
4396,45544
213114,45544
91100,45543
20938,45543
272932,45543
81362,45543
183492,45543
30648,45543
52772,45543
94590,45543
259133,45542
57602,45542
1032,45542
71183,45542
241929,45542
169350,45542
262516,45542
3498,45542
164761,45542
276437,45541
207090,45541
256559,45541
68614,45541
265619,45541
279076,45541
877,45541
34923,45541
247008,45540
284032,45540
206476,45540
271870,45540
248715,45540
191743,45539
3569,45539
290642,45539
152684,45539
254463,45538
260490,45538
1617,45538
247266,45537
261818,45537
189935,45537
100222,45537
230440,45537
142019,45536
238504,45536
272762,45536
51920,45536
87456,45536
5468,45536
118590,45536
136862,45536
253649,45536
254981,45535
221023,45535
199574,45535
187800,45535
277627,45535
289744,45535
267529,45535
32352,45535
9031,45534
240523,45534
92174,45534
65424,45534
17829,45534
156559,45533
252623,45533
282073,45533
184702,45533
264934,45533
276588,45533
134921,45533
267209,45533
132207,45532
282215,45532
229564,45532
31547,45532
210357,45532
208117,45532
282605,45532
16242,45531
205038,45531
213535,45531
81168,45531
152170,45531
204673,45531
15785,45531
75048,45531
294555,45530
225546,45530
136704,45530
288261,45530
283598,45529
283974,45529
228750,45529
70041,45529
261410,45528
106969,45528
237637,45528
258946,45528
182470,45528
276519,45528
233837,45528
263651,45528
243756,45528
289250,45528
264801,45527
296462,45527
288104,45527
288427,45527
242993,45527
224457,45527
69451,45526
15614,45526
198858,45526
210831,45526
191937,45526
246310,45526
234008,45526
229279,45525
268150,45525
2445,45525
176337,45525
207371,45525
234901,45524
295924,45524
218168,45524
193761,45524
271821,45524
153314,45524
187,45524
203082,45524
213308,45524
217016,45523
248649,45523
119046,45523
2499,45523
124409,45523
283542,45523
254504,45523
38622,45523
128327,45523
293012,45523
250692,45523
6574,45522
230264,45522
34901,45522
165616,45522
241343,45522
218884,45522
190024,45522
277624,45522
82856,45521
131504,45521
166619,45521
246809,45520
266322,45520
255986,45520
282838,45520
279736,45519
228425,45519
177424,45519
166636,45519
163214,45519
294120,45519
94059,45519
104982,45519
170819,45519
247182,45518
229687,45518
19961,45517
272577,45517
183866,45517
260885,45517
289978,45517
174443,45517
215614,45517
133498,45517
79756,45517
182094,45517
4673,45517
29260,45517
228713,45516
294632,45516
39768,45516
189628,45516
208534,45516
243022,45516
293668,45516
115880,45515
233771,45515
5989,45514
277570,45514
180764,45514
146287,45514
232392,45514
41412,45514
141606,45514
200794,45514
244797,45514
24712,45514
138366,45513
11207,45513
285177,45513
223700,45513
94265,45513
286821,45512
273588,45512
153562,45512
261674,45512
248524,45512
251281,45512
286618,45512
282734,45511
227918,45511
249260,45511
156490,45511
254744,45511
253498,45511
168346,45511
274176,45511
141259,45511
222252,45511
209899,45511
161040,45511
286167,45510
222183,45510
247040,45510
245374,45510
280475,45510
3576,45509
271919,45509
167616,45509
227932,45509
232340,45509
235210,45509
191718,45509
269382,45508
273735,45508
222725,45508
68729,45508
32172,45508
108769,45508
4190,45507
268957,45507
231681,45507
192583,45507
22406,45507
182570,45507
65765,45507
170894,45507
359,45507
184687,45506
296132,45506
146012,45506
254457,45506
215005,45506
27650,45506
256396,45506
124253,45506
287944,45506
116593,45506
230694,45506
200359,45506
492,45505
156818,45505
24039,45505
30021,45505
96986,45505
230678,45505
295915,45505
156294,45504
51950,45504
175017,45504
206105,45504
19224,45504
213449,45504
189346,45504
17218,45504
131613,45504
201827,45504
212463,45504
289972,45503
230798,45503
275155,45503
33118,45503
191597,45503
247709,45503
286119,45503
921,45503
75858,45503
57395,45502
173233,45502
275116,45502
13924,45502
262103,45502
22010,45502
212781,45502
3127,45502
294686,45501
262408,45501
67418,45501
294398,45501
207744,45501
187076,45501
170735,45501
43520,45501
236367,45501
250572,45501
152786,45501
51634,45501
275849,45501
234385,45500
172505,45500
264216,45500
160399,45500
203213,45500
273447,45500
208958,45500
294302,45500
104642,45500
287459,45500
129932,45500
29426,45500
281254,45499
265209,45499
23819,45499
2257,45499
289222,45499
263809,45499
246166,45498
295137,45498
68595,45498
174766,45498
293856,45498
296366,45498
191380,45498
1784,45497
279925,45497
244778,45497
279288,45497
263544,45497
106333,45497
220405,45497
144420,45497
137735,45496
201847,45496
182529,45496
250295,45496
242716,45496
265767,45496
139185,45496
194903,45495
193692,45495
295219,45495
290230,45494
230947,45494
293499,45494
289776,45494
27994,45494
175055,45494
219943,45494
3821,45494
208779,45494
147489,45494
238829,45494
240852,45494
191603,45494
94534,45493
215663,45493
203579,45493
250804,45493
261558,45493
270860,45493
284226,45493
280930,45492
169675,45492
73063,45492
77728,45492
9374,45492
22439,45492
236232,45492
730,45491
175889,45491
255821,45491
240121,45491
238744,45491
191863,45490
285855,45490
89527,45490
7989,45490
282219,45490
276399,45490
266814,45490
179990,45490
291706,45490
183120,45489
280048,45489
242910,45489
197674,45489
226020,45488
269414,45488
229385,45488
269564,45488
19346,45488
132126,45488
271429,45487
4793,45487
86823,45487
215746,45487
245304,45487
288377,45487
138850,45487
116497,45487
167593,45487
54314,45486
164014,45486
215008,45486
25588,45486
158805,45486
253552,45486
88713,45486
26828,45486
272194,45486
175666,45485
394,45485
163939,45485
258520,45485
155005,45485
719,45485
260941,45485
196211,45485
293200,45485
3121,45485
236704,45485
144402,45485
14097,45485
130084,45485
282911,45485
287032,45484
204911,45484
219339,45484
163349,45484
245449,45484
266786,45484
152367,45483
282216,45483
10044,45483
295078,45483
224707,45483
279473,45483
133719,45483
50457,45483
206998,45482
60710,45482
285483,45482
237220,45482
261808,45482
112611,45482
57479,45482
233087,45482
264869,45482
133433,45482
287302,45481
250756,45481
164731,45481
283059,45481
152310,45481
266366,45481
153732,45481
296207,45481
277636,45481
183875,45480
162919,45480
267172,45480
232583,45480
296203,45480
276237,45480
262248,45480
283910,45480
39946,45479
21764,45479
219185,45479
12101,45479
267246,45479
157547,45479
281318,45479
264150,45479
238252,45479
265837,45478
270988,45478
278624,45478
225752,45478
293601,45478
251380,45478
12174,45478
5216,45477
289473,45477
11065,45477
199545,45477
277286,45477
198494,45477
136654,45477
268516,45476
211447,45476
267553,45476
246117,45476
293568,45476
283049,45476
215009,45475
133406,45475
105372,45474
8776,45474
216357,45474
108495,45474
212331,45474
288356,45474
140245,45474
54372,45474
48390,45474
236214,45474
263022,45474
110615,45473
132526,45473
54239,45473
52317,45473
100523,45473
22453,45473
193656,45473
277634,45473
203405,45472
109578,45472
159435,45472
212107,45472
188463,45471
101118,45471
217074,45471
130265,45471
197562,45470
280659,45470
208581,45470
262619,45470
279503,45470
257873,45469
207945,45469
199920,45469
261583,45469
23478,45468
254123,45468
253324,45468
245313,45468
243038,45468
203098,45468
5687,45468
202607,45468
110228,45467
254345,45467
15660,45467
246307,45467
168880,45467
225386,45467
263573,45467
21731,45467
262434,45467
252682,45466
291319,45466
13075,45466
258100,45466
241974,45466
172403,45465
198153,45465
189543,45465
277030,45465
216341,45464
275388,45464
1125,45464
253492,45464
259065,45464
170507,45464
240180,45464
214096,45464
278776,45463
255144,45463
225854,45463
53333,45463
145104,45463
243307,45463
267803,45463
1707,45463
262911,45463
242659,45463
250050,45462
276398,45462
1024,45462
293341,45462
127235,45462
292824,45462
115870,45462
225044,45462
244303,45462
283514,45461
264573,45461
249491,45461
22455,45461
265499,45460
5024,45460
284352,45460
16888,45460
119909,45460
270190,45460
15337,45460
122512,45460
287533,45460
13167,45460
120653,45459
140759,45459
179459,45459
135629,45459
289316,45459
250075,45459
157290,45459
284504,45458
293169,45458
16345,45458
264302,45458
218938,45458
47604,45458
281862,45457
202567,45457
176381,45457
218682,45457
225002,45457
295956,45457
279665,45457
160253,45457
207302,45457
291333,45456
145027,45456
163958,45456
172958,45456
181077,45456
200097,45456
293167,45456
245526,45456
50420,45456
154035,45455
31434,45455
272951,45455
4300,45455
230764,45455
277952,45455
290898,45454
255203,45454
225008,45454
211544,45454
286231,45454
246290,45454
30295,45454
18526,45453
250103,45453
224216,45453
254870,45453
239758,45453
292739,45453
276056,45453
140007,45452
167811,45452
267126,45452
240608,45452
240464,45452
285333,45452
204784,45452
295081,45452
233323,45452
181276,45452
270560,45452
293103,45452
108084,45451
85579,45451
296349,45451
129027,45451
230357,45451
279033,45451
154753,45451
228365,45451
185393,45451
4162,45450
245808,45450
241443,45450
122105,45450
229537,45450
241407,45450
136824,45450
195391,45450
242981,45450
208335,45450
174106,45450
242703,45450
102902,45450
159746,45449
173625,45449
156138,45449
222819,45449
196340,45449
47096,45449
156967,45449
48615,45448
205460,45448
175231,45448
259127,45448
181144,45448
284220,45447
11622,45447
750,45447
248211,45447
72189,45447
160,45447
216403,45447
274713,45447
96211,45447
77931,45447
104006,45446
252854,45446
138902,45446
15955,45446
168450,45446
40300,45446
258443,45446
194948,45446
205397,45446
204992,45445
260559,45445
223943,45445
92863,45445
123213,45445
141297,45445
159214,45445
282978,45445
268314,45444
460,45444
197872,45444
186499,45444
255441,45444
291889,45444
11154,45444
37886,45444
202662,45444
64898,45444
142981,45444
94525,45444
282481,45443
102171,45443
60518,45443
265200,45443
258807,45442
276482,45442
186020,45442
237129,45442
232319,45442
227805,45442
227759,45442
139190,45442
191886,45442
222172,45441
207721,45441
245832,45441
268433,45441
285040,45440
283364,45440
165268,45440
227948,45440
228776,45440
12212,45440
255499,45440
281747,45439
252423,45439
19056,45439
264511,45439
5870,45439
147951,45439
245963,45439
234738,45439
28563,45439
232067,45439
260551,45439
119986,45439
147160,45439
176608,45438
272764,45438
248508,45438
292242,45438
236519,45438
9809,45438
276674,45438
148060,45438
277848,45437
246803,45437
196680,45437
261305,45437
84642,45437
140539,45437
248817,45437
6244,45437
17604,45437
280986,45437
158036,45436
252744,45436
292122,45436
182065,45436
267067,45436
292392,45436
215294,45436
270650,45436
240234,45436
225199,45436
271743,45436
241779,45436
154282,45435
11420,45435
86813,45435
264730,45435
140749,45435
288776,45435
206123,45435
248445,45435
130839,45435
257045,45434
165867,45434
281161,45434
88221,45434
253955,45434
163692,45434
12017,45434
236646,45434
274209,45434
57530,45434
253869,45433
218737,45433
220598,45433
245762,45433
99703,45433
143857,45433
136169,45433
178041,45433
278564,45433
164329,45433
172086,45432
138505,45432
179243,45432
256000,45432
62773,45432
127536,45432
188389,45432
6728,45432
176850,45432
78947,45432
224905,45431
296090,45431
171219,45431
276860,45431
156729,45431
199634,45431
1397,45431
198210,45431
138926,45430
74547,45430
260706,45430
1094,45430
201419,45430
168976,45430
254997,45430
249714,45429
186910,45429
250656,45429
273065,45429
244656,45429
180920,45429
179153,45429
284454,45429
152717,45429
254533,45429
255512,45429
203707,45428
239852,45428
244463,45428
256356,45428
4273,45428
293662,45428
295284,45427
234491,45426
270208,45426
220424,45426
203989,45426
35360,45426
244270,45426
222211,45426
269939,45426
140013,45426
84811,45426
237250,45426
84052,45426
192025,45426
182966,45425
243606,45425
5450,45425
291055,45425
36722,45424
187042,45424
242760,45424
185990,45424
142378,45424
190159,45424
144310,45423
210111,45423
210423,45423
246953,45423
12521,45423
222148,45423
199544,45423
145826,45423
141003,45423
208356,45423
291220,45423
202023,45423
295803,45422
218755,45422
278646,45422
218176,45422
268781,45422
247897,45422
