2197,100000
1735,66862
3357,56142
6778,55022
490,53911
537,52842
6948,52039
57594,51684
1517,51596
9600,51293
1494,51090
6272,50887
5047,50622
32894,50322
8367,50233
6206,50028
1000,50014
11834,49973
2721,49934
13281,49889
197,49864
923,49634
23362,49573
9233,49549
2093,49514
2137,49511
4161,49494
4137,49379
1687,49372
9072,49223
3923,49201
12441,49186
593,49059
1906,48916
9310,48891
2184,48796
10076,48782
13422,48776
7495,48771
4197,48715
730,48710
20457,48706
12679,48610
55069,48591
32317,48561
22724,48554
411,48551
13075,48542
19724,48536
32,48514
9385,48496
28280,48483
4558,48436
6890,48436
92244,48409
10879,48409
54428,48406
30950,48387
5503,48333
174955,48332
6033,48282
20690,48267
2316,48254
18554,48238
2799,48196
4360,48192
41250,48112
1725,48087
4534,48059
1061,48051
378,48032
10237,48026
23747,48001
8731,47989
1268,47951
136,47932
10430,47923
32681,47914
69694,47877
78928,47875
6363,47862
301,47860
7678,47826
7843,47819
1280,47809
72893,47793
440,47764
921,47755
4468,47741
879,47692
2379,47689
203880,47669
9917,47659
2311,47658
1459,47650
2120,47643
6515,47638
20075,47636
44270,47630
40865,47624
60959,47612
16891,47612
3247,47612
4657,47598
34952,47594
656,47581
325,47577
2812,47573
13399,47572
7235,47562
37937,47562
973,47559
2362,47554
9606,47553
26284,47545
5097,47541
504,47535
413,47535
10263,47534
49682,47526
137522,47518
70467,47516
239,47515
5749,47512
787,47512
2578,47509
71058,47499
359,47491
6389,47490
2746,47479
28666,47478
431,47478
1622,47466
35387,47447
13224,47430
3226,47416
914,47406
917,47402
1325,47398
455,47394
7441,47391
215751,47375
5012,47369
5270,47369
92412,47365
19685,47359
66974,47354
162366,47346
10438,47346
4397,47338
114562,47337
28661,47335
7517,47321
79275,47303
4602,47284
1770,47279
17506,47276
13573,47271
2889,47267
2313,47262
1180,47261
582,47255
5531,47251
27392,47250
8631,47245
402,47241
2073,47232
21949,47223
4961,47216
144124,47211
12874,47209
10874,47196
5810,47185
11420,47167
27341,47164
10071,47161
171,47159
40528,47139
264,47131
5646,47131
14946,47127
1594,47127
53506,47118
55829,47101
2785,47089
24704,47089
10886,47087
180682,47082
249151,47081
161,47080
38978,47080
46026,47079
4806,47077
239580,47076
46933,47066
26874,47064
8786,47052
251659,47050
1598,47047
11493,47047
12082,47046
104813,47038
32492,47033
675,47033
283800,47021
13550,47017
29888,47006
105451,46984
6791,46979
50429,46976
41633,46964
22038,46961
261675,46954
5534,46952
8306,46952
3395,46951
68519,46946
64182,46946
4734,46943
28484,46933
53292,46925
258727,46909
64783,46907
2815,46905
14788,46905
40940,46901
14708,46894
4318,46894
7916,46890
3597,46889
8945,46886
284675,46879
8024,46867
17714,46866
11982,46863
89817,46855
40193,46855
9474,46848
7730,46844
41327,46840
143795,46838
63228,46837
42233,46836
7848,46836
278614,46836
25451,46827
10506,46813
57641,46811
669,46807
12194,46803
201358,46800
40945,46794
10858,46791
2269,46789
34881,46787
171003,46778
652,46777
1320,46774
47200,46770
110400,46768
87211,46767
1559,46764
38850,46757
1390,46754
2450,46748
184269,46744
11722,46742
56494,46741
45433,46741
48058,46730
3531,46729
27428,46725
18215,46724
1308,46721
464,46716
3178,46707
48538,46706
19280,46697
152783,46695
33382,46694
200443,46693
120306,46691
3770,46689
55588,46678
6686,46677
41036,46672
7332,46662
25368,46661
1663,46656
6872,46653
8489,46651
10441,46650
96268,46641
109581,46628
41,46618
590,46617
164836,46615
24692,46612
19078,46612
17074,46609
8610,46607
65988,46603
41332,46603
215949,46602
111019,46601
110203,46598
184250,46594
62652,46592
137756,46590
8104,46588
512,46587
260263,46585
5396,46583
38622,46582
261131,46582
36716,46581
13887,46573
5191,46573
3822,46571
222492,46570
29142,46570
87822,46567
22441,46566
8472,46563
9113,46563
1742,46562
1301,46561
148658,46559
39152,46557
71976,46555
7625,46555
107740,46553
8056,46553
30584,46550
28022,46545
9916,46544
70055,46541
172538,46540
1239,46534
10607,46533
6390,46533
2797,46532
50638,46531
2506,46531
130901,46530
1505,46529
92399,46529
159276,46527
14214,46527
252437,46523
10357,46523
20283,46523
25123,46521
212353,46518
284472,46516
35486,46513
18089,46512
287007,46512
36027,46511
27949,46509
15955,46508
157966,46506
27806,46506
15328,46504
46630,46504
128580,46503
1166,46502
272258,46502
10189,46500
77868,46500
102770,46498
9342,46494
155858,46488
22310,46488
12132,46488
56711,46487
222425,46487
573,46487
978,46486
6665,46485
140507,46484
13312,46481
147,46480
2653,46479
153,46473
472,46472
6951,46471
230553,46467
3576,46465
13066,46465
4389,46464
2634,46461
7418,46461
171387,46461
166782,46459
18304,46455
101581,46451
18032,46450
14584,46449
4487,46444
642,46443
205733,46443
152269,46443
15673,46442
268856,46439
80657,46437
67781,46436
212519,46431
228907,46431
48302,46429
16433,46429
147127,46428
15970,46427
80603,46426
289290,46425
63073,46424
12146,46423
52328,46419
11142,46419
22702,46417
19188,46416
767,46412
43175,46409
212856,46407
5550,46407
223759,46406
12160,46401
3203,46400
4666,46397
33203,46395
185947,46395
174355,46395
25614,46392
37517,46391
197329,46387
10185,46385
185319,46383
7305,46381
205197,46380
167681,46377
65929,46377
283373,46375
227616,46373
129333,46371
7483,46371
2597,46370
141798,46370
45579,46366
174027,46365
6333,46364
20552,46364
3693,46361
5609,46360
248629,46353
276462,46352
4577,46350
100442,46349
277367,46347
16888,46346
67114,46343
4483,46340
3075,46339
132061,46336
394,46335
4482,46331
229558,46330
214126,46329
258670,46329
7283,46328
65389,46328
7278,46328
122872,46327
6856,46327
42925,46325
293026,46325
22112,46325
3984,46324
8391,46320
13362,46318
261561,46314
43551,46313
508,46312
6882,46312
170438,46309
248623,46305
205339,46304
6119,46302
148414,46299
9185,46297
46792,46293
194987,46291
75477,46291
28483,46291
41502,46290
202866,46287
138169,46286
3988,46285
17077,46285
293668,46284
2971,46284
85225,46281
251372,46279
20504,46277
6156,46277
78300,46275
23579,46272
156608,46271
52080,46271
56378,46270
14685,46267
14684,46266
174846,46266
40,46262
44385,46262
63665,46257
834,46257
18276,46256
280574,46255
11793,46254
210942,46253
39745,46252
17427,46251
3976,46245
238807,46245
32849,46244
26566,46242
3470,46240
16070,46240
54657,46236
32448,46236
180967,46234
47700,46233
277670,46231
119131,46230
8518,46227
178121,46227
172119,46227
73718,46227
58175,46226
237066,46224
8451,46223
14961,46223
42960,46221
287662,46221
34119,46220
78044,46218
184868,46218
185351,46218
44020,46215
54795,46214
183851,46213
2347,46212
38381,46211
197579,46211
134258,46208
129588,46207
54025,46206
268520,46206
16974,46205
260255,46204
1765,46204
118316,46203
2774,46202
33942,46201
113505,46199
115634,46199
250060,46198
2383,46193
129261,46192
47811,46191
158714,46191
6930,46190
39622,46190
46442,46189
149,46189
16312,46189
7910,46189
12532,46188
205914,46188
51598,46186
10837,46184
11969,46182
225451,46181
34904,46180
236312,46180
24271,46179
10146,46178
81493,46178
171382,46178
104073,46177
2235,46177
9240,46177
34376,46175
78607,46173
13524,46172
167263,46171
68212,46171
51532,46171
184503,46170
97952,46170
267381,46169
166200,46169
90846,46169
29682,46169
184,46169
70205,46167
13068,46166
11475,46166
3861,46163
19874,46162
115121,46162
242477,46161
222429,46159
213359,46155
123070,46155
32404,46154
50191,46154
225990,46154
256243,46151
3871,46151
6314,46151
149991,46150
12338,46149
20938,46149
16698,46146
46503,46145
66642,46142
27355,46140
16042,46138
8767,46138
81007,46134
98882,46134
262841,46132
6651,46132
260190,46129
2865,46129
26231,46126
24803,46125
202174,46125
27928,46124
92726,46124
21328,46123
7125,46122
36704,46121
8866,46119
211374,46117
20385,46117
162515,46115
248227,46113
41071,46113
16041,46112
35575,46112
156737,46110
32756,46108
262276,46107
96259,46106
244463,46106
15408,46106
72754,46102
130839,46102
64425,46101
105043,46099
94100,46096
935,46096
21035,46096
41299,46095
72772,46095
219636,46093
34729,46092
15311,46091
77521,46091
24731,46091
56946,46088
24387,46083
133635,46082
49072,46081
36346,46078
96376,46078
28537,46078
255885,46077
74652,46076
124792,46075
50278,46074
161576,46074
57857,46072
59000,46071
198634,46068
184997,46065
15725,46063
13671,46061
77869,46060
58431,46060
35846,46059
5229,46058
241262,46058
31757,46058
2135,46057
277737,46057
2068,46055
39864,46054
5869,46054
87153,46054
89105,46053
292793,46052
10031,46052
27366,46051
212914,46051
256791,46051
5013,46051
5655,46050
151042,46050
1973,46047
31672,46047
279612,46045
210199,46045
10735,46045
52158,46044
255922,46044
171933,46044
47403,46043
4713,46042
209910,46042
41654,46041
165625,46041
212936,46039
216582,46037
52621,46037
972,46036
288647,46035
225042,46035
9963,46033
15563,46033
122119,46029
69029,46029
91322,46026
19365,46024
3026,46023
179990,46023
5080,46021
196899,46021
217051,46018
287962,46017
106070,46017
133681,46015
14975,46014
2680,46013
17854,46012
6291,46012
7096,46012
49050,46011
78004,46011
231061,46011
711,46010
122572,46009
63273,46007
92917,46007
34967,46007
289973,46005
209693,46005
31062,46002
78690,45998
81454,45998
194740,45998
169801,45998
256295,45998
228363,45997
56849,45995
262499,45994
29825,45993
25233,45992
247581,45991
10904,45990
89618,45989
31755,45988
11010,45987
12762,45987
121776,45985
43688,45985
76736,45985
74079,45985
5220,45984
32495,45983
172897,45982
216371,45981
96256,45980
54122,45978
7796,45977
211532,45976
117408,45975
4420,45974
271497,45974
225538,45972
8061,45972
27653,45972
193747,45972
357,45972
176488,45971
20325,45970
41991,45968
286270,45968
87734,45967
280148,45966
211767,45966
5840,45965
55172,45962
1682,45962
740,45959
119467,45957
11472,45957
232240,45956
150108,45956
23706,45955
31263,45955
3130,45954
241062,45954
62601,45954
66526,45952
24718,45952
107120,45952
114136,45952
227419,45951
682,45951
6301,45951
2321,45950
20104,45950
5582,45949
9898,45949
265577,45948
36261,45948
19695,45945
6966,45945
6613,45945
1071,45944
1317,45944
106902,45943
17889,45942
10255,45942
36893,45941
130577,45940
176179,45939
73305,45938
252052,45937
6011,45934
81689,45933
52442,45933
95105,45933
34562,45933
198461,45932
33415,45932
30417,45931
88042,45930
193994,45930
76762,45929
55439,45928
2976,45928
65031,45927
217898,45927
4524,45926
56862,45925
90829,45924
1392,45924
93074,45924
173271,45922
198840,45917
3885,45917
134011,45916
153625,45914
20948,45914
11890,45913
8883,45913
199366,45913
293927,45912
140734,45912
5559,45908
229506,45907
20836,45907
109626,45906
255412,45905
136540,45903
5284,45902
34037,45901
182139,45901
2246,45900
220529,45898
212848,45898
221071,45897
183773,45895
24028,45894
8452,45893
9857,45893
217497,45893
49904,45891
26179,45889
281541,45888
2478,45888
190920,45888
46521,45888
57185,45888
5282,45887
9865,45887
13108,45887
169800,45885
151148,45885
132439,45885
66326,45885
2030,45883
211909,45883
25421,45882
85448,45882
133200,45882
181431,45881
5959,45881
79470,45881
23667,45877
383,45876
287913,45876
34351,45875
356,45875
292690,45873
42222,45873
200899,45872
6803,45872
709,45870
292151,45870
4813,45869
13322,45867
26260,45866
44128,45865
3168,45864
234577,45864
217714,45863
193187,45863
112110,45862
4661,45861
8693,45861
247127,45861
261584,45861
583,45861
275565,45860
60855,45857
7092,45856
57663,45856
15660,45855
143441,45855
91641,45855
51640,45853
172598,45852
289843,45851
61423,45851
209764,45851
261742,45851
31034,45851
248389,45850
54600,45848
15838,45847
193903,45847
220466,45845
50592,45845
283905,45844
115199,45843
28059,45843
81826,45842
3824,45842
284837,45842
10613,45841
58692,45841
29893,45841
4132,45841
248169,45840
205248,45837
18827,45837
30020,45837
243901,45837
16222,45836
3708,45835
113041,45834
141365,45834
117979,45834
119796,45833
3981,45831
139003,45830
45092,45830
90069,45829
175930,45829
52484,45829
268152,45829
93922,45827
34084,45826
249594,45825
25611,45824
173121,45823
2528,45823
237813,45821
247856,45820
217717,45820
7427,45819
27603,45818
193396,45818
188562,45817
26589,45816
288224,45816
282035,45815
49673,45813
76343,45813
278654,45811
98765,45811
182979,45811
245124,45811
8214,45809
214035,45809
86219,45809
7750,45808
8750,45807
72721,45807
261753,45806
87064,45805
282984,45804
5764,45804
29392,45804
5931,45804
25089,45803
184554,45802
206986,45801
495,45801
125317,45800
69935,45800
31086,45800
16489,45799
18068,45798
65278,45798
83804,45796
76178,45795
226461,45795
16496,45795
33344,45795
188840,45794
43240,45794
246403,45794
50302,45794
279734,45793
34223,45793
270184,45792
243154,45792
66955,45791
293628,45790
4157,45790
149258,45790
143527,45790
244564,45790
269188,45789
69132,45789
3131,45788
25323,45787
31843,45787
235594,45787
248334,45786
119187,45786
56114,45786
38157,45786
16864,45786
257689,45785
165181,45785
41350,45784
22233,45784
233870,45784
9094,45784
24328,45784
153567,45783
73881,45782
240410,45782
1926,45780
89293,45779
255203,45779
36513,45779
220876,45779
37932,45778
238419,45778
66993,45777
222818,45776
72872,45776
117429,45776
163496,45776
58358,45776
74908,45775
80147,45775
30240,45775
33683,45774
165019,45774
221490,45773
158172,45773
29947,45773
13406,45772
253487,45772
88279,45772
35517,45771
140228,45771
36374,45770
17054,45770
4983,45769
12396,45769
32019,45769
146720,45769
28313,45768
220734,45768
100887,45768
6486,45767
250022,45767
42212,45766
264155,45766
129908,45766
52546,45765
254512,45765
51561,45764
1539,45764
247060,45762
199195,45762
221031,45762
227129,45762
181371,45762
10051,45761
253065,45761
1760,45761
56203,45760
6584,45760
31618,45760
8062,45759
193377,45759
4731,45758
57777,45758
33876,45758
20606,45756
102396,45755
30460,45755
227994,45754
11602,45753
276859,45752
269531,45752
265278,45752
17422,45751
15994,45751
102854,45751
387,45750
130286,45749
11055,45749
175787,45748
16730,45748
6984,45748
5637,45747
69184,45747
106413,45747
46678,45747
258042,45746
281692,45746
63666,45746
45162,45746
292589,45746
7617,45745
61002,45744
37534,45744
258559,45743
112677,45741
5010,45741
257496,45741
180946,45740
209086,45740
295570,45740
208958,45740
692,45739
80310,45737
6509,45735
136549,45735
263760,45735
6256,45734
1553,45733
51769,45731
153221,45731
74915,45731
14700,45731
88598,45731
275959,45729
250237,45729
266494,45729
270863,45728
50189,45728
52604,45727
11425,45727
166676,45727
4039,45726
48411,45724
16764,45724
9611,45723
123412,45723
7395,45723
453,45723
6877,45722
31846,45722
1767,45721
51045,45721
199829,45720
256310,45720
25409,45720
76282,45720
118536,45719
193335,45719
240239,45718
173732,45718
8073,45716
88899,45716
275299,45715
110983,45715
121325,45714
117277,45714
230756,45713
42015,45713
6018,45713
107189,45713
267567,45713
248034,45712
14537,45711
157307,45711
70270,45710
30562,45710
20220,45709
181342,45708
48859,45707
229130,45705
145157,45705
13286,45704
245619,45704
257130,45704
288113,45704
257,45703
68236,45703
18058,45703
179252,45703
162367,45701
16708,45700
2186,45699
8855,45698
12875,45698
185614,45697
3471,45696
245912,45694
111972,45694
18579,45692
30069,45692
82604,45691
186323,45691
22042,45691
103078,45690
44588,45690
797,45689
129168,45688
284250,45688
15649,45688
24465,45688
140382,45687
175293,45687
255631,45686
45328,45686
208244,45686
42174,45686
4170,45685
11907,45685
217303,45684
253698,45683
53265,45681
267526,45681
201930,45681
36060,45681
266135,45680
12941,45680
122592,45679
254259,45678
39311,45678
102039,45678
271852,45677
22043,45677
90874,45677
193578,45677
213720,45676
39566,45676
103059,45674
1290,45674
100217,45674
176110,45674
58339,45673
261097,45673
20868,45673
3920,45672
33250,45672
187456,45672
218622,45672
33921,45672
291759,45672
167431,45671
123462,45671
128902,45671
250892,45671
203622,45671
34525,45670
18789,45669
117174,45669
251904,45668
275015,45668
123786,45668
145983,45668
284175,45667
217672,45666
27629,45666
33164,45666
33256,45665
91651,45664
210935,45664
242501,45664
29353,45664
73262,45664
1036,45663
261703,45663
81356,45663
211070,45662
25043,45661
80143,45661
285082,45660
240056,45660
184473,45660
63381,45660
281844,45660
49035,45659
87682,45659
41008,45658
8386,45658
283343,45657
19774,45657
48193,45657
40188,45657
23788,45657
285142,45656
608,45656
21850,45655
63050,45655
218107,45655
7172,45654
221439,45654
8891,45654
12956,45654
262504,45653
30620,45653
59221,45653
10589,45652
32110,45652
92500,45652
184097,45652
2577,45652
242791,45652
45804,45652
48285,45652
62524,45652
74129,45651
253646,45650
1728,45650
264544,45649
287444,45649
47685,45649
85260,45649
19419,45649
6591,45648
22722,45648
980,45648
204775,45646
173886,45646
290920,45645
211543,45645
171999,45645
294296,45644
172799,45643
8086,45643
16600,45643
117760,45642
132410,45642
36659,45641
216041,45641
14784,45640
287374,45639
5670,45639
2271,45638
168074,45638
82231,45638
96587,45638
21256,45638
142249,45637
3997,45637
52978,45637
187261,45636
236739,45635
112018,45635
139620,45634
17617,45634
5908,45633
47801,45633
149929,45632
23742,45632
149807,45632
22890,45630
82622,45629
52260,45629
19425,45626
166265,45626
27065,45626
11689,45626
186024,45625
11619,45625
246325,45624
55640,45624
35946,45624
76990,45624
31718,45624
268398,45623
197152,45623
224723,45622
90219,45622
292595,45621
265819,45621
49712,45620
30732,45620
150859,45620
175229,45620
33914,45619
295810,45618
6626,45618
4948,45618
77681,45616
29173,45616
12458,45616
420,45615
11357,45615
249127,45614
114716,45614
232447,45614
44825,45613
107183,45613
2141,45613
152279,45613
156577,45613
195128,45611
21515,45611
22434,45611
242497,45610
148208,45610
287856,45610
289151,45610
222840,45609
28767,45609
205731,45609
160340,45608
49078,45608
190842,45608
17553,45606
100594,45606
171606,45605
129437,45605
288197,45604
67385,45604
3767,45604
76559,45603
188211,45603
7499,45602
32805,45602
3507,45601
180248,45601
7114,45601
2108,45600
279959,45597
278426,45597
200002,45596
4783,45596
273215,45596
31064,45595
2467,45594
166922,45594
102265,45593
38819,45593
3460,45593
180144,45593
250408,45592
19593,45592
238863,45592
114259,45591
35793,45591
244008,45591
232305,45590
258328,45590
87440,45590
203263,45589
134420,45589
98108,45588
5408,45588
85381,45586
3220,45586
56877,45586
63149,45586
5512,45586
5814,45585
244006,45585
41889,45585
195849,45585
182301,45585
230630,45585
229615,45584
200534,45584
4974,45584
172461,45584
111590,45584
126202,45584
246205,45583
123968,45582
222989,45582
248157,45582
177876,45581
204610,45581
104256,45581
207572,45581
295513,45580
79820,45580
11862,45580
22022,45579
153998,45579
148862,45579
23679,45578
286780,45578
121997,45577
1740,45576
252304,45575
2531,45575
6547,45574
60275,45574
200904,45574
35114,45574
57028,45574
123812,45574
3351,45573
237091,45573
69662,45572
47624,45572
208761,45572
250355,45572
39840,45571
145569,45570
20625,45570
110935,45570
202917,45570
3614,45570
48390,45570
26137,45569
225905,45569
288747,45569
710,45568
3961,45568
511,45567
263969,45566
265619,45566
242533,45566
7364,45565
95314,45565
25983,45565
74959,45564
24162,45564
100791,45564
126909,45564
151669,45562
123353,45562
86702,45562
2299,45561
145514,45561
93532,45560
113470,45560
237348,45560
13377,45560
31547,45559
77496,45559
140930,45559
29673,45559
213759,45558
224149,45557
278533,45557
285149,45557
160769,45557
256485,45557
188736,45557
236095,45556
151923,45556
48348,45555
84274,45555
276844,45554
185359,45554
241633,45553
6585,45553
100979,45552
16776,45551
33681,45551
86106,45550
10234,45550
238442,45549
57896,45549
156126,45549
151766,45549
112668,45549
17800,45549
266964,45548
228158,45548
166999,45548
102380,45547
50841,45546
265585,45545
154476,45545
2951,45544
294934,45544
130651,45543
247819,45542
79874,45542
5857,45541
291801,45541
159976,45540
234729,45540
13160,45540
117024,45540
224348,45540
295432,45539
265046,45538
219226,45537
251859,45537
141538,45537
274492,45536
215489,45536
190602,45536
30212,45535
38495,45535
8285,45535
116729,45534
13327,45533
162060,45533
293025,45532
291565,45532
79993,45532
103776,45531
290233,45531
22558,45531
255505,45530
295811,45530
241223,45529
2522,45529
8479,45528
219493,45528
56796,45528
266180,45528
186820,45528
130016,45526
168610,45526
41352,45525
42735,45525
101279,45525
62322,45525
211168,45525
20688,45525
4042,45524
246158,45524
91730,45524
60293,45524
61405,45524
18894,45524
119890,45524
237808,45523
117674,45523
18170,45523
181535,45523
256421,45523
4885,45522
80813,45521
3302,45521
108608,45520
285177,45520
64287,45519
138654,45519
77801,45518
209971,45518
118148,45518
25208,45517
35054,45517
273881,45517
185836,45517
252193,45516
8394,45516
241519,45514
11549,45513
13203,45513
3181,45513
280813,45512
49109,45512
254172,45511
173013,45511
1441,45511
66671,45511
25083,45510
226430,45509
249490,45509
261878,45509
24691,45508
294939,45508
228799,45507
127616,45507
18024,45507
1110,45507
4168,45506
153541,45506
60116,45506
188304,45506
20219,45505
29416,45504
8659,45504
206004,45504
172802,45503
132599,45503
111772,45503
241857,45502
21133,45502
35735,45502
6879,45501
226540,45501
30543,45501
100655,45501
21931,45501
140296,45500
46527,45500
74786,45500
39358,45500
124146,45499
285241,45499
160411,45499
106425,45498
268976,45498
25700,45498
198276,45497
48252,45497
50420,45496
186982,45496
207403,45496
36532,45496
28335,45496
239014,45495
250748,45495
38318,45495
37406,45494
274168,45494
213268,45494
74253,45493
42191,45493
183173,45493
192887,45493
286045,45493
227334,45493
157919,45492
266749,45491
291267,45491
262764,45491
285585,45491
271835,45490
238589,45490
17332,45490
120484,45489
205514,45489
4190,45489
192456,45489
46220,45489
21083,45488
188122,45488
93172,45488
11382,45488
129693,45486
158770,45486
133820,45486
112726,45486
291044,45485
188227,45485
269120,45485
32288,45485
223836,45485
78852,45485
275631,45484
223573,45484
24726,45484
291169,45483
280566,45483
34722,45482
36632,45482
150744,45482
180122,45481
1319,45481
200967,45481
39523,45481
8210,45481
13128,45480
108710,45480
202648,45480
22809,45479
180482,45478
8160,45478
42625,45478
219542,45478
191332,45478
47324,45478
226629,45477
189676,45477
160176,45477
123818,45477
14575,45476
8616,45476
94926,45475
250173,45475
8025,45475
87187,45475
170131,45474
58325,45474
123819,45474
270985,45474
217452,45473
51277,45473
272294,45473
229360,45473
144334,45473
108483,45472
16882,45472
13304,45472
118385,45472
245193,45471
97715,45470
79659,45470
275862,45470
109209,45470
246795,45470
237670,45470
132804,45469
61085,45468
22760,45467
286058,45467
16511,45467
52443,45466
204526,45466
226666,45466
246646,45464
270462,45464
290199,45464
100466,45464
86775,45464
269492,45463
12453,45463
273110,45463
31733,45463
145282,45462
4388,45462
100049,45462
60500,45462
218211,45462
151084,45461
81740,45461
30182,45461
23096,45461
271469,45460
68866,45460
61802,45460
40684,45460
16896,45459
288985,45459
281205,45458
245457,45458
113134,45458
96299,45457
174568,45457
268566,45457
52655,45457
137705,45456
72888,45456
93197,45456
279815,45455
149165,45455
246818,45454
137449,45453
42978,45453
293587,45453
230525,45453
20460,45452
141619,45452
93067,45452
278659,45452
86327,45452
136641,45452
49902,45452
276438,45451
61748,45451
3162,45451
6648,45451
281794,45450
68666,45450
125928,45450
261538,45449
208653,45449
202166,45449
98309,45449
155330,45449
218503,45447
231961,45447
185159,45447
278575,45446
287214,45446
63096,45446
126,45446
255587,45445
259058,45445
231194,45445
49271,45445
281219,45444
19927,45444
98901,45444
219765,45443
289882,45443
293086,45443
152522,45443
204530,45442
25895,45442
45870,45442
162664,45442
246910,45442
277697,45442
81738,45441
198221,45441
199856,45441
273924,45441
216173,45440
4605,45440
168707,45439
31991,45439
278018,45439
18273,45439
15727,45438
215285,45437
82265,45437
180476,45436
39684,45436
228478,45436
190238,45436
218969,45435
197693,45435
134181,45435
18609,45434
146964,45434
89177,45433
67822,45433
53548,45433
5783,45433
105004,45433
9662,45432
172544,45432
210955,45432
33119,45432
58505,45431
17386,45431
166707,45431
120522,45430
204739,45430
133305,45430
74580,45430
219329,45429
97876,45428
184453,45428
271780,45428
199680,45427
171176,45427
49190,45427
13557,45427
1633,45427
189786,45427
135359,45427
275609,45426
3855,45426
185264,45426
18296,45426
29187,45426
201590,45425
292425,45425
64325,45425
46829,45425
3274,45422
154306,45422
180698,45421
55587,45421
125906,45421
277128,45420
181510,45420
23813,45420
15136,45420
214451,45419
1538,45419
72731,45419
100039,45418
292972,45417
687,45417
2551,45417
236211,45417
263459,45417
6780,45416
61641,45414
206115,45414
226041,45413
46797,45413
10694,45413
148867,45413
278767,45413
282101,45412
34647,45412
17604,45411
65901,45411
72190,45411
294887,45411
25318,45411
23038,45410
43965,45410
59115,45410
191372,45409
164681,45409
201816,45408
142414,45408
294892,45408
131435,45408
18347,45408
37274,45408
16170,45408
91476,45407
172306,45407
244888,45407
129372,45406
6095,45406
57008,45406
34862,45406
130009,45406
182093,45406
329,45405
31656,45405
148217,45405
21010,45405
248907,45405
26307,45404
224528,45404
47083,45403
121986,45403
56097,45403
256896,45403
103149,45403
8994,45403
98570,45403
3061,45403
33717,45402
274464,45402
166896,45402
53784,45402
276838,45402
233463,45401
45726,45400
273932,45400
3933,45400
13331,45400
172444,45399
235864,45399
186191,45399
8446,45399
104051,45399
5808,45399
24603,45398
171756,45398
29189,45398
133205,45398
10178,45398
266110,45398
42833,45397
24707,45397
206001,45397
237561,45397
248333,45397
127018,45397
105554,45397
8530,45396
81920,45396
225771,45396
21441,45395
127869,45394
241109,45394
73525,45394
6385,45394
245735,45393
39758,45393
16052,45392
288136,45391
266661,45391
76099,45391
209803,45391
287963,45390
20867,45390
22938,45390
226058,45390
16439,45390
26550,45390
74892,45390
266233,45389
290966,45389
278161,45389
75860,45389
4673,45389
74312,45389
121426,45388
53783,45388
23665,45388
284101,45388
160588,45388
11253,45387
270083,45386
262473,45386
37195,45386
65292,45386
282051,45386
11576,45385
257350,45385
62033,45384
30540,45384
183054,45384
5870,45384
160541,45384
17718,45383
103110,45383
280636,45383
294022,45383
191380,45383
29617,45383
1248,45383
294535,45382
216704,45382
222346,45382
38822,45382
55048,45382
225090,45381
236658,45381
108872,45381
25319,45381
66187,45381
113680,45381
246202,45381
255812,45381
263352,45381
259253,45380
252172,45379
293989,45378
292788,45378
213556,45378
223881,45377
268334,45377
160147,45377
283870,45376
106891,45376
73845,45376
75025,45376
240612,45376
107715,45375
107487,45375
263220,45374
32207,45374
48795,45374
74898,45374
196910,45373
154120,45373
16709,45373
131135,45372
150974,45371
168773,45371
111462,45370
253427,45370
26598,45370
22520,45369
173372,45369
154119,45369
212042,45369
7906,45368
18934,45368
56469,45368
39648,45367
34337,45367
145849,45366
294778,45366
250980,45366
782,45366
136762,45366
57294,45365
132084,45365
291024,45365
65034,45365
11720,45365
137570,45364
154847,45364
290364,45364
202639,45363
29233,45363
165759,45363
37350,45363
276362,45363
93779,45363
214168,45362
58437,45362
82328,45362
185689,45361
18587,45361
59904,45361
229512,45361
227533,45361
15917,45361
195536,45360
120403,45360
41693,45360
145271,45360
15351,45360
185318,45360
165891,45360
71694,45360
40975,45360
1646,45360
241331,45360
48819,45359
39720,45359
244576,45359
266552,45358
18582,45358
239453,45358
285944,45358
137089,45357
213918,45357
32482,45357
248040,45357
69573,45356
264596,45356
7250,45356
186909,45356
201780,45356
146793,45355
252366,45355
269875,45355
20336,45354
131158,45354
79369,45354
254924,45354
177342,45354
157459,45354
286193,45353
199097,45353
198555,45352
259164,45352
281555,45352
287472,45352
18117,45351
296340,45351
222630,45351
64424,45350
293141,45350
277569,45350
80885,45349
110852,45349
12057,45349
87259,45348
52726,45348
172366,45348
38541,45348
290901,45348
189173,45347
96851,45347
45601,45347
245451,45346
284064,45346
5001,45346
113684,45346
20179,45346
12097,45346
19272,45345
159800,45345
281193,45344
15526,45344
234535,45344
131699,45344
112419,45344
119650,45343
21705,45343
193421,45343
65600,45343
26492,45343
196475,45343
214813,45343
78031,45342
20996,45342
196152,45342
39868,45342
82642,45342
51652,45342
16710,45342
224460,45342
182192,45342
122728,45341
222357,45340
225837,45340
255585,45339
175206,45339
242285,45339
134544,45339
11913,45338
27668,45337
232395,45337
8320,45337
134383,45336
238649,45336
124186,45336
261723,45336
101657,45335
5855,45335
183408,45335
272222,45335
84652,45335
255442,45334
157895,45334
48187,45334
239697,45334
115483,45334
96400,45333
19224,45333
4840,45333
133711,45333
23048,45333
245604,45333
14169,45332
151242,45332
103591,45332
262032,45332
8886,45332
160052,45332
77402,45332
70621,45332
293964,45331
272299,45331
177897,45331
212283,45331
293532,45331
105630,45331
10959,45330
273902,45330
241081,45330
194562,45330
139349,45330
145217,45330
30243,45329
100142,45329
13167,45329
89060,45329
8187,45328
150,45328
194446,45327
145599,45327
13991,45327
231502,45327
31801,45326
58364,45325
234656,45325
41358,45325
189647,45325
156498,45325
198430,45324
22018,45324
296010,45324
150931,45324
24145,45324
10002,45323
231429,45323
258005,45322
286723,45322
214338,45322
126024,45322
137842,45321
162726,45321
78110,45321
1563,45320
166229,45320
801,45320
5828,45320
170838,45319
21648,45319
82230,45319
74158,45318
18841,45318
110847,45318
117302,45318
146068,45318
267740,45318
26779,45318
169649,45317
237497,45317
207009,45316
292216,45316
284185,45316
136432,45316
165321,45315
264893,45315
51435,45315
8133,45314
156657,45314
288563,45314
228644,45314
239545,45314
138859,45314
15149,45313
83539,45313
263411,45313
274639,45313
116811,45313
290612,45313
148312,45313
189365,45313
222460,45312
5663,45312
152153,45312
47724,45312
69489,45312
33532,45312
192155,45311
175897,45311
65747,45311
211827,45311
253563,45311
8864,45311
274584,45311
165600,45311
3079,45310
178936,45310
294905,45310
26709,45310
204474,45310
145445,45309
62087,45309
248899,45308
281655,45308
200263,45308
204052,45308
295909,45308
261758,45307
233879,45307
54182,45307
177758,45307
243278,45307
53375,45306
5936,45306
53496,45306
22594,45305
75415,45305
135177,45305
78623,45305
125410,45305
163856,45305
4738,45305
114229,45305
195535,45304
69309,45304
18779,45304
87138,45304
134967,45304
316,45304
234106,45304
273464,45304
31556,45304
254059,45304
266166,45303
23844,45303
293987,45303
7375,45303
56316,45303
168919,45302
138215,45302
22447,45302
239983,45302
197336,45301
54082,45301
12302,45301
42729,45301
285370,45300
182807,45299
275656,45299
207476,45299
58378,45298
226628,45298
204685,45298
4818,45298
261915,45298
222001,45297
295041,45297
216470,45297
163722,45297
278307,45297
143061,45297
14172,45297
26186,45297
254386,45296
52285,45296
251491,45296
270845,45296
228238,45295
296135,45295
294647,45295
76720,45295
9700,45294
1344,45294
83780,45294
135379,45294
16719,45294
211639,45293
260524,45293
166059,45293
235448,45293
17101,45293
292264,45293
292660,45293
224833,45293
255682,45292
259215,45292
265797,45292
17633,45292
123555,45292
269236,45292
9580,45291
228446,45291
103472,45291
247876,45291
3558,45291
192845,45291
237514,45290
287974,45290
32423,45290
204157,45290
113560,45289
27048,45289
222892,45289
219288,45289
53634,45289
30767,45289
282413,45289
38247,45289
41435,45288
29336,45288
262508,45288
4032,45287
18290,45287
109079,45287
247512,45287
234047,45286
273683,45286
26432,45286
18599,45286
31873,45285
71947,45285
207249,45285
84054,45285
161568,45285
62707,45285
115576,45285
131754,45284
44555,45284
238456,45284
181684,45283
67832,45283
81613,45283
208632,45282
7,45282
177583,45282
66139,45281
255679,45281
109847,45281
85468,45281
87492,45280
221432,45280
132563,45280
23810,45279
90932,45279
157452,45279
111312,45279
53495,45279
1020,45279
217149,45279
271988,45279
127990,45279
200026,45278
156923,45278
750,45278
48143,45278
162070,45278
291198,45277
69111,45277
14928,45277
69868,45277
251485,45277
233527,45277
196312,45276
55109,45276
123864,45276
241911,45276
225582,45276
199347,45275
134784,45275
295052,45274
242264,45274
270099,45274
289812,45274
40886,45273
58532,45273
226317,45273
95188,45273
17114,45273
228468,45273
237186,45273
207111,45273
254887,45272
268794,45272
82497,45272
89709,45272
209189,45272
36810,45271
208441,45271
92272,45271
3384,45271
3378,45271
107848,45271
205627,45271
22299,45271
166211,45271
215230,45270
292311,45270
14346,45270
7813,45270
15937,45269
17369,45269
102811,45269
274107,45268
7636,45268
242467,45268
268598,45268
162558,45268
292612,45268
274779,45267
109076,45267
22873,45267
15087,45266
186964,45266
288438,45266
61478,45266
265664,45265
275772,45265
293226,45265
7862,45265
36102,45265
123759,45265
1941,45265
117791,45264
153228,45264
107454,45264
242063,45263
94044,45262
8930,45262
70629,45262
141478,45262
1761,45262
19923,45261
43547,45261
60270,45260
226397,45260
33903,45260
229510,45260
151426,45259
231110,45259
13892,45259
64744,45259
11679,45259
127877,45259
8153,45258
267875,45258
195842,45258
251639,45258
20488,45258
271246,45257
90152,45257
10135,45257
294538,45257
179358,45257
6728,45256
158430,45256
116473,45256
172581,45256
10381,45256
2934,45256
169958,45256
23445,45255
228450,45255
103200,45255
140356,45255
190202,45255
132049,45254
165594,45254
237971,45254
1976,45254
210274,45254
157897,45254
183155,45253
3821,45253
15303,45253
3151,45253
34515,45253
232070,45253
171405,45252
292885,45252
174972,45251
188402,45251
132072,45251
122232,45251
262293,45251
292965,45250
47783,45250
214116,45250
5354,45250
248897,45250
32510,45250
196196,45250
225748,45249
10267,45249
210993,45249
59253,45249
279749,45249
10645,45249
200902,45249
25720,45248
250665,45248
125532,45248
22792,45248
2322,45248
6127,45248
183005,45248
238261,45248
62097,45248
47255,45248
47834,45248
156418,45247
57685,45247
185997,45247
124862,45247
55620,45247
8460,45246
256149,45246
79044,45246
42096,45246
55737,45246
107056,45246
211758,45246
179429,45246
39923,45246
62402,45245
289448,45245
294463,45245
61285,45245
287843,45245
23624,45245
30812,45245
11358,45243
201651,45243
275042,45243
294430,45242
216094,45242
11254,45242
142951,45242
139454,45242
289206,45242
388,45241
22751,45241
6242,45241
31296,45241
191556,45240
87224,45240
97134,45240
16040,45240
22932,45240
231923,45240
293978,45240
243318,45240
135320,45239
29999,45239
277681,45239
283669,45239
60891,45239
226098,45239
282548,45239
7115,45238
102034,45238
154344,45238
246846,45238
18158,45238
265841,45238
155367,45238
242951,45238
122710,45238
212985,45237
125151,45237
16035,45237
36567,45237
264299,45237
243031,45237
12709,45237
16345,45236
196973,45236
39706,45235
15655,45235
192420,45235
100845,45235
280030,45235
153065,45235
281517,45235
34189,45234
219596,45234
181868,45234
276835,45233
272813,45233
198601,45233
252859,45233
287756,45233
224361,45232
58654,45232
201493,45232
20051,45232
18761,45232
93131,45232
179061,45231
17186,45231
266187,45231
283828,45231
157683,45231
102106,45231
241071,45230
40338,45230
3836,45230
1753,45230
9953,45230
204826,45230
1641,45230
115376,45230
61225,45229
205222,45229
172649,45229
7381,45229
8013,45229
266295,45229
220872,45229
88784,45228
89197,45228
264835,45228
90341,45228
17058,45227
274031,45227
12482,45227
207970,45227
239298,45226
202712,45226
45589,45226
219356,45226
259149,45226
287492,45226
209953,45225
137320,45225
272428,45225
182309,45225
179288,45225
129259,45224
133210,45224
277340,45224
24463,45224
95385,45224
160854,45224
270741,45224
275706,45224
80996,45223
28490,45223
4249,45223
53620,45223
291676,45222
44229,45222
61669,45222
45416,45222
137688,45221
50447,45221
44498,45221
88694,45221
194794,45220
201485,45220
94341,45220
247000,45220
171663,45220
31758,45219
250333,45219
217299,45219
8407,45219
169926,45219
290058,45218
25187,45218
5514,45218
282140,45218
44843,45218
90096,45218
235978,45218
246444,45217
21841,45217
181864,45217
12319,45217
262754,45217
4742,45216
33285,45216
246429,45216
239682,45216
214121,45216
19016,45216
255961,45216
7546,45216
39786,45215
290994,45215
13177,45214
8812,45214
1243,45214
35856,45214
3569,45214
38542,45214
148639,45213
137623,45213
11340,45213
109649,45213
58868,45213
150805,45213
110117,45213
11895,45213
170022,45212
10474,45212
219084,45212
140426,45212
293767,45212
81128,45211
118805,45211
170881,45211
289811,45211
114894,45210
265870,45210
39995,45210
155576,45210
47495,45209
228309,45209
275263,45209
19152,45208
272624,45208
19519,45208
259221,45208
181968,45208
7344,45208
119063,45207
54476,45207
28582,45207
131986,45207
285994,45207
215834,45207
104841,45207
267190,45206
84476,45206
266821,45206
37772,45206
7194,45205
262128,45205
113703,45205
245815,45205
259526,45204
86021,45203
248581,45203
76541,45203
81661,45203
213282,45203
221721,45203
6228,45202
225150,45202
12734,45202
286223,45202
285830,45202
230407,45202
26941,45202
19549,45202
286752,45201
193048,45201
159627,45201
62180,45201
47483,45201
214276,45201
2619,45201
176875,45201
171624,45200
4093,45200
91467,45200
253133,45200
280371,45199
263407,45199
179603,45199
8737,45199
176519,45199
94974,45199
279883,45199
20614,45199
144422,45198
205108,45198
98376,45198
128295,45198
284539,45198
188841,45198
64268,45198
230637,45198
133802,45198
18206,45198
101961,45198
69303,45197
165127,45197
144665,45197
226949,45197
248864,45196
100280,45196
167676,45196
111558,45196
8925,45196
6412,45196
2784,45196
39912,45195
180041,45195
227179,45195
4604,45194
17833,45194
239036,45194
230312,45194
193452,45194
457,45194
223418,45194
218409,45194
129317,45194
267337,45193
178511,45193
147448,45193
38883,45193
85893,45193
66347,45192
120471,45192
25986,45192
104960,45192
253693,45192
255911,45191
261303,45191
122708,45191
194256,45191
15337,45191
109189,45191
178306,45191
217126,45190
106749,45190
78206,45190
295050,45190
287323,45190
5085,45189
171912,45189
51575,45189
106986,45189
273299,45189
289233,45189
5069,45189
184057,45189
118139,45188
223148,45188
72788,45188
230843,45188
278703,45188
69903,45188
127308,45187
278049,45187
252948,45187
244753,45187
194626,45187
61149,45187
198014,45186
153056,45186
177844,45186
175711,45186
282564,45186
8796,45186
8672,45186
6032,45185
6004,45185
29952,45184
4152,45184
61399,45184
296120,45184
172401,45184
139048,45184
135859,45184
223156,45184
219373,45184
202729,45184
135518,45183
68456,45183
47475,45183
210258,45183
280005,45183
280435,45182
115744,45182
231050,45182
183738,45182
3453,45182
16785,45181
286248,45181
26261,45181
17215,45181
43116,45181
12157,45181
292018,45181
175108,45181
223519,45180
30989,45180
1620,45180
8844,45179
149868,45179
277439,45179
95600,45179
132273,45179
17087,45178
176501,45178
283420,45178
267066,45178
44962,45178
120316,45178
158350,45177
67340,45177
125800,45177
114280,45177
9478,45177
203739,45177
123531,45177
104070,45177
268461,45177
238691,45177
87165,45177
150813,45176
45438,45176
129869,45176
34728,45176
247776,45176
230372,45176
121434,45175
11777,45175
20685,45175
15472,45175
129170,45174
288682,45174
67433,45174
219174,45173
32318,45173
89773,45173
60067,45173
40232,45173
212938,45173
269217,45172
145712,45172
279161,45172
50597,45172
9038,45172
26189,45172
245473,45172
23797,45172
178755,45172
34506,45172
274645,45171
259634,45171
159624,45171
31544,45171
201246,45171
18448,45170
98902,45170
20900,45170
250659,45169
4231,45169
267850,45169
50365,45169
22846,45169
10481,45169
210317,45169
62720,45169
198868,45169
246162,45169
72985,45168
279515,45168
32236,45168
149575,45168
32906,45168
45514,45168
128918,45168
28719,45168
287860,45168
784,45168
50844,45167
216492,45167
126434,45167
12167,45167
2169,45167
278642,45167
136223,45166
167747,45166
176486,45166
15427,45166
207126,45166
276721,45166
10600,45165
201470,45165
594,45165
13694,45165
234167,45165
276121,45165
68362,45165
236349,45164
229101,45164
272536,45164
77332,45164
203401,45164
110169,45164
256743,45164
28880,45164
153151,45163
281208,45163
61411,45163
152334,45163
296003,45162
121923,45162
3993,45162
113479,45162
273517,45161
295186,45161
221316,45161
24312,45161
13552,45161
135002,45161
174965,45161
38564,45160
78359,45160
161351,45160
34744,45160
260409,45160
18083,45160
248443,45160
143897,45160
95078,45160
118734,45160
37623,45159
267458,45159
245396,45159
200625,45159
259586,45159
248494,45159
162740,45159
204168,45159
280132,45159
260068,45159
247167,45159
234338,45158
21007,45158
149658,45158
57307,45157
25276,45157
41650,45157
33323,45156
251168,45156
22530,45156
282836,45156
141174,45156
91259,45156
2759,45156
153224,45156
172215,45155
265679,45155
99362,45155
61057,45155
161121,45155
146630,45155
99347,45155
288545,45155
215662,45155
229890,45155
55470,45154
192252,45154
251891,45154
12666,45154
39187,45154
237676,45153
213917,45153
60432,45153
26873,45153
107804,45153
96095,45153
15027,45153
169288,45152
255546,45152
2986,45152
19228,45151
149913,45151
19847,45151
292126,45151
124672,45151
138788,45151
92303,45151
25092,45151
290434,45151
183174,45151
237527,45150
3127,45150
4485,45150
256398,45150
283037,45150
88480,45150
228046,45150
166040,45150
16717,45149
216387,45149
150522,45149
23969,45149
171584,45148
25999,45148
74205,45148
252755,45148
47077,45148
137841,45147
30565,45147
245737,45147
278576,45146
214353,45146
263576,45146
235641,45146
146682,45146
187279,45146
50587,45146
154554,45145
219273,45145
209387,45145
22165,45145
244479,45145
68752,45145
105113,45145
260710,45145
12152,45145
287161,45145
250215,45144
266019,45144
5516,45144
4227,45144
60471,45144
176653,45144
116751,45144
267708,45144
258476,45143
182332,45143
191383,45143
255322,45142
215644,45142
184067,45142
54497,45142
12839,45142
243310,45141
230794,45141
258170,45141
187747,45141
272750,45141
277383,45141
143104,45140
192650,45140
1546,45140
111173,45140
72804,45140
280888,45139
157828,45139
16374,45139
20301,45139
15850,45139
79799,45138
1431,45138
253243,45138
134981,45138
281223,45138
163903,45138
163438,45138
96969,45138
264979,45138
142393,45138
25431,45138
226802,45138
159988,45138
260203,45137
191936,45137
1672,45137
245279,45137
269286,45137
137361,45137
367,45137
134246,45137
92786,45137
206409,45137
245733,45137
183227,45137
2625,45137
17499,45136
215580,45136
266066,45136
265738,45136
160992,45136
240823,45136
8995,45136
219446,45136
12156,45135
139714,45135
39615,45135
249180,45135
124241,45135
194847,45135
288030,45135
247885,45135
132826,45135
176611,45135
148694,45134
66814,45134
109446,45134
110028,45134
231118,45134
180737,45134
69264,45134
17615,45134
176365,45134
266105,45134
28892,45133
229099,45133
167979,45133
24760,45133
230320,45133
134095,45133
260651,45133
5665,45133
252879,45133
228344,45133
157521,45132
197866,45132
134882,45132
21025,45132
249112,45132
219776,45132
125261,45132
205525,45131
230492,45131
216439,45131
84104,45131
83508,45131
216286,45131
171818,45130
265089,45130
285671,45130
53867,45130
262084,45130
1177,45130
290491,45130
259945,45130
210395,45130
14919,45130
214247,45129
69511,45129
199609,45129
203845,45129
195120,45129
232375,45129
187172,45128
6463,45128
280440,45128
162075,45128
244626,45128
283108,45127
24179,45127
262301,45127
100554,45127
63879,45127
284608,45126
17071,45126
160107,45126
25086,45126
73938,45125
174629,45125
30872,45125
96161,45125
232865,45125
283041,45125
7222,45125
81020,45125
83617,45124
205414,45124
4559,45124
45490,45124
16509,45123
123751,45123
250358,45123
293534,45123
98691,45123
190780,45123
187669,45123
23119,45123
240086,45123
274641,45123
1010,45123
173930,45123
172013,45123
14611,45123
78584,45122
127494,45122
292214,45122
83323,45122
198306,45122
8834,45122
233901,45122
22583,45122
19185,45121
266692,45121
103665,45121
55984,45121
264095,45121
13754,45121
13321,45120
150249,45120
64467,45120
32590,45120
253549,45120
212924,45119
290408,45119
108068,45119
276399,45119
157389,45119
79730,45119
8896,45119
237325,45119
61644,45119
119693,45119
136820,45119
190,45119
245472,45119
293310,45118
191369,45118
288024,45118
233987,45118
128626,45118
13769,45118
2828,45118
178849,45118
102320,45118
62672,45118
8900,45118
87363,45118
4791,45117
38148,45117
47080,45117
24896,45116
113476,45116
207385,45116
141716,45116
152332,45116
208937,45116
148652,45116
13055,45116
294114,45116
22217,45116
51539,45115
187205,45115
188706,45115
291367,45115
20415,45115
211624,45115
146326,45115
242025,45115
95869,45114
160001,45114
168802,45114
254229,45114
201517,45114
92294,45113
151273,45113
199316,45113
111084,45113
68775,45113
229435,45112
213267,45112
94175,45112
140280,45112
144489,45112
20093,45111
62236,45111
64252,45111
192026,45110
39741,45110
268536,45110
90082,45110
176218,45110
271316,45110
154505,45110
179333,45109
193155,45109
227440,45109
145521,45109
275525,45109
53805,45109
221106,45108
46551,45108
223768,45108
265843,45108
21112,45108
151979,45108
288486,45107
93540,45107
2862,45107
218117,45107
20063,45106
123153,45106
203945,45106
56865,45106
288116,45106
288357,45106
168289,45106
261755,45106
50012,45106
106193,45105
12026,45105
131952,45105
120269,45105
257270,45105
92067,45105
284248,45105
69093,45105
4640,45105
34917,45105
231626,45105
94823,45105
263552,45104
289201,45104
217474,45104
45355,45104
131130,45104
6443,45104
241405,45104
223139,45104
32882,45104
157619,45103
174791,45103
37907,45103
79368,45103
269901,45103
294404,45102
148921,45102
221449,45102
281030,45102
205852,45102
35297,45102
81899,45101
151538,45101
182842,45101
273165,45101
260036,45101
134154,45101
286788,45101
288277,45101
124364,45101
29854,45101
22955,45100
163349,45100
282270,45100
278652,45100
160214,45100
129447,45100
155499,45100
213364,45100
151906,45099
139395,45099
216787,45099
21294,45099
2361,45099
15715,45099
14926,45099
260628,45098
11299,45098
33352,45098
147985,45098
250954,45098
77962,45098
248532,45098
295012,45098
122109,45097
216444,45097
195259,45097
240932,45097
239190,45097
264097,45097
9501,45097
134212,45097
179281,45097
48763,45097
216777,45096
74922,45096
283569,45096
257371,45096
67655,45096
282489,45096
152263,45096
6154,45096
70597,45096
10033,45096
210026,45095
144424,45095
35778,45094
17493,45094
5357,45094
283311,45094
126068,45094
27001,45094
12046,45093
275345,45093
170061,45093
280256,45093
145059,45093
41930,45093
232940,45093
295363,45093
1287,45092
242522,45092
11377,45092
132285,45092
141918,45092
215805,45091
158038,45091
244840,45091
169647,45091
228720,45091
201579,45091
262406,45091
52535,45091
274656,45090
279611,45090
287181,45090
135862,45090
143044,45089
75426,45089
242165,45089
80457,45089
2655,45089
222488,45089
227119,45089
115393,45089
762,45089
89748,45088
58697,45088
7889,45088
269485,45088
5227,45088
96870,45087
278,45087
271503,45087
251564,45087
287123,45087
185844,45087
267485,45087
162583,45087
194463,45086
199389,45086
147168,45086
135334,45086
97566,45086
218296,45086
198536,45086
270028,45086
98135,45086
188544,45085
6388,45085
129539,45085
219556,45085
253641,45085
32580,45085
288219,45085
254508,45085
161247,45085
111399,45085
242332,45085
5999,45084
31121,45084
124835,45084
224805,45084
293297,45084
180804,45084
45889,45084
204386,45084
80,45084
90723,45083
222230,45083
251176,45083
206360,45083
259461,45083
208406,45082
127836,45082
216046,45082
42609,45082
263777,45082
83315,45082
272478,45082
282152,45082
240269,45082
227859,45082
170095,45082
292862,45081
237917,45081
5252,45081
116951,45081
282520,45081
86229,45081
201618,45080
67537,45080
99759,45080
45179,45080
193845,45080
161853,45080
270159,45080
182945,45080
266915,45080
159049,45079
56987,45079
120790,45079
106472,45079
276108,45079
18334,45079
14177,45079
170448,45078
11979,45078
138259,45078
29811,45078
2802,45078
19623,45078
209857,45078
290576,45078
121239,45078
189545,45078
159766,45077
164097,45077
149754,45077
212084,45077
265236,45077
19965,45077
58,45077
147838,45077
81441,45077
291087,45077
137275,45076
17232,45076
161213,45076
288584,45076
14139,45076
234573,45076
43183,45076
102078,45076
283780,45076
287199,45076
163553,45075
12008,45075
64324,45075
135300,45075
80254,45075
10847,45075
44838,45075
209520,45075
10969,45075
80752,45075
238900,45075
56105,45074
5048,45074
261003,45074
102229,45074
246020,45074
33162,45074
156653,45074
209573,45074
265299,45074
174332,45074
226900,45074
57881,45073
91421,45073
93973,45073
189071,45073
122922,45073
193946,45073
45667,45073
10104,45073
4184,45072
236665,45072
220999,45072
50007,45071
21280,45071
132008,45071
135585,45071
176888,45071
70573,45071
252864,45071
56144,45071
264786,45071
26964,45071
252305,45071
182592,45071
3545,45070
227282,45070
3795,45070
140268,45070
1108,45070
120946,45070
194762,45069
30495,45069
265859,45069
16831,45069
5560,45068
133863,45068
246014,45068
499,45068
209094,45068
35992,45068
75806,45068
132,45068
21139,45068
141603,45068
85629,45067
257052,45067
3591,45067
246340,45067
263994,45067
234284,45067
226421,45067
281380,45067
268684,45067
56178,45067
218238,45067
267572,45066
183682,45066
197119,45066
264390,45066
294955,45066
77781,45066
135138,45065
9905,45065
96636,45065
19446,45065
7741,45065
128701,45065
0,45065
2750,45065
150956,45065
143347,45064
255100,45064
119593,45064
36871,45064
117385,45064
193268,45064
70426,45064
130371,45064
234290,45064
179982,45064
269607,45064
99265,45064
231360,45064
75136,45064
11288,45063
202305,45063
147846,45063
10909,45063
124493,45063
261028,45063
5898,45062
771,45062
89377,45062
101518,45062
37666,45062
247097,45062
26596,45062
255493,45062
44944,45062
204701,45062
146695,45061
59471,45061
20135,45061
66868,45061
233630,45061
46717,45061
50347,45061
230512,45060
79538,45060
263807,45060
269712,45060
79350,45060
171859,45060
253430,45060
271192,45060
281282,45060
266735,45060
241006,45060
293678,45059
20498,45059
33523,45059
60771,45059
100502,45059
20288,45059
293525,45059
106820,45059
280715,45058
247504,45058
66312,45058
289663,45058
294459,45058
40751,45058
86498,45058
137894,45057
206693,45057
282449,45057
84251,45057
161400,45057
214522,45057
122360,45057
266793,45057
262287,45056
9129,45056
287038,45056
285518,45056
246406,45056
231171,45056
105967,45056
52263,45056
55169,45055
201121,45055
226177,45055
23600,45055
110821,45055
63509,45055
292863,45055
291108,45055
259398,45054
275101,45054
292195,45054
22300,45054
16666,45054
277170,45054
4868,45053
69562,45053
181399,45053
146191,45053
217555,45053
24743,45053
217964,45053
327,45052
157513,45052
37179,45052
41725,45052
99800,45052
279649,45052
63954,45052
2927,45052
260674,45051
29791,45051
22144,45051
284066,45050
54800,45050
186782,45050
264759,45050
98848,45050
28554,45050
207741,45050
281068,45050
76246,45050
226831,45050
252216,45049
289013,45049
125556,45049
197008,45049
38578,45049
279172,45049
141746,45049
276468,45049
24705,45049
9574,45049
1304,45049
133667,45048
260641,45048
220754,45048
29966,45048
3343,45048
9370,45048
81033,45048
206591,45047
207890,45047
277964,45047
197205,45047
49215,45047
161595,45047
151382,45047
9537,45047
246594,45047
139166,45047
226171,45047
33590,45047
248510,45046
20760,45046
224230,45046
162825,45046
238770,45046
9517,45046
204491,45046
68542,45046
213293,45046
171286,45046
10041,45046
152971,45046
30335,45046
293435,45045
27687,45045
15714,45045
168373,45045
157562,45045
264906,45044
250575,45044
226855,45044
187266,45044
264626,45044
62177,45044
62077,45044
9749,45044
5538,45043
3862,45043
224570,45043
285077,45043
290908,45043
179837,45043
17339,45043
89390,45043
185991,45043
205242,45043
266070,45043
235774,45042
85968,45042
243932,45042
12681,45042
260703,45042
240426,45042
229080,45042
137629,45041
212956,45041
12980,45041
238546,45041
41430,45041
230813,45041
264911,45041
11461,45041
39262,45041
220957,45041
173447,45041
287674,45041
16525,45041
275292,45041
93988,45041
277667,45041
263629,45041
137300,45040
108646,45040
13690,45040
10233,45040
61392,45040
86847,45040
225758,45040
292777,45040
11023,45039
90196,45039
41802,45039
121895,45039
63948,45039
134034,45039
268327,45039
7523,45039
3539,45039
198150,45038
193339,45038
287180,45038
188005,45038
32194,45038
244274,45038
174445,45037
177629,45037
124549,45037
80166,45037
117642,45037
193776,45036
144921,45036
5283,45036
45339,45036
278107,45036
62955,45036
280686,45036
124179,45036
255269,45036
109385,45036
248212,45036
101461,45036
7360,45035
279143,45035
242207,45035
150685,45035
44544,45035
227259,45035
289858,45035
245580,45035
252810,45035
259438,45035
191220,45035
160451,45035
185693,45035
279326,45035
14250,45035
135555,45034
291930,45034
10805,45034
98815,45034
284928,45034
60996,45034
22902,45033
7260,45033
79357,45033
169067,45033
242685,45033
291405,45032
165783,45032
64878,45032
193188,45032
33376,45032
281768,45032
5789,45032
24749,45032
202780,45031
217883,45031
243788,45031
137553,45031
209785,45031
66381,45031
293518,45031
200163,45031
168420,45030
53764,45030
63386,45030
2858,45030
2428,45030
164409,45030
12417,45030
17943,45030
277752,45030
131195,45030
149540,45030
56903,45030
10995,45030
284884,45030
284172,45030
229156,45030
269969,45029
19962,45029
87192,45029
270886,45029
4359,45029
200672,45029
159861,45029
27030,45029
179183,45029
164446,45028
94313,45028
197666,45028
61548,45028
170482,45028
91976,45028
293562,45028
239655,45028
33338,45027
16800,45027
288863,45027
113410,45027
2419,45027
49374,45026
124994,45026
199485,45026
234143,45026
192823,45026
167095,45026
133465,45026
287890,45026
47414,45026
210112,45025
1186,45025
264475,45025
38638,45025
108406,45025
194277,45025
232538,45025
248440,45025
230310,45025
192691,45024
290244,45024
6769,45024
205624,45024
9764,45024
204061,45024
113562,45024
143634,45023
254522,45023
285860,45023
7598,45023
14008,45023
33383,45023
33474,45023
28137,45022
197352,45022
219019,45022
140825,45022
228082,45022
99160,45022
44486,45022
205124,45022
219010,45022
7707,45021
62151,45021
289575,45021
187013,45021
47520,45021
139307,45021
294931,45021
162038,45021
98579,45021
176939,45021
278977,45020
243626,45020
289510,45020
94372,45020
15995,45020
199763,45020
218274,45020
242014,45020
289950,45020
33592,45019
188621,45019
165973,45019
584,45019
239957,45018
153158,45018
33620,45018
179983,45018
2876,45018
31903,45017
105926,45017
65014,45017
234902,45017
17053,45017
182748,45017
284092,45017
159001,45016
199713,45016
210468,45016
57,45016
42549,45016
284633,45016
60772,45016
2158,45016
260322,45016
39662,45016
92523,45016
269868,45016
277144,45015
259705,45015
209628,45015
173405,45015
157576,45015
20544,45015
198210,45015
198428,45015
101267,45015
240116,45014
291534,45014
208848,45014
263152,45014
205834,45014
19665,45014
4969,45014
3076,45014
207975,45013
6227,45013
134664,45013
260567,45013
200128,45013
85977,45013
120121,45013
39183,45013
57057,45013
267251,45013
270461,45012
39133,45012
56692,45012
45536,45012
265253,45012
162092,45012
121363,45012
259,45011
214273,45011
45595,45011
268392,45011
223224,45011
251375,45011
145177,45010
288813,45010
282399,45010
121125,45010
93035,45010
276927,45010
243653,45010
236414,45009
49259,45009
109454,45009
166943,45009
149299,45009
296571,45009
257144,45009
14967,45009
161380,45009
191703,45008
11717,45008
9460,45008
270273,45008
2538,45008
278586,45008
236359,45008
167136,45008
279752,45007
15234,45007
164522,45007
290016,45007
246042,45007
34287,45007
92174,45007
291729,45007
258200,45007
148641,45007
56390,45007
249309,45006
20069,45006
32663,45006
74184,45006
260829,45006
160297,45006
175713,45006
232145,45006
216354,45006
150473,45006
268296,45006
83185,45006
101756,45005
20278,45005
101404,45005
72142,45005
106183,45005
63725,45005
274385,45005
295516,45005
256994,45005
168476,45004
241576,45004
295617,45004
89369,45004
34011,45003
200193,45003
68316,45003
11707,45003
31753,45003
241151,45003
158620,45003
280671,45003
94020,45003
187355,45003
202789,45002
195865,45002
182328,45002
234820,45002
271676,45002
10636,45002
89252,45002
33097,45002
50196,45002
288567,45002
65637,45002
141383,45002
221276,45002
8728,45001
226137,45001
220921,45001
7440,45001
84392,45001
65122,45001
134124,45001
82277,45001
14650,45001
229434,45001
293059,45001
294376,45001
173415,45001
220221,45001
93135,45000
138659,45000
231770,45000
259908,45000
170747,45000
94464,45000
219713,45000
250726,44999
242948,44999
183757,44999
54830,44999
245263,44999
34636,44999
71601,44999
86979,44999
147765,44999
2616,44999
238743,44999
260961,44999
32259,44999
11556,44998
50579,44998
67245,44998
8381,44998
188673,44998
134989,44998
168590,44997
256403,44997
162894,44997
112959,44997
231133,44997
78692,44997
90732,44997
177576,44997
210374,44997
107744,44997
4587,44997
1960,44996
221976,44996
254222,44996
14472,44996
150443,44996
14774,44996
295512,44995
189537,44995
80286,44995
256991,44995
206370,44995
168872,44995
143695,44995
7421,44995
244333,44995
94147,44994
152289,44994
183022,44994
35965,44994
33564,44993
83632,44993
12258,44993
113346,44993
252458,44993
6431,44993
264896,44993
27932,44993
278645,44993
69284,44993
292180,44993
103966,44993
28114,44993
189373,44992
253254,44992
248424,44992
80269,44992
174174,44992
229852,44992
207933,44992
146200,44992
155061,44992
227309,44992
234849,44992
5243,44992
185759,44992
252666,44991
125953,44991
240609,44991
293210,44991
168432,44991
157093,44991
175140,44991
25032,44991
66093,44991
252280,44991
259734,44990
291004,44990
180608,44990
4305,44990
236833,44990
61334,44989
195247,44989
41420,44989
43555,44989
6566,44989
64841,44989
144698,44989
69895,44989
293598,44989
221903,44988
7978,44988
110424,44988
63804,44988
187545,44988
159364,44988
204894,44988
294886,44987
94461,44987
296524,44987
193037,44987
29155,44987
53727,44987
150786,44987
7940,44987
274075,44987
173597,44986
125737,44986
186907,44986
278193,44986
222654,44986
208178,44986
231081,44986
170589,44986
43941,44986
270821,44986
24240,44986
216254,44986
99632,44985
250673,44985
209876,44985
162710,44985
188062,44985
6379,44985
269010,44985
292044,44985
16408,44984
19940,44984
77667,44984
22306,44984
32218,44984
113455,44984
130298,44984
20637,44984
47588,44984
268435,44984
276459,44984
294012,44983
212501,44983
151787,44983
271005,44983
256154,44983
204081,44983
72727,44983
178486,44983
108326,44983
139457,44983
25492,44983
258484,44983
231458,44983
154268,44982
220788,44982
184044,44982
4090,44982
124743,44981
66987,44981
264486,44981
287167,44981
286904,44981
97194,44981
180454,44981
138073,44981
78404,44981
109944,44981
261105,44980
2806,44980
287295,44980
24412,44980
137776,44980
218679,44980
8673,44980
191560,44980
197221,44980
281626,44980
293736,44980
223855,44980
248707,44980
13648,44980
228419,44979
101413,44979
40225,44979
54990,44979
46310,44979
126350,44978
235546,44978
134170,44978
54722,44978
265704,44978
220572,44978
253852,44978
198199,44977
269292,44977
256575,44977
9221,44977
170742,44977
267370,44977
7353,44977
161869,44977
272643,44976
33768,44976
273199,44976
93501,44976
274719,44976
278811,44976
81928,44976
3592,44976
114613,44976
289981,44976
204339,44976
241011,44976
232888,44976
69392,44976
164470,44975
8037,44975
22228,44975
3249,44975
261750,44975
169725,44975
175814,44975
263386,44975
133662,44974
188183,44974
18312,44974
294194,44974
57190,44974
158685,44974
17657,44974
203244,44974
91727,44974
125253,44974
120265,44974
269782,44974
242480,44974
246305,44974
282790,44974
215070,44974
43468,44974
295704,44974
177463,44973
95977,44973
277578,44973
7345,44973
31536,44973
281677,44973
256409,44972
20549,44972
20049,44972
258216,44972
274495,44972
201588,44972
230950,44971
23249,44971
47046,44971
166813,44971
120289,44971
185313,44971
143262,44971
254166,44971
219220,44971
119247,44971
13815,44971
49202,44971
61942,44971
178261,44971
238603,44971
224836,44970
222977,44970
48161,44970
80999,44970
17089,44970
245938,44970
22240,44970
48332,44970
15951,44970
62787,44969
115777,44969
7924,44969
170498,44969
41153,44969
163960,44968
114083,44968
233771,44968
156655,44968
208259,44968
230979,44968
148606,44968
189109,44968
269799,44968
31131,44968
209152,44968
38408,44968
277557,44968
154872,44967
182750,44967
249983,44967
203426,44967
242055,44967
193991,44967
168718,44967
207000,44967
278286,44967
32437,44967
230036,44967
287952,44967
259580,44967
234129,44967
25320,44966
13412,44966
274029,44966
206084,44966
77421,44966
172381,44966
173304,44965
267783,44965
213985,44965
8507,44965
6611,44965
159005,44965
230593,44965
228443,44964
249855,44964
258279,44964
266162,44964
54060,44964
51306,44964
30404,44964
216446,44964
151749,44964
57901,44964
132052,44964
166008,44964
14480,44963
181146,44963
12101,44963
238749,44963
176024,44963
153891,44963
151835,44963
32521,44963
253876,44963
194131,44963
139737,44963
43137,44962
296154,44962
281913,44962
185841,44962
135133,44962
5645,44962
8939,44962
136007,44962
184936,44962
73815,44962
282539,44961
291698,44961
197811,44961
56637,44961
154994,44961
163142,44961
57449,44961
123443,44961
131301,44961
72242,44960
132643,44960
35826,44960
189816,44960
30743,44960
214874,44960
172337,44960
24536,44960
101602,44960
18007,44960
125817,44959
12251,44959
215042,44959
796,44959
115283,44959
91967,44959
274250,44959
250037,44959
27530,44959
108993,44959
204738,44959
59864,44959
161187,44959
34318,44959
12995,44958
158830,44958
182666,44958
4188,44958
293622,44958
127663,44958
257280,44958
181688,44958
17616,44958
94213,44958
238522,44957
251040,44957
26094,44957
295326,44957
204792,44957
4202,44957
1398,44957
165575,44957
200568,44957
178932,44957
119518,44956
246323,44956
181749,44956
173927,44956
241559,44956
189567,44956
25084,44956
103364,44955
234707,44955
148313,44955
216571,44955
262131,44955
214122,44955
275456,44955
604,44955
201899,44955
253077,44955
223740,44955
189571,44955
99368,44955
219136,44954
28311,44954
293569,44954
34358,44954
127148,44954
29194,44954
282818,44954
125977,44954
121710,44954
86439,44954
193646,44954
39830,44954
41612,44954
29068,44954
23566,44953
154806,44953
185196,44953
62717,44953
295521,44953
92158,44953
206539,44953
36655,44953
15049,44953
128513,44953
76631,44953
123676,44953
109408,44953
193121,44952
35719,44952
268939,44952
