233,100000
880,54251
10366,52742
11827,51650
185,51525
27499,51436
144836,51117
279645,51060
215301,50920
40754,50876
294922,50717
250567,50646
202189,50524
217781,50498
269064,50491
277874,50464
184846,50446
249708,50424
200523,50348
292545,50332
45181,50253
278284,50200
1378,50192
43316,50166
142590,50101
38706,50091
282663,50070
250396,50042
267439,50000
26593,49974
31901,49968
10679,49932
254613,49926
271806,49863
28113,49830
262962,49824
108103,49794
233143,49778
185291,49752
154580,49721
286225,49695
190755,49687
271426,49675
112793,49641
293697,49629
232589,49600
122484,49573
288661,49563
268244,49552
263569,49552
13027,49546
212682,49545
124785,49531
192265,49514
276230,49514
220544,49506
145093,49497
258894,49490
919,49485
175990,49469
254289,49441
258900,49428
258002,49427
279756,49425
274856,49421
269463,49408
268399,49393
245997,49381
286085,49379
81729,49375
180214,49374
160302,49371
215001,49369
127734,49368
123513,49368
254051,49353
278788,49348
294053,49339
248913,49337
274309,49334
183072,49330
30779,49326
172479,49316
96841,49310
213007,49304
2974,49299
34542,49297
88145,49289
29,49287
227375,49281
113449,49275
186392,49268
266832,49267
245881,49254
165963,49241
5758,49233
286471,49231
118509,49224
258237,49221
219554,49212
291073,49194
282098,49187
2101,49177
291231,49171
252892,49170
168989,49169
31996,49163
79465,49160
158064,49158
262833,49155
235743,49150
140004,49136
267466,49129
215606,49125
243656,49120
289093,49113
215231,49106
61368,49103
126646,49082
19075,49048
131554,49047
207256,49033
224172,49032
219712,49019
52538,49013
157037,49012
277948,49011
290153,49011
113766,49010
114080,49009
258243,49008
126044,49007
257514,49003
271067,48996
163612,48990
235494,48990
94800,48989
177114,48981
290588,48976
281728,48975
148499,48970
291049,48964
284981,48961
256091,48954
262984,48952
259296,48950
285726,48950
174371,48946
255633,48938
97651,48936
123772,48935
177300,48930
139373,48926
289484,48920
279233,48911
274970,48911
253976,48905
6774,48904
296067,48888
259467,48886
4356,48886
226547,48884
288291,48883
217257,48876
176861,48873
241880,48870
286311,48868
294255,48867
4431,48865
137382,48863
268310,48862
274299,48861
83114,48859
21136,48854
254344,48853
153842,48853
194501,48853
221453,48845
119542,48837
227071,48830
237936,48830
248909,48820
126528,48814
143954,48808
285564,48806
57350,48804
268886,48803
284354,48802
239719,48797
222563,48797
198543,48794
290539,48794
232341,48793
152066,48789
242117,48787
235171,48784
116372,48783
250159,48781
129293,48776
277655,48776
242933,48773
292894,48771
234062,48760
286970,48759
264798,48759
295230,48758
105947,48754
184500,48752
104239,48746
197268,48746
148750,48746
285158,48746
293188,48744
265901,48735
259655,48734
233300,48734
264793,48733
196752,48733
2289,48727
275072,48725
146222,48723
131290,48719
296186,48715
33898,48713
197661,48710
185545,48709
265255,48708
32676,48705
232388,48699
181783,48696
187011,48690
209907,48689
144222,48689
139887,48688
232264,48687
226905,48686
218491,48683
156721,48682
205513,48682
255790,48682
262912,48682
226479,48681
284926,48681
290316,48675
293009,48673
74143,48672
202207,48671
122181,48669
246103,48668
262884,48660
281543,48659
149424,48657
128403,48657
149527,48657
168935,48656
253900,48655
225242,48653
115885,48652
293972,48650
277359,48648
275635,48647
59377,48643
276417,48642
92599,48639
174796,48637
287487,48636
206406,48636
260588,48635
237323,48631
217078,48629
287698,48628
285211,48626
258007,48622
109705,48622
231920,48622
185678,48617
217666,48614
187970,48613
286769,48611
213218,48609
233906,48608
140050,48605
234393,48604
86043,48601
185755,48601
34578,48600
273751,48598
168314,48593
255117,48592
135577,48591
248168,48589
144759,48589
119422,48587
268379,48585
234627,48585
257720,48584
243529,48581
223123,48581
244971,48577
237376,48577
184558,48577
212696,48576
268272,48574
204818,48572
195988,48569
196780,48569
243402,48564
82387,48563
167667,48558
137890,48557
291197,48556
216168,48553
258273,48553
285963,48553
195176,48547
187030,48545
227958,48543
212511,48541
294716,48537
184574,48535
164471,48534
262897,48533
223337,48532
104097,48532
282784,48532
257365,48525
195923,48521
85767,48520
254378,48520
249717,48519
278363,48519
273611,48519
257926,48514
271997,48512
7358,48509
263507,48508
163486,48507
76293,48507
76358,48506
211918,48504
289162,48487
156261,48487
18550,48484
217765,48484
211025,48483
277542,48483
129534,48482
123838,48479
62866,48479
184881,48476
267300,48474
256757,48471
227371,48470
223476,48469
153733,48469
74956,48468
178966,48468
209621,48467
176046,48467
205713,48466
115190,48462
287907,48462
218935,48462
223429,48460
110618,48457
283539,48457
257033,48456
81643,48456
290531,48456
241623,48452
244263,48451
139568,48450
167960,48449
290229,48447
257209,48447
67092,48446
140988,48446
111374,48445
296472,48444
144385,48443
262907,48441
240291,48440
173443,48440
136083,48438
3170,48433
220973,48432
285203,48431
243572,48427
195338,48427
271270,48426
178983,48425
215543,48423
88510,48421
212083,48420
169442,48420
284014,48415
254197,48414
188601,48411
126577,48410
155525,48409
154749,48408
182372,48407
134097,48407
156936,48404
221268,48398
202335,48397
214000,48395
210768,48394
127896,48392
241019,48386
240192,48381
281606,48380
214053,48376
73378,48376
150949,48375
273514,48373
275691,48373
287011,48370
262782,48366
153682,48365
219925,48364
279577,48354
107495,48354
158158,48352
291742,48351
205246,48351
260816,48350
214644,48349
284567,48348
219574,48347
47793,48346
212316,48343
276733,48342
226294,48342
220571,48341
267493,48340
217218,48340
259521,48340
262079,48340
147403,48339
279974,48338
256258,48337
232537,48336
213334,48334
290093,48334
288998,48333
110188,48333
286190,48332
124162,48325
137738,48323
204876,48322
130138,48321
267896,48320
176082,48319
255579,48319
185274,48317
192011,48317
151998,48316
164842,48315
197580,48315
295155,48314
257110,48314
208603,48311
220147,48310
223516,48309
248197,48305
247782,48301
167779,48301
191070,48300
163923,48300
170626,48299
277285,48299
242217,48298
282609,48297
171034,48294
94663,48290
174643,48290
190732,48289
268420,48288
144972,48288
268769,48285
83017,48285
290368,48284
210403,48283
222592,48283
185060,48282
44460,48282
275111,48282
50,48282
145396,48280
174917,48278
243805,48276
162222,48271
249553,48270
9815,48270
172109,48269
2926,48266
204112,48265
125003,48264
230687,48263
47317,48262
99702,48262
138797,48261
241712,48261
295555,48261
272225,48259
216551,48258
190107,48258
223763,48257
184983,48252
269333,48251
138883,48251
1073,48250
246825,48249
216218,48249
280181,48248
246437,48247
200686,48246
241690,48245
268572,48245
180183,48244
100103,48243
172624,48241
185646,48241
85152,48240
9349,48239
194672,48237
234122,48236
119658,48233
256622,48233
170581,48228
217429,48228
296022,48220
141093,48220
97346,48218
282881,48218
33963,48218
162664,48216
137597,48215
125115,48215
271073,48210
212966,48210
5886,48205
124311,48205
212151,48204
164675,48201
158552,48201
233248,48201
268998,48200
207210,48198
296585,48198
246287,48197
278956,48196
66931,48196
203742,48195
283543,48195
207045,48194
139372,48192
192223,48191
225704,48187
160615,48187
156650,48184
117451,48184
163526,48182
106372,48182
284422,48181
90435,48181
142006,48180
235443,48177
190421,48176
247707,48175
200640,48175
239056,48174
165618,48174
122915,48174
134865,48173
155829,48172
240528,48172
212517,48172
184643,48172
242594,48171
173693,48170
224751,48169
247595,48169
90591,48169
257718,48166
250671,48164
280103,48164
251829,48163
122618,48160
97691,48160
178400,48159
88873,48155
59936,48154
195218,48153
195659,48153
105393,48151
262787,48151
77722,48151
164183,48150
199766,48148
115712,48148
240167,48147
124073,48146
74657,48146
87034,48146
180614,48145
250110,48141
118301,48141
231624,48138
252765,48136
282798,48131
193243,48130
182254,48130
275095,48128
254353,48127
250337,48127
241095,48126
282049,48125
199004,48125
125684,48125
27672,48123
139811,48123
262047,48120
234938,48118
135668,48118
248174,48117
257844,48116
282666,48113
90294,48113
214063,48113
221442,48105
247844,48104
245309,48104
103580,48104
176934,48103
182677,48102
248645,48101
111672,48100
222438,48097
4421,48095
271500,48093
176150,48089
174989,48089
250262,48088
225731,48087
251875,48087
193155,48087
175752,48086
136853,48085
284932,48085
85036,48085
160921,48084
231510,48083
85668,48081
285104,48081
180914,48080
278664,48080
173500,48079
147833,48079
142488,48079
130626,48077
73466,48077
2772,48076
221341,48075
271348,48074
28159,48074
56133,48074
95520,48074
214885,48073
154444,48073
175283,48073
247840,48072
151284,48071
287319,48069
134526,48069
114106,48068
176583,48068
253856,48067
296388,48067
166841,48066
239696,48064
79238,48064
96222,48063
13364,48062
201055,48060
168923,48060
186150,48059
185548,48059
224011,48058
163501,48055
291686,48054
264957,48053
139936,48052
196523,48051
273906,48050
203513,48046
207654,48045
96855,48044
101859,48043
182316,48043
282797,48042
105216,48040
181338,48037
168030,48036
105713,48035
203955,48034
183769,48033
279878,48032
209159,48029
227342,48028
183330,48026
92528,48025
171809,48025
162005,48024
224013,48024
114632,48024
252382,48023
57632,48021
122637,48020
274282,48017
284434,48016
202482,48013
208518,48012
274749,48011
244894,48011
198216,48008
179802,48007
235125,48007
100448,48007
123106,48004
28954,48003
126446,48003
196067,47998
145059,47998
279596,47997
291457,47997
149012,47997
241836,47997
280822,47994
70454,47993
255382,47993
135752,47993
237410,47993
186007,47993
32696,47988
220627,47988
40637,47988
139269,47987
28810,47987
249592,47986
259327,47986
118990,47986
120548,47985
147789,47984
168959,47983
238517,47983
161265,47982
7720,47982
291917,47981
164720,47981
259558,47980
288627,47979
260519,47979
265912,47979
246051,47978
78950,47978
160558,47976
291862,47975
295082,47975
220716,47974
55697,47973
258787,47973
285036,47972
195714,47972
259766,47970
130474,47970
216181,47969
39860,47968
291866,47967
210415,47967
252729,47966
107231,47965
257315,47965
259838,47965
192401,47963
234767,47963
286799,47963
161588,47960
195,47960
79795,47960
263181,47957
176328,47957
288130,47957
272211,47957
80148,47955
208198,47955
179948,47955
272886,47954
229982,47953
219006,47953
159736,47952
105025,47952
291386,47949
144707,47949
33857,47948
248914,47948
129767,47946
202629,47946
149943,47944
248370,47944
212930,47943
1972,47941
167121,47941
110353,47940
166507,47940
28038,47940
173381,47939
177812,47939
118175,47937
234383,47937
253016,47936
167942,47934
177066,47934
145706,47934
183077,47934
212479,47931
147870,47931
229849,47931
23926,47930
35000,47930
285749,47930
10287,47929
14521,47929
195759,47928
84195,47926
61336,47925
265832,47924
90988,47924
74441,47924
282260,47923
156938,47922
169276,47922
78494,47922
250309,47921
157460,47921
239469,47920
210304,47920
210599,47918
239023,47916
169132,47916
172857,47914
191032,47914
185734,47913
87,47912
170425,47910
147981,47910
230747,47908
185983,47907
146422,47906
252632,47906
122913,47905
233723,47904
211670,47904
287851,47904
77932,47903
173793,47903
216505,47901
205056,47901
272454,47901
60344,47900
208827,47900
199297,47899
242884,47897
190580,47897
217027,47897
235802,47895
145660,47895
162305,47895
215434,47894
205704,47894
294942,47894
160903,47893
295937,47893
218472,47893
264071,47893
66840,47893
295976,47892
250348,47889
254442,47889
242351,47888
155669,47888
189475,47888
181078,47887
92011,47887
287663,47886
180727,47885
264744,47884
101799,47884
115824,47884
42275,47883
128955,47883
272782,47883
201811,47883
194558,47882
219959,47881
254394,47881
175944,47880
80821,47879
140147,47879
134176,47878
225700,47877
156514,47877
166781,47877
110168,47876
192924,47875
189378,47875
89071,47875
227931,47874
252477,47873
111057,47872
262211,47872
230112,47871
279304,47871
254240,47871
257603,47869
28857,47868
164124,47868
106375,47868
251563,47868
279629,47868
121388,47868
159196,47868
143736,47867
262072,47865
294587,47864
296248,47864
165430,47863
129873,47862
159044,47862
45340,47862
224612,47861
17876,47861
278722,47859
257754,47859
193982,47854
210886,47852
257151,47851
279242,47851
143340,47851
252433,47849
227227,47849
247428,47848
12805,47847
203299,47847
204342,47847
247343,47846
234897,47845
38959,47844
47,47842
237628,47841
59396,47841
171970,47839
267992,47839
125395,47837
218376,47835
281283,47833
143628,47832
206502,47832
198694,47832
148712,47831
285691,47830
240727,47829
93584,47827
140748,47826
282631,47825
264519,47825
61796,47823
100530,47822
95614,47820
153790,47819
263498,47817
229762,47817
209336,47816
279983,47816
291614,47816
109951,47813
141231,47811
176899,47811
215148,47809
191866,47807
244480,47806
3356,47805
68789,47805
121558,47805
162209,47804
238401,47804
134576,47803
266527,47800
177524,47797
129614,47797
124419,47797
165752,47797
214302,47797
147367,47796
182541,47795
164468,47795
158,47794
187906,47793
276998,47793
216188,47793
188112,47792
175907,47791
114507,47791
177128,47789
199738,47788
58067,47788
265805,47788
229952,47788
23571,47787
249882,47787
245542,47785
174079,47783
31812,47782
134180,47782
174647,47781
226874,47780
80866,47779
293828,47779
56580,47778
215118,47778
267542,47778
264640,47776
258049,47775
121499,47775
259576,47775
107042,47773
242603,47773
237767,47771
277179,47770
177867,47770
195388,47768
262288,47768
161229,47767
86964,47767
213883,47767
269559,47767
58432,47767
10825,47766
45242,47766
37196,47766
230629,47765
164367,47765
227568,47764
175140,47764
209500,47764
267772,47764
146131,47763
185970,47760
108178,47760
165387,47760
277757,47759
290792,47759
276920,47759
86734,47757
199699,47757
125431,47757
152867,47757
164685,47753
216054,47752
123362,47752
81462,47752
189782,47752
210616,47752
112854,47752
70567,47751
276002,47751
121979,47751
73416,47750
131871,47750
119776,47750
246951,47750
263856,47749
265264,47748
126574,47748
275250,47748
238836,47748
246185,47747
273736,47747
141085,47747
288364,47746
119090,47746
295547,47744
138681,47744
206214,47743
190271,47743
96843,47742
144010,47739
173108,47739
251193,47738
240098,47738
208750,47737
86530,47736
269161,47736
272459,47735
262456,47734
94756,47734
143115,47733
246571,47732
110156,47731
256398,47730
173942,47730
283939,47730
138501,47729
224891,47728
17863,47728
140099,47728
296088,47727
250341,47726
198503,47726
267624,47725
150525,47724
223626,47724
211637,47723
262931,47722
96699,47722
169546,47722
242061,47721
290226,47721
87356,47720
288399,47720
287848,47718
35541,47717
295537,47716
182394,47716
201746,47715
212421,47715
150602,47714
4350,47714
84609,47713
169329,47711
217587,47711
229043,47711
211001,47709
112141,47709
153799,47709
217512,47708
172727,47708
46808,47708
168076,47708
236981,47707
160347,47707
163136,47705
258548,47705
159689,47703
211726,47702
128348,47702
174345,47702
189232,47702
127978,47701
138095,47701
293283,47701
225633,47700
48674,47700
163094,47699
131743,47699
165905,47696
203297,47695
283340,47695
57649,47693
114000,47693
280092,47693
269377,47690
181043,47690
289878,47690
145896,47689
116845,47689
145242,47689
254145,47688
152065,47688
50051,47687
182004,47686
249725,47685
153847,47685
89585,47685
211393,47685
183405,47685
255418,47684
72656,47684
230657,47683
192353,47682
87433,47682
284694,47682
194814,47682
43118,47682
264883,47680
213819,47680
64172,47679
43251,47678
232833,47678
234382,47678
140647,47677
287867,47677
225438,47676
85795,47676
227804,47676
149378,47675
131999,47675
268853,47674
83365,47673
263054,47672
179088,47670
290974,47670
60789,47669
284548,47669
263155,47669
93056,47668
166034,47667
249236,47666
26577,47666
167738,47665
271807,47664
135091,47662
259723,47662
282945,47660
49068,47660
239471,47660
171760,47659
143293,47658
12671,47658
231153,47658
121446,47657
172981,47657
94703,47657
126570,47656
170904,47656
102360,47654
45008,47652
24827,47651
36782,47651
192111,47651
127623,47651
167672,47650
239383,47650
136749,47649
258593,47648
80680,47646
164572,47646
69590,47646
213877,47646
114204,47645
156329,47645
246342,47644
240623,47641
224798,47641
80417,47640
248851,47640
1353,47639
91585,47639
267074,47638
226470,47638
116627,47637
253564,47637
275348,47636
268894,47636
179890,47636
57587,47635
202864,47635
270595,47635
128006,47634
293356,47634
144588,47634
72205,47633
208548,47632
2076,47631
179356,47630
168614,47630
293781,47627
166032,47627
262379,47626
198577,47626
131081,47625
256449,47624
162840,47624
194590,47624
29832,47623
146588,47623
104529,47622
182342,47622
69299,47622
170199,47621
70722,47621
195054,47619
77172,47619
258307,47618
273741,47615
86354,47615
260150,47614
227547,47613
21270,47613
131306,47612
155809,47612
119254,47612
106085,47612
64365,47611
221738,47611
134391,47611
262750,47610
257230,47610
289023,47607
224063,47607
267386,47606
289844,47606
130919,47605
158030,47605
173441,47604
147661,47603
256865,47602
153253,47602
257579,47602
268891,47602
251196,47602
219425,47602
251484,47602
245785,47601
192035,47601
244379,47600
252378,47600
177405,47598
84807,47597
200320,47597
145656,47596
126342,47595
51299,47595
178698,47595
131009,47595
252701,47595
159377,47594
293362,47592
237379,47591
289364,47591
264044,47590
278762,47589
50026,47589
270211,47589
58009,47587
272085,47587
175066,47587
231670,47585
278661,47585
50204,47584
278506,47583
83782,47583
269533,47582
207550,47581
127706,47581
218320,47581
219097,47581
5695,47580
265066,47579
1045,47578
192002,47577
286906,47577
110541,47577
279275,47573
181536,47572
185157,47572
43542,47572
229572,47570
241859,47570
135417,47570
189097,47569
92947,47568
110979,47568
252286,47567
251701,47567
265154,47566
253906,47566
270096,47566
294152,47565
184965,47565
198055,47565
241238,47564
167081,47564
265378,47563
295042,47563
202964,47563
293156,47562
219337,47561
287164,47560
266061,47560
82368,47560
281807,47559
204789,47557
130672,47556
97404,47555
177959,47553
191317,47551
165405,47550
166744,47549
230641,47548
91050,47548
156460,47547
199662,47547
114999,47546
102262,47545
83848,47544
17300,47543
82424,47542
3487,47541
242424,47541
142269,47539
108988,47539
35485,47539
124278,47538
244021,47538
1566,47538
2208,47538
155095,47538
25709,47537
193367,47537
176571,47536
248228,47536
112226,47536
258452,47535
3742,47535
165068,47535
96238,47534
219982,47533
246141,47532
267272,47531
193112,47531
157651,47530
172735,47530
178208,47530
260450,47529
153421,47528
78439,47528
145631,47527
71078,47527
268552,47526
254201,47525
177486,47524
181139,47522
156942,47522
164285,47522
171368,47521
11047,47521
137715,47521
189121,47521
281437,47521
256008,47520
188057,47520
295174,47520
14235,47520
130948,47519
269039,47518
188307,47518
201731,47517
172352,47515
113579,47515
157654,47515
162471,47514
138183,47514
292806,47513
266409,47513
75748,47512
138462,47511
98024,47511
286175,47510
158797,47510
210194,47509
103180,47507
214240,47507
152254,47506
80741,47506
39493,47505
290949,47504
289643,47503
7725,47502
122994,47502
253672,47502
152020,47501
129577,47501
82940,47500
140288,47500
289622,47500
174093,47500
262024,47499
239152,47497
213998,47497
281717,47496
132226,47496
183320,47495
11502,47495
213525,47495
56089,47494
205132,47491
239881,47491
145456,47491
213376,47490
292638,47489
206065,47489
145167,47489
158799,47488
85942,47488
138728,47488
194496,47487
259806,47487
138204,47487
133954,47486
239449,47486
166089,47486
280534,47485
66274,47485
185223,47485
82863,47484
127935,47484
185765,47484
252800,47482
221762,47482
73255,47482
181578,47481
39575,47481
222855,47480
257011,47480
267597,47480
8772,47479
139838,47478
61624,47478
30234,47478
32516,47477
206097,47476
161695,47475
79600,47474
280881,47474
249417,47473
31092,47473
80836,47473
292004,47472
204574,47471
248491,47470
274883,47469
283938,47468
194242,47467
179339,47467
11145,47466
218734,47465
283438,47465
253546,47465
788,47465
275411,47465
76670,47464
205230,47464
151858,47462
109814,47462
63451,47460
231611,47460
293839,47459
220554,47459
222859,47459
19366,47458
133735,47457
175685,47456
251816,47455
144711,47454
281434,47454
78132,47452
35790,47451
129995,47450
168324,47450
286129,47450
64796,47450
254977,47449
239514,47448
244558,47448
242904,47447
24812,47447
279399,47446
48856,47446
262417,47446
154544,47445
49255,47445
133553,47444
4426,47443
83917,47443
270476,47442
223951,47442
270938,47441
105987,47441
43038,47441
289771,47441
234087,47441
148037,47440
145127,47440
126073,47440
185918,47439
215780,47437
60192,47437
269356,47437
271033,47436
93112,47436
66456,47436
249794,47435
188604,47435
131033,47434
96260,47434
271252,47434
85649,47433
222380,47433
59334,47433
129290,47431
207290,47431
36446,47430
147653,47430
267095,47429
112156,47429
149061,47429
225636,47429
159083,47428
267686,47428
295038,47426
11399,47426
180911,47425
272109,47424
72317,47424
282744,47423
44778,47422
156502,47422
292985,47422
169082,47421
241688,47421
9999,47420
240904,47419
251653,47417
50494,47417
75274,47416
40452,47416
272410,47416
48183,47414
119949,47414
219140,47413
233158,47412
13147,47411
45293,47410
73731,47410
280935,47409
104101,47409
135893,47408
235336,47408
132461,47406
198418,47406
245833,47406
106449,47405
225768,47404
259770,47404
106889,47404
243802,47402
110599,47402
82169,47402
145534,47402
28006,47402
219249,47400
235536,47398
110401,47397
225004,47397
160474,47397
119316,47397
15009,47396
51242,47394
184402,47394
86956,47394
112826,47392
250219,47391
270691,47391
189677,47390
84558,47389
230403,47389
164227,47388
178975,47388
282932,47386
204763,47386
278986,47385
63816,47385
37227,47384
49757,47384
260106,47384
107247,47384
2611,47384
288574,47384
277692,47383
206261,47383
293954,47382
155109,47382
95392,47382
249304,47379
94288,47379
134109,47379
247760,47379
289944,47379
264966,47378
138725,47378
289571,47378
232963,47378
205856,47377
295098,47376
163731,47376
219108,47376
234790,47375
245108,47375
268258,47374
66991,47374
106285,47374
29646,47374
131686,47373
99280,47372
275082,47372
127595,47371
169177,47371
201983,47370
145942,47370
289850,47370
190611,47370
261917,47370
2879,47369
266348,47368
231289,47368
252163,47367
196143,47367
162968,47367
143457,47366
50025,47364
192306,47364
163821,47364
81370,47363
152462,47363
210983,47363
167842,47363
193505,47361
275656,47361
249295,47361
251652,47360
59542,47360
264217,47359
78667,47359
136289,47358
245477,47357
151500,47357
266374,47356
170709,47356
282804,47355
140862,47355
41823,47355
216118,47354
221466,47353
136858,47352
295212,47352
185502,47351
155213,47351
152080,47350
199374,47350
249038,47350
131588,47349
263743,47349
233567,47349
118903,47348
165468,47348
228141,47348
223003,47348
115493,47347
59813,47347
257681,47346
118774,47346
200667,47346
287377,47346
38055,47344
231975,47344
112452,47343
247972,47343
259044,47342
84276,47342
175291,47341
197722,47340
248399,47340
261857,47340
138820,47339
138903,47339
94879,47339
142227,47338
119156,47338
194509,47338
42099,47337
108364,47337
40530,47335
221008,47335
141441,47334
205494,47334
174512,47334
195769,47333
65865,47333
266390,47333
153633,47332
264579,47332
260949,47331
22373,47331
194462,47331
118823,47331
134388,47330
121414,47330
83314,47330
76324,47330
230069,47330
1882,47329
267821,47328
262028,47328
33291,47327
293958,47327
128995,47325
115363,47325
231407,47325
242638,47325
200332,47324
72052,47324
22096,47324
128264,47323
285694,47323
198427,47322
155513,47322
176362,47322
7002,47322
31096,47321
250168,47320
184209,47320
214667,47319
17997,47318
288092,47318
38512,47318
123267,47318
278126,47317
220433,47317
90604,47317
102760,47317
182648,47317
114943,47317
153985,47316
182777,47316
168399,47315
47775,47315
158514,47315
205672,47315
194806,47314
203952,47314
284555,47314
41120,47313
50924,47313
141927,47312
294483,47312
33089,47312
131196,47312
53370,47311
276166,47310
208085,47309
101623,47307
208127,47307
224839,47307
189489,47306
126793,47306
275195,47306
140635,47306
135591,47306
187109,47305
222234,47305
173719,47305
185408,47305
254985,47305
268600,47304
126341,47304
186131,47304
276864,47303
116947,47303
116962,47303
133316,47302
232235,47302
160087,47302
143274,47302
55696,47301
157565,47301
227684,47301
121867,47301
62625,47300
221203,47300
211995,47300
188385,47300
220678,47299
229196,47299
218198,47299
175161,47298
60880,47298
201229,47298
147020,47298
54603,47297
275571,47297
122735,47297
264286,47297
32316,47296
235218,47296
17397,47295
227807,47295
278325,47295
33506,47294
175254,47294
162606,47292
203969,47291
178777,47291
275104,47290
192990,47289
197636,47288
272283,47288
199636,47287
187559,47287
231178,47285
136998,47285
154503,47285
19657,47284
178566,47284
65227,47283
246472,47283
66660,47282
102692,47282
235799,47281
65760,47280
144232,47280
275524,47279
235639,47279
181010,47278
209195,47277
71888,47277
32285,47277
165416,47276
220700,47276
218338,47276
216531,47276
164634,47276
137705,47275
202913,47274
285462,47274
287825,47273
226175,47273
33463,47272
215059,47272
291121,47272
100525,47270
201544,47270
272273,47270
88522,47270
24484,47269
36831,47268
139257,47267
290390,47265
102448,47265
205793,47264
214129,47264
112577,47264
240296,47262
288901,47261
103029,47261
212777,47261
245266,47261
112420,47261
108709,47260
294114,47260
266925,47258
288323,47257
260628,47257
101027,47257
157935,47256
223234,47256
259148,47256
187666,47255
60900,47255
25224,47254
66177,47254
193983,47254
82850,47251
114257,47250
224801,47249
168881,47249
134822,47249
251738,47249
251575,47248
91090,47248
127726,47248
234018,47248
246628,47248
234869,47247
212650,47246
198695,47245
20999,47243
159769,47243
215268,47242
98576,47242
23681,47240
23841,47239
112701,47239
207727,47238
79859,47238
258468,47237
236475,47236
162387,47235
192147,47235
64569,47235
207480,47235
168689,47235
210349,47234
287902,47234
284345,47234
266093,47234
128349,47233
51233,47233
245271,47233
246893,47232
269138,47232
269834,47232
124083,47231
233739,47231
224543,47231
51102,47231
186465,47230
269361,47229
2327,47229
286479,47229
281168,47228
268509,47228
139057,47228
102384,47227
192123,47227
72794,47226
264291,47226
110078,47225
7847,47225
47207,47225
148802,47224
94548,47223
165860,47221
51304,47221
272976,47221
66800,47221
62075,47221
201726,47220
240346,47218
37949,47217
129818,47217
128109,47217
23801,47216
198211,47216
275888,47216
199728,47216
196814,47216
161574,47214
270967,47213
285675,47212
277498,47211
118818,47211
4111,47211
262413,47211
102252,47210
286634,47209
262607,47209
28454,47208
279555,47207
66198,47207
213341,47206
279547,47205
263360,47205
194036,47204
150050,47203
231792,47203
240014,47203
248627,47202
1966,47202
196414,47202
69802,47202
44967,47201
227425,47200
263803,47200
259110,47200
251878,47199
92741,47199
250977,47198
231161,47198
233670,47196
197556,47196
284312,47195
270548,47194
275891,47194
242723,47193
250048,47192
105667,47192
181223,47192
258615,47191
100682,47191
65768,47191
247510,47191
204443,47191
270779,47191
279712,47190
202379,47189
244953,47189
202162,47189
105348,47188
104299,47188
61369,47188
145326,47188
256613,47188
253439,47187
141326,47187
287611,47187
214367,47186
259973,47186
209200,47185
86365,47185
21891,47183
155406,47183
183312,47182
78637,47181
269004,47181
102782,47179
100303,47179
154396,47178
145532,47178
283119,47177
124584,47177
209727,47176
40295,47176
285661,47176
283105,47175
239774,47175
176163,47175
216794,47175
173050,47175
220558,47174
102908,47174
5164,47173
183039,47173
159694,47172
89681,47172
257201,47172
243086,47172
288321,47171
243133,47171
94577,47171
174074,47171
896,47170
279413,47170
245584,47170
120309,47169
118796,47169
156733,47169
186372,47169
196372,47169
252716,47169
279639,47169
85330,47168
162626,47168
223376,47168
15090,47167
294300,47166
90006,47165
80702,47165
55336,47165
249106,47164
119293,47164
88897,47164
215083,47164
181195,47164
276054,47163
235215,47162
227055,47162
116551,47162
89954,47162
235930,47161
145743,47160
210720,47160
111228,47159
191020,47159
150509,47159
175576,47158
95292,47157
108808,47156
67442,47155
169760,47155
26612,47155
207708,47155
240920,47155
205301,47154
238468,47154
148688,47154
244615,47154
269338,47153
134705,47153
102338,47153
63090,47153
144014,47153
50098,47152
232370,47152
93643,47152
234206,47151
187208,47151
41230,47150
229131,47150
243998,47150
176900,47150
294456,47149
189397,47149
124949,47149
73377,47149
198005,47148
108108,47148
251258,47148
218079,47147
42801,47147
246827,47146
26220,47145
235876,47145
135489,47144
134692,47144
288184,47144
46258,47143
57278,47143
66723,47143
243791,47143
218106,47143
232660,47142
190606,47142
207508,47142
258260,47142
147556,47141
287754,47140
35013,47140
294344,47140
224406,47139
192754,47139
157013,47139
142346,47138
78091,47138
81385,47138
156307,47137
223891,47136
277774,47136
127404,47135
254587,47134
129120,47134
66919,47134
57631,47133
208110,47133
265215,47132
80389,47132
213957,47132
123496,47132
280319,47131
66094,47131
120224,47130
201227,47129
278133,47129
207762,47129
102839,47129
113650,47128
211800,47128
81982,47127
181006,47127
128747,47127
246181,47127
155931,47125
237737,47124
99553,47124
266805,47123
264799,47122
167546,47122
64065,47121
124905,47119
159222,47119
216821,47119
204187,47118
246297,47118
294480,47118
201270,47118
252896,47118
212486,47117
970,47117
286946,47117
104513,47117
240015,47117
140324,47117
271371,47116
103073,47116
192076,47116
19503,47114
258725,47113
175450,47113
74590,47113
131919,47113
195376,47113
159790,47112
154130,47111
189524,47109
164155,47109
223448,47109
252572,47107
229741,47107
282554,47106
191853,47104
70830,47104
180679,47102
156334,47102
183985,47102
108232,47102
236906,47102
59279,47102
272369,47102
177313,47102
114513,47102
134415,47101
260892,47101
216408,47101
87477,47100
199347,47099
274527,47099
154541,47099
234042,47099
262886,47098
222136,47098
167211,47098
162721,47098
216459,47097
290612,47097
154642,47097
211529,47096
167338,47095
227228,47095
246242,47094
287009,47094
106142,47093
271154,47093
171862,47093
184839,47093
268144,47093
146067,47092
203864,47092
167634,47092
242504,47092
131853,47091
169678,47091
283526,47091
1321,47091
217702,47090
38379,47089
115604,47088
13136,47088
264827,47087
109489,47087
247494,47087
283633,47086
253455,47086
231084,47086
237795,47085
295833,47083
91846,47083
233943,47082
207676,47082
182020,47081
218103,47081
34772,47080
180266,47079
235617,47079
88969,47078
264435,47077
221388,47077
296270,47077
281719,47077
140659,47076
91720,47075
69341,47075
282072,47075
257639,47074
207257,47074
217679,47074
291467,47074
183567,47074
264970,47073
236820,47073
206322,47073
82641,47072
171509,47072
201785,47070
207297,47070
143506,47070
244339,47068
127508,47068
292017,47068
120978,47068
251582,47067
85996,47067
215296,47067
145404,47067
230024,47067
211247,47066
150130,47066
158486,47065
241395,47064
226426,47062
10524,47062
282994,47061
123099,47061
82298,47061
283802,47060
196678,47060
166581,47060
190791,47059
158618,47059
119960,47058
245752,47058
97528,47058
199556,47057
75638,47056
75521,47056
192714,47055
121911,47054
76263,47054
171305,47054
254503,47054
102822,47053
106411,47053
175363,47053
218298,47052
222229,47052
37625,47052
287896,47051
167363,47051
258141,47050
242918,47050
55610,47049
35055,47049
80199,47049
214875,47049
243622,47048
143093,47048
118853,47048
73285,47048
69410,47047
250888,47047
223422,47047
104445,47046
240947,47046
278531,47045
226971,47045
49182,47045
165952,47044
152903,47044
175418,47043
104046,47043
130321,47043
202284,47043
166290,47042
69245,47041
253845,47041
35717,47041
241410,47041
183723,47041
234575,47040
130295,47040
171621,47039
32171,47038
293672,47037
34777,47036
244997,47036
67866,47035
54613,47035
94973,47035
103496,47034
71616,47034
290304,47033
237917,47032
171130,47032
272844,47032
149057,47032
111269,47032
293498,47032
281221,47032
178143,47031
219755,47031
32465,47031
64298,47030
97324,47030
274134,47030
68937,47029
112953,47029
203511,47029
198268,47028
127360,47028
240713,47028
44383,47028
134226,47027
152914,47027
212910,47026
97120,47025
111827,47025
183690,47024
170809,47024
36405,47024
209151,47023
264638,47023
103156,47022
239861,47021
206854,47021
27758,47019
48711,47019
234564,47019
182761,47019
262742,47018
221666,47018
227082,47018
140854,47017
76412,47017
77528,47017
112692,47016
250076,47016
39666,47016
170034,47016
215173,47015
195981,47015
83851,47015
173695,47015
119623,47014
225356,47014
84831,47014
220119,47013
152074,47013
194671,47012
225326,47011
233642,47011
265118,47011
67486,47009
225890,47009
161446,47009
114455,47009
126264,47007
228062,47006
87293,47006
232853,47006
292485,47006
223683,47004
256793,47003
209985,47002
171803,47002
198470,47002
256908,47002
208149,47002
72390,47000
36275,47000
156990,46999
227139,46999
29163,46999
28326,46999
274475,46998
164423,46997
137385,46997
278131,46997
78035,46997
273697,46996
265269,46996
88514,46996
261398,46995
176414,46995
34032,46995
282009,46994
207601,46994
77460,46993
143491,46993
161094,46993
109794,46993
95641,46992
93944,46992
207735,46992
133236,46992
236802,46991
275405,46991
122078,46991
154322,46991
110999,46990
90784,46990
210848,46989
207891,46989
262262,46988
70234,46988
194291,46988
287022,46988
171574,46986
174138,46986
124455,46985
35034,46984
179743,46984
163922,46984
272522,46984
220402,46983
217396,46982
251017,46981
266523,46981
163881,46981
282869,46981
266897,46980
187100,46980
179968,46978
134058,46978
27520,46977
261048,46977
296063,46977
194176,46976
244398,46976
237588,46976
137492,46975
271484,46975
194465,46975
69491,46975
193051,46974
16171,46973
223107,46973
158161,46973
113753,46973
258259,46972
208392,46972
291227,46972
83853,46972
201303,46971
184363,46971
245373,46970
47423,46970
90962,46970
179580,46970
210972,46969
189437,46969
269435,46968
157905,46968
223430,46968
20741,46967
233594,46967
193372,46967
6232,46967
207605,46967
83129,46966
153417,46966
210845,46965
194565,46965
218024,46965
50560,46964
221266,46963
41811,46963
139899,46963
159301,46962
152083,46961
232386,46961
72741,46961
281486,46961
101828,46960
224112,46960
133026,46960
226269,46959
146454,46959
274094,46959
227182,46958
49591,46958
107482,46955
103963,46954
260860,46953
290411,46953
94897,46953
172951,46952
276811,46949
182713,46949
150724,46949
240200,46948
150579,46947
253347,46946
170538,46946
246570,46946
132715,46946
227079,46946
290699,46945
111529,46945
26447,46944
96382,46944
110890,46944
178366,46944
234792,46943
222943,46943
263241,46943
64089,46943
88816,46942
124727,46941
110082,46941
246856,46941
295550,46940
146982,46940
293539,46940
292551,46940
191014,46940
248415,46940
189920,46939
183772,46939
195757,46938
246547,46938
195670,46938
37586,46937
229778,46936
85772,46936
275446,46936
273551,46936
81805,46935
85902,46935
184614,46934
223725,46934
292244,46934
280880,46934
73631,46932
271837,46932
144695,46931
279209,46931
111036,46931
90263,46930
14653,46930
103140,46929
233731,46929
292923,46928
260427,46928
47438,46928
114912,46928
214589,46927
77635,46927
33635,46927
268026,46926
248243,46925
186067,46925
119134,46925
62280,46925
136260,46925
261319,46924
137440,46924
49544,46924
286141,46924
290423,46924
206340,46923
169172,46923
152197,46923
218081,46922
142187,46922
150247,46921
137311,46921
289996,46920
182708,46918
17194,46918
230900,46918
24869,46917
56315,46917
275754,46916
42750,46916
269005,46916
193119,46915
258015,46915
150772,46915
32506,46913
170650,46913
274712,46913
284195,46913
295445,46913
76686,46913
270808,46913
249150,46912
277393,46911
157084,46911
164586,46911
293011,46911
150628,46911
219363,46910
227695,46910
275804,46910
242051,46909
196190,46909
281973,46909
195316,46909
154706,46908
248424,46908
216245,46908
206472,46907
218787,46907
296560,46907
53940,46907
137793,46906
150231,46906
216165,46906
168552,46906
159118,46906
81215,46906
248518,46905
195021,46905
290771,46905
224195,46905
63645,46904
239771,46904
126490,46903
70320,46903
219475,46902
215374,46902
109917,46901
135675,46901
106921,46901
106875,46900
64326,46900
99356,46898
295469,46898
98463,46898
267372,46898
151422,46898
8654,46897
6408,46897
19046,46897
224665,46896
137575,46896
270609,46895
47628,46895
260795,46894
125983,46894
292437,46893
164975,46892
256557,46891
203546,46891
229624,46890
18569,46889
179362,46889
170475,46889
265348,46888
262885,46888
135815,46888
203258,46887
276354,46886
244094,46886
99380,46886
46686,46886
155527,46886
60651,46885
133506,46884
231805,46884
19861,46884
155256,46884
526,46884
25410,46883
74215,46883
269484,46883
71195,46883
276935,46883
168773,46883
251619,46883
169036,46882
40325,46882
199038,46882
211697,46880
32599,46880
250202,46880
293617,46880
162317,46880
281036,46880
130400,46880
166041,46879
238675,46879
114719,46879
138825,46879
260200,46878
106991,46878
167522,46878
162816,46878
175554,46878
241439,46878
81111,46878
246425,46878
205843,46877
59518,46877
253098,46877
125900,46876
218499,46875
77883,46875
215282,46875
294743,46875
275967,46875
210384,46874
99038,46873
194360,46873
164746,46873
220034,46872
154222,46872
280579,46872
251797,46872
169732,46871
206496,46871
83808,46871
267505,46870
57653,46870
263019,46870
294227,46870
207571,46869
89474,46869
104411,46869
26766,46869
158058,46868
142504,46868
74123,46867
187035,46867
119426,46866
167759,46866
186525,46866
179532,46866
117615,46865
286706,46865
217471,46865
198012,46865
132980,46864
125466,46864
83624,46864
249479,46864
79645,46862
65909,46862
12618,46861
267133,46861
103290,46859
222106,46859
69183,46859
162492,46859
190153,46858
170731,46858
291652,46858
179994,46858
178487,46857
164353,46857
285677,46857
45638,46856
230684,46855
235074,46853
183445,46853
242926,46853
205284,46853
252842,46853
33944,46852
163194,46851
261938,46851
250130,46851
60957,46851
181279,46850
164719,46850
286869,46850
279319,46849
230824,46849
117705,46848
113112,46848
190403,46848
232268,46848
152500,46847
53832,46847
204216,46847
68142,46847
291070,46846
187901,46846
239893,46845
3189,46845
248229,46845
189720,46844
235966,46844
220915,46843
84950,46843
83816,46843
202956,46842
220170,46842
125476,46841
168257,46839
115367,46839
168770,46839
239987,46839
231940,46839
288265,46839
103166,46838
125533,46838
234013,46838
123627,46838
59651,46838
243037,46837
83224,46837
253811,46836
282498,46836
86302,46836
61397,46836
268435,46835
16461,46834
161701,46834
255794,46834
281978,46834
200685,46833
243552,46833
239281,46832
129795,46832
181334,46832
98155,46832
92006,46831
194818,46831
104731,46831
119925,46830
36,46830
8060,46828
245221,46828
161135,46828
241462,46828
177723,46828
135347,46826
247655,46826
209766,46826
65946,46826
235455,46824
111110,46824
214006,46823
273456,46823
121703,46822
78937,46822
197858,46822
91500,46822
75969,46822
58263,46822
4096,46822
197168,46821
224054,46821
241494,46821
240703,46821
239709,46820
135706,46820
94437,46820
247447,46820
188960,46820
264493,46820
202893,46819
273271,46819
282063,46818
187490,46818
253186,46817
129198,46817
96861,46817
58456,46816
15939,46816
64067,46815
252663,46815
190462,46815
241349,46814
236712,46813
291328,46813
23213,46812
188707,46812
240232,46812
171136,46812
187689,46812
75794,46811
131352,46811
185760,46809
150496,46809
287314,46809
167144,46809
288589,46809
265821,46808
167242,46808
187301,46807
46355,46807
16265,46807
282393,46806
228937,46806
293850,46806
255625,46805
197974,46805
110657,46804
248242,46804
175635,46803
66619,46803
232170,46803
212171,46802
255662,46802
289511,46802
191209,46802
117862,46802
102598,46801
182617,46799
244891,46799
1349,46798
206180,46797
226643,46797
278074,46797
135210,46797
163038,46796
260351,46796
188757,46796
148134,46796
22945,46795
251117,46795
27549,46794
177992,46794
72309,46794
65524,46794
245920,46794
278838,46794
160637,46793
76807,46793
166759,46792
137621,46792
225866,46791
156062,46790
169404,46790
81310,46790
183688,46790
295622,46789
146081,46789
110463,46789
57867,46789
182446,46789
196482,46788
157793,46787
221076,46787
220895,46787
193190,46787
255865,46787
277382,46786
141077,46786
176135,46786
259965,46785
120481,46785
262544,46784
73474,46784
290135,46784
5018,46784
146463,46784
132823,46784
69372,46783
99706,46782
224958,46782
283475,46782
128356,46782
84966,46782
128553,46781
133086,46781
279283,46781
32078,46780
206407,46780
74673,46779
192588,46779
241236,46779
54859,46779
63708,46777
167573,46777
263734,46777
49402,46777
109226,46777
164040,46775
66208,46775
282363,46775
5469,46773
251527,46772
259156,46772
256932,46771
17963,46771
133890,46770
275429,46770
165661,46770
144544,46769
241365,46769
116015,46769
28367,46768
255138,46768
245427,46768
163289,46768
164383,46767
179677,46767
189848,46766
286352,46766
158206,46766
274003,46765
293056,46765
284161,46765
162859,46765
124715,46764
206077,46764
169107,46764
85243,46763
283656,46763
55311,46763
190553,46763
255675,46763
235530,46762
39052,46762
129115,46762
57290,46761
236861,46761
12912,46761
156906,46760
106728,46760
260149,46760
222677,46760
110380,46760
274741,46760
149528,46760
80946,46759
121365,46759
200932,46758
232654,46758
261989,46758
79155,46757
51613,46757
286697,46756
109149,46756
99791,46756
229095,46756
293536,46756
290529,46756
103065,46755
278793,46755
150032,46754
118829,46754
209934,46753
281631,46752
144567,46752
264091,46752
218130,46751
143553,46751
102246,46751
205146,46751
97601,46750
104194,46749
112821,46749
160167,46748
288554,46748
135674,46748
232812,46748
62036,46747
198052,46747
58781,46747
291209,46747
29725,46747
177764,46746
103357,46745
234617,46745
130758,46745
62414,46745
229192,46744
125327,46744
163746,46744
247694,46744
31692,46744
79263,46744
202484,46743
93378,46743
105972,46742
287163,46742
69501,46741
148018,46741
268864,46741
205136,46740
284947,46739
136054,46739
151684,46738
282173,46737
185029,46737
266057,46737
253956,46736
53541,46736
70014,46736
30178,46735
263045,46735
176918,46735
269794,46734
50793,46734
258632,46734
239831,46734
145416,46734
281751,46733
99495,46732
171372,46732
138747,46732
289846,46732
133461,46731
289732,46731
193597,46731
184746,46731
80701,46731
274460,46730
67532,46730
269583,46730
260449,46730
266089,46730
79784,46729
182523,46729
38979,46729
197226,46728
225134,46728
201583,46727
105673,46727
244755,46727
262135,46727
238145,46727
185307,46726
72034,46725
108002,46725
222344,46725
199576,46725
161673,46724
295304,46724
195480,46724
188122,46724
281494,46723
268680,46723
10918,46723
65500,46722
94494,46721
296157,46721
100367,46721
145473,46720
217639,46720
129033,46720
140852,46719
221755,46719
102516,46719
286018,46718
168683,46718
160897,46718
147088,46718
184854,46718
11853,46718
227692,46717
29341,46717
211260,46717
136936,46716
141527,46715
286222,46715
15488,46715
128302,46715
103033,46714
201993,46714
9104,46714
295731,46714
177360,46713
219247,46713
201690,46713
263560,46712
248777,46712
34294,46712
84120,46712
57109,46711
27221,46711
211763,46710
135671,46710
232249,46709
266481,46708
268232,46708
254415,46708
118506,46708
142844,46707
209736,46706
222208,46706
73112,46706
211933,46705
228504,46705
206723,46705
229374,46704
80420,46704
244542,46704
32536,46704
187114,46704
260492,46703
67098,46703
28471,46703
115457,46703
160633,46702
113109,46702
57332,46702
292466,46702
78730,46702
252360,46702
221751,46701
252772,46701
282077,46701
154591,46701
189611,46701
207697,46701
155915,46700
130004,46700
273369,46700
295152,46700
99491,46699
211354,46699
174168,46699
167065,46699
187840,46699
287280,46699
203728,46698
123174,46698
173777,46698
217450,46697
157081,46697
109886,46697
213389,46697
139123,46696
255084,46696
278739,46696
260683,46696
34438,46696
29475,46696
226720,46695
131652,46695
112827,46695
96685,46695
31751,46694
221135,46694
275465,46694
96797,46694
283169,46694
120080,46692
54788,46692
236559,46692
60870,46692
56648,46692
182191,46692
283617,46691
92939,46691
44621,46691
124375,46691
210162,46690
118027,46690
139216,46690
257088,46689
231893,46689
96837,46689
270030,46689
260193,46689
132304,46689
295785,46688
148256,46688
73158,46688
266439,46687
178064,46687
239068,46687
270891,46686
264661,46686
282982,46686
243234,46686
217821,46686
61597,46686
58812,46685
292965,46684
58141,46684
197015,46684
218909,46684
189286,46683
116662,46683
255386,46683
129721,46683
162504,46683
210965,46682
267223,46682
226887,46682
188872,46681
38791,46681
62011,46681
11112,46681
227780,46679
48263,46679
8351,46679
161579,46679
121748,46679
109032,46679
106158,46677
292998,46676
281731,46676
14026,46676
119727,46675
100738,46675
99976,46674
80007,46674
211351,46674
200628,46674
178419,46674
243117,46673
206068,46673
202624,46673
196128,46673
211715,46672
165419,46672
137317,46671
254101,46671
234124,46671
48286,46670
81056,46670
267374,46670
197042,46670
240079,46670
261628,46670
31872,46670
137613,46669
84718,46669
238576,46668
241710,46668
88101,46668
17366,46667
70963,46667
194401,46666
231844,46665
30163,46665
295061,46665
83638,46664
288739,46664
188213,46664
215892,46663
22280,46662
231146,46662
85631,46662
217549,46662
165995,46662
251699,46662
75750,46662
239602,46661
206525,46660
177365,46660
235767,46660
46601,46659
96974,46659
9514,46657
253913,46657
21065,46657
118420,46656
237026,46656
278972,46655
225119,46654
208594,46654
116925,46654
174577,46654
260799,46654
32790,46654
198407,46653
265224,46653
232434,46653
141649,46653
168831,46653
80708,46652
197652,46652
207912,46652
112489,46652
262136,46651
147901,46650
92883,46650
155170,46650
227197,46649
16911,46649
70915,46649
252202,46648
140869,46648
239653,46648
46478,46647
62156,46647
278476,46647
79652,46647
89994,46646
156592,46646
77299,46645
113249,46645
76724,46645
104601,46644
113250,46644
544,46644
275360,46644
184872,46643
211836,46643
257631,46642
243682,46642
177374,46641
289457,46641
127584,46641
280757,46641
201335,46641
237469,46640
197167,46640
83768,46640
253306,46640
242084,46640
294879,46639
130539,46639
285553,46639
54981,46638
279476,46638
150722,46638
22272,46638
271506,46637
188557,46636
238134,46636
165201,46636
154022,46635
268194,46635
135506,46635
290604,46634
263765,46634
294235,46634
210190,46634
96615,46633
12755,46633
238880,46632
64907,46631
94215,46630
251468,46629
252846,46629
212149,46629
280245,46629
73023,46629
225495,46628
12301,46628
193740,46628
257679,46627
179232,46627
88579,46626
84702,46626
233160,46626
52367,46626
170411,46625
158369,46625
290523,46625
91730,46624
53953,46624
196634,46624
117959,46623
139087,46623
114116,46623
222609,46623
54687,46622
231850,46622
242151,46621
223938,46621
254369,46620
142688,46620
285199,46620
149307,46620
2745,46619
33679,46619
76943,46619
273371,46619
87279,46619
209137,46619
207887,46619
196140,46618
63258,46617
218870,46617
280865,46617
257865,46617
93940,46617
242853,46617
217843,46616
44661,46616
230758,46616
81808,46615
35775,46615
266016,46615
246167,46614
292900,46613
100214,46613
89266,46612
149407,46612
253848,46612
179193,46611
40168,46611
219952,46611
191096,46610
232257,46610
69157,46610
121210,46609
283448,46609
198780,46609
276461,46609
888,46609
99854,46608
51357,46607
282198,46606
276478,46606
93045,46606
273378,46606
266460,46606
137030,46605
117895,46604
47325,46604
259872,46604
267045,46603
124122,46603
232535,46603
32973,46603
126655,46602
214661,46602
109894,46602
241444,46602
129272,46602
90610,46602
163576,46601
70755,46601
245288,46600
98990,46600
191066,46600
239087,46600
231714,46599
230307,46599
4920,46598
211638,46598
67678,46598
127807,46598
269225,46597
283706,46597
254471,46596
270385,46595
7331,46595
63575,46594
35676,46594
247626,46593
51647,46593
203575,46593
223713,46592
94786,46592
164613,46592
235800,46592
284503,46592
72913,46591
168009,46591
177626,46591
245404,46591
207730,46590
213435,46590
171088,46590
236352,46590
205653,46590
205658,46589
294125,46589
66089,46589
139243,46589
162030,46589
247408,46589
67211,46588
224417,46588
43417,46587
42249,46587
129674,46587
96639,46587
214917,46587
265296,46587
225125,46587
40574,46586
280055,46586
27610,46586
235626,46586
279112,46585
291392,46585
245958,46585
227323,46585
89583,46585
22402,46584
222876,46584
254124,46583
79321,46583
160212,46583
244439,46582
204787,46582
155867,46582
198803,46581
274718,46581
184527,46580
242875,46579
233024,46579
195608,46579
26381,46579
180488,46578
100900,46578
76812,46578
234606,46577
153740,46577
166340,46577
285369,46577
260383,46576
231413,46576
218331,46576
150834,46575
114,46575
23293,46575
164534,46574
72458,46574
96443,46574
35412,46574
217018,46574
172952,46574
122767,46573
126359,46573
30600,46573
255310,46573
199285,46573
95319,46572
55467,46572
133941,46572
149137,46572
68618,46570
249224,46570
269423,46569
2834,46568
68945,46568
253442,46568
224609,46568
281832,46568
41909,46567
100275,46567
215636,46567
243623,46567
211467,46566
237521,46566
250249,46566
129574,46566
171178,46566
15954,46566
188587,46565
167124,46565
134620,46565
170845,46565
188350,46565
280195,46564
39598,46563
237788,46563
145578,46562
194257,46562
78678,46562
58005,46562
172800,46562
110427,46561
265410,46561
151701,46561
4178,46560
221183,46560
182260,46560
112950,46560
184571,46559
227815,46559
258099,46559
290939,46559
77935,46558
63184,46557
226543,46557
210961,46556
269948,46555
233364,46555
8076,46555
278989,46555
42918,46554
265640,46554
273070,46554
181878,46554
74546,46554
54590,46554
293639,46554
38418,46553
262678,46553
102455,46553
180380,46553
176649,46553
219662,46552
279361,46552
90381,46552
203858,46552
157240,46552
207828,46551
61412,46551
195519,46551
22529,46551
167850,46551
227198,46551
226226,46549
246859,46548
145859,46548
218588,46548
276756,46548
122995,46548
66384,46548
279311,46547
19617,46547
280229,46547
59375,46547
76527,46547
174336,46547
182323,46546
287389,46546
123690,46546
16663,46545
233687,46545
253666,46544
272514,46544
4194,46544
145150,46544
107150,46544
162203,46543
29612,46543
278980,46543
269173,46543
214615,46542
242530,46541
67581,46540
264790,46539
158508,46539
157879,46539
198296,46539
218840,46538
14698,46538
144353,46538
178985,46538
199254,46538
183326,46538
294272,46537
203811,46537
183480,46537
189945,46536
203335,46536
263699,46536
249366,46535
166420,46535
90198,46535
92404,46535
262511,46535
230857,46535
6721,46535
83409,46534
222016,46534
149268,46534
185226,46534
58396,46534
280019,46533
130712,46533
271515,46532
4700,46532
219094,46532
131404,46531
79910,46531
73604,46530
22363,46530
291224,46529
197792,46529
104113,46529
15236,46529
254853,46528
7300,46528
177753,46528
139129,46528
162556,46527
193178,46527
279793,46526
162834,46526
233176,46526
933,46526
118753,46525
168973,46525
41931,46525
191532,46524
146649,46524
49472,46524
256640,46524
170192,46523
202602,46523
240690,46523
268443,46522
209598,46522
216405,46522
224788,46521
195194,46521
234356,46521
228871,46521
245332,46521
31287,46520
144326,46520
174628,46520
272287,46520
279155,46519
275390,46519
210050,46519
115548,46518
147330,46518
123460,46518
125730,46518
115206,46518
229717,46518
97674,46517
101835,46517
232911,46516
9144,46515
98695,46515
158401,46514
91275,46514
103044,46514
64573,46514
245286,46513
126615,46513
271456,46513
213057,46513
210505,46512
237720,46512
204298,46512
46308,46511
280132,46511
108705,46511
267990,46511
156783,46511
125654,46510
246916,46510
264817,46510
132700,46510
222988,46510
25729,46510
99329,46509
244833,46509
162441,46509
240948,46509
245378,46509
151171,46508
286992,46508
128997,46508
219200,46508
235029,46507
25628,46507
81942,46506
239181,46506
213000,46506
217654,46506
213451,46505
41763,46505
208586,46505
294981,46504
187798,46504
142916,46504
175665,46503
228722,46503
282437,46503
254141,46502
241896,46502
288605,46501
234766,46501
264399,46501
63857,46501
112297,46501
212032,46499
291530,46499
85630,46499
140753,46499
285681,46499
172794,46498
133353,46498
109384,46498
116301,46498
49781,46498
273876,46498
89499,46497
148843,46497
81335,46497
60390,46497
135075,46496
144858,46495
224145,46495
235182,46495
34244,46495
161141,46495
157558,46494
171435,46494
223118,46494
166133,46494
92252,46494
88902,46493
249766,46493
274884,46492
220131,46492
238889,46492
245038,46491
55791,46491
295728,46490
165686,46490
282067,46490
275775,46490
5746,46489
81499,46489
275976,46489
246520,46489
275236,46488
234215,46488
174518,46488
51717,46487
180401,46487
159535,46487
90111,46486
47943,46486
1034,46485
157974,46485
280768,46485
215983,46485
204402,46484
115174,46484
139668,46484
169352,46484
89174,46484
274367,46483
123881,46482
147288,46482
152792,46482
156977,46481
26229,46481
135336,46481
267322,46481
193963,46481
23162,46480
179645,46480
209508,46480
155340,46480
212242,46479
198338,46479
209501,46478
154748,46478
114180,46478
77176,46476
287635,46476
139663,46476
181168,46476
209882,46476
236599,46476
277403,46475
265849,46475
38832,46475
91542,46475
253223,46474
252679,46474
281954,46473
198963,46473
237456,46473
54221,46473
202668,46473
1506,46472
83766,46472
227277,46472
218228,46471
111968,46471
174372,46471
254697,46471
108192,46470
60375,46470
107395,46470
249468,46470
244544,46469
157030,46469
74376,46468
209244,46468
129189,46468
17623,46468
224018,46468
138483,46468
290977,46467
112309,46467
103484,46467
125328,46466
191282,46466
124873,46466
271123,46466
254338,46465
202341,46465
180225,46465
133695,46465
146734,46465
76488,46465
191349,46465
66057,46465
276131,46464
173668,46463
23477,46463
284355,46463
53039,46463
118117,46463
143113,46463
106700,46462
102,46462
78602,46462
185691,46461
178444,46461
2215,46461
152059,46460
126692,46459
256272,46459
240805,46459
81573,46459
22831,46458
241827,46458
280014,46458
94999,46458
53732,46457
177436,46457
138124,46457
34045,46457
53494,46456
32738,46456
73565,46455
119853,46455
193430,46455
8406,46455
131687,46455
119057,46454
3270,46454
292908,46454
37591,46453
144006,46453
189692,46453
286107,46452
284397,46452
202295,46452
172683,46452
282018,46452
111561,46452
243995,46451
146592,46451
288547,46450
106020,46450
263533,46450
98164,46449
133770,46449
240507,46449
69474,46449
77998,46449
272859,46449
44652,46449
265641,46448
122106,46448
228374,46448
214122,46448
173943,46448
239448,46448
48247,46448
126150,46448
98722,46447
61923,46447
86963,46447
189880,46447
25559,46447
107944,46447
112329,46447
251549,46446
136978,46446
75924,46446
16197,46446
57083,46446
209837,46446
294190,46445
207930,46445
153369,46445
181875,46444
53816,46444
209114,46444
6052,46444
282106,46444
160647,46444
242019,46444
184063,46443
221493,46443
190685,46443
213905,46443
178562,46443
165652,46443
245973,46442
8769,46442
253946,46442
226943,46442
118551,46441
149065,46440
23905,46440
179996,46440
81097,46440
282133,46440
9691,46440
229632,46440
270118,46440
285288,46440
210748,46440
59933,46438
248381,46438
201057,46438
216541,46438
277988,46438
134223,46437
204340,46437
1097,46437
228649,46437
2642,46436
195036,46436
259209,46436
39974,46436
79324,46436
295791,46436
291836,46435
193814,46435
261964,46435
240845,46435
211129,46434
201649,46434
160397,46434
22721,46433
163929,46433
78914,46432
68736,46432
221119,46432
132129,46432
212324,46431
220656,46431
97372,46431
278225,46430
142345,46430
255841,46430
281656,46430
216102,46430
104439,46429
109708,46429
189841,46429
73703,46428
230331,46428
289890,46428
220413,46428
163886,46428
188441,46427
53260,46427
86868,46427
766,46426
284,46425
173305,46425
117856,46425
72729,46424
214086,46424
54329,46424
147000,46424
90479,46424
148240,46424
289043,46424
170594,46424
78161,46423
246756,46423
281772,46423
265666,46423
227322,46423
228351,46422
247838,46422
247446,46422
208507,46420
131144,46420
27430,46420
228618,46419
133684,46419
186440,46418
57919,46418
252501,46418
105806,46416
284425,46416
116598,46416
259591,46416
266119,46415
148941,46415
284728,46415
98004,46414
44868,46414
132661,46414
178418,46414
122433,46414
140141,46413
19605,46413
81523,46413
69262,46412
217451,46412
123954,46411
86545,46411
188339,46411
30760,46410
142077,46410
226994,46410
279483,46410
290963,46410
264465,46410
130816,46410
252689,46409
284534,46408
103822,46407
161356,46407
64300,46406
133227,46406
138546,46406
125811,46406
276035,46406
294618,46405
81043,46405
216239,46405
165750,46405
264084,46405
287443,46405
280172,46404
93889,46404
83839,46404
180271,46404
141158,46404
224888,46404
240980,46403
227625,46403
149496,46402
109656,46402
277006,46401
128959,46401
278923,46401
129011,46401
245425,46401
286770,46400
123563,46400
14670,46399
169826,46399
116249,46398
7705,46398
290967,46398
116324,46398
259401,46398
156236,46398
86685,46398
131156,46398
177134,46397
169896,46397
276192,46397
87448,46397
180855,46397
227122,46397
185775,46397
163756,46396
97109,46396
93457,46395
75005,46395
147774,46395
254585,46395
116255,46394
216078,46394
210428,46393
268551,46393
205799,46393
161145,46393
148472,46393
184982,46392
92004,46392
262778,46392
211625,46391
274311,46391
182043,46391
67124,46391
14487,46391
204866,46391
200116,46391
237675,46390
261447,46389
251792,46389
90958,46389
233521,46388
140363,46388
239024,46388
81260,46388
278791,46388
101474,46387
192291,46387
190862,46387
96660,46387
246420,46386
276726,46386
254869,46385
249738,46384
177671,46384
63436,46384
96755,46383
165530,46383
176331,46383
122125,46382
84457,46382
276251,46382
273786,46382
181765,46382
291173,46382
237038,46381
131127,46380
102969,46380
228651,46380
125340,46379
223121,46379
57412,46379
225068,46379
54409,46378
29727,46377
37606,46377
59312,46376
158416,46376
209593,46376
267496,46376
111164,46375
109823,46375
280413,46374
204315,46374
166689,46374
119866,46373
104523,46372
177429,46372
45721,46372
86509,46371
224264,46371
121409,46371
102275,46371
181408,46371
244220,46371
176293,46371
192165,46371
111939,46370
295842,46370
138608,46369
217707,46369
182994,46369
66875,46368
171961,46368
241910,46368
243555,46368
234561,46368
162790,46368
258120,46368
234254,46368
10225,46368
290349,46368
143346,46367
88261,46367
117236,46367
39613,46367
191918,46367
147205,46367
166916,46367
143651,46366
104711,46366
121000,46366
64793,46366
279348,46366
168542,46365
288441,46365
154711,46365
200273,46364
116499,46364
150090,46364
129525,46364
192762,46364
240767,46363
277365,46363
158352,46363
57831,46363
277348,46363
105494,46362
122494,46362
246302,46362
31028,46362
104003,46361
170908,46361
282891,46361
251118,46361
179969,46361
147059,46360
272683,46360
75978,46359
134581,46359
227445,46359
222976,46358
235938,46358
257984,46358
80539,46358
256769,46358
89232,46357
213240,46357
222073,46357
292915,46357
289547,46357
126453,46356
235673,46355
223291,46355
282510,46355
188477,46355
73803,46354
102214,46353
158857,46353
87681,46353
209667,46353
23685,46353
74664,46352
253266,46352
12184,46352
105411,46352
82465,46351
252714,46351
142115,46351
101604,46351
189529,46349
33730,46349
265656,46349
210667,46349
83813,46349
212932,46348
73487,46348
212799,46348
82956,46348
60002,46348
211323,46348
281360,46347
127849,46346
235696,46346
289047,46345
179072,46345
269826,46344
210788,46344
247800,46344
102570,46344
48624,46343
25831,46343
266644,46343
154229,46343
269063,46342
282570,46341
242667,46341
276976,46341
31736,46340
170361,46340
76747,46340
30081,46340
193111,46339
132444,46339
245356,46339
37447,46339
252695,46339
48440,46339
205965,46339
181611,46338
244218,46338
21978,46338
11252,46337
279844,46337
208641,46337
272824,46337
268203,46337
272833,46337
168503,46336
118091,46336
226305,46336
99384,46336
85644,46336
23036,46336
80966,46336
127702,46336
211296,46336
94268,46335
141662,46335
258042,46334
115726,46333
28790,46333
96496,46333
278593,46333
220862,46332
246752,46332
71261,46332
241004,46331
179785,46331
253714,46331
236156,46330
179731,46330
109978,46330
191492,46329
179879,46329
15083,46329
71380,46328
82958,46328
275302,46327
240518,46327
176628,46327
274257,46327
64730,46327
113580,46326
285139,46326
68051,46326
247887,46326
293166,46325
24521,46325
216190,46325
240216,46324
207084,46323
46809,46323
223674,46322
63095,46322
155586,46322
142207,46322
244864,46321
161610,46321
199420,46321
231737,46321
252887,46321
151991,46321
295521,46321
189589,46321
249688,46321
89862,46321
250216,46320
92278,46319
208835,46319
160555,46319
196554,46319
125092,46319
290547,46318
287318,46318
270706,46318
241052,46318
296046,46318
141690,46318
253069,46318
161273,46318
170294,46317
148872,46317
141533,46317
5437,46316
120029,46316
113665,46316
177903,46315
194594,46315
284111,46314
242382,46314
47353,46314
44307,46314
67719,46313
273411,46313
169917,46313
176663,46313
242440,46313
76073,46312
169450,46312
143333,46311
228303,46311
143722,46311
294232,46311
128201,46311
181575,46311
249658,46311
249285,46311
81849,46311
183109,46310
69267,46310
134088,46310
81482,46309
218011,46309
286710,46309
111821,46309
122551,46309
73248,46308
199498,46308
43263,46308
293968,46308
47416,46308
262754,46307
173261,46307
281599,46307
6970,46307
128868,46307
272066,46306
103981,46306
259088,46306
151134,46305
105289,46304
87445,46303
109462,46303
71561,46302
276234,46302
73943,46302
253667,46301
275669,46301
207587,46301
2126,46301
224203,46301
281976,46301
24190,46300
266532,46300
155036,46300
142089,46300
148383,46300
205557,46300
213683,46300
138771,46300
286103,46299
287384,46299
106589,46299
209423,46299
288279,46299
177922,46298
201807,46298
291313,46298
225688,46298
12965,46297
127132,46296
293661,46296
89933,46296
228992,46296
266533,46295
269831,46295
79295,46295
247695,46295
249781,46295
148523,46295
180892,46294
53353,46294
106297,46294
90354,46294
101038,46294
44645,46293
69084,46293
169860,46293
196801,46292
202538,46292
269369,46292
91857,46292
291938,46291
53208,46291
237731,46291
66648,46291
130000,46291
211754,46290
76202,46290
263185,46290
69401,46290
284562,46290
246146,46289
179272,46289
103372,46289
291008,46289
110220,46288
17284,46288
112974,46288
178063,46288
239075,46288
174181,46287
162712,46287
259115,46287
166944,46287
41926,46287
249656,46286
97862,46286
45597,46286
214570,46286
85502,46286
165842,46285
272732,46285
194326,46285
95175,46285
160423,46285
212264,46285
67668,46284
61360,46284
129450,46283
65792,46283
163616,46283
232786,46282
288109,46282
245490,46281
241625,46281
200755,46281
89342,46281
77287,46280
256859,46280
279658,46280
112395,46280
192623,46279
16985,46279
123939,46279
264134,46279
81945,46279
175332,46279
158477,46279
58749,46278
100258,46278
75313,46278
196668,46277
193443,46276
144480,46276
201597,46276
292573,46275
278789,46275
202894,46275
65997,46275
164621,46275
72855,46275
274416,46275
79394,46275
27741,46274
182920,46274
262793,46273
244794,46273
81490,46273
184450,46273
119235,46273
289038,46273
275480,46273
97653,46273
119228,46273
252791,46272
150868,46272
286580,46272
198328,46272
264865,46272
72643,46272
278122,46272
147742,46271
102954,46271
279830,46271
229039,46271
268943,46270
79747,46270
291588,46270
103032,46270
287956,46269
70617,46269
251521,46269
270785,46269
9256,46268
56681,46268
29133,46267
281164,46267
190724,46267
113922,46266
287388,46266
229318,46266
108734,46266
114689,46265
243112,46265
121472,46265
95637,46265
290623,46265
256084,46265
134327,46264
93020,46264
141803,46264
152950,46264
265023,46264
265602,46263
169324,46263
120176,46263
93956,46263
154578,46262
33353,46262
67567,46262
192085,46262
223879,46262
271609,46261
85368,46261
223922,46261
272545,46261
150888,46261
72702,46261
178001,46261
168460,46261
281650,46260
219320,46260
222745,46259
279730,46259
132674,46259
242787,46259
273731,46258
267720,46258
115473,46258
171592,46258
106353,46257
137073,46257
45034,46256
145872,46256
82679,46255
18662,46255
248345,46255
259396,46255
131469,46254
259134,46254
252409,46253
243770,46253
164491,46253
140538,46253
233302,46252
255622,46252
29553,46252
219933,46252
149302,46252
169309,46251
242498,46251
231990,46251
14615,46251
64881,46250
244233,46250
210588,46250
291717,46250
