2380,100000
7194,53106
3232,51513
1620,51508
9034,51103
5426,51017
1205,50787
971,50733
3537,50633
5968,50597
2384,50332
25400,50196
396,50163
218661,50147
6790,50001
1654,49801
36657,49790
11657,49768
1931,49768
1158,49711
36069,49688
3334,49604
13089,49566
1970,49493
29199,49492
425,49489
109012,49462
176881,49435
89613,49424
7924,49406
6463,49390
3826,49367
11383,49357
15258,49258
7455,49249
51080,49236
698,49227
1720,49217
11602,49204
23305,49176
196734,49142
266066,49126
9041,49123
202372,49116
157913,49107
34707,49080
7257,49047
4467,49008
7383,49003
260895,48998
12997,48991
7343,48978
293203,48963
7423,48962
216527,48953
9806,48946
277459,48943
261644,48902
13208,48898
5148,48894
7071,48885
256280,48875
20246,48860
1740,48847
265698,48846
9849,48820
23659,48816
595,48813
58217,48801
128910,48785
240962,48774
28598,48766
268591,48744
192454,48728
20779,48726
40751,48720
208159,48719
281932,48714
25369,48714
16577,48691
7204,48684
17938,48674
9970,48669
14703,48655
233709,48650
263258,48645
5279,48641
5969,48640
174081,48618
273080,48612
240900,48611
14656,48610
16312,48607
4176,48591
226410,48578
228189,48578
42806,48572
278036,48537
148074,48533
272754,48532
3105,48520
10523,48513
267002,48511
17126,48504
22024,48502
264658,48486
43313,48482
731,48473
230374,48456
24369,48454
2693,48443
198323,48442
14074,48429
7184,48421
291973,48419
21571,48419
284403,48410
7039,48401
767,48401
206232,48399
43705,48391
160413,48390
11546,48378
296177,48376
1477,48374
10370,48373
6473,48369
220074,48361
182668,48357
25613,48350
55283,48349
288847,48344
181448,48344
76848,48328
160249,48327
257108,48295
97077,48282
16684,48272
255196,48268
26988,48268
275592,48260
203361,48257
9503,48240
177697,48233
2331,48224
173405,48224
3664,48221
17077,48219
204752,48205
198010,48204
295384,48202
20237,48202
4325,48196
133340,48191
276447,48183
8269,48173
80524,48172
58748,48171
1800,48168
294719,48166
252030,48154
277554,48153
230885,48148
229059,48146
280771,48143
265494,48141
111234,48139
269446,48134
210650,48134
5887,48133
213496,48128
209093,48124
199437,48122
32,48117
36259,48116
25387,48112
190,48110
266885,48105
1819,48098
159172,48087
185708,48078
124743,48071
150572,48068
260625,48064
221924,48060
24961,48058
277252,48055
245312,48047
182785,48036
29785,48036
10589,48035
60324,48033
16459,48030
212949,48024
1010,48021
15301,48021
8494,48020
677,48013
284774,48006
9873,47992
12590,47990
292554,47987
202891,47978
12874,47975
15602,47974
190360,47968
48878,47968
16837,47965
12439,47961
12039,47961
268736,47957
183131,47950
3285,47946
257741,47933
255040,47927
78956,47919
19200,47919
55240,47917
15492,47915
294000,47903
281621,47902
219570,47900
24648,47899
197112,47897
169215,47896
260337,47894
240422,47890
15727,47883
258742,47883
1679,47881
231965,47880
228233,47875
243989,47873
1571,47872
15576,47872
246483,47867
32267,47866
123760,47865
3510,47863
4486,47860
254235,47859
4462,47859
22088,47857
241457,47856
248146,47856
228524,47855
32829,47849
171245,47845
2566,47842
277217,47842
200975,47839
269208,47837
277903,47836
5937,47831
3162,47828
14697,47827
248434,47826
23349,47819
295495,47817
6242,47816
761,47815
292202,47810
191927,47805
263473,47804
153316,47802
205055,47799
32077,47798
110062,47796
19737,47795
196731,47787
30417,47787
9709,47786
214716,47777
305,47777
293673,47775
271558,47771
263864,47770
287396,47769
285260,47768
208643,47767
17873,47766
173681,47765
1250,47764
292841,47760
216438,47759
142135,47755
214444,47754
25137,47752
159597,47752
259345,47751
229686,47744
20365,47741
207137,47735
25061,47735
191344,47734
7443,47733
16962,47733
262362,47732
184415,47732
286661,47732
223641,47732
278898,47724
4833,47719
184564,47719
194278,47718
122518,47717
262922,47715
244597,47711
6503,47708
5998,47706
23310,47705
3801,47702
260636,47701
72772,47700
1094,47699
66126,47698
293217,47698
134491,47696
136202,47693
24195,47692
226273,47691
38376,47687
153320,47687
9165,47686
285062,47684
257169,47677
34791,47675
2721,47674
220054,47672
281748,47665
167426,47665
240330,47657
260387,47654
3174,47650
205971,47648
43810,47645
162084,47645
140567,47642
246156,47636
203827,47632
26005,47632
249535,47631
190195,47630
228490,47630
138707,47627
248023,47620
18998,47620
58884,47618
17767,47618
245606,47617
259631,47615
294322,47614
236769,47613
194314,47609
192978,47602
9983,47601
40099,47601
24124,47598
133665,47589
25811,47588
14091,47587
378,47587
212666,47587
256921,47587
212958,47585
37666,47584
186277,47584
289921,47583
29515,47582
18235,47582
200999,47580
17091,47579
198008,47576
173220,47576
45350,47574
25368,47572
280097,47571
58654,47567
23166,47564
131365,47564
275837,47563
213373,47563
22561,47558
12600,47557
2938,47557
198831,47557
7816,47556
169419,47556
241366,47554
181574,47554
34027,47549
14768,47549
281258,47548
84858,47546
37322,47545
65951,47545
6759,47545
5898,47544
24210,47544
270370,47542
103114,47542
109826,47541
242660,47539
4765,47538
13203,47537
293125,47536
213631,47532
7046,47527
201937,47522
232445,47521
220931,47514
285402,47513
10578,47511
168155,47508
286708,47507
17395,47507
121827,47504
196046,47501
24362,47500
233386,47499
288180,47496
7745,47496
7131,47493
52199,47492
37332,47492
237427,47490
132524,47490
277718,47490
99351,47488
269632,47487
215607,47486
79022,47485
120761,47483
208797,47482
1273,47481
96642,47479
11943,47479
208768,47479
19987,47477
39672,47477
249462,47476
192217,47476
18744,47474
4631,47473
140303,47467
204525,47467
42809,47466
228006,47464
194601,47462
261929,47461
158456,47460
253156,47455
266393,47454
283363,47453
175610,47451
236909,47447
293804,47445
207805,47445
294185,47442
40410,47431
206074,47430
50341,47428
40299,47428
195754,47425
15703,47422
4687,47422
232339,47420
238654,47420
889,47419
248199,47418
243982,47417
47941,47417
287244,47415
251421,47414
218041,47414
40147,47409
93347,47407
217170,47403
156528,47403
70427,47399
12562,47399
220756,47397
147104,47395
17105,47393
42708,47392
124044,47390
257179,47388
173419,47388
156308,47386
182594,47386
293502,47385
133006,47384
128297,47377
276553,47377
252431,47374
185331,47374
292225,47374
34702,47373
211203,47373
213948,47373
269650,47372
12396,47372
11231,47369
12892,47367
135094,47366
225994,47363
270929,47363
27797,47363
141338,47360
24490,47359
221770,47359
249277,47358
264501,47357
237858,47355
179094,47354
186576,47353
50274,47351
226507,47350
253449,47349
202626,47348
156609,47348
293980,47344
42609,47343
265693,47338
3475,47336
170045,47333
2279,47332
59432,47331
287802,47330
7068,47329
231688,47328
148636,47325
184196,47323
86260,47323
5047,47323
263180,47320
259797,47319
157273,47318
161605,47318
160037,47316
16025,47316
17905,47316
245004,47316
167070,47311
14685,47310
213975,47310
59298,47307
1444,47306
270259,47306
50964,47305
30603,47304
14360,47303
241639,47302
37890,47301
259791,47300
40474,47299
16,47298
149072,47297
941,47291
261055,47291
232256,47289
142229,47289
260441,47288
102519,47288
41401,47287
272310,47285
263279,47285
258223,47283
70206,47283
270380,47282
21822,47280
271466,47279
28410,47278
132640,47277
10832,47277
222441,47274
284443,47274
263986,47274
182604,47272
293096,47271
208090,47271
184410,47270
44232,47269
293507,47266
3384,47266
278912,47265
272350,47263
67875,47262
238735,47262
7770,47262
248152,47261
294087,47259
295504,47256
7467,47255
239393,47251
10605,47251
294197,47250
97183,47250
204049,47247
164677,47245
38437,47244
44327,47243
21170,47242
3984,47241
286941,47241
29738,47241
218757,47240
289388,47239
5421,47239
68099,47239
213828,47238
289908,47237
264828,47236
6753,47234
241903,47232
268811,47231
235291,47229
283166,47229
2154,47227
260801,47225
122689,47224
290714,47223
198066,47222
128899,47220
3834,47220
79857,47219
124244,47219
165490,47219
211015,47217
194722,47216
4197,47215
270868,47214
41407,47213
188442,47212
8866,47211
51428,47209
260812,47208
174258,47206
272070,47205
46708,47204
9545,47204
70384,47203
2911,47201
182227,47200
244593,47198
141990,47197
157671,47197
9580,47195
156259,47195
177295,47194
18525,47193
109090,47193
149608,47192
180799,47191
11646,47191
19738,47190
236511,47190
265028,47189
233070,47187
5872,47187
22713,47187
22318,47187
289568,47187
186112,47187
285254,47186
271240,47186
443,47185
18472,47184
70888,47183
175742,47183
114761,47180
41299,47178
122996,47176
8800,47174
12927,47173
88012,47173
80284,47171
199901,47171
281980,47171
208520,47169
261526,47168
159774,47167
35938,47166
172415,47165
37338,47165
291680,47165
287866,47164
2177,47164
86091,47163
293004,47162
230330,47162
17971,47161
281235,47161
255220,47161
215712,47160
14735,47159
215874,47156
198982,47156
85626,47155
237060,47154
177015,47154
44015,47153
292212,47152
18776,47152
270330,47150
161739,47149
41096,47149
41175,47148
48687,47148
9060,47148
109984,47147
3411,47146
224087,47145
7276,47144
197745,47142
53007,47142
262638,47141
227515,47139
156804,47138
127852,47137
148292,47137
251789,47136
280020,47136
257369,47135
269140,47134
184497,47133
6674,47132
195045,47132
241586,47131
26980,47131
132320,47129
22939,47128
239096,47127
21513,47126
219163,47124
227257,47122
239392,47120
18499,47119
283232,47119
229939,47118
190446,47117
89152,47116
244381,47116
10888,47116
185042,47115
196474,47112
269663,47112
227731,47111
136667,47111
263700,47111
283022,47111
2294,47110
196038,47108
664,47106
5320,47105
9149,47105
228170,47104
1309,47103
280217,47102
212724,47097
9233,47096
3911,47093
287747,47092
19195,47091
36032,47091
163249,47091
152176,47087
242211,47087
261257,47084
223241,47084
87588,47084
3556,47083
274369,47082
32785,47081
4139,47079
42191,47079
4996,47077
5983,47076
154965,47075
198348,47075
260137,47075
248275,47074
206906,47073
184624,47073
183313,47072
144051,47072
76005,47071
26673,47070
221510,47070
231434,47070
283932,47069
2653,47069
33826,47069
248277,47068
16456,47068
267335,47067
235306,47066
279260,47066
295628,47063
8935,47063
296460,47062
124108,47062
50567,47062
186132,47060
257325,47059
59529,47058
142779,47054
249199,47054
3396,47053
188247,47053
212064,47052
10266,47050
56509,47049
22556,47049
6385,47048
199132,47047
9152,47044
194494,47044
243616,47042
179102,47042
290739,47042
4182,47041
161063,47040
10211,47040
39148,47040
166814,47039
295165,47038
66157,47038
271070,47036
1420,47032
38204,47032
278647,47029
20284,47029
26485,47029
243074,47029
206430,47028
1787,47026
163156,47026
239043,47025
15442,47025
222452,47025
197622,47025
22809,47024
9964,47024
165305,47023
2510,47022
31314,47021
232449,47018
279208,47018
278274,47018
194933,47017
249759,47015
186258,47013
187324,47012
248550,47011
198868,47010
270561,47010
21610,47006
195058,47006
26998,47006
100872,47005
5951,47005
2639,47002
294431,47002
266773,47001
188246,47000
197675,47000
209988,46999
30381,46998
140528,46998
28167,46998
9855,46997
9667,46997
187980,46996
268942,46996
65173,46994
264335,46994
233979,46994
208600,46993
264709,46992
2990,46992
198384,46992
176485,46991
275897,46991
273612,46988
237682,46987
173146,46987
245931,46986
288501,46986
23867,46986
79458,46984
213128,46983
211237,46983
188582,46982
255741,46982
22083,46980
99555,46978
46292,46978
72312,46977
138513,46976
277904,46976
257635,46975
4494,46975
40250,46975
123367,46974
53363,46974
204806,46973
6902,46967
282812,46966
214896,46965
258547,46965
288736,46965
26360,46965
2688,46964
7872,46964
9295,46964
245104,46962
277483,46962
7097,46960
112221,46959
277782,46958
10001,46957
60872,46957
245622,46957
12437,46957
12332,46956
282703,46956
148344,46956
108140,46956
227793,46955
19425,46953
251865,46953
294459,46953
43828,46951
244771,46951
16112,46951
156795,46950
276359,46950
124285,46949
277710,46947
264529,46946
5461,46946
265663,46944
139228,46944
136511,46944
289276,46943
258721,46943
10152,46942
1915,46940
65661,46939
85616,46938
29265,46937
110333,46937
96867,46935
186038,46934
258068,46934
24807,46932
134575,46931
294369,46931
58287,46929
53159,46929
29218,46928
226265,46925
194650,46924
272606,46920
199450,46918
43555,46916
70507,46915
41206,46915
259821,46915
82798,46915
3572,46915
34877,46914
30076,46912
141354,46911
1488,46909
14972,46907
2920,46907
24866,46907
279167,46906
247415,46906
191188,46904
241680,46902
295192,46902
183523,46902
115882,46901
6607,46901
234080,46901
5152,46900
14536,46900
233574,46899
1598,46899
278962,46899
220096,46898
231983,46898
195595,46897
232329,46897
20489,46897
137699,46895
7534,46894
200485,46894
203338,46893
211669,46892
274632,46891
134690,46891
265415,46890
286669,46889
53862,46889
3264,46889
178447,46887
286755,46887
286766,46887
45088,46887
245465,46886
101547,46886
110455,46886
283010,46886
237796,46885
125921,46883
265052,46883
142518,46882
16466,46882
10071,46882
240072,46882
212146,46881
238445,46879
174868,46876
1035,46876
175733,46876
252291,46876
216026,46875
253574,46874
144586,46874
178356,46873
147934,46871
252387,46871
254432,46871
232515,46870
222473,46868
132174,46868
10988,46866
199043,46866
250214,46866
99320,46866
72888,46866
57060,46865
55690,46865
291834,46863
281611,46863
115066,46861
277623,46861
164176,46859
26896,46858
189911,46857
107572,46857
29460,46857
265942,46855
182327,46854
255915,46852
99235,46851
214126,46851
281448,46851
226171,46850
45179,46850
26815,46849
198886,46849
25065,46849
238481,46849
8567,46849
279253,46849
201930,46848
188000,46848
1517,46847
295428,46846
267869,46846
213345,46844
192418,46844
187852,46843
246738,46842
136341,46842
210550,46842
2067,46842
269887,46841
16155,46841
286282,46840
225804,46840
278277,46839
246937,46838
285485,46838
246829,46837
261634,46836
59944,46834
233710,46832
184370,46832
124049,46831
124330,46831
170705,46830
82117,46828
270784,46826
60851,46825
209730,46825
216678,46824
48298,46824
196248,46823
227147,46823
285313,46823
26966,46822
144540,46822
51010,46821
224053,46820
268796,46819
14668,46817
1772,46816
224582,46816
289205,46815
249165,46815
244642,46815
217844,46815
254297,46813
294842,46813
214499,46813
502,46812
270309,46811
260104,46811
43547,46810
239726,46810
285486,46810
227618,46810
192073,46809
23099,46809
208301,46809
10079,46806
173118,46806
272428,46806
189668,46804
169850,46804
265175,46803
275917,46802
118873,46802
260111,46801
195215,46799
233105,46799
182539,46799
57190,46798
189062,46796
293760,46796
9509,46795
237958,46795
198424,46794
199744,46793
234442,46793
224327,46793
267598,46792
124451,46792
137616,46790
172257,46789
183460,46788
151530,46787
84594,46787
268212,46786
290859,46786
251889,46785
278540,46785
7765,46784
10106,46783
178306,46783
197282,46781
4463,46781
33032,46780
174677,46778
184802,46777
6350,46777
214145,46777
214269,46777
12606,46776
8101,46775
116014,46775
288450,46774
9695,46774
986,46773
276374,46773
128351,46773
17301,46773
175778,46772
59272,46772
66986,46772
133656,46771
32721,46771
94479,46770
270084,46768
277967,46768
259216,46767
292343,46767
123054,46766
274236,46764
93046,46764
290558,46763
277855,46762
243746,46762
294131,46760
8693,46759
917,46759
280354,46758
29192,46758
273163,46758
8018,46757
174245,46757
184422,46756
219514,46756
271104,46756
196614,46755
202368,46754
212059,46753
12293,46753
23325,46753
21185,46753
77349,46752
120458,46750
4101,46749
208496,46749
104840,46749
276432,46748
269018,46747
213305,46746
291617,46746
37065,46746
207190,46745
280728,46745
49807,46745
243646,46744
1840,46743
190875,46742
257852,46742
158412,46742
69141,46741
270588,46741
10636,46740
208322,46739
172716,46738
183150,46738
4359,46736
215908,46736
279164,46736
57895,46734
126706,46734
170662,46734
244792,46733
222910,46733
212593,46732
261463,46732
2073,46732
84669,46730
54308,46730
257228,46729
197081,46729
263444,46729
267182,46728
1532,46728
105270,46727
54215,46726
269381,46726
228222,46726
10953,46726
16135,46726
43394,46725
237493,46725
60453,46725
277317,46722
205628,46722
20016,46721
132517,46720
194808,46720
179771,46720
218440,46719
274005,46718
22375,46718
25859,46718
134663,46718
7421,46717
11955,46717
233088,46715
216340,46715
263783,46714
271399,46714
170035,46713
249217,46713
218178,46712
63049,46712
243797,46712
266183,46711
172335,46711
208154,46711
181799,46711
21675,46709
42344,46709
1875,46706
269022,46706
194309,46706
261825,46706
24204,46706
201287,46706
278535,46705
219007,46705
193510,46704
120671,46704
23491,46704
411,46703
244349,46703
163466,46701
101874,46701
287243,46700
206118,46699
267014,46697
205267,46697
129617,46697
36348,46696
965,46694
212618,46694
37182,46694
41337,46693
13052,46693
228248,46691
1004,46691
1990,46690
247363,46689
232613,46688
20064,46687
14542,46686
287909,46686
112589,46686
296523,46686
84414,46686
257583,46685
281642,46685
223669,46684
277472,46684
65945,46684
1202,46683
230640,46683
194208,46682
290121,46682
263040,46682
202566,46680
293348,46680
63315,46679
17239,46679
281906,46677
388,46677
257515,46676
33019,46675
16668,46675
265363,46675
1445,46674
28702,46673
235998,46673
11536,46673
279882,46673
236019,46672
96348,46670
292706,46670
49944,46669
34517,46668
7538,46668
33885,46665
96713,46665
288022,46664
5707,46664
129975,46664
240250,46661
98364,46661
283991,46661
250385,46659
2272,46659
134148,46659
86657,46659
216482,46657
198706,46656
241170,46656
186778,46653
261847,46652
202733,46650
95006,46649
283476,46647
28538,46646
241144,46646
201496,46645
25954,46644
212754,46644
219169,46643
207952,46643
183018,46643
12338,46643
80607,46643
12502,46642
235985,46642
286206,46642
180061,46642
10495,46641
32567,46641
276238,46641
42526,46640
234119,46638
294649,46638
239094,46637
122743,46636
242523,46636
238190,46636
186005,46636
32291,46634
37088,46634
243156,46630
289401,46629
22460,46629
47017,46629
272990,46629
238754,46628
140556,46628
160426,46627
211772,46626
274105,46626
97572,46625
163904,46624
219893,46624
294402,46624
277982,46623
261356,46623
231820,46623
257380,46621
250445,46621
67204,46620
290503,46620
4893,46619
240895,46619
183221,46618
186356,46618
18696,46617
254670,46616
191646,46616
75552,46616
6966,46616
134890,46615
249886,46615
204996,46615
125478,46615
253028,46614
218554,46614
160856,46613
268939,46612
247007,46612
171664,46612
231411,46610
80175,46609
9636,46609
190064,46608
267867,46608
282002,46608
238117,46608
283820,46607
160896,46607
30308,46606
202738,46606
60981,46606
2597,46606
177414,46605
289977,46604
229463,46604
13062,46604
253097,46604
293266,46604
593,46602
238701,46602
18721,46601
39287,46601
107952,46600
143332,46600
20220,46600
203229,46600
24771,46600
295496,46599
14632,46599
263323,46598
288413,46598
275147,46597
127752,46597
3553,46596
3767,46595
123636,46595
13958,46593
48847,46593
295595,46592
229430,46591
2578,46591
222646,46590
285427,46590
40937,46588
68077,46587
272101,46587
275450,46586
216999,46586
27652,46586
122946,46586
8522,46586
293319,46585
238314,46585
233953,46585
135952,46585
214478,46585
100604,46584
117905,46584
249612,46584
272993,46583
204941,46583
44216,46582
228343,46582
113134,46581
91890,46581
196240,46581
77419,46581
170091,46580
242952,46580
175396,46580
275208,46580
139322,46580
252520,46579
228153,46578
248670,46578
241056,46578
86793,46578
194841,46578
172393,46576
267307,46576
12356,46576
25539,46575
25118,46575
151470,46575
219227,46575
108298,46574
3558,46574
66592,46574
173337,46574
245560,46573
21316,46573
235531,46572
17310,46572
135986,46571
294269,46571
211086,46570
59868,46570
246743,46568
94422,46568
273877,46567
132756,46566
210689,46566
271117,46566
248361,46566
34117,46565
111496,46565
45688,46565
279790,46565
289746,46565
162739,46564
260918,46564
8511,46564
29863,46562
83778,46561
273594,46560
181787,46560
51869,46559
178119,46559
41521,46559
107390,46558
98227,46558
29983,46558
186104,46557
171977,46557
101705,46556
263023,46556
129762,46556
240089,46556
290594,46556
83009,46554
4502,46554
191197,46553
198579,46552
135967,46552
13366,46551
20278,46550
2192,46548
29465,46548
4225,46547
250469,46547
8166,46547
295004,46547
11539,46545
22785,46543
278744,46543
239247,46543
125873,46542
204893,46542
77634,46542
18455,46541
109425,46540
15683,46540
270449,46540
294915,46539
55204,46538
70791,46536
286062,46536
68753,46536
282603,46536
242531,46535
12855,46535
254948,46534
81144,46534
237587,46534
19014,46533
225912,46533
287321,46533
280130,46532
29434,46532
258442,46532
218912,46531
250491,46530
268066,46530
252491,46530
150388,46530
269426,46529
145136,46529
208653,46529
217722,46528
107067,46528
57671,46528
278627,46527
176617,46526
19177,46526
264374,46526
230256,46526
74605,46524
165491,46524
272636,46524
238803,46523
3544,46522
267385,46522
274482,46522
234684,46522
12455,46521
267287,46521
2150,46520
32112,46520
68289,46520
237791,46519
234465,46519
81291,46519
149294,46518
53056,46518
54122,46518
33229,46518
158980,46517
123183,46516
79806,46515
207294,46515
170377,46514
201588,46514
290042,46514
128220,46514
249788,46513
279145,46512
32308,46511
10826,46511
38642,46511
40272,46510
26435,46510
123446,46508
292045,46508
278818,46508
185827,46507
26733,46505
213700,46505
220200,46505
236740,46504
141976,46504
260219,46504
242150,46503
6419,46503
206254,46503
6665,46503
287490,46502
15146,46502
171858,46502
179066,46501
15600,46501
164721,46500
184883,46499
268331,46498
239688,46498
111622,46497
27788,46497
166925,46497
165843,46496
280485,46496
10104,46495
240907,46494
161346,46494
13018,46494
10675,46492
24539,46491
263620,46491
113540,46491
32611,46491
280380,46490
238997,46490
145324,46490
206227,46489
265011,46488
181601,46488
257483,46487
49357,46487
851,46486
169064,46486
55401,46486
184645,46485
268648,46485
250366,46484
151159,46484
276853,46484
283134,46484
205145,46484
249854,46483
264119,46483
263247,46482
152673,46481
145348,46480
26323,46480
284812,46480
114322,46478
105700,46478
115899,46478
217544,46478
782,46477
85160,46476
55736,46476
256803,46476
116667,46475
203282,46475
225081,46474
97552,46474
32103,46474
147591,46474
78285,46474
208219,46473
18227,46473
5349,46473
26159,46472
31597,46470
153883,46468
195830,46468
262350,46468
26186,46468
29328,46468
161227,46468
47965,46467
286675,46467
256649,46466
264508,46466
82441,46466
7278,46465
17277,46465
134587,46465
149227,46465
159107,46465
253391,46464
228480,46464
214703,46464
10754,46464
271663,46464
195636,46463
226371,46463
7750,46463
490,46463
233216,46462
243936,46462
7330,46461
291254,46461
34740,46461
238979,46461
236500,46461
123498,46460
97474,46459
149974,46459
288586,46458
191740,46457
185652,46457
4224,46456
89832,46456
201554,46456
197882,46455
38318,46455
121435,46455
2026,46455
182545,46454
2116,46454
17694,46454
271415,46453
242536,46453
23764,46452
290546,46452
70138,46451
19923,46451
109039,46451
287334,46450
225769,46450
158341,46449
97977,46449
243104,46448
295248,46448
66264,46448
249427,46448
159452,46448
9352,46447
237082,46447
193618,46446
209558,46446
92467,46445
145015,46445
8689,46444
206807,46444
283975,46443
16333,46443
32498,46443
259378,46443
186035,46443
278005,46442
161345,46442
200942,46442
8096,46441
159919,46440
247350,46439
210502,46439
115393,46439
21999,46438
594,46437
290543,46436
174302,46434
12026,46433
20736,46433
99687,46433
210429,46432
106893,46432
87468,46432
168986,46431
294565,46431
169590,46431
58325,46430
21929,46430
57804,46429
247258,46429
167770,46429
10456,46427
296047,46427
223658,46427
289519,46427
254234,46427
153998,46426
107514,46426
277563,46426
119137,46425
243785,46425
156828,46425
30286,46424
45407,46424
14560,46423
65766,46423
13360,46423
274083,46422
178927,46422
128118,46421
235691,46421
131957,46421
90813,46421
251632,46420
48727,46420
292265,46420
40770,46419
6814,46418
188359,46418
13399,46418
291986,46418
196450,46417
235361,46417
211265,46417
277446,46416
194209,46416
145221,46416
7620,46415
229480,46415
214322,46414
10908,46413
58909,46412
258251,46410
21931,46410
27717,46409
239952,46409
169554,46408
285420,46408
155578,46408
24163,46407
183770,46407
240502,46407
94544,46407
245470,46407
225088,46406
171500,46406
143449,46405
119752,46404
195847,46404
270926,46403
35011,46403
28849,46401
226837,46401
107972,46401
2746,46400
30668,46400
20900,46400
246633,46399
294534,46399
145687,46399
1683,46399
203652,46398
55145,46397
237764,46397
238362,46396
255657,46395
285466,46395
280233,46394
272977,46394
160213,46394
246848,46394
140424,46393
7888,46393
219102,46393
237415,46392
3042,46392
43360,46391
189933,46391
216892,46390
268911,46390
139544,46390
109192,46390
286728,46389
5724,46389
292525,46389
64768,46389
294471,46388
292950,46388
6062,46388
222958,46388
241822,46387
199702,46387
181940,46387
218537,46387
183063,46387
126263,46386
248917,46386
14894,46386
176551,46386
249312,46386
177986,46386
147570,46385
284342,46385
227430,46385
58,46384
292668,46384
288638,46383
167309,46383
42233,46383
261962,46382
180146,46382
266881,46382
9652,46381
185885,46381
291459,46381
223239,46381
62564,46381
142420,46381
20325,46380
237041,46380
45540,46379
279735,46379
7857,46379
211720,46379
283593,46379
15069,46378
25233,46378
271686,46378
144469,46377
245707,46377
121400,46377
203120,46377
52252,46376
230248,46376
276430,46376
265547,46376
153711,46375
812,46373
232507,46373
30977,46373
28769,46372
5503,46372
205097,46372
36472,46371
37865,46371
235659,46371
8327,46370
113696,46370
51404,46370
288114,46370
283821,46370
83939,46370
290327,46369
282096,46368
263243,46368
61384,46368
187283,46368
32833,46367
43586,46367
30495,46366
63313,46366
246504,46366
120351,46365
152033,46365
200968,46364
2444,46363
130807,46362
197471,46362
271400,46362
280978,46361
288934,46361
209545,46361
251427,46361
207997,46360
3784,46360
176385,46360
293736,46360
8768,46360
169523,46360
233288,46360
15702,46359
104000,46359
192695,46359
126405,46358
245849,46358
134876,46358
261612,46358
277080,46358
37984,46357
125948,46357
233665,46357
101328,46357
138684,46357
74640,46356
211057,46356
191653,46355
268326,46355
217305,46355
171497,46355
149893,46354
215569,46354
39282,46353
282365,46353
66191,46353
111832,46352
294455,46352
255953,46351
241296,46351
275861,46351
159335,46351
265436,46350
292133,46350
257469,46350
268682,46349
255777,46349
20635,46349
23366,46349
141862,46348
276016,46348
24928,46348
4213,46348
240928,46347
182112,46347
86310,46346
18645,46346
192543,46345
120299,46345
174557,46345
244984,46344
61855,46344
216065,46343
280310,46343
157071,46343
18031,46343
236834,46342
175929,46342
159150,46341
95094,46341
283834,46340
207615,46340
293434,46340
287903,46339
39912,46338
119974,46338
285601,46338
1673,46337
205498,46337
129301,46337
213450,46337
177816,46336
109036,46335
236354,46335
10263,46335
222542,46334
17090,46334
113892,46334
211299,46334
90532,46333
31146,46332
219588,46332
287861,46332
74982,46332
149684,46331
53295,46331
264876,46331
177933,46329
252100,46329
205287,46329
247304,46329
166307,46328
148608,46328
154689,46327
72194,46327
270392,46326
26003,46326
202303,46326
5946,46325
196771,46325
252650,46325
14184,46325
268569,46324
22049,46324
231954,46324
198162,46323
104567,46323
75685,46323
222493,46322
38581,46322
203843,46322
272820,46322
104526,46322
31572,46321
241961,46321
15678,46320
140683,46320
3575,46320
291461,46320
34728,46320
126855,46320
86709,46319
224985,46319
179413,46319
104940,46318
226463,46317
275858,46317
264682,46317
262863,46316
173047,46316
122918,46316
166285,46315
154824,46315
5859,46315
263579,46314
267790,46313
290496,46313
178387,46312
11695,46312
49106,46312
221370,46310
19356,46310
215316,46309
1210,46309
20485,46308
245434,46308
102296,46308
185097,46307
221950,46307
4154,46306
214218,46306
200600,46306
241975,46306
274054,46305
203834,46305
10430,46305
101676,46305
34339,46305
205587,46305
66868,46304
255372,46304
24063,46304
221045,46303
51451,46303
264512,46303
265035,46303
119902,46303
279911,46303
166643,46302
141456,46301
155685,46301
222659,46300
259211,46300
154968,46300
292672,46300
13972,46300
279340,46298
277986,46298
244940,46298
11828,46298
55950,46298
293776,46297
277159,46297
267898,46297
71135,46297
172341,46296
190896,46296
238580,46295
42212,46294
276191,46293
171447,46293
218708,46293
23686,46293
228249,46293
3539,46293
111404,46293
203938,46293
12382,46291
218736,46290
28262,46289
198439,46289
186920,46289
274944,46289
262436,46288
249402,46288
93057,46287
267436,46287
162117,46287
30423,46287
149345,46287
50583,46286
82230,46286
152450,46286
175400,46285
73299,46285
205864,46285
171274,46285
210474,46285
241657,46285
79404,46284
81909,46283
196851,46283
121178,46283
23391,46283
255789,46283
192897,46282
221478,46281
76366,46281
263608,46281
15618,46281
292070,46281
151791,46280
5609,46280
135689,46279
126177,46278
169602,46277
127164,46277
295480,46277
49946,46277
4057,46276
275398,46275
195198,46275
250136,46275
235989,46275
93502,46274
269940,46274
27776,46274
251201,46272
296155,46272
700,46272
25275,46272
209293,46271
185956,46271
119632,46271
202696,46271
12582,46271
191677,46271
9331,46271
237276,46270
214087,46270
15761,46270
391,46270
33835,46270
68410,46269
145023,46269
224258,46269
42700,46269
284536,46269
156217,46268
220998,46266
136249,46266
7169,46266
8602,46266
270178,46265
220057,46265
129739,46265
222953,46265
101171,46265
206157,46264
185346,46264
279594,46263
98925,46263
147189,46262
199008,46262
198611,46262
14594,46261
167301,46261
232815,46261
119759,46260
267843,46260
86297,46260
241292,46260
133640,46259
70749,46259
248846,46258
274774,46258
285516,46257
143072,46257
118684,46257
27960,46257
12553,46256
71205,46256
260472,46255
130740,46255
276107,46255
2328,46255
259555,46255
167083,46254
16433,46254
32423,46254
290825,46253
244500,46253
8631,46253
89450,46252
67446,46252
281070,46252
244678,46252
278031,46251
20996,46251
213530,46251
8466,46251
6121,46251
109368,46250
281855,46249
47721,46249
272230,46248
10904,46248
134857,46248
263235,46247
117040,46247
272697,46247
65016,46246
235690,46246
124841,46246
252734,46246
285330,46245
242672,46245
285449,46244
266226,46244
48756,46244
99634,46244
198197,46244
110012,46244
144537,46243
9400,46243
35898,46243
252656,46243
14177,46243
174040,46243
282317,46242
48322,46242
221671,46242
222489,46242
208871,46241
223630,46241
3022,46241
120128,46239
241131,46238
39181,46238
18034,46237
51778,46237
64017,46237
96992,46237
21189,46236
232419,46236
262631,46236
133388,46236
17513,46235
267451,46235
194676,46234
87102,46234
213439,46234
288144,46234
176087,46234
239168,46234
182703,46234
251923,46234
247189,46233
270078,46233
291811,46233
22542,46233
293901,46232
6001,46232
170532,46232
106055,46232
151071,46232
186340,46232
216392,46231
112685,46231
190492,46230
116954,46230
356,46230
263204,46230
4424,46230
249302,46230
30134,46229
14850,46229
148579,46229
240594,46229
8925,46229
230604,46228
53659,46228
193495,46228
82953,46227
254131,46227
243817,46227
4323,46227
3410,46226
238752,46226
184837,46225
23630,46225
50530,46224
49116,46224
265680,46224
227999,46223
295287,46223
282853,46223
183547,46223
8113,46223
144463,46223
170659,46223
264976,46223
51324,46222
263615,46222
258611,46221
248809,46221
288850,46221
57827,46221
260088,46221
140653,46220
107571,46220
211379,46220
255891,46220
246164,46220
2089,46220
214169,46220
240276,46219
15701,46219
284517,46219
60557,46218
194681,46218
280620,46217
69815,46217
166500,46216
277935,46216
192389,46216
165087,46215
225576,46215
111127,46215
169710,46215
6709,46214
113336,46214
252066,46214
221624,46214
173531,46214
295887,46214
192637,46213
282842,46213
285359,46213
200049,46213
270133,46213
207456,46213
238338,46212
22400,46212
216471,46212
79516,46212
136670,46212
247754,46211
153489,46211
51185,46209
62588,46209
5142,46209
53815,46209
76313,46209
48164,46208
269272,46207
211908,46207
233577,46206
296078,46206
19835,46206
149440,46205
248439,46205
153904,46205
225923,46204
246930,46204
133983,46204
293857,46203
5597,46203
295361,46203
195991,46203
22640,46203
32323,46203
169454,46203
58404,46203
291339,46202
187747,46202
211495,46202
235284,46202
96955,46201
266219,46201
217237,46200
189398,46200
227873,46200
26551,46200
36222,46200
219992,46199
169808,46199
294148,46199
150537,46199
187235,46199
78522,46198
5790,46198
229071,46198
282122,46197
201964,46197
189306,46197
40801,46197
264550,46197
222475,46197
195809,46196
120811,46196
290044,46195
259483,46195
278569,46195
176081,46195
245871,46195
9805,46195
128237,46194
197961,46194
224400,46193
170579,46193
278586,46193
37955,46193
266835,46192
70521,46192
37118,46192
208690,46192
8666,46192
15133,46191
195684,46191
164380,46191
144434,46191
50402,46191
2277,46190
261248,46190
1697,46190
109100,46190
14449,46189
190987,46189
5678,46189
87842,46189
295336,46189
119718,46189
126156,46188
58729,46188
232506,46188
287537,46188
94991,46188
192569,46188
16689,46186
249181,46186
271353,46185
107664,46184
253207,46184
742,46184
102919,46184
240602,46183
230826,46183
3200,46183
223862,46183
272583,46182
231609,46182
29451,46182
32481,46182
116696,46181
201878,46181
105287,46180
296327,46180
165765,46180
258176,46179
149558,46179
12126,46179
181797,46179
100674,46179
259690,46179
230196,46178
104330,46178
281600,46177
169230,46177
271438,46177
34634,46177
13289,46177
282465,46177
192965,46177
192240,46176
168195,46176
159053,46176
150268,46176
94319,46176
31539,46175
223338,46175
1583,46175
277063,46175
237223,46175
37665,46175
235919,46174
59364,46174
290856,46174
220380,46174
67784,46174
183195,46174
280070,46173
74517,46173
277321,46173
12641,46172
290362,46172
31223,46171
263250,46171
200144,46171
112798,46171
42759,46171
225060,46170
140887,46170
158662,46170
12004,46170
198381,46169
259570,46169
22955,46169
265319,46169
171243,46168
196502,46167
245743,46167
19849,46167
3076,46166
135776,46166
272370,46166
296361,46165
150521,46165
160770,46164
160972,46164
246897,46164
41558,46164
280110,46164
171991,46164
123294,46163
127794,46163
48026,46163
248294,46162
291194,46162
250533,46162
20571,46162
293276,46162
22874,46162
235672,46162
218235,46161
19874,46161
286100,46161
16195,46160
244099,46159
162521,46159
13312,46158
253114,46158
6444,46158
107442,46158
266852,46157
115401,46157
100854,46156
185366,46156
61434,46156
169274,46156
9458,46155
36210,46154
214353,46154
164299,46153
15459,46152
197831,46152
15266,46152
274768,46152
39510,46152
233918,46152
1894,46152
200604,46152
81738,46151
1291,46151
45879,46151
31591,46151
146175,46150
234720,46150
281797,46150
6906,46150
179516,46150
120858,46149
231576,46149
82838,46149
294405,46149
140745,46149
105455,46148
36107,46148
242072,46148
286310,46148
5516,46148
4870,46147
186739,46147
282563,46147
290477,46147
8229,46147
148649,46146
74842,46146
195231,46146
66131,46146
236150,46146
38031,46146
159532,46146
128175,46145
29648,46145
294671,46145
265450,46145
211280,46144
195159,46144
33684,46144
128013,46143
283425,46143
147862,46142
119571,46142
223547,46141
170932,46141
6911,46141
236586,46141
11364,46141
23119,46140
199504,46140
11431,46140
135358,46140
203095,46140
151247,46139
161983,46139
18237,46139
78375,46138
159308,46138
43826,46138
14954,46137
246452,46137
228730,46136
39047,46136
17719,46135
151031,46135
232944,46135
102868,46134
257994,46134
185501,46133
51607,46133
12717,46133
131929,46132
252886,46132
5337,46132
267275,46132
259436,46132
256848,46132
244309,46131
29848,46131
40456,46131
228423,46131
285916,46131
51954,46130
129263,46130
673,46130
202108,46129
46775,46129
36239,46129
27235,46129
32854,46129
279536,46128
220512,46128
22686,46128
131423,46127
288905,46127
98422,46127
281059,46127
2137,46126
107967,46125
172178,46125
16600,46124
55559,46124
206750,46124
66806,46123
18881,46123
7129,46123
230619,46122
295139,46122
233811,46122
159657,46122
40654,46122
27110,46122
281687,46122
166216,46121
81110,46120
126450,46120
8054,46120
710,46120
96892,46119
33597,46119
231297,46119
265311,46119
14187,46118
286571,46118
129127,46117
192635,46117
148939,46117
91869,46117
110667,46117
219182,46117
137008,46116
191394,46116
242866,46116
285271,46116
4571,46115
192339,46115
202562,46115
27205,46115
4941,46115
272845,46115
295167,46114
198430,46114
278609,46114
15476,46114
276069,46114
34633,46114
234101,46113
268511,46113
296469,46113
177434,46113
15332,46113
180901,46112
3193,46112
236731,46111
162990,46111
146528,46111
294927,46111
235735,46111
229878,46111
3021,46110
261629,46110
261927,46110
258716,46110
285627,46109
27123,46109
281506,46109
38667,46109
141676,46108
206032,46108
293796,46108
189622,46108
190547,46107
176874,46107
161052,46107
271596,46107
2638,46106
91044,46106
123806,46105
268076,46105
254265,46105
11818,46105
271068,46105
249986,46104
152202,46104
15136,46104
197318,46104
212505,46104
10438,46103
287749,46103
122546,46103
18548,46102
4564,46102
123727,46102
4948,46102
235339,46101
185598,46101
4787,46101
247405,46100
218549,46100
249168,46099
263225,46099
28171,46099
6413,46099
176418,46099
170841,46098
99303,46098
266865,46098
236185,46097
167930,46097
223625,46097
21231,46096
123050,46096
71185,46096
4246,46095
51795,46095
137336,46095
68509,46095
6064,46094
163259,46094
40617,46093
227021,46093
66194,46093
277801,46093
216668,46092
253863,46092
164482,46092
199533,46091
30880,46091
25798,46091
29484,46091
18835,46091
216293,46091
281243,46090
177757,46090
278222,46090
271521,46090
262030,46089
288161,46089
278588,46089
172965,46089
184002,46089
48969,46088
23535,46087
231627,46087
16801,46087
144402,46086
79310,46086
252332,46086
241102,46086
280677,46086
167813,46086
238014,46085
192282,46085
45121,46085
40698,46085
280472,46085
85128,46085
273904,46085
276101,46084
200580,46084
279025,46084
239465,46084
121266,46084
5365,46083
11105,46083
87229,46083
166654,46083
102033,46083
275611,46082
248892,46082
243765,46082
242107,46081
237719,46081
102498,46081
174731,46081
131830,46080
246928,46080
7009,46080
215209,46080
274059,46080
291019,46080
41851,46079
292038,46079
263409,46079
234755,46078
13042,46078
149866,46078
105566,46077
197028,46077
80174,46076
200787,46076
191199,46076
55335,46075
3701,46075
225666,46074
98507,46074
102273,46074
70587,46074
42102,46074
289021,46074
249722,46074
291850,46074
275255,46074
2161,46073
266019,46073
61334,46073
240414,46073
130460,46073
73313,46073
119118,46072
280432,46072
3665,46071
182685,46071
162603,46071
102335,46070
289439,46070
159430,46070
149489,46070
8780,46069
258467,46069
5778,46069
258089,46069
155653,46069
157226,46068
49747,46068
5759,46068
19444,46067
135087,46067
81189,46067
277723,46067
155704,46067
291825,46067
289676,46067
38005,46067
56070,46066
120192,46066
35576,46066
78538,46065
263202,46065
86722,46064
25202,46063
31376,46063
268478,46063
268952,46063
282771,46063
262571,46062
262152,46062
183436,46062
266494,46062
77650,46062
175967,46062
281421,46061
10270,46061
178019,46061
111876,46060
21796,46060
222861,46060
145966,46060
145333,46060
127581,46060
3415,46060
73705,46060
97226,46059
269235,46059
226522,46059
239687,46059
274106,46059
114318,46058
118165,46058
4360,46058
114714,46058
176382,46058
291725,46058
12001,46057
92289,46057
213469,46057
183110,46057
2921,46057
146202,46056
119185,46056
28170,46056
57990,46056
14874,46056
249635,46056
101533,46056
295036,46055
23151,46055
42812,46055
167699,46055
28210,46055
231054,46055
277475,46055
244311,46055
151392,46055
258535,46054
11054,46053
19467,46053
143133,46053
270801,46053
20046,46053
257687,46053
78609,46053
204892,46052
197593,46052
174708,46052
247740,46052
294744,46051
210633,46051
131572,46050
69089,46050
239428,46050
121714,46050
163688,46050
206270,46049
256030,46049
244267,46049
37124,46049
4634,46049
233372,46049
115711,46049
253308,46048
38362,46048
176158,46048
100308,46047
252103,46047
91375,46047
86326,46047
85150,46047
149316,46047
166390,46047
111237,46046
249835,46046
2333,46046
162182,46046
78736,46046
281028,46045
31439,46045
288517,46045
55008,46045
281256,46045
34806,46044
175192,46044
267724,46044
292116,46044
200772,46044
272089,46043
152925,46043
9399,46042
284797,46042
270278,46042
85925,46042
178365,46042
45397,46042
206975,46040
225840,46040
188678,46040
55,46040
34635,46040
68181,46040
158838,46039
6703,46039
34836,46039
261342,46039
244207,46039
4558,46038
40380,46038
279149,46038
15601,46038
200778,46037
125943,46037
205222,46037
211992,46036
268462,46036
36772,46035
63770,46035
184380,46035
249286,46035
141131,46035
202159,46035
140053,46035
185905,46034
201078,46034
180802,46034
18273,46034
93698,46033
295930,46033
189040,46033
262486,46033
104510,46033
121854,46033
249952,46033
213012,46032
182707,46032
260141,46032
156244,46032
283,46031
242301,46031
235207,46031
216,46031
270351,46030
9320,46030
51646,46030
171619,46030
237219,46030
21547,46029
186051,46029
83213,46029
160158,46029
2748,46029
229573,46028
248148,46028
117888,46028
188786,46028
237696,46027
178692,46026
47180,46026
10547,46026
25341,46025
121223,46025
221792,46024
9773,46024
34471,46024
293026,46023
261681,46023
197355,46023
227389,46023
290071,46023
225450,46022
229247,46022
195820,46022
81378,46021
46506,46021
218226,46021
258472,46021
3716,46019
214876,46019
180674,46019
262010,46019
105714,46019
7840,46018
75391,46018
103561,46018
284568,46017
147900,46017
6627,46017
285406,46017
3316,46017
15806,46017
144052,46017
181420,46017
94613,46016
20922,46016
169646,46016
70347,46015
260339,46015
211305,46015
128028,46015
154127,46015
194874,46014
275103,46014
80706,46014
18936,46014
3103,46014
4407,46014
74277,46014
43775,46013
128758,46013
241090,46013
59408,46013
36174,46012
221969,46012
83095,46011
194918,46011
113557,46010
14232,46010
9050,46010
17966,46010
9453,46009
254084,46009
215063,46009
69115,46009
109634,46009
115462,46008
150690,46008
30675,46008
289466,46008
266035,46008
254184,46007
204132,46007
21760,46007
83555,46007
212906,46007
288613,46007
278115,46006
275349,46006
159538,46005
143312,46005
184513,46005
186203,46005
263545,46005
260987,46005
115634,46005
146198,46005
172369,46005
255573,46004
196729,46004
191079,46004
19091,46004
240849,46003
55951,46003
265300,46003
46829,46002
41339,46002
28978,46002
272239,46002
13986,46002
106577,46002
179242,46002
49030,46002
214381,46001
189206,46001
32620,46001
195917,46001
195932,46000
198432,46000
136843,46000
240198,46000
222505,45999
289956,45999
89462,45999
135448,45999
264727,45998
267198,45998
134061,45998
10493,45997
219600,45997
221259,45997
270685,45996
13550,45996
82653,45996
275382,45996
156791,45996
164126,45996
276909,45996
272629,45996
64639,45996
267833,45995
194771,45995
184639,45995
271114,45995
34318,45995
152413,45994
51857,45994
51279,45994
193222,45994
185305,45993
271673,45993
208227,45992
240806,45992
40318,45992
108945,45992
99181,45992
210924,45991
226852,45991
46444,45991
213445,45991
188828,45991
260410,45990
31195,45990
13138,45990
66831,45990
51712,45989
165013,45989
102596,45989
52886,45989
278418,45989
198469,45988
197303,45988
205724,45988
258627,45988
156479,45987
2299,45987
265845,45987
1380,45986
206240,45986
52349,45986
140728,45986
25614,45985
246313,45985
83062,45985
59940,45985
59785,45985
89217,45985
55055,45984
185636,45984
271254,45983
233153,45983
70998,45983
165470,45982
132295,45982
10170,45982
105010,45982
1388,45982
63012,45981
53597,45981
184227,45981
7741,45981
251487,45981
122340,45981
45439,45980
74942,45980
234803,45980
228225,45980
96000,45980
12302,45980
19101,45980
174717,45980
30375,45980
291445,45979
5341,45979
220708,45978
56693,45978
72262,45977
135292,45977
247721,45977
202380,45977
31459,45977
124605,45976
80977,45976
228604,45976
129892,45976
5749,45976
274471,45976
122467,45975
209940,45975
145135,45975
44051,45975
2104,45975
202920,45975
268305,45975
72090,45974
90682,45974
201962,45974
276025,45973
89965,45973
277015,45972
17547,45972
39572,45972
17282,45972
286034,45972
236810,45972
250784,45972
129430,45972
268082,45971
276540,45971
27802,45971
327,45970
84559,45970
173705,45970
275560,45970
226700,45970
89050,45970
186844,45969
38069,45969
125296,45969
128097,45969
50622,45969
211704,45968
107475,45968
221972,45968
6039,45968
227601,45968
208989,45967
126922,45967
215732,45967
229065,45967
231487,45967
199454,45967
38985,45966
116093,45966
284576,45966
123593,45966
247497,45966
275142,45966
8734,45965
252752,45965
94081,45965
234756,45965
541,45965
28902,45964
110681,45964
244050,45964
9447,45963
35980,45963
283324,45963
243942,45963
136561,45962
12948,45962
182214,45962
243131,45962
254577,45961
24111,45961
220853,45961
231322,45961
156194,45960
180110,45960
172463,45959
135471,45959
72801,45959
213484,45959
47737,45959
215697,45959
20363,45959
73426,45959
175857,45959
294768,45958
85045,45958
167293,45957
109264,45957
167349,45957
221331,45957
140675,45956
14405,45956
55298,45955
2677,45955
131162,45955
90458,45955
117883,45955
137894,45954
225762,45954
226637,45954
53919,45954
212176,45954
54892,45953
33939,45953
192542,45952
286645,45952
278877,45952
98291,45952
142070,45952
54322,45952
172115,45951
282710,45951
285193,45951
272067,45951
295601,45951
269897,45951
200549,45951
34928,45950
48819,45950
179837,45949
4602,45949
182645,45949
278547,45949
260882,45949
155989,45949
71475,45949
51598,45949
47144,45949
263673,45949
211416,45948
269659,45948
53746,45948
270980,45948
240812,45948
284458,45948
194520,45947
4947,45947
181469,45947
260196,45946
135906,45945
280205,45944
85302,45944
76728,45944
158229,45944
239963,45944
237827,45943
44631,45943
30016,45942
183630,45942
145049,45942
211317,45942
48091,45942
248074,45941
82131,45941
217392,45941
12395,45940
11723,45940
6965,45940
15616,45940
218996,45940
17108,45940
572,45940
131610,45940
41178,45939
24156,45939
31913,45939
54412,45939
22399,45938
252267,45938
2854,45938
117043,45938
239,45938
278169,45938
234621,45938
193230,45937
256517,45936
21705,45936
55176,45936
30602,45935
5097,45935
247524,45934
3206,45934
174242,45933
13026,45933
165959,45933
254497,45933
214997,45933
134896,45933
295796,45933
251722,45932
179945,45932
78720,45932
82556,45932
4299,45932
102887,45932
131638,45931
193162,45931
101493,45931
209448,45931
270659,45931
9637,45930
182753,45930
47665,45930
103948,45930
69171,45930
33532,45929
19070,45929
187493,45929
157356,45929
17372,45929
16511,45929
286072,45928
15410,45928
8586,45928
151628,45928
91505,45927
288593,45927
211968,45927
25694,45927
296334,45927
283589,45927
223882,45927
36735,45927
275630,45926
54466,45926
1710,45926
198528,45926
9054,45925
264520,45925
84299,45924
267062,45924
12828,45924
206806,45924
272499,45924
133458,45924
79692,45923
232186,45923
165427,45923
16780,45922
267773,45922
225682,45922
242481,45922
26964,45922
238923,45921
6493,45921
288770,45920
453,45920
258717,45920
180189,45920
265018,45919
203615,45919
213731,45919
195665,45919
252158,45919
229400,45919
55912,45918
281566,45918
689,45918
284908,45918
214376,45916
4894,45916
32583,45916
25658,45916
65020,45916
248348,45915
60355,45915
289855,45915
115551,45915
281706,45915
113795,45915
236613,45915
279886,45915
193743,45914
36689,45913
287948,45913
202164,45913
285323,45913
266130,45913
218607,45913
11866,45912
5517,45912
212158,45912
114978,45912
230521,45912
42110,45911
247175,45911
28309,45911
42901,45911
533,45911
268889,45911
157393,45911
280026,45910
223101,45910
254020,45910
221245,45910
220355,45909
149143,45909
233548,45909
1704,45909
86900,45909
166625,45909
236358,45908
202225,45907
206330,45906
256205,45906
227336,45906
148374,45905
204667,45905
5050,45905
172876,45905
18019,45905
283461,45904
72505,45904
31000,45904
11482,45904
15479,45904
125368,45904
47046,45904
3030,45904
59675,45904
33521,45903
296353,45903
3600,45903
242699,45902
188958,45902
276032,45901
141586,45901
179937,45901
1182,45900
195726,45900
232751,45900
202909,45899
112173,45899
7967,45899
294312,45899
129379,45898
291728,45898
205949,45897
60744,45897
12462,45897
284047,45897
130834,45897
243587,45896
250515,45896
28527,45896
22962,45896
224187,45895
253579,45895
55650,45895
277494,45895
220763,45894
243752,45894
162507,45894
282462,45894
278205,45893
236983,45893
25191,45893
63666,45893
171917,45893
229962,45893
179768,45893
125451,45892
218359,45892
231577,45892
186484,45892
2634,45892
33344,45891
278044,45891
131740,45891
288545,45891
178217,45891
11835,45891
119906,45891
41430,45890
229675,45890
78412,45890
193867,45890
20733,45890
35254,45889
228491,45889
217477,45889
270450,45889
5417,45889
206166,45889
35262,45889
224483,45889
198493,45889
58987,45888
39244,45888
33561,45888
246524,45888
255152,45888
272477,45887
156966,45887
10345,45887
224308,45887
173373,45887
154206,45887
272619,45887
21328,45887
239206,45887
87697,45886
119890,45886
68288,45886
140612,45886
31084,45886
166946,45886
121483,45886
27006,45886
169473,45886
111073,45885
228326,45885
74591,45885
257764,45885
273499,45885
247051,45885
83209,45884
6861,45884
1493,45884
252362,45884
242063,45884
16613,45884
4073,45883
194285,45883
241782,45883
56686,45883
296468,45882
169574,45882
199632,45882
156523,45881
272249,45881
44229,45881
100388,45881
288559,45880
15563,45880
156723,45880
173,45880
260893,45880
97462,45879
4404,45879
212355,45879
92938,45879
192757,45878
239143,45878
65183,45878
153881,45878
167994,45877
117421,45877
101017,45877
149163,45877
2100,45877
75825,45877
176504,45876
6775,45876
193167,45876
231806,45876
116473,45875
257479,45875
220318,45875
157844,45875
282690,45875
4988,45874
128199,45874
106979,45874
225315,45874
240068,45874
91311,45873
210408,45872
199377,45871
264997,45871
264939,45871
256668,45871
277139,45870
289923,45870
205679,45870
90069,45870
268729,45869
294572,45869
179944,45869
10357,45869
192909,45868
34647,45868
2624,45868
152282,45868
93048,45868
269322,45868
201082,45867
104536,45867
193969,45867
227819,45867
14784,45867
225610,45866
165141,45866
43662,45866
89852,45866
270186,45866
277581,45865
166043,45865
266935,45865
291860,45864
160873,45864
2763,45864
235619,45864
118203,45864
132986,45864
20804,45863
261208,45863
32451,45863
270461,45862
229628,45862
133359,45862
38276,45862
253548,45862
201395,45862
213811,45862
32596,45861
11931,45861
178461,45861
53289,45861
160775,45861
101202,45861
46754,45860
107700,45860
218636,45860
257981,45860
199465,45860
229796,45860
219749,45860
159860,45860
70280,45860
162965,45860
285634,45860
29362,45859
235352,45859
4899,45859
215955,45859
266056,45858
158547,45858
90077,45858
250741,45858
6886,45858
275064,45857
187615,45857
291158,45856
221710,45856
278570,45856
224303,45855
192060,45855
65085,45855
67075,45855
274248,45855
240241,45855
57742,45854
96945,45854
47303,45854
242786,45854
242881,45854
220487,45854
278513,45853
20554,45853
183001,45853
66886,45852
292071,45852
175913,45852
227581,45852
9305,45851
202922,45851
270063,45851
189334,45851
76986,45851
157036,45851
66693,45851
215833,45850
222133,45850
230553,45850
249613,45850
131643,45849
1978,45849
267758,45849
122025,45849
110975,45848
105595,45848
60745,45848
275090,45848
78863,45848
199273,45848
137093,45848
161479,45848
189088,45847
266084,45847
253925,45846
242070,45845
63858,45845
31366,45845
177653,45845
64748,45845
285113,45844
287921,45844
106558,45844
161720,45844
194857,45844
6311,45844
172224,45844
39922,45843
218262,45843
267882,45843
269958,45843
288823,45843
266880,45843
284268,45842
169325,45842
33038,45842
5569,45842
4801,45842
218118,45841
103845,45841
260158,45841
234874,45841
13054,45841
253413,45841
265681,45841
12779,45841
24412,45841
189591,45840
182188,45840
126265,45840
99217,45840
100299,45840
211146,45840
20301,45839
293811,45839
247335,45839
274816,45839
253193,45839
1512,45838
23773,45838
19680,45838
138840,45838
104778,45838
287755,45837
126276,45837
518,45837
2230,45837
220443,45837
293082,45837
205178,45837
252608,45837
217867,45837
97920,45836
230913,45836
195736,45836
216957,45836
96284,45836
291443,45835
244520,45835
95111,45835
280227,45835
200376,45835
214564,45835
269709,45835
244076,45835
11386,45835
167849,45834
45147,45834
273020,45834
186153,45834
206976,45834
106810,45833
273021,45833
41192,45833
177684,45833
68910,45832
25176,45832
137948,45832
227293,45832
191881,45832
37279,45831
233740,45831
142153,45831
6811,45831
128679,45831
269226,45831
216077,45831
228440,45830
241271,45830
161784,45830
245957,45830
14664,45830
121962,45830
205472,45830
185287,45829
14475,45829
235946,45829
1652,45828
34351,45828
129853,45827
286540,45827
57789,45827
215328,45827
125315,45827
12961,45826
243272,45826
197466,45826
132543,45826
210341,45826
265278,45826
151505,45826
226997,45826
13355,45825
12010,45825
141785,45825
87632,45825
73051,45824
9393,45824
149534,45824
293066,45824
48065,45824
223558,45824
232629,45823
285309,45823
243425,45823
224140,45823
206390,45823
466,45823
255438,45822
9487,45822
30512,45822
223769,45822
257156,45822
199249,45821
51786,45821
255238,45820
69048,45820
7277,45820
258580,45820
235257,45820
63026,45820
78283,45820
193883,45820
209300,45820
293077,45819
124149,45819
144925,45819
118976,45819
267098,45818
242860,45818
207236,45818
233929,45818
87667,45818
39648,45817
248632,45817
42721,45817
259217,45817
189279,45817
91184,45817
275593,45817
118157,45816
194898,45816
117474,45816
120796,45816
184015,45816
133434,45816
228086,45816
66984,45815
252804,45815
26179,45815
252418,45815
186234,45815
88198,45815
32454,45815
37646,45814
116446,45814
62125,45814
73910,45814
293846,45814
637,45814
22129,45814
269365,45814
223404,45813
265229,45813
254531,45813
242625,45813
10380,45813
117655,45813
53,45812
234579,45812
242484,45812
237086,45812
5069,45812
13701,45811
248657,45811
272622,45811
53249,45811
249773,45811
100814,45811
240334,45811
82318,45810
162099,45810
274306,45810
255301,45809
58917,45809
54703,45809
294264,45809
172665,45808
146322,45808
100447,45808
264429,45808
71551,45808
12186,45808
46187,45807
253159,45807
7155,45807
9731,45807
82597,45807
57057,45807
167094,45807
284167,45806
228654,45806
192819,45806
179583,45806
2585,45806
13284,45805
69190,45805
236874,45805
199953,45805
268040,45805
251003,45805
167299,45805
187001,45805
9123,45804
216594,45804
223744,45804
162621,45804
206003,45804
271096,45804
57265,45804
39703,45804
294591,45803
114052,45803
147305,45803
2728,45803
17233,45803
63519,45802
254605,45802
35111,45802
285610,45802
44183,45802
74502,45802
38127,45801
129494,45801
136178,45801
270003,45801
46994,45800
106517,45800
226442,45800
165625,45799
13732,45799
60194,45799
29654,45799
6540,45799
277804,45799
46865,45799
266116,45798
178530,45798
38689,45798
260053,45798
171876,45798
53819,45798
71138,45797
119121,45797
202515,45797
26457,45797
36962,45796
218760,45796
39006,45796
25319,45796
8788,45796
227166,45795
7796,45795
143643,45795
3708,45795
59717,45795
167756,45794
105782,45794
267669,45794
274171,45794
81007,45794
191637,45794
209391,45794
173715,45794
210231,45793
255964,45793
22824,45793
146386,45793
413,45792
7776,45792
23817,45792
270719,45792
216382,45792
238555,45791
173933,45791
295278,45791
288305,45791
227446,45790
142429,45790
43952,45790
26324,45790
203305,45790
249590,45790
225806,45790
266549,45789
64138,45789
188744,45789
43044,45789
278959,45789
78391,45788
262687,45788
230616,45788
186421,45788
1722,45788
26991,45788
915,45788
14864,45788
88598,45787
119268,45787
87517,45786
115799,45786
281963,45786
192752,45786
242835,45786
274342,45786
242943,45786
51110,45785
269458,45785
244601,45785
4222,45785
99939,45785
56105,45785
86265,45785
287983,45785
225930,45785
167808,45785
62526,45784
196623,45784
260739,45784
239590,45784
292837,45784
251957,45784
85198,45784
153318,45784
227901,45783
291241,45783
53515,45783
7495,45783
85900,45783
156657,45783
193919,45782
18682,45782
31062,45782
254846,45782
280372,45782
21133,45781
44699,45781
115761,45781
161622,45781
202068,45781
272707,45781
273519,45781
236844,45781
221040,45780
249724,45780
55930,45780
13717,45780
247377,45780
227188,45780
262903,45779
40245,45779
257441,45779
38206,45778
2822,45778
51409,45777
95963,45777
290484,45777
63302,45777
256148,45777
143606,45777
267488,45776
237003,45776
283179,45776
253185,45776
257911,45776
294597,45775
14291,45775
17071,45775
178775,45775
282033,45775
174912,45774
211334,45774
277131,45774
9685,45774
115434,45774
291541,45774
72349,45773
143543,45773
279455,45773
270806,45773
27836,45772
101373,45772
213834,45772
87935,45772
7446,45772
288160,45771
241810,45771
81548,45771
188255,45771
270323,45771
240351,45771
206782,45770
272981,45770
57622,45770
11247,45770
34562,45770
271363,45770
279585,45769
170773,45769
103163,45769
13538,45769
21510,45769
144722,45768
126882,45768
65270,45767
67750,45767
131004,45767
129044,45766
16344,45766
82594,45766
197996,45766
166840,45766
204212,45766
198220,45765
144473,45765
55409,45765
177260,45765
129741,45765
215367,45765
281698,45765
27977,45765
117126,45765
53405,45764
266252,45764
109901,45764
176356,45764
36048,45764
262205,45764
248072,45763
246672,45763
59414,45763
9938,45763
154311,45763
76446,45762
187403,45762
273153,45762
290113,45762
40182,45762
10066,45761
106378,45761
13911,45761
134469,45761
207988,45761
232634,45761
187017,45761
261061,45760
232840,45760
26618,45760
234318,45760
263618,45760
202574,45760
62615,45760
56546,45759
222548,45759
201806,45759
189784,45759
187245,45759
281514,45759
197954,45759
94810,45759
74118,45759
283465,45759
269718,45759
257219,45758
243084,45758
121170,45758
13157,45758
139164,45758
203560,45758
98989,45758
63219,45758
222245,45758
160872,45757
141070,45757
292102,45757
254713,45757
81517,45757
280976,45757
18538,45757
234911,45757
5713,45757
28987,45757
52726,45756
294351,45756
29111,45756
41250,45756
24587,45756
5037,45756
3580,45756
40195,45756
169891,45755
45614,45755
169463,45755
97209,45755
165078,45755
231619,45755
281877,45755
268689,45755
3140,45754
167857,45754
279419,45754
187573,45754
37896,45754
72007,45754
139340,45754
8915,45753
128999,45753
6400,45753
44828,45753
190843,45753
148359,45753
176429,45753
121070,45753
15311,45753
202963,45752
57965,45752
294212,45752
160057,45752
98163,45752
176454,45752
201560,45752
21953,45751
22720,45751
270210,45750
112759,45750
156739,45750
287836,45750
273055,45750
290201,45749
140176,45749
181633,45749
219009,45749
85001,45749
136900,45749
253469,45749
203793,45749
60652,45749
200883,45749
219195,45748
250710,45748
102054,45748
268593,45748
8057,45748
33957,45748
178065,45748
141666,45748
14617,45748
33699,45748
232913,45747
216733,45747
257000,45747
175495,45747
6630,45747
243590,45747
284962,45747
240158,45746
247939,45746
196348,45746
280524,45746
188690,45745
12807,45745
13797,45745
197708,45745
252089,45745
56926,45745
131878,45745
19577,45745
37880,45744
246264,45744
24930,45744
218110,45744
160017,45744
48341,45744
119518,45743
69311,45743
289460,45743
211610,45743
192933,45743
92827,45743
291373,45743
125189,45742
53181,45742
87259,45741
270221,45741
202383,45741
3692,45741
254854,45741
148445,45741
288079,45741
266764,45741
276723,45740
245005,45740
106620,45740
217180,45740
122981,45740
52383,45740
29685,45740
184324,45740
262491,45739
239329,45739
143807,45739
81978,45739
3147,45739
269812,45739
1851,45738
279417,45738
178332,45738
25273,45738
81247,45738
209534,45738
175095,45738
259646,45738
244446,45738
251835,45737
172310,45737
231754,45737
210401,45737
214758,45736
292847,45736
242230,45736
16036,45736
20176,45736
127908,45736
190033,45736
472,45736
69198,45736
289235,45736
195269,45736
229429,45735
133679,45735
269574,45735
230767,45735
244197,45735
235103,45735
249023,45735
201080,45735
228971,45735
216962,45735
249458,45735
272298,45734
273487,45734
223960,45734
179856,45734
219861,45734
34105,45734
133173,45734
264891,45734
121180,45734
47223,45734
184423,45734
133610,45734
531,45734
204100,45734
67716,45733
195342,45733
144424,45733
245813,45733
252464,45733
67552,45733
71877,45733
211282,45732
254649,45732
232457,45732
219840,45732
262224,45732
189765,45732
189847,45732
184291,45731
268654,45731
220188,45731
1810,45731
234157,45731
57855,45731
70570,45731
275646,45731
59931,45731
188158,45731
33027,45731
2406,45730
35587,45730
250080,45730
38758,45730
223748,45730
185007,45729
14269,45729
103788,45729
110467,45729
104512,45729
67341,45728
192993,45728
270653,45728
45576,45728
93983,45728
258975,45727
81670,45727
286385,45727
23434,45727
9478,45727
62181,45727
116319,45727
141433,45726
37191,45726
175765,45726
214591,45726
11857,45726
242893,45726
149652,45726
83234,45726
173819,45725
215753,45725
167677,45725
214670,45725
257602,45725
229092,45725
262182,45725
255690,45725
288404,45725
11800,45725
199421,45725
179111,45725
213812,45724
49214,45724
116130,45724
146984,45724
134069,45724
21761,45724
272476,45723
77943,45723
153892,45723
249241,45723
247556,45723
287826,45723
283620,45722
21860,45722
291161,45722
22474,45722
51285,45722
176793,45722
207201,45722
284038,45722
212480,45722
256565,45722
7227,45721
185222,45721
272529,45721
71962,45721
91639,45721
285891,45721
153706,45721
225815,45721
197276,45721
59895,45721
244344,45721
284594,45721
49436,45721
88346,45721
207837,45721
4383,45721
48603,45720
61710,45720
156381,45720
29416,45720
214647,45720
62673,45720
291297,45720
265503,45719
232376,45719
286901,45719
242621,45719
189322,45719
195482,45719
86486,45718
200287,45718
31551,45718
3568,45717
286562,45717
82393,45717
195081,45717
40721,45717
223210,45717
188979,45716
68492,45716
15677,45716
147754,45716
29790,45716
226713,45716
270445,45716
198024,45716
24816,45715
270040,45715
24327,45715
1333,45715
227782,45715
282575,45714
262317,45714
219697,45714
5689,45714
205716,45714
240569,45714
119345,45714
209156,45714
290261,45714
41868,45714
229547,45714
80293,45713
90659,45713
100167,45713
15137,45713
61308,45713
27183,45713
295938,45713
8598,45713
262168,45712
225527,45712
215683,45712
34789,45712
251625,45712
70388,45712
142531,45712
18347,45712
12457,45712
90159,45711
274544,45711
144583,45711
25364,45711
104610,45711
12057,45711
281285,45710
259268,45710
157072,45710
231171,45710
273026,45710
173256,45709
46832,45709
226031,45709
51490,45709
73459,45708
53379,45708
122007,45708
147100,45708
239362,45708
25035,45707
256516,45707
250829,45706
263347,45706
151221,45706
143524,45706
159574,45706
29189,45706
553,45706
281319,45705
259595,45705
43168,45705
159454,45705
185696,45704
283031,45704
146758,45704
289131,45704
12698,45704
183797,45703
221420,45703
43704,45703
30135,45703
2015,45703
82277,45703
196532,45703
235395,45703
267184,45703
38053,45702
225052,45702
83933,45702
24769,45702
43663,45702
209353,45702
273677,45702
183457,45701
123226,45701
250948,45701
1000,45700
90700,45700
285547,45700
270482,45700
218256,45700
26590,45700
37883,45699
103079,45699
271364,45699
277591,45699
222922,45699
216905,45698
35584,45698
243450,45698
41139,45698
271054,45698
98998,45698
26147,45698
292963,45697
127535,45695
11430,45695
187863,45695
6018,45695
216861,45695
19997,45695
244418,45694
105586,45694
233885,45694
231250,45694
288636,45694
286046,45693
284580,45693
11863,45693
220971,45693
26115,45693
292274,45692
135072,45692
29764,45692
5194,45692
179058,45692
