2384,100000
30603,51273
25369,50569
293126,50486
16,50386
7227,50382
222542,50380
2380,50332
265994,50280
243482,50226
259345,50184
221363,50058
396,50047
229230,49975
296514,49928
257439,49844
7071,49835
274877,49800
291331,49730
280656,49729
14697,49707
223580,49697
223377,49685
283589,49658
285219,49650
89613,49616
230964,49596
217630,49567
278436,49556
35462,49556
541,49539
260538,49531
239322,49518
293554,49510
292144,49461
209452,49391
157805,49341
5148,49303
192897,49270
293373,49238
252132,49229
117474,49225
202,49207
232634,49165
288305,49162
217315,49154
294108,49149
209448,49140
293232,49119
53,49111
272820,49108
207294,49074
264828,49031
9034,49018
941,49010
181310,49007
247955,48996
5426,48981
192296,48967
173562,48961
8598,48961
24490,48960
19934,48960
443,48959
292525,48949
184085,48922
293760,48920
248632,48919
689,48903
7343,48898
265737,48861
40147,48847
4361,48844
206390,48797
35761,48786
209855,48765
192240,48750
673,48748
183384,48735
15103,48730
1205,48726
290558,48718
239868,48715
190,48714
248253,48669
206032,48656
290362,48655
246477,48652
201337,48645
125088,48639
278541,48639
267882,48633
292038,48632
125561,48632
460,48629
7204,48602
11512,48598
5194,48587
277795,48572
163513,48571
209061,48555
216957,48552
228545,48545
229692,48539
269428,48511
284494,48509
266549,48501
148707,48467
295287,48450
47550,48447
216556,48441
205697,48437
63030,48422
259098,48409
290071,48404
222829,48402
15671,48399
289740,48398
167219,48392
254487,48389
176091,48386
285996,48382
6759,48381
255915,48379
17185,48379
295036,48374
32916,48372
67583,48371
229060,48364
697,48355
283465,48316
17402,48316
260861,48314
259410,48310
229796,48310
252464,48284
229400,48282
227936,48281
171603,48281
185235,48280
273026,48276
285359,48272
262152,48262
197110,48234
265941,48230
237276,48222
121714,48220
36069,48220
177757,48210
9041,48197
26988,48183
1094,48174
220763,48172
222053,48170
168815,48166
295902,48162
228787,48156
281687,48136
165843,48134
179192,48129
266019,48128
281243,48123
170970,48076
246289,48075
281419,48068
9165,48066
186005,48065
846,48062
179184,48061
231171,48055
93751,48051
116093,48050
174595,48034
144722,48029
201078,48027
315,48026
166899,48026
18765,48024
271785,48021
39387,48009
296487,48006
266738,48005
218259,48005
1720,48003
272240,48001
223803,47999
246524,47997
254265,47995
84669,47995
8965,47991
268138,47987
105346,47976
225471,47974
208146,47971
75879,47970
255573,47963
253073,47963
4071,47958
13965,47953
172369,47948
16319,47942
238445,47940
123526,47939
560,47934
272321,47927
258960,47926
5349,47917
93347,47915
247524,47910
202626,47905
237450,47904
260053,47897
150877,47886
288950,47884
3319,47874
195272,47874
144439,47868
242786,47867
184324,47864
121127,47862
187105,47861
152556,47852
143807,47848
97598,47847
1477,47840
11799,47839
77061,47836
184565,47833
232484,47827
166790,47821
221459,47816
209377,47816
281726,47815
156813,47802
211461,47799
169554,47795
150518,47792
178781,47792
291725,47792
4893,47788
230043,47786
245869,47785
184797,47784
255891,47781
10007,47780
265632,47776
109012,47774
286466,47767
229912,47764
121854,47762
100535,47759
169808,47749
137994,47743
223658,47740
277623,47734
221267,47731
49065,47723
277722,47718
40245,47716
208523,47715
125139,47715
125575,47714
202920,47708
204817,47708
16325,47707
276191,47705
251956,47698
108865,47696
234684,47690
1704,47689
28410,47689
242736,47688
240554,47685
6465,47685
189847,47685
281483,47684
148187,47675
2668,47670
264456,47669
96769,47662
261035,47649
197961,47645
254672,47643
168795,47640
195792,47634
56873,47631
130810,47630
124896,47624
130027,47624
105512,47619
258973,47619
279553,47617
270707,47617
87742,47615
328,47612
34732,47611
152707,47610
3834,47604
183743,47601
204376,47601
1628,47599
56509,47591
167326,47582
190733,47582
230420,47579
261813,47577
59291,47572
228553,47571
34017,47570
10996,47568
533,47568
2486,47567
251416,47560
243356,47555
518,47554
251963,47554
167077,47553
7574,47547
272254,47538
253874,47538
250218,47536
283497,47535
171434,47535
226371,47534
286601,47532
122918,47527
144261,47527
241129,47525
156457,47523
287597,47521
62311,47519
182906,47518
245,47517
251158,47515
143382,47515
67967,47512
5421,47512
245672,47511
158640,47510
291654,47504
121003,47501
204955,47499
275079,47498
158998,47497
287243,47497
232749,47495
216471,47494
236881,47492
248286,47489
282538,47486
252777,47485
129204,47481
236,47478
277965,47477
26115,47475
252491,47473
254953,47470
10537,47469
281005,47468
52735,47467
186051,47463
80018,47463
233424,47458
98849,47458
270618,47458
1990,47457
296350,47455
181463,47454
295934,47453
2406,47448
267335,47445
228156,47445
2938,47444
230951,47438
274336,47437
111947,47428
168277,47428
96153,47427
292071,47426
273927,47422
55514,47422
156171,47422
33081,47421
196046,47420
252332,47416
44572,47414
152982,47414
133430,47413
229732,47412
288312,47411
7246,47407
260775,47405
198414,47404
176087,47402
223711,47395
222493,47394
6800,47390
278031,47388
252431,47386
149434,47385
115711,47382
289902,47381
161110,47379
249315,47377
221437,47376
154219,47375
236928,47375
208531,47373
249724,47372
265358,47372
294216,47371
257068,47369
249493,47364
136914,47361
219159,47360
124489,47351
253113,47351
16668,47343
212628,47342
282250,47340
2529,47339
262903,47338
226490,47338
251957,47336
198436,47335
258324,47334
290109,47334
287484,47332
192157,47331
105541,47330
126405,47325
260905,47323
155511,47323
197882,47321
265319,47318
166912,47318
212684,47317
19444,47315
227389,47315
288905,47314
211495,47313
197679,47312
207882,47312
98027,47312
174717,47310
26909,47307
5778,47307
142454,47303
46584,47303
207548,47302
170755,47302
241377,47301
261912,47300
234842,47298
202108,47298
209382,47297
158142,47297
134972,47296
277682,47292
259797,47290
100395,47290
192309,47290
16900,47288
245534,47288
142987,47287
235,47284
290964,47284
278594,47284
390,47283
34740,47283
227898,47281
240158,47281
206270,47281
24371,47280
149049,47280
205470,47279
135679,47278
181267,47274
392,47274
246140,47270
251896,47268
114272,47267
225647,47262
68802,47262
284937,47255
289725,47253
27705,47252
214997,47251
47754,47250
243611,47250
260196,47249
170414,47245
174912,47245
32650,47240
269197,47239
292140,47238
135938,47238
263926,47236
217267,47231
295130,47227
208052,47226
16686,47226
27977,47226
158930,47225
227011,47225
97113,47224
161105,47223
231275,47223
5594,47220
64913,47219
233105,47216
279344,47215
141250,47210
8522,47209
253774,47207
235604,47205
196506,47205
174520,47203
277935,47202
170687,47201
161475,47198
120021,47196
207615,47196
233326,47195
117002,47194
240459,47192
265239,47190
272462,47188
235115,47188
193170,47187
122719,47184
107818,47182
235062,47182
235471,47182
202194,47179
275596,47179
224556,47178
263610,47178
208961,47175
54301,47174
253893,47174
2318,47174
213166,47172
154535,47166
257931,47162
287887,47161
274511,47160
10698,47159
229092,47159
228951,47158
81399,47157
202380,47156
6765,47155
171753,47155
196276,47152
91241,47148
242381,47147
267650,47147
46223,47143
222957,47143
104908,47142
12871,47140
264115,47140
22875,47138
180031,47134
247189,47134
121301,47132
218110,47132
2430,47131
181613,47131
231607,47130
260355,47126
10495,47126
275560,47124
133022,47123
225464,47121
166536,47121
143565,47119
171583,47119
234146,47119
7031,47119
6577,47116
288745,47115
183770,47113
3221,47112
294440,47112
183495,47112
211444,47112
110637,47111
263493,47108
169473,47107
249238,47106
111807,47105
154662,47105
158118,47104
88655,47103
133173,47103
5176,47103
55393,47101
296311,47099
234078,47099
272318,47099
113947,47097
169306,47097
194129,47097
242978,47097
93526,47096
14573,47094
253253,47094
151972,47094
123235,47089
288160,47089
219600,47086
11344,47085
115186,47082
227313,47082
17966,47080
187634,47079
121265,47078
266807,47078
8600,47077
248066,47076
196018,47075
38912,47073
137389,47072
161100,47071
57521,47071
264434,47070
166356,47069
284700,47068
293098,47066
181157,47066
289179,47064
9173,47063
232457,47062
7129,47061
235955,47060
60110,47059
245065,47057
113452,47057
32829,47057
225769,47057
243454,47053
186038,47053
144096,47052
149866,47051
254988,47051
112740,47050
63520,47045
176560,47045
295965,47044
201413,47044
37323,47043
106378,47043
223001,47041
227491,47041
220553,47041
57574,47040
138960,47039
85210,47039
9983,47038
263051,47037
229031,47036
9503,47035
263618,47035
149373,47035
175871,47034
23284,47033
259438,47031
176599,47029
228612,47028
29938,47025
41868,47024
195684,47024
8084,47024
282842,47023
173596,47023
10121,47023
142221,47023
67958,47021
148042,47021
175335,47020
221040,47020
194344,47020
19246,47020
207201,47019
168893,47018
45540,47018
22232,47018
124605,47018
184887,47017
279184,47016
169366,47014
69882,47013
252398,47013
122190,47011
82301,47011
82299,47010
240812,47010
106216,47005
595,47005
193974,47005
279925,47003
274110,47003
221801,46996
151172,46996
98891,46996
267937,46996
95759,46994
77066,46994
63695,46993
275054,46993
157498,46993
36526,46991
3147,46990
242281,46989
101230,46987
224997,46986
239632,46984
85692,46981
25887,46981
281585,46981
252534,46979
274532,46979
5719,46977
282853,46976
164693,46976
158335,46972
17873,46971
27703,46971
132216,46970
213505,46969
180429,46968
144973,46967
261058,46967
173516,46966
227006,46966
206272,46966
255187,46965
180865,46965
67443,46961
200623,46961
239713,46958
8778,46956
202821,46955
256288,46954
215569,46954
44808,46953
45247,46952
284517,46951
204578,46950
269022,46948
23971,46948
271104,46948
226787,46948
274482,46948
271042,46947
125465,46947
223373,46946
123003,46946
187320,46945
22482,46944
5762,46941
45462,46939
279911,46938
286133,46938
275350,46938
5059,46938
52525,46938
16396,46937
274992,46937
209401,46936
66152,46936
235397,46936
223404,46936
176916,46934
219880,46934
163996,46933
296488,46932
12437,46932
257818,46931
252901,46931
33743,46930
216428,46930
11857,46929
144603,46928
209789,46928
181664,46927
286279,46924
221766,46924
2029,46923
167745,46923
274953,46923
67637,46920
68117,46919
244974,46918
89712,46918
280128,46918
167289,46917
210589,46917
181220,46917
66037,46916
162115,46916
187752,46916
155318,46915
147680,46914
280063,46914
3556,46911
262302,46911
56988,46911
183722,46910
238079,46909
222822,46909
180962,46908
295818,46908
203229,46907
194898,46905
243218,46905
230330,46905
272476,46905
240636,46905
224119,46904
284659,46903
266248,46903
221324,46902
265693,46902
250989,46902
14091,46901
94624,46900
272687,46897
5068,46895
294948,46895
242114,46895
120706,46894
88319,46893
285224,46893
223528,46892
233068,46892
265498,46891
12693,46891
1512,46891
169353,46890
224467,46886
98059,46886
122855,46885
240480,46883
33093,46883
3875,46883
198908,46883
271117,46882
271011,46881
6253,46879
37259,46877
248809,46877
191520,46876
4567,46876
145855,46875
184842,46875
281123,46873
186296,46871
257925,46870
152497,46868
54194,46867
262205,46866
119074,46866
138896,46866
19184,46863
24711,46861
215530,46857
209456,46857
248199,46856
289074,46855
35840,46854
277287,46853
281906,46851
13101,46851
142108,46850
151432,46849
270738,46849
71105,46849
251923,46849
1571,46849
216513,46849
152282,46847
162031,46847
262638,46845
265229,46844
162965,46844
86649,46843
242610,46842
31015,46839
2555,46838
79554,46837
188365,46837
43394,46835
49659,46833
147694,46832
25821,46831
124201,46830
31453,46829
270168,46829
186283,46827
269756,46826
3162,46825
145009,46825
90029,46825
41553,46820
243766,46819
3664,46818
223652,46816
209686,46815
13636,46814
143363,46814
282418,46813
278513,46813
139383,46812
41721,46811
81682,46810
272424,46807
95808,46805
15640,46804
241102,46802
196872,46802
103460,46801
88675,46801
125973,46800
278021,46800
216980,46800
223568,46799
245491,46799
220207,46799
286046,46798
231411,46797
126783,46794
212176,46794
218782,46793
32716,46792
279930,46791
156659,46790
47134,46790
233972,46789
258698,46789
268753,46788
29218,46788
72368,46786
271722,46785
20206,46782
103491,46782
241450,46782
115092,46782
104840,46781
183045,46780
112013,46780
41972,46779
51023,46778
218212,46778
272927,46778
286242,46778
183742,46777
246312,46777
1627,46776
3059,46775
15723,46775
289861,46774
230730,46773
257324,46772
6748,46771
198831,46771
70838,46770
205336,46769
130226,46768
276791,46768
244229,46768
294798,46768
281316,46767
238225,46766
757,46766
131910,46764
145269,46764
269272,46763
209294,46762
219797,46761
187374,46760
251681,46759
224087,46759
258110,46759
186153,46758
13725,46757
1886,46757
275585,46757
151315,46756
82389,46756
251234,46754
201510,46754
205057,46754
274997,46754
256944,46753
224283,46752
188977,46750
180152,46749
192572,46749
294911,46748
215362,46748
279931,46747
57986,46746
287861,46746
251531,46746
253472,46746
1620,46744
281984,46743
176079,46742
119703,46742
237587,46740
203840,46737
36116,46736
126039,46736
266262,46735
222343,46735
15,46734
23083,46733
221770,46732
229419,46731
184316,46730
113236,46730
19327,46729
58597,46729
121712,46729
61205,46728
81627,46728
279310,46728
223488,46727
201026,46727
264336,46727
247141,46727
54290,46726
155517,46726
255604,46725
167380,46725
215698,46723
280836,46722
140831,46722
285491,46721
190807,46720
116779,46719
229800,46718
236039,46717
266958,46717
186862,46716
202633,46716
163302,46715
226106,46712
153019,46712
25137,46711
261420,46710
225045,46710
84802,46710
240602,46710
293066,46708
206354,46707
160476,46706
248469,46706
232141,46705
264033,46705
226246,46704
592,46704
182810,46703
291154,46703
273754,46701
63635,46700
1429,46699
4379,46698
135803,46698
81132,46698
226519,46698
15030,46697
296334,46697
32553,46697
130332,46696
11087,46695
174192,46694
47456,46694
265951,46693
3258,46691
108912,46691
68040,46690
184615,46690
191109,46688
23271,46686
186532,46686
237295,46686
123524,46685
116078,46685
79373,46682
54308,46682
135689,46682
97954,46680
10578,46680
245480,46679
265853,46679
237979,46679
167694,46678
262374,46678
235286,46678
63506,46677
231205,46677
265415,46677
179216,46676
283052,46676
296423,46675
226771,46674
270120,46672
295409,46672
28199,46672
136427,46670
11525,46670
253234,46670
246498,46669
285607,46669
151551,46668
159680,46667
235055,46666
236291,46666
218912,46665
163966,46665
278258,46664
37403,46664
156271,46664
250356,46661
198642,46659
208073,46659
253594,46658
190921,46657
23682,46657
194875,46656
17757,46655
174416,46655
99412,46655
137552,46653
53798,46653
188460,46653
266281,46652
241289,46652
75277,46651
221558,46651
204303,46651
252208,46650
289122,46649
65479,46648
128175,46647
167735,46646
19316,46646
251835,46645
260500,46643
216712,46643
287015,46643
1158,46642
79245,46642
54818,46641
142314,46641
287474,46641
27893,46641
286334,46639
3801,46639
243261,46638
201473,46638
19809,46638
234250,46638
107217,46636
228480,46636
265845,46635
295749,46635
286572,46634
267573,46634
241031,46633
148618,46632
4913,46631
250837,46630
5883,46630
283666,46629
269381,46628
247619,46626
249253,46626
284788,46625
148448,46625
240274,46625
120354,46624
208720,46623
123884,46623
151842,46623
9740,46623
71677,46621
180210,46621
269165,46621
83057,46621
218317,46621
261658,46620
12034,46620
52618,46620
81537,46620
206729,46619
190295,46619
217477,46618
269516,46618
14703,46618
291193,46617
120105,46617
283553,46616
51856,46615
34260,46615
267302,46614
214433,46614
41363,46614
133006,46614
287594,46613
204896,46612
238512,46612
280424,46611
263817,46611
295164,46610
180609,46610
250647,46608
228216,46607
285386,46605
269012,46604
267,46603
283018,46602
79252,46602
236843,46602
249042,46601
128814,46601
145147,46599
227177,46599
190989,46598
28207,46598
293910,46597
1875,46597
58914,46596
46559,46595
129892,46594
99181,46594
256226,46593
9806,46593
264369,46592
116881,46592
262317,46591
229573,46590
120895,46590
2173,46590
234582,46588
117882,46588
117030,46587
272239,46587
641,46587
5279,46586
295766,46585
210641,46582
287260,46582
13666,46581
142127,46581
101359,46581
269352,46580
287730,46580
22758,46580
240351,46580
280823,46580
278063,46579
99866,46579
237234,46579
64236,46579
295645,46579
236679,46579
263052,46579
201926,46577
153936,46577
275942,46577
54953,46577
157599,46577
264590,46576
120748,46575
7221,46574
7003,46574
135399,46574
213546,46573
207242,46573
220040,46573
150091,46572
227591,46571
12490,46571
192451,46571
144825,46570
236714,46570
36174,46570
206782,46568
163068,46567
209393,46567
66157,46567
89442,46567
246269,46567
259805,46566
14846,46566
257743,46566
285038,46565
266346,46565
121955,46564
282485,46564
96589,46563
257443,46563
87730,46563
12238,46563
173465,46563
196884,46562
180772,46561
65691,46560
149873,46560
284655,46559
190944,46559
22208,46558
230068,46558
158432,46557
244058,46557
240313,46557
94985,46556
190394,46555
188478,46555
94222,46554
28934,46554
294565,46553
261126,46553
184003,46552
283032,46551
114289,46550
114725,46550
264368,46545
17869,46545
275987,46544
160037,46542
142739,46542
226272,46542
83620,46542
238306,46541
238619,46541
290998,46540
13393,46540
290013,46539
95604,46539
257168,46538
269993,46538
117842,46537
228004,46536
291218,46536
292102,46533
291202,46532
36657,46532
12356,46531
194530,46531
157212,46531
126241,46530
217699,46530
242113,46529
237742,46529
217241,46528
241384,46527
288862,46526
236074,46526
13573,46526
287775,46526
32567,46525
30904,46525
270647,46525
230810,46525
183265,46525
20724,46523
238434,46523
283605,46523
199392,46522
211882,46522
239762,46521
211223,46521
224263,46521
226218,46520
226348,46520
69292,46519
60503,46519
251288,46519
30111,46518
270853,46518
188104,46518
278831,46517
44923,46515
7041,46514
271253,46514
134061,46514
36728,46513
104408,46512
29075,46512
219504,46512
246642,46511
159306,46510
132861,46510
278115,46510
230616,46509
219163,46509
126798,46509
31421,46508
176994,46508
3299,46507
293084,46507
226467,46507
195834,46506
294842,46505
282821,46505
284243,46504
281855,46503
292258,46502
113549,46502
248557,46502
90432,46502
236987,46501
201081,46500
134975,46499
183563,46499
133765,46498
197265,46498
235222,46497
20253,46497
270488,46497
122479,46497
218955,46496
276069,46496
258263,46493
153984,46493
293348,46493
259628,46491
164892,46491
103425,46491
270044,46490
149266,46489
288608,46489
70388,46489
60157,46487
167756,46487
129319,46486
153926,46486
292527,46486
273808,46486
104314,46486
33659,46486
6200,46485
210883,46484
191259,46484
249312,46483
256371,46481
60856,46481
166902,46480
20246,46480
263462,46479
285315,46479
60584,46479
141696,46479
237824,46479
264520,46477
172553,46477
45388,46477
43667,46477
236429,46476
1423,46476
123100,46474
247405,46473
275843,46472
267867,46472
276198,46471
198186,46471
263003,46471
244991,46469
126381,46469
96872,46469
256280,46468
165604,46467
213637,46467
152176,46467
238,46467
214446,46466
238025,46466
157742,46465
200898,46465
253863,46465
183037,46464
43206,46463
264842,46462
222505,46461
266673,46461
197315,46461
4323,46461
86149,46461
219751,46459
155791,46459
17590,46459
277954,46459
208476,46459
182794,46459
271906,46458
293311,46458
277561,46458
14547,46456
288264,46456
295970,46455
244788,46455
274206,46454
6430,46453
181744,46452
221614,46452
208043,46450
13482,46449
186289,46449
40562,46449
110683,46448
270153,46448
278004,46446
4794,46445
236575,46444
240921,46444
221367,46444
48651,46444
56408,46443
84764,46441
25368,46441
146671,46441
181474,46441
275040,46440
8969,46440
134142,46439
47530,46439
52203,46438
190355,46438
11843,46437
270482,46437
286592,46436
266998,46436
258716,46435
74183,46435
289898,46434
260727,46434
263898,46434
177824,46433
207694,46433
280581,46433
166711,46432
7039,46432
161346,46430
211935,46430
288613,46430
72148,46430
51147,46429
285774,46429
58593,46428
129243,46427
196765,46427
282575,46427
91311,46426
199717,46426
287539,46425
267554,46424
237023,46424
220794,46424
1583,46422
72503,46422
267724,46422
67291,46422
278780,46422
234080,46422
138707,46421
254721,46421
11247,46421
34621,46420
210470,46420
223023,46420
265305,46420
102361,46419
104020,46419
239903,46419
29166,46418
84861,46418
44625,46418
234381,46418
263243,46418
104358,46418
28598,46418
188336,46417
294944,46417
158527,46416
205715,46416
13843,46416
176449,46415
257469,46415
2047,46415
240818,46415
173146,46415
122524,46414
107972,46413
256238,46413
274030,46413
42736,46412
264539,46412
256957,46412
282990,46412
276930,46412
211772,46412
247740,46412
235263,46412
171586,46412
105410,46411
293004,46410
289921,46410
169548,46410
209522,46410
2222,46409
22088,46409
85112,46408
166472,46407
174753,46407
18716,46407
87525,46407
273326,46407
21944,46407
200560,46406
284247,46406
186340,46406
256251,46405
75876,46405
246987,46404
159934,46403
746,46403
252554,46401
85595,46401
228512,46400
120458,46399
180590,46398
285014,46398
264581,46397
50785,46396
249126,46396
110925,46395
182728,46395
160435,46395
11806,46394
177697,46393
259014,46392
222091,46392
73508,46392
3088,46392
293085,46390
293741,46390
164935,46390
229422,46389
198905,46389
277210,46388
275884,46388
249872,46387
190879,46387
260559,46386
267758,46386
271596,46386
157574,46386
170226,46386
196131,46384
196257,46384
175527,46384
146493,46383
226616,46383
231476,46382
227774,46382
266069,46382
206568,46382
2476,46381
110522,46381
242739,46381
115770,46381
251201,46381
177600,46380
135794,46379
281396,46379
144426,46378
70939,46377
112073,46377
86252,46377
267786,46377
23120,46376
229059,46376
240938,46375
274068,46375
124559,46375
184471,46375
117105,46374
81832,46373
199437,46373
243609,46373
164677,46373
126687,46372
216684,46372
95493,46370
4330,46370
109689,46369
105874,46369
10473,46368
118688,46368
277459,46367
111793,46366
3563,46366
196614,46366
251427,46366
178897,46365
252328,46365
103164,46365
275790,46365
261292,46364
223508,46364
204140,46364
178180,46363
59347,46363
284812,46362
20715,46360
29362,46360
162559,46360
182306,46359
251171,46358
255092,46357
219141,46355
209548,46355
152518,46354
116389,46354
84124,46353
9179,46353
45337,46353
284844,46353
196450,46352
291082,46351
289451,46351
190806,46351
259950,46351
274264,46351
162103,46351
238687,46351
2747,46350
254067,46350
4336,46350
80906,46349
12019,46349
109090,46348
281877,46348
279460,46348
260525,46348
61158,46347
250533,46347
100486,46347
222910,46347
228611,46347
212825,46346
228735,46346
14672,46344
267436,46344
84410,46344
292447,46344
156540,46343
267469,46343
2058,46342
227404,46341
138988,46341
93203,46341
208159,46341
226808,46340
255749,46340
39227,46340
243260,46339
207840,46339
176881,46339
248643,46338
148274,46338
239726,46338
235316,46336
272697,46335
88925,46335
150149,46335
281034,46335
141125,46334
267827,46334
106837,46334
227018,46333
16407,46332
99705,46332
2921,46332
201049,46330
61151,46330
223018,46330
199039,46329
100911,46329
246578,46328
249341,46328
279595,46327
29346,46326
185565,46325
253158,46325
98347,46324
262401,46324
12330,46324
199181,46323
259255,46323
137402,46323
87533,46322
279108,46322
113786,46322
156128,46322
140077,46322
293125,46321
208033,46321
198416,46321
7613,46320
121223,46320
208960,46320
14973,46320
131548,46319
66979,46318
233026,46318
284158,46318
193618,46318
275960,46317
32,46317
257960,46317
203836,46317
221120,46316
199544,46316
262119,46316
149206,46316
214376,46315
283511,46314
286504,46314
2089,46314
18673,46314
127051,46313
179082,46313
56688,46313
133808,46313
279564,46312
135119,46312
251632,46310
116909,46310
127125,46310
116225,46310
3366,46309
289946,46309
163578,46308
198678,46308
66294,46307
264611,46307
183313,46306
258673,46306
36844,46306
222227,46306
86680,46306
80928,46305
5707,46305
290765,46305
210893,46305
100246,46305
286072,46305
287992,46304
279643,46304
222638,46304
52874,46303
257006,46303
188421,46302
184049,46302
229470,46302
220335,46302
251767,46300
95154,46300
200322,46299
129332,46299
126816,46299
177886,46298
213115,46298
285621,46298
285361,46297
135267,46297
1708,46296
7046,46296
213285,46296
230976,46295
63442,46295
15638,46295
15294,46295
200119,46294
252263,46294
3174,46294
99590,46294
269571,46293
20968,46293
118477,46292
159597,46291
184387,46291
214520,46291
213427,46291
283374,46291
275342,46290
200323,46290
280217,46290
220777,46290
217884,46290
291191,46289
287769,46289
237427,46289
132165,46289
37464,46289
109409,46289
215515,46288
85647,46288
229042,46287
158246,46286
47731,46286
224029,46285
224615,46285
12692,46285
91501,46285
233993,46285
228796,46284
15592,46284
236424,46283
278601,46283
142195,46283
169028,46282
216077,46281
216392,46281
264445,46281
269650,46280
68997,46278
152219,46277
225600,46277
119536,46277
231919,46276
264589,46275
188624,46275
238472,46275
266907,46274
236837,46274
234187,46274
182348,46273
232051,46273
258489,46273
129811,46273
261788,46273
287978,46273
176427,46272
10705,46271
7538,46271
228465,46270
261914,46270
251211,46270
76370,46270
284631,46270
247672,46270
258717,46269
137376,46269
13792,46269
115434,46268
253202,46268
176025,46268
140401,46268
183885,46268
17105,46267
142730,46267
188996,46266
225844,46266
135915,46266
48842,46266
228002,46266
284165,46265
47917,46265
4519,46264
150442,46263
66150,46263
231899,46262
119188,46262
5937,46262
276096,46261
222441,46261
52160,46260
181510,46260
274983,46259
188608,46259
179069,46259
222017,46259
285319,46259
206577,46258
72084,46258
82283,46258
19525,46257
260834,46257
264975,46257
291329,46257
284464,46256
211230,46256
286844,46256
211361,46255
169412,46255
232185,46255
140668,46254
145707,46254
231609,46253
30801,46253
127946,46253
252401,46253
224610,46252
144117,46252
284282,46251
174660,46251
288630,46251
284348,46250
224980,46250
100239,46249
224192,46248
256968,46248
62782,46247
6493,46247
233244,46247
146480,46247
283534,46246
223239,46246
198541,46246
91532,46246
249651,46245
232681,46245
81019,46245
69403,46244
50432,46244
260918,46244
175671,46244
229744,46244
250925,46244
19778,46244
8775,46243
19081,46243
137409,46243
163500,46243
137100,46242
267869,46242
17731,46241
210650,46241
244171,46241
228175,46241
68632,46240
249458,46240
391,46240
220202,46239
188690,46238
77650,46238
82838,46238
125537,46238
254575,46238
265976,46237
4282,46237
171877,46237
256863,46237
828,46237
67086,46237
3051,46237
239289,46236
31980,46236
219523,46236
215940,46236
93888,46236
126689,46236
224129,46236
235670,46235
294612,46235
14221,46235
227155,46235
177816,46234
289388,46234
98359,46234
189484,46233
227462,46233
59214,46233
228024,46233
253382,46233
257868,46233
277317,46232
260100,46232
205591,46232
218808,46232
2822,46232
166557,46232
294408,46231
225355,46230
200603,46230
241877,46229
58329,46229
162599,46229
87782,46229
214412,46229
255836,46229
221856,46228
267062,46228
244381,46227
208278,46227
179389,46227
249741,46227
199154,46226
111856,46226
165262,46226
235772,46226
114728,46225
222131,46225
97703,46225
108123,46225
284306,46224
122673,46224
8602,46224
286292,46224
48049,46224
9869,46224
143696,46224
172636,46224
140153,46224
105560,46224
282875,46224
282573,46223
187094,46223
106934,46222
16593,46222
276382,46222
34317,46222
197078,46222
52213,46222
266444,46221
269896,46221
2716,46221
202372,46221
290025,46220
233061,46220
154519,46219
201668,46219
79411,46219
151526,46219
159255,46218
78351,46218
277739,46218
248496,46218
283505,46217
84559,46217
96152,46217
150892,46217
172465,46216
126996,46215
171159,46214
216360,46214
66872,46214
145766,46213
225682,46213
4647,46213
136912,46212
278073,46211
132150,46211
241032,46210
86441,46210
152938,46210
256254,46210
81226,46208
41407,46208
94893,46207
112796,46207
284568,46207
220591,46207
241253,46206
252768,46205
247976,46205
273303,46204
240867,46204
285459,46204
8840,46203
290141,46203
57266,46202
265386,46202
251231,46202
240731,46202
291086,46201
103136,46201
276459,46201
35648,46200
113057,46200
52113,46200
1202,46199
283062,46198
267293,46198
21428,46198
288849,46198
267598,46198
41456,46197
139994,46197
258374,46197
80395,46197
105653,46196
89415,46196
257569,46196
4467,46196
21586,46195
284643,46194
235282,46194
61656,46194
142653,46194
107952,46193
290778,46193
124992,46193
142940,46193
195622,46193
230709,46192
235404,46192
219406,46192
188328,46192
259407,46192
3160,46191
254283,46191
271552,46191
93904,46191
133488,46191
35290,46190
184917,46190
272523,46190
30016,46190
283624,46190
260356,46190
150991,46190
118185,46190
44932,46189
277478,46189
165755,46189
117326,46189
207441,46188
294534,46188
268076,46187
146236,46187
191414,46187
282705,46187
259466,46187
64147,46186
14823,46186
118549,46186
202958,46186
193737,46186
132602,46185
4216,46185
1528,46185
80977,46184
261927,46184
162481,46184
84842,46184
206074,46184
209067,46184
211289,46184
237848,46183
162483,46183
12691,46182
259351,46182
59591,46182
278795,46182
176206,46180
152832,46180
178380,46178
70021,46178
292706,46178
270383,46178
248682,46177
284277,46177
285905,46177
195081,46176
6758,46176
222836,46176
206712,46175
90177,46175
101197,46175
114478,46175
197317,46175
132349,46174
151707,46174
291623,46174
237827,46174
172198,46173
259702,46173
83329,46173
221335,46173
254228,46173
207099,46173
124254,46172
234976,46171
41007,46171
215936,46171
228066,46171
225531,46170
204307,46170
137020,46169
121482,46169
193853,46169
25247,46168
262350,46168
278036,46167
22456,46167
117035,46167
263291,46166
49926,46166
68579,46166
267627,46166
215444,46166
285169,46165
118492,46165
154415,46164
274888,46164
277252,46163
240294,46162
216818,46162
152639,46161
177746,46161
133055,46161
50679,46160
209741,46160
146165,46160
245655,46159
191785,46159
16520,46159
244700,46159
219544,46159
244378,46158
288477,46158
51966,46158
226416,46157
187349,46156
253373,46156
48563,46155
246101,46155
23678,46153
12865,46153
294646,46153
170337,46153
195557,46152
239302,46152
288416,46152
242735,46152
279735,46151
194094,46151
4982,46150
264604,46150
155977,46150
211100,46149
284798,46149
128030,46148
285264,46148
240078,46148
2039,46148
97116,46148
117875,46147
65234,46147
134372,46147
196428,46147
198066,46146
242476,46146
237224,46146
82847,46146
270015,46145
219142,46145
206154,46145
162109,46144
192799,46144
260410,46142
56158,46142
258038,46141
363,46141
240900,46141
124810,46141
183049,46141
127433,46140
203648,46140
22567,46140
6038,46140
252459,46139
134,46139
277576,46139
288412,46139
49474,46139
44950,46139
229137,46139
191828,46138
205972,46138
211702,46137
17126,46137
158958,46136
291439,46136
219599,46136
233393,46136
197971,46136
135018,46136
181948,46135
178413,46135
122656,46134
11814,46134
257188,46134
205992,46134
243663,46133
222448,46133
255238,46133
203443,46133
29127,46132
187852,46132
237249,46131
201080,46131
236072,46131
27697,46131
282711,46130
32833,46130
293893,46130
286224,46130
141503,46130
188710,46130
288298,46130
210456,46129
270784,46129
20853,46128
127777,46128
143073,46128
99634,46128
272757,46128
206491,46128
246748,46127
247379,46127
33950,46126
286474,46126
138398,46125
142023,46125
270445,46125
167611,46125
252210,46124
145384,46124
112533,46124
82100,46124
193854,46124
170737,46123
194302,46123
296318,46123
122518,46123
137786,46123
61689,46122
152470,46121
27476,46120
282039,46119
287645,46119
82513,46119
158085,46119
283472,46119
150051,46118
10806,46118
289362,46118
153432,46118
271196,46117
73902,46117
200925,46116
142525,46115
130192,46115
86210,46114
147654,46114
7675,46114
107673,46114
267703,46113
5161,46113
81036,46113
53163,46113
238583,46112
182220,46112
215886,46112
214092,46112
276986,46111
5405,46111
217553,46110
122720,46110
147047,46109
15346,46109
159919,46109
276272,46109
181327,46108
120658,46108
3909,46107
181231,46107
248400,46107
240425,46107
190038,46106
252244,46106
2317,46106
173090,46106
59528,46106
54686,46106
199479,46106
77185,46105
902,46105
159630,46104
94335,46104
248591,46104
240422,46103
1260,46103
286438,46103
55313,46101
40823,46101
27393,46101
260387,46101
34728,46100
239915,46100
246154,46100
215832,46099
81844,46099
277725,46099
75009,46099
282024,46098
238724,46098
261220,46098
61361,46098
148919,46098
239450,46098
53122,46097
123764,46096
193694,46096
240028,46096
183378,46096
85058,46096
81742,46095
256438,46095
152884,46095
141059,46095
296400,46095
209406,46094
160104,46094
222393,46094
149563,46094
113691,46094
263247,46093
257341,46093
43497,46093
100787,46093
273228,46093
265547,46093
281706,46092
66928,46092
235693,46092
134107,46091
187344,46090
266263,46090
5226,46090
260208,46089
212630,46089
181469,46089
9931,46089
181882,46089
268740,46088
246883,46088
236511,46088
296353,46088
276586,46088
231322,46088
184559,46087
227621,46086
275941,46086
286973,46085
219342,46085
40925,46084
247888,46084
37351,46084
182692,46084
159656,46084
201464,46084
61234,46084
29577,46084
132986,46084
61976,46083
212435,46083
194870,46083
223210,46083
169533,46083
177918,46083
70,46083
239096,46083
280728,46082
117905,46082
262815,46082
2247,46081
23640,46081
169064,46081
232297,46081
288070,46081
74602,46081
234505,46080
284311,46079
134148,46079
149236,46079
165376,46079
6788,46079
148183,46079
150816,46079
169780,46078
115906,46078
38846,46077
44562,46077
211922,46077
131659,46077
54366,46077
203292,46077
145645,46077
208021,46077
119926,46076
272137,46076
50035,46076
230682,46075
213693,46075
83256,46075
201842,46074
21646,46074
41947,46074
228733,46073
141638,46073
206232,46072
124698,46072
192027,46072
234923,46072
254292,46071
127769,46071
40299,46071
24771,46070
205448,46070
91151,46070
140412,46070
285260,46070
19433,46070
178469,46070
274632,46069
218788,46069
162880,46069
209323,46069
136659,46069
293203,46069
200229,46069
218667,46069
242697,46068
94200,46068
235765,46067
271068,46067
203429,46067
162503,46067
182899,46066
262591,46066
161739,46066
263510,46066
280127,46065
24174,46065
2146,46064
269445,46064
112458,46064
6997,46064
266043,46063
296368,46063
218060,46063
133361,46063
165634,46062
281611,46062
37538,46062
118770,46062
220843,46061
78157,46061
172240,46060
136952,46060
121088,46060
229431,46059
236055,46059
123157,46059
77934,46059
165761,46059
99190,46059
90223,46059
281345,46058
104821,46058
110978,46058
271757,46058
195700,46057
278392,46057
169105,46056
148505,46056
166372,46056
288418,46055
140065,46054
259541,46054
157421,46053
251983,46053
209210,46053
38002,46053
76534,46053
67248,46053
295004,46052
19417,46052
205539,46052
37234,46052
242732,46051
141943,46051
281514,46051
72612,46050
103086,46050
126498,46050
51947,46049
199069,46049
255111,46049
64545,46048
213690,46048
98625,46047
138134,46046
288238,46045
148092,46045
75773,46045
182476,46045
52701,46045
185607,46045
248847,46045
194224,46044
10641,46044
144051,46044
107310,46044
119645,46044
270637,46044
295046,46044
291421,46044
97685,46043
197773,46043
111014,46043
267484,46042
220176,46042
279507,46042
191870,46042
143608,46042
223906,46041
176068,46041
257284,46041
128475,46040
96449,46040
244177,46040
207327,46039
119361,46039
206346,46039
217618,46039
259106,46039
276182,46039
244430,46039
181778,46039
54204,46039
181683,46038
184730,46037
197287,46037
2709,46037
263678,46036
117269,46036
97822,46036
229190,46035
287967,46035
106207,46035
278202,46035
182996,46035
268690,46034
277279,46034
117734,46034
61760,46034
131490,46034
228393,46033
190272,46033
60796,46033
226001,46033
226296,46033
171182,46032
224473,46032
238516,46032
80537,46032
238637,46032
119014,46032
35908,46032
43377,46031
136277,46031
26323,46031
7194,46031
61377,46031
113743,46031
211334,46031
257145,46030
193684,46030
187063,46030
182345,46030
1552,46030
78084,46030
224607,46029
32011,46029
20922,46029
214673,46028
262224,46027
135790,46027
149210,46027
91334,46026
191180,46026
149045,46026
291973,46025
205488,46025
139873,46024
260093,46024
245424,46024
17709,46024
146133,46023
91352,46023
147317,46023
83194,46023
209674,46023
113907,46023
274704,46022
183305,46022
12573,46022
127026,46021
6144,46021
32586,46021
262869,46021
44271,46021
1918,46021
231833,46020
233929,46020
253190,46020
241112,46020
53785,46020
181799,46020
270805,46019
151313,46019
13959,46019
164563,46018
87557,46018
241315,46018
155836,46018
202566,46018
218287,46017
177949,46017
43826,46017
183538,46017
101545,46016
97284,46016
89908,46016
287463,46016
176357,46015
236392,46015
188210,46015
81170,46015
181230,46014
274952,46014
176768,46014
59493,46014
256940,46014
73582,46014
263821,46013
161640,46013
186540,46013
272352,46013
235161,46013
218203,46012
97269,46012
278385,46012
128786,46011
50854,46011
138688,46011
272178,46010
2333,46010
253867,46009
271957,46009
188315,46008
226785,46008
115818,46008
190467,46007
255735,46007
239041,46007
81855,46007
239722,46006
218142,46006
217844,46006
92631,46006
160941,46006
292009,46005
107,46005
42920,46005
57814,46004
68859,46004
153351,46004
74354,46004
163446,46003
130765,46003
187639,46003
196066,46003
256459,46003
182396,46003
107308,46003
169038,46003
74973,46002
280748,46001
60770,46001
95598,46001
212487,46001
192791,46000
174806,46000
282937,46000
220781,45999
131864,45999
146540,45999
219668,45999
156404,45999
5141,45999
209050,45999
81894,45999
245318,45998
85892,45998
51909,45998
292609,45998
200226,45998
267822,45997
284059,45997
150846,45996
4975,45996
295601,45996
132076,45996
283166,45995
133,45995
247627,45995
280711,45995
259268,45994
49371,45994
31431,45994
209897,45993
22719,45993
214876,45992
267898,45992
224483,45992
155224,45991
247934,45991
278288,45991
288413,45991
282217,45991
202249,45991
229939,45991
83974,45990
57774,45990
239084,45990
9685,45990
33222,45990
215926,45990
189781,45989
138422,45989
53056,45989
232832,45988
91725,45988
222245,45988
13931,45987
213761,45987
257012,45987
215244,45987
138252,45987
26912,45986
172805,45986
56156,45985
188283,45985
222911,45984
190672,45984
137323,45984
280016,45984
251141,45984
72286,45984
131779,45984
41851,45984
237483,45983
263700,45983
113316,45983
122412,45982
269046,45982
286905,45982
190619,45982
199743,45982
185712,45981
274805,45981
273475,45981
204492,45981
134357,45981
1582,45980
273581,45980
3673,45980
70513,45979
225113,45979
265085,45979
113409,45979
63945,45979
1542,45979
234012,45978
170520,45978
27006,45978
202838,45977
230428,45977
17179,45977
128320,45977
114270,45977
184083,45976
228379,45976
99272,45976
259642,45976
162315,45976
227503,45976
244678,45976
163435,45975
204503,45975
121892,45975
253680,45974
269501,45974
102090,45974
221726,45974
229284,45974
252760,45974
32323,45973
200008,45973
166710,45973
108760,45972
243717,45972
75826,45972
152149,45971
217392,45971
268040,45971
282158,45970
107428,45970
184143,45970
246256,45969
261257,45968
248184,45968
231485,45968
183185,45968
536,45967
195045,45967
274383,45967
32734,45967
229765,45967
150630,45967
280860,45967
295548,45967
142835,45966
152117,45966
135730,45966
278441,45966
271072,45966
153187,45965
17636,45965
53114,45964
131297,45964
293434,45964
294422,45964
195111,45963
280841,45963
202647,45963
175926,45963
236649,45963
230762,45962
66905,45962
268689,45962
398,45962
183464,45962
19387,45961
179599,45961
132524,45961
156911,45960
268319,45960
157913,45960
284533,45960
244024,45960
79429,45960
137237,45959
257531,45959
173142,45958
294968,45958
18692,45958
46786,45958
274401,45958
172715,45957
144309,45957
292948,45957
54477,45956
248674,45956
291201,45956
208496,45956
242893,45956
284103,45956
168437,45955
6745,45955
131701,45955
216565,45955
156804,45955
223885,45955
189288,45955
261314,45955
277346,45955
3045,45954
22303,45954
24625,45954
161556,45954
11966,45954
132710,45954
13365,45953
115923,45953
260599,45952
169857,45952
3140,45952
182525,45952
105595,45952
189575,45952
109579,45951
47797,45951
111058,45950
62863,45950
279312,45949
156806,45949
279777,45949
278569,45949
182539,45949
233109,45948
29550,45948
284956,45947
10716,45947
56874,45947
2298,45947
178186,45947
233005,45947
238886,45947
253851,45946
13223,45946
29745,45946
66048,45946
295246,45945
154227,45945
249196,45945
200485,45945
249019,45945
62609,45945
220125,45945
202509,45945
11153,45945
61722,45944
278414,45943
163916,45943
183893,45943
64930,45943
169319,45943
45652,45943
898,45942
269085,45942
10023,45942
57597,45941
180035,45941
271130,45941
155478,45941
108255,45941
51810,45941
76796,45941
2264,45941
143204,45941
183306,45940
137891,45940
142543,45940
266066,45940
207329,45939
70213,45939
160035,45939
279872,45939
208032,45939
168038,45939
84516,45939
115033,45939
58847,45938
149188,45938
19284,45937
284755,45937
166814,45936
171644,45936
26993,45936
81562,45936
232433,45936
29270,45936
6581,45936
172867,45935
15419,45935
164877,45935
112371,45935
160213,45934
276359,45934
15225,45934
116696,45934
178664,45933
149153,45933
200587,45933
18739,45932
282703,45932
268516,45932
266837,45932
78163,45931
35772,45931
260346,45931
151482,45931
188923,45931
217040,45931
261825,45930
226861,45930
227999,45930
254907,45929
135371,45929
51351,45929
119852,45929
203819,45929
60641,45929
279685,45928
20905,45928
257,45928
199673,45928
43352,45927
90762,45927
198805,45927
177727,45927
265779,45927
201352,45927
256285,45927
83621,45926
277596,45926
63653,45926
56070,45926
282390,45926
242429,45926
139849,45926
216287,45926
159534,45926
115386,45926
268274,45926
284614,45925
151655,45924
278277,45924
206824,45924
286765,45924
265502,45923
279960,45923
225671,45923
192822,45922
295677,45922
177970,45922
291131,45922
173823,45922
184799,45922
199250,45922
58459,45922
184724,45921
280544,45921
12937,45921
276518,45921
51660,45920
273100,45920
27109,45920
58693,45920
272270,45920
132212,45920
267536,45919
42545,45919
116327,45919
295278,45919
31366,45919
152819,45919
238665,45918
150839,45918
111073,45918
77568,45917
255330,45917
109831,45917
270133,45917
144916,45917
136387,45917
175803,45916
196857,45915
191452,45915
188825,45915
175836,45914
143699,45914
31018,45914
186990,45914
249335,45914
147366,45913
173840,45913
134353,45913
42751,45913
287761,45912
181097,45912
177869,45912
168036,45912
23743,45912
278218,45911
85593,45911
58069,45911
90799,45911
296155,45911
153037,45911
111685,45911
133521,45911
257921,45910
187282,45910
108441,45909
123907,45909
279084,45909
88024,45909
15659,45909
201554,45908
283363,45908
24093,45907
131055,45907
223204,45907
255450,45907
207663,45907
160413,45906
126730,45906
130936,45906
128824,45906
270363,45906
296460,45905
462,45905
205140,45905
7218,45905
194920,45904
13260,45904
69961,45904
103690,45903
276840,45903
140827,45903
217794,45903
7130,45903
229678,45903
279058,45903
219723,45903
212900,45902
239260,45902
124221,45902
66559,45902
16736,45901
129617,45901
103312,45901
1298,45900
128828,45900
1023,45900
238917,45900
57555,45899
239952,45899
70964,45899
277563,45899
259890,45899
57353,45899
228529,45898
141944,45898
206756,45898
264658,45898
207913,45898
63129,45898
184555,45898
228578,45897
248010,45897
29853,45897
198219,45897
187573,45897
222905,45897
150794,45897
166753,45897
9545,45896
160013,45896
127643,45896
293926,45896
271240,45896
230679,45896
292626,45896
180799,45895
268361,45895
113369,45895
194324,45895
191194,45895
1266,45895
131350,45895
202230,45895
226122,45895
243869,45894
267457,45894
64837,45893
101720,45893
171278,45893
165137,45893
240895,45893
257369,45892
221902,45892
176368,45892
7437,45892
170837,45892
198839,45892
262555,45891
11721,45891
265494,45891
247458,45891
241457,45891
29380,45891
206949,45891
158881,45890
81908,45890
156169,45890
203432,45890
8622,45890
294607,45890
210401,45890
217660,45890
263602,45890
233219,45889
247502,45889
228686,45889
51343,45888
153445,45888
254863,45888
163952,45887
290227,45887
182813,45886
227488,45886
177352,45886
219863,45886
257923,45886
29861,45886
243277,45886
255989,45886
128647,45885
272006,45885
29337,45885
258074,45884
274624,45884
211538,45884
86984,45883
210296,45883
203756,45883
249491,45883
162099,45881
175924,45881
279941,45881
273532,45881
208978,45880
135967,45880
160088,45880
219505,45880
143708,45880
208642,45880
195498,45879
268393,45879
271673,45879
285777,45878
42678,45878
217258,45877
109842,45877
119943,45876
206050,45876
241460,45876
85491,45876
63306,45875
226664,45875
174760,45875
189522,45875
101610,45875
249262,45875
261493,45875
270028,45874
187977,45874
62688,45874
258619,45873
205167,45873
109996,45873
232683,45873
149145,45873
53768,45873
126657,45872
163708,45872
162501,45872
292621,45871
213373,45871
243316,45871
254441,45871
71663,45870
85665,45870
247561,45869
152359,45869
42580,45869
236343,45869
43135,45869
205891,45869
237387,45869
283458,45869
110012,45869
99328,45868
23650,45868
63583,45868
291863,45868
172693,45867
64489,45867
171611,45867
220828,45867
265698,45866
242871,45866
173822,45866
287936,45866
210017,45865
127161,45865
296415,45865
951,45865
209161,45865
290606,45864
257108,45864
233196,45864
244314,45864
37380,45863
120235,45863
9012,45862
94688,45862
238942,45862
244814,45862
70282,45861
148222,45861
237394,45861
12702,45861
181530,45861
266379,45861
266623,45861
35683,45861
49772,45861
139801,45860
117268,45860
4899,45860
119906,45860
5328,45860
64348,45860
73234,45860
172631,45860
21663,45859
161270,45859
207413,45859
247415,45859
37619,45859
208920,45859
182282,45859
114940,45858
295454,45858
229675,45858
130871,45858
16805,45858
160653,45858
236028,45857
286901,45857
294066,45857
199908,45856
105302,45856
82587,45856
127818,45856
30714,45856
202043,45856
207393,45856
170698,45856
272400,45856
239855,45856
26695,45855
232122,45855
98530,45855
14449,45855
176737,45854
288209,45854
199939,45854
165354,45854
65893,45854
105933,45854
223625,45853
225666,45853
18457,45853
295208,45852
32418,45852
25868,45852
218283,45852
187713,45852
161515,45852
8397,45851
214099,45851
203692,45851
80635,45851
254766,45851
282761,45851
278368,45850
16991,45850
286994,45850
222060,45849
143035,45848
255305,45848
222720,45848
121274,45848
94062,45847
246864,45847
285313,45847
239353,45847
160255,45846
76321,45846
255257,45846
16950,45846
5904,45846
177872,45846
12717,45846
222289,45846
280439,45846
137,45846
73840,45845
222730,45845
267385,45845
292950,45845
238639,45844
292905,45844
293057,45844
257856,45844
180162,45844
134599,45844
229659,45844
116352,45844
272350,45843
2188,45843
33224,45843
38594,45843
134662,45843
171140,45843
185331,45843
238215,45843
133694,45843
273499,45842
26003,45842
256294,45842
279168,45842
71035,45842
245966,45842
237700,45842
7685,45841
291955,45841
156793,45841
10743,45841
237796,45841
83416,45841
148269,45841
259671,45841
224350,45840
261614,45840
200133,45840
67607,45840
221924,45840
219550,45840
280241,45840
59118,45840
231965,45839
207852,45839
202011,45839
112526,45839
279684,45839
178365,45838
196742,45838
182467,45838
218661,45838
271507,45838
232658,45837
146355,45837
243053,45837
13576,45837
131702,45837
247298,45837
249484,45836
128220,45836
171243,45836
99078,45836
292218,45836
200212,45836
202711,45835
23817,45835
113052,45835
283932,45835
159543,45835
171623,45835
180114,45835
55397,45835
196547,45834
144149,45834
209719,45834
276127,45834
262583,45833
143895,45833
19467,45833
210232,45832
71630,45832
185677,45832
188956,45831
257379,45831
166553,45831
187187,45831
295942,45830
255610,45830
280634,45830
280637,45830
294043,45830
232598,45829
169233,45829
165196,45829
202036,45829
216935,45828
151890,45828
254084,45828
195038,45828
263034,45828
244267,45828
181254,45827
174766,45827
22847,45827
809,45827
110467,45827
87152,45827
49167,45826
219167,45826
197098,45826
144389,45826
182594,45826
286661,45826
2161,45826
268902,45826
259917,45826
221792,45826
258818,45826
276513,45826
280070,45825
106517,45825
53667,45825
38707,45825
264123,45825
51848,45825
5126,45825
26408,45824
228613,45824
12070,45824
253511,45823
226134,45823
211938,45823
79313,45823
165773,45823
204174,45823
28345,45822
142316,45822
276717,45822
3729,45821
178427,45821
197836,45821
254380,45821
287396,45821
208086,45820
158632,45820
242822,45820
289612,45820
178214,45820
119863,45819
274621,45819
281526,45819
27639,45819
257762,45819
217930,45819
240871,45818
99,45818
165744,45818
185800,45818
240962,45818
144669,45818
188238,45818
38206,45818
183011,45817
126558,45817
151660,45817
206330,45817
270330,45817
130072,45817
130618,45816
116328,45816
276174,45816
280288,45815
160634,45815
286346,45815
123325,45815
7383,45815
204054,45814
40235,45814
276853,45814
272362,45814
284977,45813
236546,45813
191946,45813
253962,45813
218752,45813
291164,45812
208660,45812
229818,45812
72718,45812
20779,45812
248094,45811
122540,45811
19835,45811
8986,45811
191266,45811
157663,45811
279998,45811
227511,45810
130861,45810
8205,45810
242420,45810
197112,45810
258381,45809
251239,45809
167345,45809
245471,45809
261246,45808
263258,45808
154252,45808
58995,45808
295595,45808
226526,45808
158548,45808
38252,45808
136856,45808
259631,45807
288835,45807
258334,45807
136942,45807
131445,45807
182422,45807
290046,45806
223886,45806
190751,45806
283784,45806
353,45806
89848,45806
3596,45805
230374,45805
105986,45805
153515,45805
242874,45805
164175,45805
271089,45804
184792,45804
150707,45803
288079,45803
246468,45803
115843,45803
159039,45803
251076,45803
256668,45803
285604,45802
194364,45802
67398,45802
275625,45802
8851,45802
260974,45802
217926,45802
128910,45801
260895,45801
251509,45801
172711,45801
232209,45801
222870,45801
296302,45801
124242,45801
143618,45801
257100,45801
284475,45800
148436,45800
289540,45800
206024,45800
162469,45800
294953,45800
167376,45800
731,45800
88076,45799
241293,45799
243731,45799
87202,45799
137271,45799
77426,45799
161653,45799
99777,45798
218518,45798
147318,45798
117398,45797
150237,45797
86272,45797
58016,45797
213910,45797
235323,45797
271322,45797
263905,45797
252869,45797
234927,45797
260094,45797
218887,45796
78699,45796
157861,45796
167168,45796
210195,45796
158192,45796
119472,45795
19091,45795
241653,45795
138699,45795
31195,45795
178170,45795
278692,45795
256122,45795
101782,45795
292459,45794
86227,45794
130471,45794
232392,45794
260088,45794
260560,45793
97423,45793
223194,45793
252339,45793
276273,45793
258393,45793
236629,45793
242247,45792
192543,45792
175131,45792
257520,45791
120418,45791
85864,45791
195901,45791
271777,45791
176754,45790
255732,45790
217738,45790
169139,45790
85264,45790
191972,45790
252053,45789
243297,45789
212821,45789
56014,45789
172904,45789
9241,45789
263444,45788
205161,45788
268625,45788
269629,45788
116782,45788
197720,45788
90791,45787
205663,45787
135578,45787
223042,45787
273820,45787
227506,45787
291936,45787
169211,45787
121746,45787
149610,45787
204005,45786
155920,45786
134064,45786
270929,45785
74221,45785
270596,45785
212971,45785
8780,45785
102606,45785
276857,45785
141068,45785
213631,45785
146417,45784
12600,45784
181967,45784
157018,45784
95304,45784
103943,45784
84510,45784
176824,45784
228494,45784
267031,45784
195611,45784
101473,45783
171836,45783
266885,45783
12426,45783
218473,45783
118775,45783
237614,45782
264889,45782
294490,45782
4252,45782
201708,45781
192584,45781
248933,45781
266222,45781
10163,45780
130815,45780
68412,45780
159509,45780
48278,45780
68753,45780
250858,45779
84147,45779
85974,45779
169850,45779
110346,45779
259606,45779
237846,45778
213658,45778
235487,45778
273557,45778
277613,45778
20359,45778
188264,45778
157781,45777
244000,45777
156390,45777
235783,45776
168425,45776
249192,45776
282187,45776
289183,45776
266204,45776
66480,45775
257179,45775
17091,45775
294297,45775
159717,45775
268502,45775
148782,45775
58563,45775
82489,45774
14638,45774
248146,45774
34947,45774
36828,45774
242660,45774
14593,45773
142769,45773
194148,45773
215234,45773
108984,45773
194722,45773
156611,45773
59767,45772
224932,45772
230183,45772
190860,45772
204631,45772
192721,45772
295007,45772
94479,45772
272192,45771
159599,45771
144628,45771
21959,45771
109321,45771
52295,45771
214706,45771
52573,45770
5440,45770
164267,45770
9060,45770
209888,45770
136787,45770
271883,45770
116041,45770
283411,45769
269853,45769
171028,45769
66222,45769
5099,45769
185429,45769
262286,45768
281991,45768
268928,45768
295476,45767
281436,45767
275412,45767
226097,45767
26499,45767
32176,45767
278848,45766
88503,45766
162870,45766
205055,45766
142055,45766
251043,45765
255196,45765
64951,45765
254531,45765
36689,45765
271100,45764
100870,45764
281110,45764
219118,45764
295219,45763
244206,45763
109115,45763
45646,45763
188833,45762
155607,45762
244593,45762
41320,45762
22371,45762
46428,45762
280774,45762
13420,45762
264550,45761
277214,45761
135977,45761
270336,45761
130905,45760
107512,45759
67454,45759
100101,45759
291023,45759
281059,45759
45877,45759
109188,45758
28167,45758
279385,45758
168691,45758
130532,45758
190624,45758
77434,45758
179135,45757
286610,45757
13701,45757
3643,45757
118400,45757
17885,45756
2512,45756
275301,45756
222475,45756
270781,45756
214823,45756
207200,45755
61862,45755
191344,45755
166855,45755
40766,45755
90480,45755
153511,45755
247007,45755
151491,45754
261356,45754
266535,45754
128869,45754
266953,45753
542,45753
32413,45753
291019,45753
288636,45753
255438,45753
150716,45753
166342,45753
24580,45753
154265,45753
38874,45753
137279,45752
73812,45752
188312,45752
296185,45752
134690,45752
122704,45751
155016,45751
267118,45751
277915,45751
8092,45751
17906,45751
45795,45750
262857,45750
213289,45750
197456,45750
265243,45750
152082,45750
15233,45749
285420,45749
294808,45749
291165,45749
189566,45749
243746,45749
245239,45749
97571,45749
229787,45748
130071,45748
263632,45748
119030,45748
69211,45748
58448,45747
221236,45747
202017,45747
63281,45747
256703,45746
155640,45746
227412,45746
185454,45746
278169,45746
223520,45746
16546,45746
198202,45745
252923,45745
19482,45744
270259,45744
288442,45743
23390,45743
224986,45743
116923,45743
186827,45742
171052,45742
165551,45742
206760,45742
204893,45742
94379,45741
262718,45741
222489,45741
138758,45740
244988,45740
229552,45740
130951,45740
219065,45739
290859,45739
191381,45739
203289,45739
19177,45739
214169,45739
203111,45739
291736,45739
2148,45739
284817,45739
211977,45738
269297,45738
67570,45738
176338,45738
139167,45738
250381,45738
171080,45738
216207,45737
260219,45737
194650,45737
11958,45737
234649,45737
273840,45737
186546,45737
200918,45737
263180,45737
53864,45736
11313,45736
174915,45736
262958,45735
190846,45735
274300,45735
177388,45735
128621,45735
163315,45735
276562,45735
97981,45735
177933,45734
228845,45734
223459,45734
172074,45734
229452,45733
63236,45733
216956,45733
245957,45733
250142,45733
71658,45733
190843,45733
258409,45733
94844,45732
228189,45732
1910,45732
67210,45732
144126,45732
288953,45732
167625,45731
245761,45731
273297,45731
53031,45731
203517,45731
53746,45730
233081,45730
156883,45730
177493,45730
252261,45730
267069,45730
227269,45730
202498,45730
241473,45730
117471,45729
261093,45729
137857,45729
216158,45729
274563,45729
277751,45728
295429,45728
230646,45728
204570,45727
24375,45727
74198,45727
123435,45727
171896,45727
227116,45727
157152,45726
293218,45726
272990,45726
167151,45726
270444,45726
251766,45726
135001,45726
1586,45725
198927,45725
231973,45725
73641,45725
89873,45725
202592,45724
215973,45724
11957,45724
86676,45723
289392,45723
147306,45723
141193,45723
80626,45723
173586,45723
155857,45723
65896,45722
219165,45722
265104,45722
81266,45721
252201,45721
227835,45721
283376,45721
9054,45721
230761,45721
202368,45721
241812,45721
89033,45720
163236,45720
127658,45720
217506,45720
211145,45720
83202,45720
104803,45720
60550,45720
37611,45720
200650,45719
246262,45719
278997,45719
263944,45719
36762,45718
46987,45718
214765,45718
173890,45718
5523,45718
102720,45718
184045,45718
7276,45717
246723,45717
238362,45717
248216,45717
79903,45716
239910,45716
41723,45716
272464,45716
259972,45716
14562,45716
65804,45715
1792,45715
278485,45715
191975,45715
263673,45715
6460,45715
196200,45715
152971,45714
292225,45714
188345,45713
221196,45713
260311,45713
212951,45713
104219,45713
245819,45713
246084,45713
256473,45713
285838,45713
3672,45713
153027,45712
115691,45712
234005,45712
20140,45712
88433,45712
285880,45712
26716,45711
191448,45711
221850,45711
189622,45711
126027,45711
187049,45711
182612,45711
284550,45711
117346,45711
261865,45711
200733,45711
68160,45711
58543,45710
267555,45710
77204,45710
3955,45710
135087,45710
178309,45710
103195,45710
241657,45709
94236,45709
49835,45709
72454,45709
153788,45708
285113,45708
286062,45708
192454,45708
83669,45708
169537,45707
155984,45707
283937,45707
142014,45707
198323,45707
190711,45707
160694,45706
251389,45706
269534,45705
213159,45705
194601,45705
288383,45705
39172,45705
134491,45705
229346,45705
59808,45705
57220,45704
13846,45704
185417,45704
95243,45703
28903,45703
228294,45703
117695,45703
27586,45703
18392,45702
120394,45702
239168,45702
123154,45702
250400,45702
268812,45702
294000,45702
294177,45701
157533,45701
63237,45701
266826,45701
43810,45701
240426,45700
196090,45700
197467,45700
161006,45700
196310,45700
191143,45699
160778,45699
162686,45699
47283,45699
260788,45699
54608,45699
24362,45698
163828,45698
146604,45698
270450,45698
134748,45698
280225,45697
80867,45697
261923,45697
186398,45697
283402,45697
37730,45697
267451,45696
139499,45696
296,45696
221838,45696
163258,45696
98732,45696
275410,45695
271457,45695
9489,45695
107825,45694
189911,45694
239140,45694
147349,45694
216326,45694
59811,45694
224471,45694
245119,45693
227702,45693
210440,45693
34489,45693
177910,45693
281088,45692
206096,45692
14213,45691
13885,45691
238752,45691
108487,45691
167549,45691
55613,45691
280145,45691
167147,45691
82792,45690
8870,45690
117134,45690
237151,45690
25761,45690
20514,45690
204708,45690
6901,45690
164627,45690
85471,45690
6790,45690
271832,45690
265139,45689
194309,45689
162089,45689
183093,45689
237070,45688
47618,45688
77549,45688
15000,45688
286152,45688
253391,45687
79972,45687
249765,45687
278470,45687
270793,45687
137948,45687
204717,45687
227223,45687
6105,45686
40191,45686
159119,45686
194043,45686
139127,45686
68009,45686
121863,45686
43383,45686
272993,45686
174662,45686
288694,45685
145966,45685
253914,45685
191657,45685
228093,45685
13595,45685
179623,45684
6886,45684
112928,45684
270719,45684
10687,45684
292343,45683
50713,45683
223607,45683
166595,45683
265935,45683
100561,45683
288033,45683
205145,45683
103819,45683
248871,45682
268110,45682
170167,45682
83940,45682
189860,45681
263417,45681
228851,45681
91621,45681
230193,45681
156167,45680
27631,45680
3705,45680
243741,45680
58517,45680
155780,45679
189434,45679
193030,45679
209275,45679
241381,45679
230704,45679
49863,45679
243346,45678
258535,45678
186203,45678
98505,45678
254711,45678
190717,45677
32785,45677
179837,45677
172959,45677
160352,45677
250754,45676
107556,45676
113587,45676
191966,45675
66643,45675
59226,45675
212906,45675
58485,45675
94709,45675
193173,45675
119815,45674
275746,45674
103915,45674
131570,45674
158339,45673
184448,45673
178183,45673
175808,45673
152698,45673
11748,45673
200317,45673
88429,45673
281818,45673
288638,45673
193128,45673
126711,45672
23565,45672
282465,45672
106710,45672
267603,45672
295480,45672
212905,45671
50003,45671
142548,45671
197328,45671
185204,45671
161218,45671
965,45671
291383,45671
248679,45671
201796,45670
280695,45670
294283,45670
53774,45669
35722,45669
169343,45669
262428,45669
22686,45669
277996,45669
268158,45669
174645,45669
165329,45668
228534,45668
41964,45668
284403,45668
83828,45668
96919,45668
153963,45667
176610,45667
264381,45667
164495,45666
177028,45666
226328,45666
210436,45666
189168,45665
56143,45665
246034,45665
294459,45665
226700,45664
218536,45664
97586,45664
281549,45664
268497,45664
210423,45664
107974,45664
280480,45664
268085,45663
267602,45663
1893,45663
138417,45663
82,45663
142163,45663
280771,45663
154141,45663
147647,45663
44241,45663
489,45662
274248,45662
225400,45662
274750,45662
8820,45662
84161,45662
117859,45662
258289,45662
271203,45662
225610,45662
66729,45662
264080,45662
165593,45662
155361,45662
4722,45661
146091,45661
237065,45661
176839,45661
196534,45661
22922,45661
61985,45661
210861,45661
114065,45660
241724,45660
2706,45660
248164,45660
294868,45660
256891,45660
182385,45660
265683,45660
240669,45660
275017,45660
180994,45660
290701,45659
2304,45659
256617,45659
11653,45659
130053,45659
207319,45659
91347,45658
219429,45658
200063,45657
77210,45657
2880,45657
131351,45657
124285,45657
261681,45657
267635,45657
14541,45657
156512,45656
296592,45656
300,45656
218987,45656
205787,45656
155198,45656
141806,45656
179664,45656
277327,45655
172463,45655
16344,45655
234185,45655
264257,45654
166432,45654
212230,45654
221317,45654
250945,45654
210678,45654
102235,45653
77414,45653
110259,45653
3916,45653
199671,45653
198032,45653
231410,45652
250562,45652
142,45652
115650,45652
141265,45652
236142,45652
170673,45652
238014,45652
147411,45652
163104,45651
189711,45651
203011,45651
258361,45651
21297,45651
37322,45651
253079,45651
246396,45651
274533,45650
99223,45650
255754,45650
277163,45650
139822,45650
212512,45649
195212,45649
169541,45649
8395,45649
247175,45649
29738,45649
177295,45649
98313,45649
203615,45648
286987,45648
105319,45648
872,45648
155989,45648
239846,45648
275858,45648
124761,45648
226415,45648
254874,45648
160093,45648
205724,45647
77031,45647
158169,45647
233533,45647
2072,45647
196932,45647
173563,45647
109837,45647
48793,45647
111167,45647
220644,45647
64537,45647
68452,45647
16313,45647
73480,45646
70380,45646
287929,45646
186739,45646
43631,45646
2920,45646
129046,45646
282710,45644
247853,45644
196989,45644
112875,45644
78925,45644
271309,45644
215737,45643
281216,45643
148121,45643
226302,45643
251109,45643
29818,45643
293674,45643
248857,45643
220226,45643
278954,45643
70610,45643
61078,45642
16609,45642
286282,45642
255384,45642
99229,45642
210945,45641
243074,45641
199013,45641
209712,45641
256879,45641
169325,45640
168157,45640
45539,45640
38125,45640
292368,45640
293288,45640
182011,45640
265663,45640
111919,45640
159172,45640
213015,45639
184564,45639
130011,45638
110255,45638
71205,45638
286253,45638
39296,45638
211,45638
162676,45638
268522,45638
224922,45638
18237,45637
275588,45637
181804,45637
283524,45637
79662,45637
214703,45636
180341,45636
201966,45636
233212,45636
109549,45635
78683,45635
184208,45635
220054,45635
102880,45635
151599,45635
266039,45635
1863,45635
147320,45635
103193,45634
293091,45634
73555,45634
264178,45634
255451,45634
161391,45634
224091,45634
12439,45634
294184,45634
290018,45633
144022,45633
239512,45633
142094,45633
239192,45633
212593,45633
206266,45633
237500,45633
124921,45633
21801,45632
216309,45632
254764,45632
111604,45632
67189,45632
212064,45632
258742,45632
268576,45631
214021,45631
142928,45631
239083,45630
271937,45630
211720,45630
286694,45630
98210,45630
17042,45630
142659,45629
119657,45629
55833,45629
79020,45629
20088,45629
214065,45629
288502,45628
234819,45628
291179,45628
173720,45628
247970,45628
175261,45628
258813,45627
145708,45627
197958,45627
92818,45626
164704,45626
294289,45626
247688,45626
246545,45626
277809,45626
254974,45626
200484,45626
56707,45625
246253,45625
119973,45625
146033,45625
35628,45625
35606,45625
164856,45625
41178,45625
15080,45625
200354,45625
153320,45624
42544,45624
102712,45624
289115,45624
167563,45623
147940,45623
261714,45623
226713,45623
27764,45623
219469,45623
266153,45623
224165,45622
120430,45622
267886,45622
152448,45622
281386,45622
226209,45622
284906,45622
155583,45621
245160,45621
63565,45621
291303,45621
228006,45621
157755,45621
171232,45621
209354,45621
138856,45621
75597,45621
15287,45620
220679,45620
285718,45620
267562,45620
226162,45620
243474,45620
73977,45620
228593,45619
272405,45619
