2431,100000
2061,55793
16146,51828
47491,50901
221699,50858
226314,50269
17514,50230
208955,50212
28735,50137
243914,49915
258404,49709
19297,49677
145699,49500
2523,49500
99054,49462
4147,49415
228926,49389
208680,49382
8844,49295
252619,49278
179867,49253
77121,49221
60792,49182
270149,49169
22997,49160
14308,49156
261477,49096
249971,49094
285403,49093
528,49077
183794,49017
187073,49002
86645,48995
829,48989
10163,48969
18068,48893
174992,48878
8949,48877
283699,48869
3054,48863
291319,48847
288126,48817
267754,48765
27003,48762
207638,48738
195226,48726
42222,48713
247328,48708
225360,48705
97327,48701
141592,48664
11870,48660
234586,48636
9380,48632
247104,48612
112679,48611
61999,48567
73694,48533
225603,48529
129627,48521
16405,48507
13334,48473
123269,48467
276157,48461
197694,48452
159476,48451
21463,48448
117448,48432
185892,48428
128707,48427
6513,48425
117483,48421
219695,48413
151252,48405
236145,48403
54198,48403
33545,48398
292520,48370
133786,48360
18500,48354
123977,48343
29709,48340
4752,48338
6791,48325
58069,48308
4067,48305
141423,48269
287975,48267
225042,48249
7929,48232
246625,48228
254117,48228
4936,48226
48668,48222
199224,48205
3695,48204
31592,48195
285745,48190
233276,48188
194101,48185
285046,48160
284907,48159
63089,48151
283318,48144
210118,48141
2622,48141
35538,48137
217323,48134
245979,48133
243414,48107
50525,48106
201113,48104
138022,48098
230496,48097
33162,48097
290148,48082
11197,48079
211665,48068
18861,48066
13006,48062
35480,48049
18506,48045
209433,48045
214930,48041
164086,48019
195375,48013
271710,48011
3188,48000
35271,47998
9230,47995
153137,47992
97137,47982
46008,47974
241758,47954
276535,47946
186101,47939
277099,47928
229200,47926
21850,47921
266875,47911
152647,47911
4134,47903
30868,47903
140642,47893
863,47886
115404,47879
233341,47874
140813,47872
144028,47866
114611,47866
165698,47857
260285,47856
248752,47855
17029,47854
83570,47848
263727,47846
266758,47844
84799,47839
267673,47838
4162,47836
291046,47831
9374,47829
16580,47825
11083,47822
263387,47819
15973,47817
231492,47815
241801,47810
15070,47806
21482,47791
267291,47790
230755,47785
39003,47777
269052,47771
1230,47770
1582,47769
243169,47766
51878,47757
272347,47747
52281,47745
1074,47745
239888,47741
161114,47740
71550,47740
207432,47730
239347,47726
114501,47724
11815,47723
241323,47719
252897,47712
96176,47711
277237,47705
3240,47696
255139,47687
107433,47686
154179,47680
235833,47677
70508,47671
212034,47661
157555,47659
293400,47654
2341,47652
184057,47649
236400,47646
29622,47634
12394,47630
264075,47628
22453,47627
157883,47623
211273,47619
8010,47618
83354,47616
252670,47613
77608,47611
22433,47607
11281,47606
187699,47605
273865,47605
284227,47602
225118,47597
178057,47596
46034,47596
18985,47590
595,47588
257453,47583
3127,47582
258838,47582
944,47580
159014,47578
8976,47577
37389,47572
277064,47570
2695,47559
148773,47557
2612,47557
207371,47556
29218,47555
281716,47555
5354,47554
62147,47551
284971,47547
5120,47547
19909,47544
251441,47531
107980,47529
222575,47528
39088,47527
280804,47524
242262,47524
264259,47516
135629,47505
95928,47504
232061,47502
46965,47500
66360,47499
293592,47497
87248,47494
118484,47494
110563,47493
8378,47489
130988,47484
912,47483
8253,47482
44498,47482
126407,47480
52633,47480
44120,47476
9516,47472
1102,47471
255381,47468
3126,47468
6438,47451
179888,47448
6381,47446
18767,47445
191372,47443
215292,47442
277176,47440
250284,47436
167228,47426
889,47423
9011,47419
265674,47417
26591,47412
279291,47412
18118,47407
82050,47405
136663,47403
20636,47399
238253,47395
31045,47392
80030,47390
169460,47388
14312,47383
274751,47373
14561,47371
2263,47370
30664,47362
7505,47360
269236,47359
68744,47349
133,47347
228704,47344
88602,47342
233322,47340
225703,47339
11593,47339
54393,47338
203875,47336
242999,47333
48450,47333
200848,47328
3416,47325
115876,47320
288218,47319
28784,47319
3253,47316
220272,47311
152989,47311
162484,47306
265746,47306
213588,47303
215139,47302
158878,47302
232897,47298
253461,47295
78037,47295
153056,47294
270266,47294
258586,47293
182630,47287
24519,47286
68018,47285
286114,47284
151374,47284
12224,47283
5344,47282
278732,47282
266969,47277
137482,47274
267017,47269
12485,47269
9492,47268
17546,47264
183529,47264
15086,47258
278299,47257
27783,47257
133100,47257
71801,47256
235727,47252
38185,47252
273365,47249
206663,47248
173132,47244
789,47241
246033,47238
42516,47238
7367,47237
276205,47236
125961,47236
10291,47235
433,47232
183697,47227
35507,47217
268606,47216
6994,47216
229617,47214
226121,47211
8800,47207
213974,47203
111982,47201
250949,47200
149128,47198
72047,47197
40864,47197
215404,47194
27628,47189
14189,47187
1825,47187
180557,47186
5589,47184
14016,47180
97300,47178
114875,47178
288228,47178
186481,47177
63893,47176
262191,47176
264463,47175
226747,47173
35443,47173
287002,47172
168980,47170
6820,47170
280167,47167
212295,47166
1438,47166
191436,47164
257380,47163
72713,47159
16239,47155
144011,47153
19915,47150
289160,47146
91967,47145
225324,47144
103739,47143
27229,47143
111921,47140
211216,47139
272264,47138
145120,47134
234963,47131
3159,47131
278700,47130
265391,47127
65889,47123
270761,47123
2138,47121
265349,47121
168843,47119
253051,47119
253191,47118
239718,47116
59717,47116
138442,47115
260061,47115
184689,47110
242913,47107
88340,47107
106705,47105
253165,47103
4042,47102
243068,47098
294299,47097
154615,47097
224462,47095
185749,47094
58273,47091
67355,47091
211252,47089
291765,47086
221137,47084
230040,47082
68628,47076
246614,47074
196541,47072
44925,47056
24501,47056
171488,47054
227941,47053
121082,47053
15506,47049
159527,47048
3926,47046
9895,47046
250321,47046
225170,47045
183736,47044
228935,47042
9009,47042
168186,47041
113830,47037
4539,47036
73533,47031
5471,47029
187234,47028
219463,47025
8817,47025
49540,47025
108551,47023
192560,47023
89737,47019
241987,47018
48343,47018
184221,47013
1319,47013
46116,47013
942,47012
294765,47012
147759,47011
176188,47009
2100,47009
107001,47007
35253,47004
141940,47001
160946,47000
2530,46999
236104,46998
3061,46998
135211,46998
192114,46995
232704,46995
185079,46993
95454,46992
173002,46991
273872,46991
186192,46991
81754,46988
181335,46982
154405,46982
32590,46979
171835,46978
221737,46977
36627,46976
218005,46975
90227,46975
273672,46975
64087,46972
192753,46972
50460,46971
5620,46968
68689,46968
159878,46966
10271,46964
262686,46963
12583,46961
247286,46958
163876,46954
138821,46953
11917,46953
73456,46952
198049,46952
235174,46951
262371,46950
106083,46950
212018,46948
98360,46945
9000,46944
269099,46942
215763,46940
279195,46939
250940,46937
66127,46936
227655,46936
203232,46936
15457,46934
270689,46933
56403,46933
2664,46932
191594,46932
93040,46928
1428,46925
115039,46921
109532,46919
197077,46919
260618,46919
104110,46916
258400,46916
39984,46916
175946,46913
198396,46913
566,46912
6912,46912
104167,46908
34937,46908
222231,46908
127170,46907
19653,46907
105516,46906
13935,46904
4066,46903
266157,46903
17218,46903
272364,46901
57585,46899
217668,46899
208133,46895
150191,46893
110630,46891
129955,46888
3679,46888
235150,46885
289127,46882
228258,46880
254788,46880
132179,46880
82986,46879
33799,46879
274296,46879
228083,46877
150709,46877
222120,46876
161913,46876
234452,46875
243524,46874
12200,46874
96997,46873
280715,46872
125952,46872
265223,46870
1807,46869
55894,46869
236635,46868
112962,46868
148813,46868
282382,46866
29453,46866
115495,46865
16788,46865
31570,46864
19011,46862
12074,46859
80768,46859
266053,46859
279145,46857
201421,46855
119494,46854
134790,46853
178647,46853
286359,46853
187204,46852
133467,46851
55142,46848
6303,46848
189471,46842
188331,46842
147099,46842
37924,46841
169757,46840
259445,46839
255131,46838
87271,46837
31296,46830
11415,46829
47321,46829
238442,46828
24793,46828
296582,46828
282347,46827
222456,46827
127837,46820
92127,46820
288974,46819
72289,46817
214707,46817
285525,46815
268157,46814
93518,46812
238974,46811
5729,46810
252749,46809
166929,46807
289188,46807
2570,46806
1641,46806
135006,46803
275328,46802
65682,46800
1131,46799
180365,46796
191536,46795
280329,46795
64716,46794
102693,46791
170990,46791
237995,46786
17687,46785
216915,46785
39967,46784
33179,46782
275944,46781
94895,46781
288110,46780
9927,46779
245175,46774
3078,46774
243849,46773
120157,46772
195858,46771
252232,46769
180657,46769
187092,46769
294281,46767
171796,46766
284283,46765
59066,46765
240940,46764
2195,46763
183657,46763
86137,46761
257363,46761
213054,46760
113564,46760
83873,46758
1973,46758
207402,46757
4301,46756
123109,46754
162229,46754
248739,46753
15927,46752
249777,46751
283150,46750
235007,46750
197991,46748
197946,46748
273759,46748
22547,46747
36438,46746
190603,46745
247312,46744
107440,46744
42975,46743
248196,46743
253433,46743
193623,46742
255992,46742
67105,46741
23362,46739
111508,46736
211343,46735
22447,46735
1884,46734
295956,46734
28446,46734
137400,46732
208279,46732
306,46732
266004,46731
278395,46730
136965,46730
244274,46730
279873,46729
260207,46728
248878,46727
211352,46726
199357,46726
140767,46724
8614,46721
294354,46721
201382,46720
64810,46720
287655,46719
124405,46719
208062,46719
239104,46719
239560,46718
269408,46717
89175,46717
286733,46716
141810,46716
79977,46714
287957,46714
216002,46714
255571,46713
29854,46713
118050,46712
17318,46712
58894,46711
221022,46711
76493,46710
276095,46709
129950,46709
266002,46708
288247,46707
179388,46706
219448,46706
285970,46705
181877,46705
180228,46704
137254,46703
202005,46703
197037,46702
251895,46702
294080,46701
223351,46700
254144,46699
166657,46699
163095,46698
51356,46697
289679,46697
144092,46695
186284,46695
192817,46694
211047,46693
48019,46693
129207,46691
200476,46688
276695,46687
37884,46687
148115,46686
1032,46685
26947,46684
31595,46683
97153,46682
60780,46681
285594,46680
209553,46679
120683,46679
152147,46679
1246,46678
171751,46678
17446,46676
76529,46675
295958,46674
37856,46674
136066,46672
37083,46669
273666,46669
77492,46669
187761,46668
166962,46667
89480,46666
26828,46666
261740,46666
39886,46666
234091,46665
27241,46665
283242,46665
161261,46663
252029,46662
187153,46661
296095,46659
225657,46658
186513,46657
61265,46657
212469,46656
37541,46656
236273,46656
112658,46654
8187,46654
229,46653
289004,46652
2647,46652
32646,46651
205058,46650
182333,46650
62105,46649
249639,46649
258226,46649
6509,46648
235365,46647
205263,46647
173939,46646
132443,46646
162892,46645
165839,46645
198502,46645
255563,46644
57826,46644
213314,46643
163760,46642
120513,46641
228237,46641
5637,46640
229382,46640
17314,46639
125850,46639
280154,46639
245218,46639
97628,46639
13548,46638
90447,46638
283093,46638
225602,46638
4007,46638
190905,46636
77059,46636
163243,46635
90829,46635
283725,46634
224669,46633
4159,46633
100510,46632
139915,46632
125263,46631
160889,46630
164298,46629
55304,46629
234809,46628
263025,46623
52370,46623
226834,46622
185750,46622
154234,46621
207229,46621
256356,46620
20296,46618
179598,46617
109852,46616
216949,46615
238940,46614
191619,46614
227973,46614
160587,46614
273238,46613
133341,46611
164676,46611
196699,46611
158357,46611
36089,46610
193349,46609
274029,46608
33631,46608
2261,46607
78137,46607
75359,46605
104619,46605
249101,46604
100200,46602
37052,46602
113841,46602
3478,46601
1916,46601
92568,46600
200069,46597
127290,46596
19785,46596
114498,46594
143091,46593
58964,46590
283585,46590
236941,46589
200410,46589
7291,46587
276558,46587
12163,46587
93361,46586
25533,46586
175682,46585
49783,46585
190596,46584
256034,46584
150072,46582
203180,46582
264209,46580
80434,46580
225115,46579
42899,46579
245484,46577
45328,46577
188032,46576
232867,46576
157531,46575
132558,46575
21475,46575
3533,46574
223190,46574
76606,46574
126239,46573
39032,46572
205695,46571
136662,46571
293204,46571
216481,46571
287516,46568
258757,46567
234316,46567
2416,46567
225919,46567
281537,46566
266976,46565
237531,46565
207995,46564
197068,46563
145797,46562
268126,46562
79424,46561
263388,46561
268220,46561
282678,46560
187190,46559
147730,46558
30918,46557
112871,46557
293911,46557
54164,46556
293883,46555
215978,46555
71897,46554
126946,46554
274602,46553
278935,46553
214585,46553
203790,46552
56323,46551
147805,46549
1240,46549
64389,46548
217554,46547
232806,46547
190128,46547
166035,46546
198358,46545
201295,46545
295291,46545
6142,46544
215125,46544
8479,46544
95297,46542
167415,46542
198448,46541
292570,46540
139061,46540
25879,46540
13143,46538
95213,46538
22589,46537
244563,46537
1273,46537
295226,46536
267266,46536
17685,46536
242509,46536
133534,46535
100905,46535
16187,46535
138854,46534
79538,46533
49820,46533
31452,46533
258848,46533
220485,46532
248978,46532
171331,46529
103730,46528
25823,46528
268723,46528
83971,46525
264869,46524
45589,46524
274491,46524
97940,46523
1908,46521
256670,46521
274875,46521
107104,46517
205214,46516
85017,46516
278818,46516
14768,46516
54155,46515
57190,46514
267198,46514
241524,46514
225694,46513
29604,46513
28834,46512
138006,46512
148884,46512
28518,46510
34348,46510
206155,46510
262969,46510
171168,46509
289141,46509
270534,46508
17138,46508
81164,46506
201558,46506
203976,46506
206428,46505
210633,46505
228788,46505
123503,46502
194562,46500
182140,46500
187288,46499
193507,46499
209960,46499
121347,46497
288134,46497
139972,46497
81819,46496
329,46496
255878,46495
8999,46495
89308,46494
240981,46494
197913,46493
234299,46493
60815,46493
226360,46492
279079,46491
261164,46491
75284,46490
255616,46490
15988,46490
214928,46489
20686,46488
137736,46488
11011,46487
11882,46487
132768,46487
149911,46487
266378,46485
255655,46484
147513,46483
27820,46482
287180,46482
159171,46482
295665,46481
147432,46481
166950,46480
291081,46480
6347,46480
254843,46480
264254,46479
6728,46478
102639,46478
143058,46477
67395,46476
70594,46475
183596,46475
122863,46474
128394,46474
182194,46473
190316,46473
46133,46473
254828,46472
148356,46470
66419,46470
8662,46469
292645,46468
31776,46468
190810,46467
22342,46464
271682,46461
111043,46461
5862,46460
2044,46460
21113,46460
268001,46459
115600,46456
201084,46455
173915,46454
285743,46454
187775,46454
578,46454
32257,46454
232799,46453
14729,46453
96691,46452
159386,46451
165485,46451
225269,46451
147192,46450
50957,46450
20099,46449
125816,46448
318,46447
88671,46446
146689,46446
74,46445
16314,46444
229247,46443
167015,46443
57789,46442
225370,46442
268163,46442
20623,46441
31859,46441
31668,46441
17085,46441
273992,46440
164528,46439
246581,46438
109942,46438
92104,46437
252361,46437
186936,46436
124713,46436
2842,46435
252277,46433
272332,46432
14188,46432
117973,46431
33477,46429
291374,46429
23510,46429
152964,46428
289587,46427
25895,46426
207796,46425
172087,46424
95900,46423
20681,46423
131279,46422
4284,46422
51476,46422
180224,46421
258953,46421
254138,46421
287490,46420
70306,46420
79671,46419
99621,46419
173282,46419
10865,46418
106300,46418
187172,46418
268791,46417
270108,46416
251505,46415
16312,46414
269915,46413
22047,46412
2766,46412
260,46412
94240,46411
147067,46411
22713,46410
179688,46408
236582,46407
265636,46407
75615,46406
252028,46406
275219,46406
201837,46405
4652,46404
247610,46404
238417,46404
267116,46404
293485,46403
175609,46402
213711,46402
287328,46401
120484,46400
241614,46399
236977,46399
4346,46398
195136,46398
206434,46397
27624,46397
43331,46397
9666,46397
97920,46396
19632,46396
281712,46396
208934,46394
204971,46394
44320,46393
170327,46392
242302,46391
179557,46391
26899,46391
258246,46390
55342,46390
164260,46388
115700,46388
162458,46388
2833,46388
173259,46387
221,46387
189315,46387
6780,46387
63024,46387
136537,46386
204761,46385
12718,46385
56097,46383
175384,46382
278521,46382
78024,46381
245644,46381
192917,46380
107808,46380
275506,46380
110014,46379
212408,46379
271044,46378
209176,46378
276186,46377
34551,46377
49623,46377
265983,46377
164880,46377
160224,46377
1929,46376
70553,46376
16808,46376
190817,46376
185789,46375
3215,46375
230377,46375
269279,46374
163404,46373
66506,46372
233208,46372
167626,46371
8552,46371
234556,46370
267390,46370
203924,46370
1421,46369
218995,46369
127874,46369
250220,46368
6256,46368
271611,46367
58647,46366
153416,46366
265667,46366
252140,46365
244835,46364
38323,46364
278093,46363
249523,46363
178409,46363
166129,46363
104139,46362
12272,46362
269294,46362
102444,46361
166556,46361
290234,46360
262386,46360
45309,46359
8331,46358
264588,46357
31358,46357
254753,46357
214011,46356
51169,46356
29758,46356
268945,46356
264388,46355
3693,46355
77364,46355
139768,46355
96361,46355
60015,46355
129435,46355
127881,46353
260362,46353
1895,46352
44664,46351
13082,46351
212899,46350
105505,46349
95257,46349
274378,46349
105333,46349
44617,46348
281438,46348
198810,46348
25319,46348
178793,46348
287923,46347
102962,46345
10260,46345
280928,46345
125219,46344
175716,46342
10616,46342
252600,46342
113942,46341
181973,46341
184054,46339
245455,46339
119882,46339
30158,46338
12751,46338
33986,46338
119676,46337
3495,46337
206486,46336
182916,46336
221099,46336
257942,46336
241755,46335
691,46335
285134,46334
291411,46334
62717,46334
287617,46334
14100,46333
239175,46333
218805,46332
168566,46332
87402,46331
202046,46331
158629,46331
130184,46331
124346,46330
41393,46330
160022,46329
185532,46329
183915,46329
277155,46329
246755,46329
178930,46328
155103,46328
232173,46328
108859,46326
269406,46326
9545,46325
183664,46324
246142,46323
203383,46323
6042,46323
159744,46322
229950,46322
45468,46322
87063,46321
6090,46320
200823,46320
277798,46319
273406,46319
145792,46319
271626,46319
240463,46318
248724,46318
75406,46317
268695,46317
218316,46316
273633,46316
6718,46316
153991,46316
275584,46315
253406,46315
251691,46315
122575,46314
215915,46314
146372,46314
1179,46314
244415,46313
293298,46312
153586,46311
85024,46310
143222,46310
205510,46310
126942,46309
31994,46307
38725,46306
223391,46306
203013,46305
280908,46304
124899,46304
152514,46303
83180,46301
9001,46300
4870,46300
161352,46300
182190,46300
252142,46299
170685,46299
251353,46299
102367,46299
268261,46299
254601,46296
270261,46295
222631,46295
48147,46295
222349,46295
239545,46292
1039,46292
98522,46291
98234,46290
296227,46290
204114,46290
248202,46287
147,46287
73455,46287
125029,46285
107132,46285
191360,46285
145655,46284
69302,46284
244422,46283
188200,46283
162987,46282
110060,46281
208327,46280
57387,46279
161814,46278
256068,46278
247682,46277
263179,46277
190507,46276
75917,46275
132119,46275
162853,46275
281595,46274
212996,46273
79128,46273
18309,46273
10,46273
278819,46272
86278,46272
216450,46272
222919,46272
79270,46271
244128,46271
258476,46271
45927,46271
138673,46271
236537,46270
284187,46270
216984,46270
179511,46269
247521,46268
7544,46268
285277,46268
204648,46266
208842,46265
192464,46265
257298,46265
233622,46264
192737,46263
12167,46262
125468,46262
189359,46262
29344,46262
214563,46261
186215,46261
294042,46261
66710,46261
210024,46261
17547,46261
264909,46260
133081,46260
271060,46260
169528,46259
203898,46259
3881,46259
293854,46258
277791,46257
7927,46257
99240,46257
65754,46257
174998,46256
209967,46256
140894,46255
290570,46254
35710,46253
198567,46253
164495,46252
221866,46252
137988,46251
255906,46251
92386,46251
68039,46251
9496,46251
137369,46250
241686,46250
3276,46250
212972,46250
232117,46249
201692,46249
289097,46248
91932,46248
241740,46247
68531,46247
256399,46247
37031,46246
169041,46243
215916,46243
97184,46243
214918,46243
8381,46243
105581,46242
89971,46242
169636,46242
46710,46241
198050,46241
275227,46241
258036,46240
217620,46240
235459,46240
184861,46240
70150,46239
197334,46239
154637,46238
227686,46238
19138,46237
54480,46237
211208,46236
282262,46236
215816,46236
191967,46236
168062,46235
69800,46234
223880,46233
267341,46233
254846,46233
249673,46233
224630,46233
269604,46232
27020,46231
283528,46231
32827,46230
204934,46229
111358,46229
5792,46228
262965,46227
220868,46227
31854,46226
8353,46226
16643,46224
50425,46224
21320,46224
200422,46223
199365,46223
178606,46223
167426,46223
262899,46223
1878,46222
285664,46222
27780,46220
256805,46220
10986,46219
232356,46219
255116,46219
212379,46218
283726,46218
283988,46217
286162,46217
144004,46216
221407,46216
169980,46216
38775,46215
194093,46215
263632,46214
242681,46213
70657,46213
230935,46212
19070,46211
209727,46210
5158,46208
12787,46208
289905,46207
217595,46207
209092,46207
256107,46206
147374,46206
3605,46206
2761,46206
111868,46206
23286,46205
119206,46205
19693,46205
133930,46205
47807,46205
188514,46205
94034,46205
271541,46204
101012,46204
12454,46204
171949,46203
293694,46202
237407,46202
164466,46202
131543,46201
294481,46201
89652,46200
36012,46200
178359,46200
144447,46200
244149,46199
42938,46199
23391,46198
65129,46198
7775,46198
208983,46198
226236,46197
285051,46197
295250,46195
268776,46194
87295,46194
235948,46194
174597,46194
37199,46194
287693,46194
216454,46194
136428,46193
132410,46193
128172,46193
162448,46193
34266,46192
79398,46191
270512,46191
145279,46191
191784,46191
13194,46191
140512,46190
257225,46190
296197,46190
9215,46189
296192,46189
236604,46189
284620,46189
3788,46189
162205,46188
53233,46188
28166,46187
167389,46186
3658,46186
77679,46186
145048,46185
245975,46184
263219,46184
242776,46183
70180,46183
145993,46183
247498,46183
256700,46183
69638,46182
119307,46181
277918,46181
275443,46180
17611,46179
21931,46179
8660,46179
243541,46178
230578,46178
34236,46177
272567,46176
268801,46176
101980,46175
194960,46175
31436,46175
185077,46173
129869,46173
248946,46173
231206,46172
246471,46172
125098,46172
24359,46172
93691,46170
31542,46170
292968,46170
174132,46170
716,46169
255860,46169
14848,46169
6385,46168
245628,46167
276851,46166
248026,46166
263536,46166
24700,46165
62438,46165
43713,46165
14700,46165
11320,46164
236757,46164
269009,46163
48324,46163
292622,46163
52750,46162
235672,46162
197021,46162
127570,46161
156519,46161
206001,46161
27328,46161
57479,46161
199166,46160
10424,46160
16325,46159
183184,46159
128526,46158
57072,46158
144090,46157
109782,46157
173841,46157
174222,46156
92857,46155
61305,46155
273620,46155
114540,46154
184298,46154
283991,46154
128034,46154
259222,46153
296613,46153
270407,46152
80425,46152
105732,46152
79819,46152
46749,46151
66310,46151
217237,46151
100687,46151
62889,46149
100620,46149
43039,46149
256481,46148
212538,46148
254296,46148
151203,46148
133873,46147
221604,46146
221710,46146
118046,46146
41346,46146
255691,46146
205777,46145
283006,46145
29972,46144
79523,46142
204766,46141
258884,46141
11452,46141
11292,46141
80759,46140
253615,46139
198309,46139
13130,46139
142690,46139
72275,46138
89717,46138
232199,46138
421,46138
164228,46137
117293,46137
135820,46136
226611,46135
120886,46135
205560,46134
231172,46133
131467,46133
235855,46133
193017,46133
133437,46132
179404,46132
5440,46131
231591,46131
295541,46130
190676,46130
266804,46129
141691,46129
292210,46129
82343,46129
68669,46128
101836,46128
189928,46127
5468,46127
252043,46127
244201,46127
82024,46127
152971,46126
75250,46126
72804,46126
3318,46125
158751,46125
251111,46125
243735,46125
214631,46125
224077,46124
166920,46124
255085,46121
210533,46120
85519,46120
253297,46120
235111,46120
241871,46120
62462,46119
61774,46119
53247,46117
45490,46116
4935,46114
77163,46114
176126,46114
33520,46113
285072,46112
259,46111
14774,46110
67832,46110
23158,46110
3946,46110
253850,46108
206537,46108
260163,46108
117449,46108
72379,46108
85177,46108
266096,46107
22864,46107
181657,46107
296358,46107
209220,46107
102180,46106
115764,46105
288220,46105
6067,46105
222568,46104
124545,46104
289419,46104
275665,46102
131450,46102
210055,46101
68399,46101
196203,46101
72626,46101
145233,46100
22126,46100
68941,46099
63581,46098
202076,46098
161534,46098
151349,46097
107197,46097
59669,46097
269945,46097
137093,46096
197577,46095
79799,46093
130668,46093
1997,46093
273868,46093
171503,46093
178701,46092
245077,46092
259828,46092
126457,46091
212118,46091
233845,46090
5969,46089
54537,46089
80536,46088
35177,46086
169990,46086
58721,46086
141565,46085
61867,46084
50393,46084
121326,46084
195374,46084
142782,46084
158383,46084
67074,46083
85447,46082
35845,46082
157718,46082
98297,46082
137159,46081
285841,46081
95026,46080
191195,46080
57186,46080
20520,46080
235380,46079
156070,46079
26232,46079
434,46077
246119,46077
285096,46077
187266,46076
4152,46076
90512,46075
225373,46075
133137,46074
136601,46074
85699,46074
250085,46074
226385,46073
184610,46073
200674,46073
189797,46072
263943,46072
4297,46072
220044,46071
193531,46071
2742,46071
7410,46070
155650,46070
218506,46069
105794,46069
51441,46069
221013,46069
200737,46069
171590,46069
259288,46068
150976,46068
176877,46068
283888,46067
259981,46067
39963,46066
60203,46065
111443,46065
33256,46065
175437,46064
127071,46064
245530,46064
41117,46063
232131,46063
72125,46062
228225,46062
211730,46062
66650,46062
269283,46062
9905,46062
162079,46061
12757,46061
226713,46060
45890,46060
12179,46060
283940,46059
269955,46059
87316,46058
253572,46058
225054,46058
103014,46057
166233,46057
151747,46057
135322,46057
273028,46056
3401,46056
230498,46056
132959,46056
252226,46056
5233,46056
235206,46055
200048,46055
267016,46054
184097,46054
226250,46054
217823,46053
232871,46052
61040,46052
284984,46051
66618,46050
17350,46050
88638,46050
146890,46049
21422,46049
131259,46048
57,46047
241139,46047
130462,46047
16340,46046
7830,46046
293319,46045
80194,46045
162347,46044
226343,46044
63230,46043
104659,46043
223957,46042
763,46041
144542,46040
195922,46040
188011,46040
217604,46040
230999,46040
4856,46040
172150,46039
227901,46039
221384,46039
222760,46039
260572,46039
265727,46038
255377,46037
138049,46037
212466,46036
193634,46036
12283,46036
1933,46036
155957,46035
3015,46035
196040,46035
288283,46034
100984,46033
166658,46032
272910,46032
226799,46032
183397,46031
102143,46031
46071,46031
203252,46030
32619,46030
250853,46030
13816,46029
142703,46029
6792,46029
144169,46028
258752,46028
208632,46028
270717,46028
131975,46027
48434,46027
220089,46027
215674,46026
65012,46026
128131,46026
250244,46026
75181,46026
287433,46026
182275,46026
283873,46025
286577,46025
52338,46024
152021,46024
269091,46023
272975,46023
246022,46023
136982,46023
251999,46023
272961,46023
169256,46023
221443,46023
47640,46022
95419,46021
28064,46021
67161,46021
294132,46021
28568,46019
45119,46019
272003,46019
231060,46019
37349,46019
197282,46018
125981,46018
2156,46018
232740,46017
195652,46017
24152,46017
129256,46017
27285,46017
63847,46016
67415,46016
128313,46015
216623,46015
264377,46014
84244,46014
5439,46014
158291,46014
188681,46014
231461,46013
250432,46012
145153,46012
158683,46012
23776,46011
101188,46011
18170,46011
30061,46011
286169,46011
77585,46011
54551,46011
13623,46010
38800,46010
288286,46010
252090,46010
242758,46009
36811,46009
17013,46009
189319,46009
106993,46009
139133,46009
67129,46009
12443,46007
206238,46006
147037,46005
252737,46004
91700,46004
25679,46004
278572,46004
236590,46003
214202,46003
251776,46003
288920,46003
89441,46002
122157,46001
57487,46001
109648,46001
220201,46001
256973,46001
79343,46001
224695,46000
207721,46000
125270,46000
283456,45999
144774,45999
259740,45999
138436,45998
197233,45998
80402,45997
214346,45997
233147,45997
39189,45996
191280,45996
280466,45996
150330,45996
22058,45996
17734,45996
8306,45995
260052,45995
178377,45994
168726,45994
107510,45994
222825,45993
32666,45993
283935,45993
182997,45993
283365,45993
49560,45992
169018,45992
3664,45992
83300,45991
88654,45991
3952,45991
129076,45990
275599,45990
249527,45989
58896,45989
244581,45989
38811,45988
12441,45988
157169,45988
95019,45986
153113,45986
19034,45986
63066,45986
132705,45986
40034,45986
8450,45985
40,45985
7374,45985
24767,45984
163253,45984
184445,45984
55979,45984
246868,45984
282924,45984
209475,45983
172265,45983
150569,45983
253513,45983
245214,45983
13991,45983
85937,45982
178390,45982
178327,45982
137450,45982
290674,45981
201650,45981
129508,45980
180668,45980
160245,45980
208291,45979
279132,45978
12456,45978
24081,45977
175276,45976
44043,45975
203703,45975
38989,45975
146609,45974
115264,45974
288388,45974
21387,45974
71294,45973
92053,45973
112574,45972
220360,45972
282989,45972
171816,45972
271644,45971
61156,45971
251869,45971
167164,45971
6518,45971
18086,45970
191981,45970
90196,45970
72360,45969
62048,45969
183160,45968
134885,45968
85440,45968
47613,45968
241476,45968
229688,45968
290196,45967
208597,45967
18616,45967
202754,45966
23393,45966
246879,45965
136005,45965
139806,45964
75272,45964
39648,45963
142215,45963
295581,45963
291994,45963
35655,45963
263346,45963
26809,45961
149123,45961
183974,45961
180920,45961
271695,45961
261328,45961
117277,45961
73302,45960
251051,45960
255488,45960
191120,45959
71563,45959
284462,45959
285157,45959
78228,45958
37482,45958
148476,45958
274515,45957
237683,45957
114884,45957
209288,45957
104663,45956
239894,45956
287187,45955
23024,45955
36148,45955
123720,45955
180548,45955
99591,45955
212075,45955
295057,45954
170069,45954
194939,45953
26017,45953
255973,45953
153654,45953
192274,45952
243927,45952
290177,45952
37568,45951
96961,45951
250128,45950
263782,45949
242042,45949
167294,45949
270470,45949
200680,45948
84518,45948
184106,45948
276108,45947
232533,45947
20719,45947
252583,45947
10285,45946
165393,45946
8466,45946
274161,45946
11135,45946
61663,45946
266442,45944
272904,45944
152025,45943
135800,45943
20149,45943
52193,45943
4692,45943
294510,45943
59122,45943
107599,45943
288618,45941
24761,45941
46005,45941
79114,45940
174488,45940
242608,45940
229267,45940
279620,45940
280197,45940
126009,45940
293545,45939
196340,45939
12389,45939
239249,45939
146656,45938
28265,45938
152344,45938
201943,45938
75839,45937
218033,45937
45194,45936
219623,45936
139211,45936
236797,45936
108864,45936
262075,45935
184875,45935
161133,45934
288697,45934
220354,45933
122570,45933
117782,45932
141323,45932
160056,45932
86803,45932
160142,45931
122068,45931
3382,45930
13220,45930
182387,45929
285799,45929
5404,45929
173889,45929
242286,45929
899,45928
277280,45928
282718,45928
230185,45928
242868,45928
283948,45927
28797,45927
60747,45926
218986,45925
237702,45925
75965,45925
246373,45925
137367,45925
146680,45924
18485,45924
216154,45924
19996,45923
217891,45923
167655,45923
247048,45923
192472,45923
291109,45922
221101,45922
185093,45922
250090,45921
153615,45921
47476,45920
145697,45920
277639,45920
160118,45919
133785,45919
51624,45919
94347,45919
5919,45919
146361,45919
272297,45919
293096,45918
90269,45918
206294,45918
183136,45917
139252,45916
157660,45916
8394,45916
216001,45916
137886,45916
262412,45915
200816,45915
1741,45914
163397,45914
285238,45913
189124,45913
33614,45913
206448,45913
71500,45913
47668,45913
37077,45913
62,45912
4735,45912
284200,45911
17316,45911
260547,45910
103741,45910
203343,45909
92472,45909
25188,45909
199096,45909
241766,45909
76196,45909
1360,45909
11368,45908
42972,45908
265295,45908
15129,45908
265525,45907
146102,45907
211370,45907
34800,45907
255930,45906
276341,45906
136268,45905
56372,45905
270069,45904
81175,45904
283425,45904
14513,45904
268708,45903
95492,45903
243727,45903
15177,45903
285580,45903
209615,45902
26339,45901
99683,45901
286776,45901
192662,45901
137153,45900
237103,45900
179419,45900
66600,45899
188168,45899
531,45899
19520,45899
21027,45899
142592,45899
221930,45899
19280,45898
280502,45898
257122,45897
139272,45897
47255,45897
275656,45897
31052,45897
224876,45897
44415,45897
208373,45896
77140,45896
192504,45895
5653,45895
201475,45894
122611,45893
133179,45893
98252,45893
184118,45892
166734,45892
38409,45891
189036,45891
289333,45891
1020,45891
164038,45890
10642,45890
262692,45890
198343,45890
79059,45890
290968,45890
170309,45890
260271,45890
133292,45889
176989,45888
22003,45888
111419,45887
11889,45887
7810,45887
94318,45886
121919,45885
293078,45885
203351,45884
263307,45884
226664,45884
237204,45883
170840,45883
251247,45882
115401,45882
735,45881
274439,45881
150431,45881
7736,45880
235477,45880
81985,45880
123623,45879
74155,45879
174303,45879
186359,45879
133094,45879
252750,45879
24223,45879
130195,45879
26605,45879
20216,45878
287264,45878
184997,45878
78513,45876
2258,45876
205828,45875
262193,45875
169993,45875
221403,45874
211930,45874
108837,45873
274421,45873
103850,45873
282935,45873
147720,45873
149640,45873
260908,45873
290538,45872
6949,45872
198290,45872
189113,45872
29993,45872
163161,45872
119827,45871
206419,45871
268519,45870
275286,45870
14390,45870
45095,45870
160267,45870
272317,45870
14253,45869
74637,45869
59037,45869
232459,45868
140702,45868
65260,45868
86047,45868
10180,45868
157347,45867
133198,45867
190965,45867
240165,45866
177546,45866
50714,45866
255827,45865
208050,45865
196647,45865
211711,45864
217710,45864
2561,45864
169612,45864
219427,45863
257383,45862
201100,45862
209082,45861
252568,45860
28779,45860
83760,45860
100665,45860
244938,45860
277858,45860
117889,45860
95138,45859
277952,45859
54692,45859
83481,45858
112384,45858
81565,45858
28950,45857
73564,45857
25530,45857
250730,45856
137737,45855
261578,45855
287250,45855
127482,45854
11453,45854
146641,45853
187368,45853
244664,45853
218526,45853
254793,45852
184157,45852
183070,45852
92080,45851
137443,45851
277386,45851
92882,45851
1897,45851
45244,45851
222968,45851
218609,45850
272860,45850
276972,45850
24030,45850
294569,45850
162977,45849
142494,45849
94708,45849
254279,45849
121518,45848
271917,45848
281338,45847
119155,45847
154049,45846
151438,45846
240055,45846
52955,45846
57149,45846
259856,45846
169593,45846
134177,45845
263571,45845
190070,45844
56670,45844
203116,45844
39972,45844
11659,45844
163230,45843
29214,45842
141098,45841
173482,45840
6008,45840
223125,45840
129547,45840
156529,45840
144052,45839
7235,45839
254884,45839
262651,45839
37885,45839
241106,45839
236568,45839
204002,45838
142614,45838
4649,45838
79454,45838
203859,45837
251991,45837
268709,45837
123339,45837
265832,45837
74116,45836
199711,45836
76920,45836
107454,45836
9573,45835
228371,45835
272972,45835
258171,45834
223110,45834
4806,45834
79721,45833
190,45833
43645,45833
216747,45833
282476,45833
281837,45832
205718,45832
284125,45832
157598,45832
281596,45832
70479,45831
129245,45831
224675,45830
275723,45830
221204,45830
130052,45829
263974,45829
1618,45829
121209,45829
145442,45829
37014,45829
183238,45828
25597,45828
208056,45828
248887,45828
267934,45828
230668,45828
266102,45828
185094,45827
153648,45827
3333,45827
264952,45827
208029,45827
63762,45826
95767,45826
247864,45826
16268,45826
69686,45826
3026,45826
144397,45825
261855,45825
71593,45825
147472,45825
16301,45825
266906,45825
130923,45824
201814,45824
63096,45824
221772,45824
120737,45824
78966,45824
139727,45824
226280,45823
38622,45823
46693,45823
74863,45823
126948,45823
110714,45822
294522,45822
48234,45822
129562,45821
265190,45821
254626,45821
206009,45820
252590,45820
83181,45820
54925,45820
41711,45820
4258,45819
283612,45819
47891,45819
262489,45819
19019,45819
17182,45819
200889,45818
131117,45818
110776,45818
139549,45817
107828,45817
149426,45817
45796,45817
139199,45817
192751,45817
281149,45816
193779,45816
173660,45816
184383,45816
161642,45816
149258,45816
116858,45816
121891,45816
131742,45816
231576,45815
63435,45815
6031,45815
263735,45813
112556,45812
253989,45812
171217,45812
201622,45812
155559,45812
211589,45812
229248,45812
30215,45812
19304,45811
175518,45811
84601,45811
115648,45811
99598,45811
240770,45811
91359,45811
294402,45810
110980,45810
286256,45809
160441,45809
222151,45808
234421,45808
158851,45808
93714,45808
3462,45808
132077,45808
295183,45807
25910,45807
1883,45807
40225,45807
951,45807
2337,45807
72893,45807
73469,45806
226138,45806
29239,45806
257852,45805
202790,45805
262018,45805
140205,45804
124642,45804
164696,45804
127448,45804
152890,45804
6043,45803
293070,45803
5019,45803
110585,45802
18010,45801
81533,45801
290222,45801
26316,45801
232078,45800
2427,45800
132954,45800
108640,45800
266849,45799
271193,45799
253709,45798
244565,45798
15001,45797
95903,45797
52499,45796
112936,45796
276468,45796
238325,45796
274148,45796
200566,45796
189846,45796
90320,45796
217022,45796
2804,45795
3821,45795
107462,45795
150941,45795
31779,45795
106965,45794
185067,45794
680,45794
247096,45794
84946,45794
201607,45794
98172,45793
160974,45793
95773,45793
229531,45793
239810,45793
171661,45792
23453,45792
80235,45792
42340,45792
195409,45792
293039,45792
189476,45792
250108,45791
196173,45791
7295,45790
72110,45790
29621,45790
138197,45788
238388,45787
166430,45787
4450,45787
289727,45787
189276,45787
14707,45786
164570,45786
14476,45786
66557,45785
277187,45785
207739,45785
22488,45785
296003,45785
98856,45784
267927,45784
281317,45784
156355,45783
120933,45783
221108,45783
289195,45783
222010,45783
110295,45783
68292,45783
118598,45783
219972,45783
229448,45782
219911,45782
149381,45782
274492,45782
255961,45782
42148,45782
235526,45780
8422,45779
49351,45778
75080,45778
54896,45777
209168,45777
176676,45777
165542,45777
230282,45777
288916,45777
292001,45777
28910,45776
280354,45776
59666,45775
85167,45775
73419,45775
196390,45774
242449,45774
138486,45774
137180,45774
268697,45774
272429,45774
232091,45772
284624,45772
242487,45772
7500,45772
229139,45772
124880,45772
132109,45772
115472,45771
187346,45771
5796,45770
11572,45770
55612,45770
231639,45770
144100,45769
106536,45769
263865,45769
269152,45768
273979,45768
222009,45768
76972,45768
165417,45768
61328,45768
219039,45768
254725,45767
245046,45767
288310,45767
34287,45767
222781,45767
145144,45766
184812,45766
143516,45766
95880,45765
178112,45765
8699,45765
80529,45764
250063,45764
268185,45764
190308,45764
182566,45764
204485,45764
72061,45764
162980,45763
123990,45763
249444,45762
209049,45762
12003,45762
99585,45762
209044,45760
206131,45760
76756,45760
176155,45760
25018,45760
55414,45759
254125,45759
39588,45759
164027,45759
252254,45759
98880,45759
198401,45759
266561,45758
115838,45758
210,45758
130328,45758
13673,45757
29476,45757
15856,45757
101866,45757
192036,45757
10423,45757
184715,45757
182737,45757
209434,45756
4588,45756
78119,45756
86983,45755
53205,45755
5663,45755
224258,45755
286135,45754
266943,45754
198259,45754
295639,45754
210504,45753
264602,45753
77830,45753
80297,45753
1627,45752
117133,45752
54122,45752
4495,45752
783,45751
189084,45751
61323,45751
194948,45751
237809,45751
199589,45751
278205,45751
216948,45751
247788,45751
237015,45750
53446,45750
83096,45750
288852,45749
182750,45749
117812,45749
98696,45749
13075,45748
13593,45748
275080,45747
271099,45747
231808,45747
87618,45747
62064,45746
295419,45746
245176,45746
51421,45746
294102,45745
200913,45745
170870,45745
30175,45745
131622,45745
139184,45745
176796,45744
82880,45744
234175,45744
113637,45744
263567,45743
258514,45743
246500,45743
4173,45743
17532,45743
197698,45743
16999,45743
286052,45743
6461,45743
239599,45742
27038,45742
295655,45742
67881,45741
55327,45741
112190,45741
51000,45740
228595,45740
246217,45740
495,45739
176179,45739
224757,45739
212237,45739
292240,45738
18155,45738
253802,45738
228242,45738
183248,45737
291729,45737
147447,45737
292416,45736
280655,45736
163634,45736
267585,45736
183822,45736
206635,45736
40713,45735
238765,45735
69867,45735
227827,45734
250999,45734
269299,45734
149000,45734
20333,45734
46177,45734
274223,45733
12794,45733
18827,45733
198872,45733
170681,45733
181151,45732
264642,45732
101759,45732
238756,45732
182965,45732
194292,45731
27923,45731
114869,45731
16433,45731
161601,45731
132249,45731
137044,45730
189400,45730
71736,45730
231988,45730
210206,45730
7056,45730
269291,45730
257268,45729
164690,45729
234242,45729
239397,45729
67736,45729
183836,45729
263552,45729
136008,45728
83307,45728
74534,45727
40720,45727
267636,45727
279594,45726
248641,45726
43183,45726
44867,45725
208343,45725
60737,45725
290659,45724
219992,45724
167943,45724
238277,45724
43637,45723
189839,45723
251674,45722
251007,45722
280825,45722
112625,45722
21382,45721
63507,45721
6838,45721
207831,45721
197129,45721
191775,45721
244531,45721
83429,45721
288049,45720
187281,45720
147867,45720
59444,45720
1205,45720
266579,45720
265211,45720
7443,45720
147931,45719
95394,45719
234555,45719
30897,45719
257742,45718
26654,45718
150023,45717
103668,45717
128613,45716
69983,45716
296004,45716
166440,45716
210072,45716
200981,45715
32318,45715
212121,45715
194059,45715
111076,45714
97353,45714
244826,45713
152161,45713
113060,45713
14001,45713
110283,45713
296376,45713
152841,45713
144487,45713
237331,45713
5672,45712
210622,45712
86423,45712
201033,45712
105225,45712
128661,45712
153371,45712
197006,45712
295732,45712
158724,45712
70768,45711
27737,45711
274254,45711
8440,45711
119232,45711
53419,45711
23742,45711
266276,45710
2474,45710
143442,45710
106441,45710
88087,45710
58204,45709
170326,45709
73055,45709
274573,45709
119262,45709
199287,45708
61609,45708
187948,45708
44698,45708
131099,45707
156354,45706
230665,45706
237658,45706
107141,45706
26257,45706
168886,45706
151873,45705
33023,45705
22493,45705
222937,45705
273583,45704
8611,45704
131243,45704
190839,45704
237583,45704
87546,45704
285135,45704
269459,45703
76594,45703
205701,45703
42912,45702
285542,45702
88662,45702
2496,45702
85979,45702
196336,45702
23635,45702
34638,45701
160437,45701
78604,45701
144135,45701
174746,45701
288424,45701
148464,45701
32764,45701
71791,45701
119476,45700
294680,45700
47032,45700
228542,45700
120379,45700
135540,45700
197516,45700
146941,45699
253299,45699
4231,45699
2381,45699
223645,45698
128664,45698
246469,45698
24704,45698
39545,45698
197483,45698
229340,45698
224858,45698
36215,45697
243789,45697
200015,45697
288392,45696
181224,45696
256129,45696
284451,45696
5717,45696
587,45696
144637,45695
122581,45695
116168,45695
27515,45695
16595,45695
266364,45694
291657,45694
289006,45694
253789,45694
187516,45693
217730,45693
79126,45693
219412,45693
31301,45692
236050,45692
201445,45692
50683,45692
56684,45692
17480,45692
14014,45692
231626,45691
97115,45691
278982,45691
114561,45691
277156,45690
288115,45690
30851,45690
268462,45690
150639,45690
93840,45690
213928,45690
136791,45689
56828,45689
102245,45689
218729,45689
127086,45689
262461,45689
207266,45688
258589,45688
26744,45688
168828,45687
195708,45687
191237,45687
70161,45687
290024,45686
71535,45686
145841,45686
34395,45686
182258,45686
218678,45685
232248,45685
72085,45685
165308,45685
146958,45685
197578,45684
254773,45684
204853,45683
176703,45683
23541,45683
275622,45683
187107,45683
7373,45683
269324,45683
240107,45683
57677,45683
253175,45683
59460,45683
288853,45683
209628,45682
191110,45682
274754,45682
85921,45682
156647,45681
70863,45681
174180,45680
163568,45680
261525,45680
108765,45680
291606,45680
68545,45680
237425,45680
229511,45680
14214,45680
64376,45680
181534,45678
151338,45678
229473,45678
291089,45678
252653,45677
115438,45677
170971,45677
177178,45677
76646,45677
241637,45677
226769,45676
132831,45676
255234,45675
291371,45675
42063,45675
12554,45675
14071,45675
7226,45675
767,45674
194282,45674
252648,45674
271646,45674
28283,45674
176881,45674
95435,45674
156496,45673
194891,45673
95692,45673
136291,45672
281340,45672
291676,45672
6032,45672
220815,45672
185869,45672
19672,45672
175623,45672
178363,45672
93627,45672
238015,45671
223120,45671
267453,45671
66213,45671
267669,45671
85851,45670
109762,45670
20419,45670
272141,45670
96025,45670
271767,45669
274270,45669
62776,45669
189822,45669
60611,45669
168917,45669
63991,45668
192814,45668
76899,45668
66547,45668
50912,45667
254440,45667
248506,45667
230516,45667
240764,45667
259200,45666
127070,45666
7732,45666
10023,45666
161886,45666
59244,45666
198851,45665
290985,45665
191394,45665
67492,45665
227981,45665
112910,45664
136828,45664
129460,45664
241945,45664
275292,45664
232406,45664
156418,45663
28417,45663
4763,45663
280495,45663
34628,45663
233228,45663
7048,45662
150195,45662
33834,45662
290637,45662
143712,45662
118975,45662
169900,45661
193350,45661
34776,45661
56952,45661
192314,45661
224918,45661
93688,45661
216108,45660
269339,45660
17690,45660
6095,45660
7835,45660
50816,45660
185487,45660
30009,45660
239222,45659
117417,45659
153183,45659
11812,45659
64729,45659
7650,45658
29112,45658
190077,45658
74451,45658
241886,45658
274158,45657
126687,45657
130310,45657
48031,45657
242232,45657
105602,45657
224201,45657
223233,45657
44755,45656
119126,45656
285783,45655
272686,45655
234608,45655
272633,45655
272101,45654
17095,45654
276151,45654
162400,45654
14087,45653
180448,45652
195217,45652
250178,45652
212425,45652
184949,45652
185242,45652
254598,45651
15362,45651
168525,45651
20799,45651
6232,45651
272875,45651
115910,45651
22568,45651
244397,45650
138682,45650
59395,45650
25388,45649
253785,45649
13520,45649
141362,45649
86448,45649
196148,45649
162301,45649
247541,45648
222140,45648
191890,45647
14936,45647
181459,45647
179790,45647
226561,45647
135954,45647
230876,45647
27137,45646
134221,45646
134119,45646
280434,45646
255938,45646
28683,45646
32288,45645
292003,45645
145112,45645
32874,45645
238354,45645
269386,45644
238036,45644
33842,45644
132009,45644
21162,45644
86076,45643
174856,45643
276104,45643
158180,45643
275644,45643
181529,45643
272322,45642
132528,45642
266663,45642
202160,45642
207231,45642
233337,45641
35976,45641
88136,45641
2788,45641
263615,45641
114356,45640
5959,45640
201,45639
3190,45639
228160,45639
218893,45639
97866,45638
157295,45638
14524,45638
58124,45638
291188,45638
7999,45638
266256,45638
6332,45638
256211,45638
212343,45638
134430,45637
268705,45637
17901,45637
253468,45637
280388,45637
188746,45637
127330,45637
191621,45637
251174,45636
283579,45636
80806,45635
10578,45635
105142,45635
120225,45635
206514,45634
220321,45634
203074,45634
184817,45634
13012,45634
72123,45634
206166,45634
165916,45634
213898,45633
270794,45633
213488,45633
22986,45633
1178,45633
245387,45632
293125,45632
209388,45631
153081,45631
273046,45631
174466,45631
178949,45630
244288,45630
242268,45630
126034,45630
280475,45630
53088,45630
244321,45630
161059,45630
201760,45629
45641,45629
21389,45629
49230,45629
8536,45628
33705,45628
196451,45628
239693,45627
49917,45627
136665,45627
48615,45627
156719,45627
228771,45627
148677,45626
196820,45626
12380,45626
219818,45626
224500,45625
274419,45625
289039,45625
209315,45625
288921,45625
128709,45624
220886,45624
8873,45624
13551,45624
227501,45624
183462,45624
17134,45624
195964,45623
134436,45623
88155,45623
290875,45622
227517,45622
281674,45622
9527,45622
212622,45622
259474,45622
70988,45622
37285,45622
126681,45621
256467,45620
269879,45620
257375,45620
188274,45620
202764,45620
121987,45620
159578,45620
296293,45620
18021,45619
150233,45619
257779,45619
59044,45619
159791,45619
248302,45618
3921,45618
140718,45618
205218,45618
43248,45618
228264,45618
6779,45618
287321,45617
17423,45617
293470,45617
248556,45616
2838,45616
3726,45616
175050,45616
165583,45616
276330,45615
245249,45615
235801,45615
14503,45615
236175,45615
129716,45615
267665,45615
248541,45615
150,45614
13630,45614
228033,45614
156044,45614
218913,45613
17228,45613
203768,45613
16134,45613
66989,45613
2385,45613
83133,45613
130571,45613
105657,45612
277670,45612
285218,45612
86998,45612
221015,45612
290629,45611
211089,45611
6691,45611
81432,45610
50944,45610
48644,45610
238176,45610
177891,45610
119404,45610
52211,45609
46914,45609
141590,45609
16791,45609
274956,45609
71554,45608
291473,45608
12223,45608
262488,45608
1740,45608
264464,45608
79882,45608
173074,45608
4423,45608
40433,45608
13103,45607
241012,45607
2949,45607
269787,45606
264322,45606
292407,45606
250692,45606
39013,45606
123069,45605
10206,45605
25817,45605
147515,45604
123199,45604
8673,45604
23798,45604
278817,45603
8945,45603
278369,45603
185890,45603
201653,45603
269656,45603
9445,45602
245466,45602
274516,45602
77410,45602
163980,45601
5104,45601
239814,45601
594,45601
146177,45601
38325,45601
138312,45601
34107,45601
273626,45601
34305,45600
16297,45600
201505,45600
111815,45600
4712,45600
276918,45600
160029,45599
139540,45599
45576,45599
1647,45599
66187,45599
237773,45598
230919,45598
13860,45598
145923,45598
246317,45598
266333,45597
127037,45597
196654,45597
10031,45597
148696,45596
10956,45596
235668,45596
274579,45596
38981,45596
60664,45595
9308,45595
227592,45595
239704,45594
261954,45594
281498,45594
21732,45594
150265,45594
191796,45593
24866,45593
122833,45593
27530,45593
98789,45593
105819,45593
259570,45592
228194,45592
234183,45592
202463,45592
197601,45592
110649,45592
87594,45591
147017,45591
61517,45591
34336,45591
101656,45591
137558,45591
121523,45591
37702,45591
282081,45591
99042,45590
189603,45590
176425,45590
117987,45590
201345,45589
212472,45589
265661,45589
227037,45589
234052,45588
196011,45588
288628,45588
245889,45588
86489,45588
6757,45588
150732,45588
136443,45587
14395,45587
253805,45587
138962,45587
284601,45587
288634,45587
115687,45587
52438,45586
18990,45586
107486,45586
149643,45586
228338,45585
94297,45585
144690,45585
139171,45585
41624,45585
64674,45585
188630,45585
135242,45585
14038,45584
179138,45584
190193,45584
176902,45584
285524,45584
7145,45583
217177,45583
288686,45583
41299,45583
93417,45583
203650,45583
233948,45583
286161,45583
209343,45582
98434,45582
123668,45582
28046,45582
254634,45582
218037,45582
1583,45582
2640,45582
114963,45582
191599,45582
162282,45581
237091,45581
278991,45581
36943,45581
295519,45581
101058,45581
13215,45581
126797,45580
80987,45580
236943,45580
164964,45580
267714,45580
197145,45580
150367,45579
39229,45579
173203,45579
117673,45579
7776,45579
43983,45578
97511,45578
2169,45578
166763,45578
37499,45578
5897,45578
144902,45578
87700,45577
199387,45577
293213,45577
132639,45577
93756,45577
174783,45577
209334,45577
114829,45577
261224,45576
28229,45576
166550,45576
248839,45576
293942,45576
73058,45575
180050,45575
36101,45575
229211,45575
4121,45574
269454,45574
290871,45574
206960,45574
86027,45574
142216,45573
27167,45573
37802,45573
278281,45573
195105,45573
200091,45573
14891,45573
217348,45573
254042,45573
294264,45573
13657,45573
174780,45572
46774,45572
42613,45572
143743,45572
30679,45572
32604,45572
277531,45571
92712,45571
46989,45571
284450,45571
277554,45571
12549,45571
148809,45570
173017,45570
286069,45570
118171,45570
45250,45569
226316,45569
283972,45569
34248,45569
31985,45569
200546,45568
89417,45568
180146,45568
264631,45567
166687,45567
95526,45567
256311,45567
13132,45567
67737,45567
114201,45567
245766,45567
169594,45567
214354,45567
6030,45566
13001,45566
170255,45566
4575,45566
197469,45566
2068,45566
290599,45566
9117,45566
256401,45565
286336,45565
224380,45565
246843,45565
5924,45565
123396,45565
251415,45565
99726,45565
160425,45565
183624,45564
263608,45564
106202,45564
168873,45564
195214,45564
134506,45563
249529,45563
144278,45563
145787,45563
279323,45563
295928,45563
16323,45563
53160,45563
18381,45563
251641,45562
236708,45562
136151,45562
275212,45562
125701,45562
210209,45561
129358,45561
231274,45561
177906,45560
28067,45560
185806,45560
289327,45560
159123,45560
37589,45560
129458,45560
234158,45560
3118,45560
92849,45560
173464,45560
126636,45559
110133,45559
147098,45559
284640,45559
22419,45559
290453,45559
294938,45559
39968,45558
92478,45558
48769,45558
207341,45558
295693,45558
161645,45558
71245,45558
248656,45558
159211,45557
258738,45557
184375,45557
199283,45557
135854,45557
1506,45557
172383,45556
117602,45556
101048,45556
184467,45556
122728,45556
11728,45556
231470,45556
7112,45556
87217,45556
276845,45555
254557,45555
260583,45555
51618,45555
24437,45555
281055,45555
135985,45554
83008,45554
8310,45554
230545,45554
86236,45553
283779,45553
42997,45553
104608,45553
209091,45553
16752,45552
169317,45552
2787,45552
284474,45552
29738,45552
18954,45552
158767,45552
17888,45552
190678,45552
214209,45551
291595,45551
238560,45551
93386,45551
170087,45551
151755,45551
145690,45551
160772,45550
131228,45550
253660,45550
31000,45550
11543,45550
272710,45550
132492,45550
22705,45549
143452,45549
221748,45549
166546,45549
251406,45549
71034,45548
195017,45548
16049,45548
13440,45547
74415,45547
280301,45547
262097,45547
10316,45547
146239,45547
45373,45547
172,45546
873,45546
206831,45546
278854,45546
33199,45545
137969,45545
247528,45545
161763,45545
130742,45545
247799,45545
289140,45545
268472,45544
176203,45544
25170,45544
286966,45544
105777,45544
47442,45544
152993,45543
185673,45543
242179,45543
68386,45543
251545,45543
8622,45543
277694,45543
279166,45542
80752,45542
108742,45542
190486,45542
265463,45542
126076,45542
153898,45542
150805,45542
49159,45542
248298,45542
113568,45542
3538,45542
30518,45541
195308,45541
225545,45541
171642,45541
165226,45541
289207,45541
289759,45541
99387,45540
250368,45540
7656,45540
223297,45540
119686,45540
272503,45540
803,45539
109131,45539
178188,45539
115814,45539
17633,45539
114483,45539
223802,45539
245037,45539
162228,45538
87263,45538
259677,45538
111116,45538
62429,45538
5111,45538
288170,45538
157821,45538
72888,45538
164286,45537
103917,45537
24697,45537
203115,45537
248282,45537
217697,45537
23642,45537
165079,45537
132000,45536
132687,45536
230764,45535
184254,45535
256925,45535
45384,45535
287981,45534
215450,45534
31316,45534
259896,45534
219031,45533
275021,45533
216043,45533
29982,45533
222028,45532
218183,45532
251671,45532
293594,45532
52378,45532
77371,45532
87568,45532
60855,45531
93303,45531
13851,45531
101800,45531
254546,45531
278696,45531
8040,45531
271584,45530
210918,45530
142741,45530
9484,45530
199940,45529
107120,45529
242100,45529
20030,45529
36593,45529
48079,45528
17373,45528
20031,45528
69910,45528
115400,45528
42330,45528
293863,45528
16353,45528
289190,45528
190413,45527
40390,45527
260197,45527
284273,45527
29897,45527
190051,45527
163055,45527
234708,45527
145819,45527
254030,45526
209547,45526
95607,45526
115750,45526
132178,45526
248574,45525
143019,45525
143637,45525
284339,45525
264083,45525
93547,45524
34095,45524
15532,45524
104211,45524
279227,45524
257136,45524
124926,45524
61400,45523
189637,45523
220801,45523
51259,45523
241489,45523
107984,45522
172907,45522
2000,45522
9987,45522
229549,45522
254388,45522
136451,45522
210389,45522
10144,45521
193557,45521
281180,45521
19221,45521
94916,45521
244839,45521
265390,45521
248416,45521
225173,45521
240952,45521
172974,45521
240440,45521
91290,45521
197745,45521
7984,45520
207243,45520
39500,45520
101860,45520
51561,45520
209616,45520
171738,45520
272008,45520
125985,45520
228904,45519
278564,45519
25392,45519
251077,45518
121211,45518
607,45518
213636,45518
10832,45518
88581,45518
235034,45517
4415,45517
206233,45517
110644,45517
148928,45517
225474,45517
246319,45517
8154,45517
188985,45516
204674,45516
191831,45516
117737,45516
11609,45516
294621,45515
286826,45515
2073,45514
86125,45514
280870,45514
32165,45514
51799,45513
176651,45513
18264,45513
9813,45513
173635,45513
186693,45513
221656,45513
160836,45512
180290,45512
269264,45512
269018,45512
158515,45512
203127,45512
19582,45512
40665,45512
60518,45512
276310,45512
215188,45512
145041,45512
229199,45512
242093,45511
78928,45511
267190,45511
220676,45511
212550,45511
182290,45511
197834,45511
157477,45510
291690,45510
32326,45510
96023,45509
23680,45509
202943,45509
253236,45509
227257,45509
252299,45509
288454,45509
96559,45509
261518,45509
252520,45509
10772,45508
287276,45508
12013,45508
164937,45508
8920,45508
173492,45508
86362,45508
121675,45508
13376,45508
80045,45508
228392,45508
194161,45508
28157,45507
173250,45507
151363,45507
241199,45507
224,45507
175338,45506
182816,45506
184802,45506
190986,45506
289260,45506
138179,45506
186424,45506
28374,45505
186367,45505
281273,45505
73338,45504
168447,45504
148693,45504
60466,45504
12312,45504
24049,45503
28541,45503
246722,45503
125401,45503
296371,45503
199316,45503
15311,45503
183922,45503
18062,45503
246972,45503
6541,45503
106167,45502
15727,45502
16381,45502
276380,45502
367,45502
122475,45502
274012,45502
11337,45501
114386,45501
258976,45501
116032,45501
66783,45501
262687,45500
278597,45500
90774,45500
251125,45500
241362,45500
37735,45500
275904,45500
90342,45500
273497,45499
113390,45499
324,45499
20987,45499
8428,45499
133545,45498
246908,45498
290074,45498
217546,45498
177465,45498
285075,45498
215260,45497
245354,45497
7147,45497
238006,45497
260652,45497
228858,45497
73940,45497
156860,45497
247635,45497
189048,45497
257522,45497
187656,45497
180351,45496
270778,45496
197666,45496
262877,45496
193812,45496
132579,45496
20366,45496
284632,45496
39622,45496
201219,45495
131562,45495
23064,45495
263131,45495
68581,45495
61085,45495
256910,45494
179213,45494
172000,45494
236955,45494
112966,45494
172554,45494
17364,45494
282847,45494
197092,45494
12498,45494
145370,45493
262945,45493
220584,45493
176456,45493
112860,45493
267632,45492
279767,45492
280071,45492
241882,45492
150465,45492
278480,45492
136290,45492
48160,45492
145591,45491
171138,45491
26590,45491
278558,45491
267893,45491
60187,45491
275663,45491
10802,45491
108060,45491
78017,45490
34401,45490
261432,45490
277949,45490
229893,45490
120502,45489
269308,45489
17420,45489
89486,45488
19607,45488
875,45488
97811,45487
268506,45487
259143,45487
63046,45487
282285,45487
89839,45487
30487,45486
119245,45486
76662,45486
292564,45486
192742,45486
264580,45486
263206,45486
233919,45486
295317,45485
125014,45485
185460,45485
286859,45485
47378,45484
32548,45484
222966,45484
197208,45484
239890,45484
200085,45483
40285,45483
229210,45483
138930,45483
288004,45483
223789,45483
145200,45483
25128,45482
216701,45482
241348,45482
12419,45482
269925,45482
77894,45482
52012,45481
65797,45481
33543,45481
51202,45481
184228,45481
259270,45481
280559,45481
208969,45481
167997,45481
118512,45481
33379,45481
63698,45481
4507,45480
105597,45480
181467,45479
269620,45479
92920,45479
180235,45479
186382,45479
78585,45478
105688,45478
1768,45478
80939,45478
179291,45478
67394,45478
8870,45477
242187,45477
171965,45477
64338,45477
262644,45476
261439,45476
245445,45476
79617,45476
173018,45475
144185,45475
61739,45475
236297,45475
277501,45475
262116,45475
272990,45474
161550,45474
161677,45474
160376,45474
266335,45474
157141,45474
270010,45474
15105,45474
284487,45474
207130,45474
79044,45474
56809,45474
3839,45473
167481,45473
266252,45473
211439,45473
240813,45473
49246,45473
35238,45472
3862,45472
9133,45472
195526,45472
63632,45472
11053,45472
56279,45471
19923,45471
209211,45471
6719,45471
78870,45471
188137,45471
79591,45470
254277,45470
11428,45470
255145,45470
187995,45470
243209,45470
248422,45470
249195,45470
274760,45470
165629,45469
293552,45469
27341,45469
17051,45469
190343,45469
86229,45469
146012,45468
193332,45468
209353,45468
114533,45468
21319,45468
38125,45467
127372,45467
115697,45466
163668,45466
148023,45466
150765,45466
238023,45466
111636,45466
274871,45466
18591,45465
49668,45465
58734,45465
115462,45465
64269,45465
294269,45464
151128,45464
202386,45464
4115,45463
786,45463
246891,45463
197728,45463
280216,45462
130019,45462
209725,45462
221630,45462
294848,45462
26994,45462
59643,45462
230707,45462
259284,45461
78595,45461
184267,45461
165559,45461
17727,45461
24400,45461
291181,45460
275383,45460
72273,45460
235183,45460
198713,45460
148212,45460
60459,45460
263322,45459
146284,45459
169183,45459
146535,45459
226312,45459
6361,45459
150727,45459
149036,45458
244083,45458
12698,45458
30322,45458
5776,45458
184611,45457
8369,45457
269724,45457
28614,45457
288518,45457
219600,45457
274732,45456
8397,45456
233669,45456
21894,45456
98199,45456
180240,45456
254935,45456
214983,45456
212573,45456
24829,45456
109494,45456
13872,45455
132102,45455
147865,45455
292409,45455
203246,45455
130534,45455
274340,45455
148345,45455
16162,45455
266624,45455
162160,45454
3761,45454
258849,45454
25970,45454
193195,45454
1381,45454
233231,45454
156780,45454
247912,45454
17144,45454
39662,45454
95964,45453
244654,45453
229594,45453
36409,45453
54505,45453
254655,45453
105965,45453
11026,45452
73588,45452
223431,45452
22061,45452
269781,45452
750,45452
286812,45451
228649,45451
172238,45451
162785,45451
77761,45451
203365,45451
289537,45450
119718,45450
232600,45450
87408,45450
89269,45450
27567,45449
267377,45449
250018,45449
91737,45449
281949,45449
73544,45449
106030,45449
36003,45449
5368,45449
98402,45449
179084,45448
153365,45448
271,45448
283765,45448
13854,45448
102547,45448
86290,45448
160211,45448
103420,45448
135339,45447
292050,45447
18388,45446
204121,45446
209263,45446
156554,45446
20643,45445
187967,45445
60336,45445
29986,45445
178621,45445
216184,45444
199523,45444
230249,45444
266295,45444
288409,45444
263399,45443
244245,45443
247382,45443
245164,45443
159853,45443
220934,45443
226333,45443
259500,45443
250271,45443
116413,45442
106819,45442
33970,45442
30823,45442
13727,45441
138801,45441
92642,45441
172052,45441
48100,45441
150505,45441
294928,45440
32853,45440
210258,45440
60891,45440
163688,45440
207153,45440
225627,45440
88165,45440
16042,45440
265521,45440
130788,45439
273547,45439
229512,45439
284502,45439
17949,45439
230037,45439
74788,45438
174215,45438
224866,45438
213646,45438
5816,45438
149740,45438
25154,45438
81341,45438
74545,45437
240642,45437
10256,45437
35331,45437
107616,45437
14402,45436
209497,45436
64214,45436
256734,45436
20135,45436
284765,45436
234613,45436
269953,45436
259443,45436
200743,45435
295264,45435
124371,45435
295668,45435
248833,45434
270477,45434
109578,45434
249879,45434
33257,45434
6781,45434
99879,45434
29847,45434
264634,45434
266141,45434
27541,45433
281780,45433
36379,45433
11576,45433
280303,45433
230217,45433
110771,45433
20495,45433
213795,45432
207580,45432
267419,45432
1283,45432
9806,45431
291925,45431
170995,45431
273414,45431
233279,45431
118676,45430
249860,45430
208251,45430
234834,45430
22044,45430
5855,45430
257362,45429
278892,45429
247825,45429
163391,45429
263251,45429
289779,45429
23376,45428
287638,45428
12601,45428
228676,45428
285669,45427
6167,45427
58861,45427
46667,45426
21140,45426
231334,45426
160906,45426
34388,45426
156552,45425
60095,45425
235823,45425
64387,45425
99142,45425
49918,45425
288610,45425
295919,45424
34569,45424
21882,45424
85957,45424
224702,45424
277485,45424
26310,45424
236018,45423
120508,45423
40840,45423
49091,45423
270472,45423
165386,45423
3729,45423
88172,45423
199873,45423
180680,45422
281217,45422
238662,45422
219501,45422
286956,45422
279491,45422
124208,45422
130020,45422
230276,45422
199228,45422
280203,45421
5748,45421
55584,45421
137950,45421
192873,45421
79308,45421
222445,45421
249636,45421
5768,45420
30994,45420
17893,45420
65251,45420
8711,45420
44114,45420
248741,45419
150486,45419
84785,45419
229272,45419
59630,45419
1401,45419
263149,45418
56804,45418
224534,45418
110431,45418
262795,45418
233862,45417
61417,45417
17607,45417
262854,45417
226696,45417
240857,45416
