2500,100000
2081,70320
8133,62676
3112,56911
4738,56489
2065,55522
2893,55050
10600,54320
19,54078
4409,52800
3927,52553
2056,52494
5804,52069
54,52017
8836,51748
6840,51732
14234,51570
2773,51500
8765,51499
8012,51484
4305,51439
12067,51436
4830,51359
7698,51350
4145,51291
18671,51239
12092,51234
3599,51194
6169,51167
2655,51126
5298,51014
16944,51013
2596,51010
4026,51001
12848,51000
670,50993
13021,50929
8045,50900
120139,50879
6083,50868
14755,50800
12809,50759
13168,50670
12318,50656
6431,50651
15188,50609
14567,50533
10786,50485
14892,50484
24434,50435
8264,50427
16129,50401
11783,50387
27432,50339
25993,50328
99016,50326
25211,50317
116587,50311
204968,50299
15367,50257
17637,50252
12746,50211
23897,50163
7638,50115
18758,50043
22515,50006
2170,49987
11218,49955
3790,49945
6189,49943
3402,49892
15204,49879
10848,49859
10013,49851
26196,49814
18533,49800
4693,49768
30617,49766
4587,49732
14267,49719
6423,49693
3466,49692
252569,49672
5909,49646
24852,49639
15852,49635
20827,49633
32382,49581
17251,49552
21559,49551
107144,49515
26948,49498
123867,49470
41860,49441
31035,49422
213990,49413
25671,49371
27975,49369
134860,49369
197936,49331
279863,49325
23413,49319
20124,49308
24283,49291
23215,49271
175168,49265
9046,49225
54681,49190
37944,49189
37308,49178
39990,49178
30203,49175
91467,49168
2214,49166
22778,49133
20829,49105
15354,49096
169947,49095
283797,49095
28627,49091
194472,49060
160874,49055
28840,49050
6156,49045
33636,49041
3231,49006
22723,48988
16802,48986
62871,48965
6226,48961
16804,48932
47323,48930
49601,48915
58243,48900
13227,48897
22372,48888
139743,48886
54984,48878
249378,48877
114657,48875
1156,48872
43579,48864
24473,48859
85523,48853
7631,48827
23319,48815
46847,48814
8095,48808
12469,48802
63948,48801
10304,48792
127158,48788
13172,48766
200694,48762
1518,48747
40790,48745
75465,48738
68593,48734
31629,48728
17784,48727
47676,48711
28068,48700
24526,48695
21806,48689
13094,48646
150466,48645
30764,48644
51397,48632
34580,48607
62461,48601
174714,48600
10403,48591
50862,48528
42444,48515
57722,48509
70201,48492
27067,48486
38268,48483
3216,48481
64681,48472
81813,48469
33232,48467
47693,48465
75076,48462
6218,48445
57015,48443
50289,48437
39778,48418
54229,48408
18630,48372
49234,48366
147133,48357
75787,48338
232,48337
2246,48320
20040,48316
63836,48315
266392,48309
33657,48308
160007,48305
200179,48305
24896,48305
46458,48292
30781,48274
41085,48257
68295,48254
52592,48247
39879,48234
78125,48232
121530,48225
64935,48224
84053,48222
48697,48213
70294,48210
47265,48200
20650,48191
53558,48187
144239,48171
223188,48166
71383,48155
68301,48140
141730,48131
23697,48113
72056,48111
69300,48109
95524,48106
54844,48092
232319,48088
13378,48087
31530,48086
222194,48077
6652,48077
138213,48074
62272,48066
50087,48063
37729,48059
9513,48055
35491,48051
48228,48037
132161,48037
63233,48032
67440,48032
28831,47999
49108,47992
6887,47992
111763,47987
59261,47976
1153,47975
215930,47973
184202,47970
5429,47954
64962,47952
269007,47934
44938,47924
268459,47920
37097,47913
46006,47912
27153,47910
400,47905
74861,47901
247681,47897
52025,47894
70773,47891
257759,47875
43339,47875
155329,47874
56939,47861
223388,47859
47517,47851
109071,47849
74656,47843
8932,47839
35289,47836
221018,47833
275601,47830
43368,47830
70191,47826
66535,47823
3131,47819
155209,47809
112534,47809
193104,47807
160182,47806
81358,47803
23043,47799
146325,47793
37640,47785
23945,47783
91232,47776
9843,47769
18374,47765
60436,47765
47907,47757
31884,47755
65472,47743
66736,47742
144005,47742
19490,47737
891,47731
88509,47731
76077,47730
66696,47730
195866,47728
7058,47727
5970,47727
6075,47719
118348,47718
124963,47718
18996,47717
83798,47716
55506,47714
202892,47712
295066,47709
112802,47701
123559,47699
43807,47698
17426,47688
214404,47687
10829,47686
60343,47679
114404,47670
54057,47665
113605,47655
124551,47652
31148,47652
269998,47644
293041,47643
123275,47643
10646,47638
168512,47634
274313,47625
62538,47619
92088,47617
113887,47611
7937,47610
92130,47608
102509,47608
85615,47606
55739,47604
23629,47599
121299,47592
36163,47591
199404,47587
99508,47583
77012,47582
55033,47566
148819,47565
86815,47559
7988,47552
261334,47548
123057,47547
73431,47546
78200,47538
81481,47536
74875,47534
50116,47518
159365,47517
123463,47517
777,47515
46740,47515
51361,47509
226647,47508
249162,47503
131660,47499
166321,47497
160658,47486
127650,47476
61730,47476
6059,47471
142052,47466
49856,47459
197131,47458
47458,47458
117636,47457
171595,47449
123913,47448
79651,47446
151439,47446
33668,47445
72277,47445
270042,47443
65082,47431
163303,47422
2862,47422
208959,47422
84408,47422
153,47421
110863,47415
10660,47410
90742,47409
184185,47408
72296,47402
4703,47401
179967,47398
158261,47396
3517,47390
28910,47389
47454,47389
277353,47388
14185,47387
29760,47387
66401,47379
291360,47376
49542,47375
269617,47372
92280,47372
31400,47370
134906,47368
193598,47367
55117,47366
52106,47360
212197,47358
43474,47352
55425,47346
281539,47341
256425,47337
122496,47328
71568,47327
44064,47327
129251,47326
38674,47325
189705,47306
59578,47301
138149,47301
166335,47298
2882,47293
128831,47293
6011,47282
41652,47280
70328,47279
86969,47276
245603,47275
6382,47275
11035,47272
280202,47269
212298,47258
14733,47257
138921,47246
240648,47244
37838,47243
109042,47240
148818,47233
241629,47230
54800,47224
76528,47223
289934,47222
264088,47222
38821,47221
121204,47220
273892,47217
122411,47215
136796,47213
288820,47208
109122,47208
180992,47207
60445,47206
99464,47205
269144,47204
150829,47204
160303,47197
12175,47193
105740,47187
196653,47184
131249,47183
116595,47180
540,47174
221585,47174
129331,47173
58163,47170
103220,47169
165147,47167
161459,47164
212840,47162
84562,47160
195288,47159
204659,47159
144263,47154
83278,47152
233253,47151
23247,47148
107978,47140
140052,47139
78258,47137
151330,47137
149885,47130
69708,47127
92844,47121
2528,47118
115924,47114
11444,47114
127136,47108
119081,47106
44695,47104
681,47101
246467,47099
108718,47099
154358,47097
98132,47096
95112,47096
2825,47096
268978,47094
280505,47093
95990,47093
96475,47092
54286,47092
66417,47088
97897,47086
152060,47082
260815,47080
23615,47078
239803,47078
222326,47077
236169,47072
99769,47071
71605,47068
49907,47067
276892,47066
260568,47065
200162,47065
824,47064
205471,47061
130608,47054
159307,47053
208011,47051
240175,47048
36987,47046
205371,47044
36818,47044
198183,47042
9102,47040
261313,47038
127761,47037
228453,47028
5401,47026
5599,47026
22301,47017
105842,47011
44997,47008
284838,47004
48590,47004
155621,47004
4376,46998
56084,46997
93907,46996
21034,46995
216539,46995
25763,46994
113483,46993
187601,46992
90519,46990
177607,46988
86451,46983
128171,46983
110022,46975
272187,46973
87269,46972
12079,46972
69801,46966
147108,46960
9692,46960
184969,46958
262615,46956
166742,46956
136515,46956
91276,46951
241446,46951
17215,46950
50562,46947
260109,46947
259602,46943
230022,46942
196160,46942
3491,46939
129560,46936
66634,46932
232519,46931
43045,46927
532,46920
56470,46908
40408,46908
105397,46907
77109,46906
178558,46905
253375,46902
82417,46900
66478,46892
101216,46889
462,46887
2974,46884
2949,46882
179959,46881
124996,46878
138577,46878
265761,46876
236378,46876
158822,46875
848,46872
2118,46871
573,46871
219929,46868
117274,46865
173761,46865
59583,46863
61093,46861
231435,46859
126005,46859
70334,46856
212995,46854
130649,46853
23811,46853
63974,46851
11366,46844
287940,46839
11322,46839
92270,46837
222739,46836
71698,46833
8417,46831
211415,46831
12489,46831
198354,46830
1168,46830
271926,46829
147839,46828
5752,46825
102094,46823
49078,46822
138429,46818
265970,46814
19907,46809
1294,46808
170903,46807
31737,46805
188391,46805
95040,46800
293235,46797
92793,46793
103935,46793
5186,46791
127130,46788
238350,46780
194044,46779
1561,46777
9265,46777
137315,46774
75419,46774
211143,46772
91354,46772
208922,46769
19278,46766
288085,46762
261340,46762
180274,46760
224390,46755
9024,46747
536,46746
261696,46744
236529,46742
221021,46741
92698,46741
213020,46740
99941,46740
277312,46738
25255,46738
1690,46737
24461,46737
25141,46736
78648,46733
30257,46730
71009,46730
104958,46727
164851,46727
2278,46719
4396,46716
172519,46716
66097,46715
223791,46712
185805,46706
146857,46705
292191,46700
237000,46698
64457,46697
112949,46696
283019,46687
29625,46682
19382,46674
64055,46671
119700,46671
27609,46670
129040,46669
2509,46660
3955,46659
287964,46657
11070,46655
20150,46655
2709,46654
13128,46652
157672,46648
109322,46647
130430,46643
197422,46638
88973,46638
95231,46637
226198,46635
872,46634
251779,46631
69256,46631
107545,46627
203949,46627
11403,46625
235679,46622
16763,46618
277970,46617
155191,46615
290836,46615
1885,46615
17977,46612
98716,46610
155784,46608
138176,46606
27197,46606
163986,46605
164514,46601
68869,46601
105778,46598
6246,46598
3072,46597
54310,46596
231342,46595
114108,46593
154963,46592
117464,46590
2313,46590
5531,46589
51549,46588
181089,46587
56643,46584
170740,46584
7266,46584
30146,46584
208433,46583
146228,46579
196677,46579
167235,46577
174289,46577
373,46574
6734,46573
85359,46569
69652,46568
194432,46565
139341,46564
153284,46563
111993,46562
14774,46561
106501,46560
98692,46559
67354,46555
104372,46554
54503,46552
35872,46551
343,46548
13887,46548
3652,46547
118533,46546
250590,46541
34107,46540
197,46539
211186,46536
212,46535
167781,46533
134477,46533
68346,46531
723,46530
173843,46530
2015,46527
248213,46524
45409,46523
61791,46522
719,46521
15286,46516
50189,46515
246924,46514
150110,46512
231327,46510
11197,46509
99106,46506
64703,46499
14328,46498
252518,46496
182185,46496
38117,46496
287446,46493
198022,46490
48210,46487
9982,46486
276055,46485
28754,46484
25431,46484
13814,46484
79602,46483
3981,46477
236345,46477
48618,46476
278931,46475
271821,46475
202972,46474
193741,46474
4790,46471
112037,46460
205588,46460
119527,46457
15384,46455
75998,46451
285343,46450
242349,46450
122614,46447
151326,46445
51039,46444
236743,46443
39947,46443
36383,46440
282976,46439
16224,46438
28279,46436
18886,46434
154905,46431
207955,46429
194962,46428
6103,46427
184618,46427
69739,46425
9051,46424
16134,46423
29414,46422
151393,46422
5950,46421
253123,46421
1029,46419
78871,46413
39370,46413
113003,46412
32299,46412
55362,46412
266421,46411
262845,46411
26016,46411
151022,46410
130583,46410
110954,46409
763,46408
90338,46407
1820,46405
57464,46405
5783,46403
187813,46402
255801,46400
164,46397
280118,46397
180438,46396
11327,46395
45934,46395
278336,46392
292461,46392
270151,46386
148462,46384
265806,46383
159722,46381
86199,46381
211954,46380
132533,46380
157359,46378
295137,46376
129,46376
98473,46372
155289,46369
35446,46369
113840,46367
91648,46367
200062,46367
188019,46365
85463,46363
201240,46363
70919,46363
286657,46358
124454,46355
28169,46353
152726,46352
204884,46350
267421,46350
152546,46349
25128,46349
29087,46344
237256,46344
15597,46342
64524,46338
7958,46334
2040,46334
210655,46333
240091,46330
246,46330
213913,46329
58596,46329
40100,46328
268124,46327
269392,46326
123,46325
97487,46325
276624,46325
243767,46325
112138,46323
89221,46322
25302,46319
177,46318
157969,46318
182528,46317
265070,46316
289772,46316
7926,46316
281275,46313
290156,46312
185872,46312
15451,46309
213553,46309
113453,46309
76537,46308
105601,46303
54233,46301
236498,46300
256954,46298
279726,46298
284663,46295
48154,46295
6620,46291
152756,46289
263266,46289
54831,46287
5941,46285
173732,46285
89117,46285
22145,46283
13388,46280
221998,46280
177651,46280
17514,46278
60876,46276
4185,46274
45310,46271
16891,46269
76501,46268
228877,46265
286664,46263
141143,46263
145184,46263
86853,46255
154367,46255
23297,46255
210518,46254
286349,46252
121670,46252
135019,46251
9311,46251
129041,46249
181786,46248
124234,46247
150,46246
256451,46244
15876,46244
265212,46244
126989,46242
87781,46242
20328,46242
1464,46242
140813,46242
128182,46242
243336,46241
237912,46240
183648,46240
230328,46239
7999,46238
39399,46238
223458,46238
115817,46238
47915,46237
230556,46233
274633,46227
207800,46227
33198,46225
243759,46225
261576,46223
25988,46223
102769,46221
260077,46221
165969,46220
25698,46220
163720,46218
62068,46218
4166,46216
121040,46214
199438,46214
82902,46214
144534,46213
294067,46213
253861,46211
209507,46211
16035,46210
113406,46209
2766,46209
239702,46209
272045,46208
15691,46206
282415,46206
200022,46206
2711,46206
28683,46203
248924,46202
1857,46202
31439,46202
60209,46201
41214,46199
79711,46198
257182,46198
177421,46198
213377,46196
152477,46195
6876,46195
104399,46195
208907,46194
119075,46194
61243,46192
114399,46189
19695,46189
82136,46189
229538,46188
140551,46186
92826,46184
255105,46182
248267,46182
260237,46182
5183,46181
274461,46178
239680,46178
119811,46178
136875,46178
28192,46177
196278,46176
81563,46173
112079,46173
187774,46172
153738,46171
82813,46171
93018,46170
3916,46170
41930,46170
266666,46169
282202,46168
22731,46168
33012,46165
249600,46162
184952,46162
151781,46159
67690,46156
21130,46156
271808,46155
218293,46154
248894,46154
165291,46154
256052,46153
264045,46153
814,46152
142354,46152
21738,46148
234596,46148
216066,46146
20407,46146
71101,46143
275178,46143
225388,46142
93515,46142
271490,46142
275431,46142
188311,46141
228761,46139
216943,46139
207998,46139
3095,46139
41,46138
168609,46137
216936,46133
260708,46131
173094,46130
2826,46130
114536,46129
124150,46128
282938,46126
194297,46126
226950,46125
245029,46124
93244,46123
1508,46122
202489,46122
101099,46121
183251,46121
280385,46121
271687,46121
33958,46118
171660,46117
233633,46117
238226,46117
3545,46115
52655,46115
10044,46114
281601,46112
214760,46110
178610,46109
187678,46107
9031,46106
195505,46106
12098,46105
266638,46104
4833,46103
254826,46103
179681,46102
58365,46100
206612,46100
39714,46100
168677,46100
25492,46099
38164,46096
116179,46096
23854,46095
227,46094
196799,46094
244083,46094
105309,46094
11516,46093
97375,46093
480,46091
296051,46090
295772,46089
240729,46088
62246,46088
15362,46086
212216,46083
232300,46083
11899,46083
92056,46082
184628,46080
228058,46079
170237,46079
27625,46078
294445,46077
279436,46076
17427,46076
285654,46076
106127,46075
254976,46074
80819,46073
21028,46072
205155,46072
116095,46070
242352,46070
34209,46070
256690,46069
231554,46069
237190,46066
270160,46066
1919,46066
113598,46066
26278,46064
126898,46064
252973,46063
168331,46063
208654,46062
116439,46060
216397,46059
228428,46059
292246,46057
780,46056
92518,46055
178127,46055
202432,46052
289604,46049
167731,46049
52386,46049
271478,46048
59374,46047
125803,46047
251491,46045
242233,46044
25543,46043
290740,46042
13620,46041
113154,46041
95876,46041
225454,46039
238530,46037
198053,46037
7784,46036
164933,46034
286748,46034
75192,46033
247083,46033
273245,46032
248236,46031
243586,46031
13782,46030
272850,46028
75427,46028
6418,46027
116873,46027
172778,46026
145227,46026
34142,46024
8599,46024
267865,46024
272723,46023
126932,46021
286895,46021
13132,46020
33446,46020
37503,46020
4263,46019
277896,46019
181798,46019
244173,46018
254849,46016
256289,46016
225330,46015
211383,46015
72545,46014
287798,46012
178018,46012
185964,46012
8695,46010
10814,46009
9039,46009
128526,46009
135629,46008
203150,46008
247029,46007
56864,46007
254468,46007
112437,46007
187488,46006
225054,46005
273846,46004
129166,46004
268518,46002
10422,46002
165749,46000
13497,45999
176249,45999
43425,45998
240918,45997
63636,45994
90833,45994
259245,45993
69232,45992
167866,45991
5544,45991
244311,45991
214734,45991
180589,45990
51360,45989
236920,45989
198189,45989
30792,45988
166058,45987
185946,45986
144139,45985
261297,45985
45175,45984
62658,45983
28428,45983
152999,45982
27901,45981
27998,45980
219729,45979
244869,45979
11420,45978
194615,45978
278181,45978
212627,45977
42300,45977
258267,45976
30718,45975
87232,45975
64829,45973
2185,45972
161372,45972
126917,45972
198514,45972
239149,45971
83074,45971
229014,45971
196055,45971
283346,45970
36701,45970
188186,45969
89137,45968
235715,45968
72163,45967
276608,45965
153929,45963
1749,45963
43137,45962
132473,45962
159927,45962
17848,45959
283051,45959
96495,45958
290599,45956
20308,45955
267201,45954
70102,45954
95678,45954
6792,45952
164789,45951
26159,45950
59249,45949
279620,45949
222266,45949
112016,45947
201795,45947
291220,45947
113122,45945
58375,45945
237600,45945
272266,45944
11325,45943
56074,45943
7192,45943
272753,45943
280108,45940
48355,45938
20510,45938
181927,45938
221292,45937
278703,45935
4513,45935
79275,45931
98591,45931
289571,45929
265549,45927
120113,45926
280573,45925
92833,45923
232304,45922
154034,45922
2319,45922
52852,45922
17545,45921
4591,45919
19562,45918
155647,45918
288367,45918
218275,45918
10973,45916
2583,45915
252948,45915
114682,45913
127960,45913
239069,45912
115046,45912
248200,45911
294748,45910
260390,45910
11807,45909
292037,45909
30665,45909
519,45909
178199,45909
201665,45908
141996,45907
892,45907
286354,45907
3224,45907
238091,45906
4146,45906
213034,45905
89039,45903
228105,45902
267664,45902
250449,45901
19414,45900
34741,45900
107106,45900
116719,45899
193287,45899
11015,45899
42949,45899
4509,45899
165583,45898
145986,45898
52365,45897
248696,45897
12290,45896
246960,45896
22464,45896
161630,45894
7516,45893
15722,45893
250357,45892
278533,45892
116600,45892
32437,45891
14386,45891
21483,45891
75780,45891
12631,45891
239493,45890
154741,45890
290233,45889
271756,45889
238848,45888
288797,45888
2817,45887
126964,45887
196798,45887
4318,45886
111857,45886
89293,45886
217375,45885
12544,45884
8117,45884
29547,45884
255571,45882
51510,45881
272799,45881
268989,45881
221139,45880
199996,45880
228496,45880
32288,45880
165474,45879
12116,45879
27721,45879
99129,45876
152882,45876
73490,45876
39682,45876
291949,45875
294308,45875
3794,45875
49700,45874
235926,45873
281228,45873
23648,45873
5102,45872
82259,45871
239197,45871
54565,45870
287450,45870
252062,45870
251472,45869
186496,45869
249343,45868
51188,45868
219357,45867
209757,45866
57908,45865
119318,45865
267497,45864
244323,45864
18950,45863
8261,45863
230191,45863
2322,45862
23808,45861
155482,45860
261003,45860
45034,45858
244667,45857
86403,45856
35537,45855
254786,45854
24278,45854
88294,45853
247409,45853
17733,45851
103063,45850
136605,45850
86720,45849
202033,45849
48038,45849
264398,45848
29093,45847
253697,45846
53899,45845
82133,45844
106705,45843
255492,45843
186103,45843
296374,45843
271061,45842
3026,45842
50588,45841
201740,45841
231216,45840
50454,45839
127816,45838
203890,45838
184953,45837
296057,45837
208143,45836
17330,45836
2454,45835
252907,45834
9292,45833
140841,45832
243162,45828
212238,45828
188623,45828
247329,45827
288516,45826
282421,45826
261087,45825
285504,45825
195732,45824
78137,45823
7260,45823
267246,45821
7949,45818
192809,45817
256730,45817
184228,45816
85170,45816
44321,45816
207371,45815
35416,45815
270733,45812
8786,45812
288670,45811
266937,45810
207063,45810
278120,45809
13073,45809
78555,45808
136315,45808
274843,45807
202018,45807
184925,45806
166274,45806
275744,45806
212416,45805
118498,45805
289925,45804
14040,45804
247398,45804
280547,45804
179,45804
2863,45803
30729,45803
28889,45803
177182,45802
250766,45802
265928,45801
48147,45801
296365,45801
130115,45800
15551,45800
261620,45800
86075,45799
60894,45799
33387,45798
285503,45798
213064,45797
141950,45797
251334,45796
96214,45796
234899,45795
54282,45795
200674,45795
294616,45794
198585,45793
2314,45793
162540,45792
262971,45792
280,45791
62733,45791
108082,45790
278162,45790
243949,45790
24443,45789
258590,45789
23806,45789
179671,45788
224432,45788
263788,45787
218904,45786
184543,45786
264270,45786
9832,45784
281166,45784
266246,45784
281619,45783
205914,45783
47475,45782
63031,45780
192299,45780
9310,45779
279721,45779
268533,45777
233261,45776
153556,45776
196648,45776
136877,45775
53408,45774
142564,45773
52751,45772
287569,45772
28643,45772
245824,45772
21262,45769
228381,45768
296303,45767
157505,45766
285608,45766
11493,45766
38,45765
117197,45765
237071,45765
137703,45765
94400,45764
239537,45764
16449,45763
3631,45763
150014,45762
18229,45762
249684,45762
186872,45762
18905,45762
269038,45760
116131,45759
194773,45759
193600,45759
194562,45759
182155,45757
18815,45756
177876,45756
43238,45755
225451,45754
76185,45754
15458,45754
18869,45753
262365,45753
53233,45752
277476,45751
288150,45751
240097,45751
70399,45751
22402,45751
2860,45749
282689,45748
225803,45748
285724,45747
96447,45746
127737,45746
280856,45745
112114,45744
268760,45744
54003,45744
14898,45744
123073,45743
217852,45743
227349,45743
261032,45742
288991,45741
103997,45741
260792,45741
131335,45741
44425,45740
13582,45740
172114,45739
291612,45739
245766,45739
215432,45739
146290,45738
2450,45738
39,45737
127903,45737
127539,45737
155941,45737
296140,45736
89901,45736
214561,45735
294812,45735
101517,45734
134196,45734
280953,45734
184967,45733
281949,45732
22120,45732
290676,45731
245584,45731
162589,45730
154506,45730
166103,45729
270656,45729
196910,45727
262945,45727
1962,45727
138060,45727
50660,45726
65096,45726
204167,45726
280746,45726
16439,45725
68415,45725
210376,45725
34825,45724
14813,45724
119976,45723
285346,45723
226790,45723
108939,45722
129065,45722
95330,45722
271418,45722
200568,45721
168266,45721
292893,45720
293489,45720
235804,45719
265167,45719
50353,45719
33579,45719
265554,45719
39380,45718
238122,45718
27226,45718
293442,45718
127771,45717
45866,45717
21844,45717
266336,45716
33470,45715
155666,45715
271107,45715
191048,45715
30586,45715
286447,45714
260553,45714
178377,45714
198762,45713
12842,45713
221705,45713
4936,45713
3498,45713
18357,45713
262536,45712
126226,45712
22842,45711
253666,45711
197180,45711
108044,45710
123048,45709
192441,45709
100297,45709
262993,45708
126957,45708
245698,45708
229124,45707
22978,45707
234991,45706
13036,45706
234979,45706
250170,45705
143788,45705
244062,45704
9009,45702
211686,45702
28827,45702
112148,45701
185471,45701
237278,45701
238830,45701
233751,45699
16087,45699
207211,45698
112889,45698
241604,45697
151277,45697
280327,45697
265076,45697
232527,45696
97479,45696
243820,45695
211518,45695
218768,45695
27583,45694
200359,45693
118832,45693
235844,45692
166984,45692
171442,45692
281127,45691
250685,45691
17392,45691
119210,45691
65342,45690
48960,45689
22262,45689
159792,45688
279541,45687
264284,45686
57008,45686
28338,45686
293748,45686
292660,45685
266516,45685
216176,45684
171823,45684
259195,45683
180939,45683
200412,45683
62151,45682
213506,45682
244371,45682
220561,45682
7915,45682
126351,45681
212795,45681
13951,45680
175549,45680
119789,45679
34674,45679
276921,45679
103111,45678
185229,45677
420,45677
40430,45676
168823,45676
295122,45676
133147,45676
69536,45675
202691,45675
261606,45675
256767,45675
3073,45675
126733,45674
192514,45673
22454,45673
5967,45673
86895,45672
177784,45672
217524,45672
30328,45672
204400,45672
214957,45672
91043,45671
4182,45671
250244,45670
172057,45670
247898,45669
285886,45669
280920,45668
278456,45668
239311,45667
902,45667
194332,45666
101742,45666
237167,45666
187555,45666
28443,45666
25707,45665
204279,45665
15461,45665
236381,45665
264528,45665
228655,45664
29105,45664
262431,45664
118396,45663
23058,45663
17607,45663
33164,45663
209768,45663
169252,45662
47873,45662
227613,45662
61181,45662
22471,45662
3289,45661
15318,45661
208634,45661
246580,45660
284904,45660
126896,45659
276589,45658
283187,45658
71247,45657
231244,45657
296037,45655
89555,45655
269136,45655
291181,45655
220464,45655
183086,45654
244329,45654
1895,45654
18938,45653
233651,45653
146543,45653
7526,45653
83874,45653
154150,45653
14873,45652
1076,45652
270666,45651
266446,45650
33027,45650
110274,45649
250854,45649
217448,45649
11181,45648
203558,45648
13429,45648
266567,45647
67172,45647
289548,45647
253597,45647
21987,45646
10988,45645
246157,45645
239245,45644
1184,45644
251700,45644
291196,45643
21068,45642
156913,45642
171986,45642
96565,45641
259404,45641
276160,45641
44322,45641
232924,45640
122969,45640
150224,45640
10141,45640
266655,45640
253493,45639
288374,45639
248964,45639
288318,45639
12709,45638
118088,45637
8331,45637
249007,45637
216605,45637
37772,45637
215546,45636
169863,45635
240362,45634
216856,45634
236325,45633
193698,45633
111408,45632
283783,45632
63220,45631
89564,45631
295332,45631
31779,45631
23000,45631
283282,45631
296402,45630
227784,45630
265390,45629
133098,45629
96950,45629
160729,45629
8486,45628
110714,45628
201102,45627
87580,45627
852,45627
182052,45627
206675,45626
23119,45626
213890,45626
248314,45626
288069,45626
141167,45625
243830,45624
41554,45624
24949,45624
144992,45623
291796,45622
210939,45622
137659,45621
49941,45621
557,45621
98240,45620
231516,45620
239326,45619
11394,45619
208153,45619
6518,45618
255593,45618
285634,45617
9377,45617
258106,45617
976,45617
251295,45617
185196,45617
269030,45615
239095,45615
199239,45614
150502,45613
283691,45613
294086,45613
143460,45612
245258,45612
39214,45612
293347,45611
209708,45611
82064,45611
19125,45610
69151,45610
252069,45610
274534,45609
52908,45609
15059,45609
172258,45609
234052,45609
189365,45609
15527,45609
280554,45609
31296,45608
110673,45608
219231,45608
12303,45608
212936,45608
255169,45607
28661,45607
60915,45607
135947,45606
18526,45605
185917,45605
257908,45605
781,45604
11351,45604
283925,45603
22690,45603
268034,45603
8425,45603
64118,45603
217001,45602
213839,45602
6818,45602
111723,45601
143544,45601
296229,45601
25706,45600
18155,45600
11722,45599
16042,45598
209634,45598
122065,45597
54743,45597
94147,45597
4739,45596
261363,45596
10714,45596
213715,45595
270754,45595
164866,45595
113381,45595
15145,45595
271312,45595
163619,45594
4011,45594
25505,45593
253139,45593
234411,45593
236207,45593
292914,45593
238717,45592
267739,45592
42693,45590
273193,45590
25451,45589
273383,45589
12616,45588
188485,45588
247725,45588
253542,45588
82265,45588
22757,45588
285095,45587
266300,45587
22383,45587
91702,45587
212436,45587
267590,45587
227894,45586
26670,45586
19519,45585
188904,45585
128162,45585
23220,45585
250943,45585
156703,45584
151376,45584
254103,45583
247425,45583
217270,45583
176417,45582
260674,45582
209483,45582
143517,45581
71836,45581
262011,45581
230368,45580
184609,45580
145231,45580
12324,45580
715,45579
262760,45579
190752,45579
97698,45578
287512,45577
22106,45577
19665,45577
246576,45576
46355,45576
261514,45575
37927,45575
254661,45575
193531,45575
44404,45575
4057,45574
255463,45574
244572,45574
220578,45573
276390,45573
1300,45573
40857,45573
207838,45573
27560,45573
1100,45572
287434,45572
9456,45572
167977,45572
261499,45571
292173,45571
194308,45571
26249,45570
217028,45570
137773,45570
143107,45570
1861,45570
40991,45570
9819,45569
266928,45569
292812,45569
176595,45569
285712,45568
219515,45568
206336,45568
4124,45568
148381,45568
289747,45568
2851,45568
133956,45567
43897,45567
291540,45567
14793,45567
244274,45567
155858,45567
194797,45566
166012,45565
231863,45565
87822,45565
60982,45565
45217,45565
272100,45564
33141,45564
180185,45564
28323,45564
25226,45564
58442,45563
198412,45562
145851,45562
95404,45562
15060,45562
6390,45561
168329,45561
146062,45560
104885,45560
226115,45560
140243,45560
1779,45559
291419,45559
276456,45559
177613,45559
72059,45559
119198,45559
9896,45559
258903,45559
283290,45559
217345,45558
120799,45558
46232,45558
21872,45557
273461,45557
147514,45557
31074,45557
272409,45556
716,45556
141213,45556
12121,45555
141678,45555
148793,45554
272773,45554
31177,45554
281184,45554
288754,45553
292994,45553
260377,45553
232740,45553
283484,45552
281684,45552
125644,45552
126106,45552
233499,45551
48538,45551
266716,45551
140106,45550
261427,45550
294973,45550
22928,45550
63858,45550
40757,45549
84980,45549
187137,45549
275883,45549
229103,45549
81773,45548
287253,45548
196119,45548
251819,45548
160670,45548
282800,45547
293174,45547
117697,45547
242111,45547
2092,45547
39487,45547
239369,45547
28449,45546
1632,45546
261717,45546
190957,45546
280479,45546
60397,45545
31825,45544
42626,45544
604,45544
134664,45543
227566,45543
226682,45543
282012,45542
164857,45542
150881,45542
193441,45542
237891,45541
226231,45541
208058,45541
288835,45540
185694,45540
4975,45539
796,45539
120989,45539
446,45539
158920,45538
256527,45538
172921,45537
222909,45537
283261,45537
223752,45537
287763,45536
283546,45536
283312,45536
294155,45536
75142,45536
90668,45536
105871,45535
193158,45535
10430,45535
31093,45535
256429,45534
176461,45533
260700,45533
208946,45532
208184,45532
188870,45532
210416,45532
291732,45531
264687,45531
291031,45531
196805,45530
40638,45530
212773,45530
6574,45530
20391,45529
145343,45529
170450,45529
13722,45528
238706,45528
103371,45528
85392,45528
279291,45527
112522,45527
157333,45526
7470,45526
256076,45526
290938,45526
198542,45525
256638,45525
187034,45525
113828,45525
89849,45525
199256,45524
123006,45524
272600,45524
287174,45524
254584,45524
194315,45523
34457,45523
259121,45523
279812,45521
69338,45521
52941,45521
202431,45521
55777,45520
165751,45520
119338,45520
102410,45520
19329,45519
277142,45519
3054,45519
81589,45519
172914,45518
35512,45518
108380,45518
34105,45518
256235,45518
141651,45518
253194,45517
77900,45517
265717,45516
86355,45516
78073,45516
114724,45515
271009,45514
263914,45514
282941,45514
176612,45513
261094,45512
208801,45512
254001,45512
269317,45512
247719,45512
116571,45511
232020,45511
248610,45511
293236,45510
260595,45510
287551,45510
287978,45510
232458,45510
49476,45510
236656,45509
218157,45509
110086,45509
276413,45509
21161,45508
233223,45508
3154,45508
121815,45508
216093,45507
291778,45507
279772,45507
218701,45506
212946,45506
154194,45506
35229,45506
101618,45506
44767,45506
222940,45505
274289,45505
938,45505
235444,45505
16235,45505
259951,45505
78166,45505
196784,45505
155105,45504
294832,45504
166927,45504
285329,45504
218478,45504
247278,45503
7728,45503
18024,45502
24038,45502
288320,45501
209916,45501
171152,45501
759,45501
228073,45501
147640,45500
73603,45500
7399,45500
200601,45500
126972,45500
22394,45500
132962,45500
211964,45499
11744,45499
207111,45498
198879,45498
13532,45498
266756,45498
267693,45498
217274,45497
90420,45497
132624,45497
239640,45497
246953,45497
68614,45496
165367,45496
25889,45496
75477,45496
107890,45495
31858,45495
218873,45495
201191,45494
277981,45494
217683,45494
128159,45494
211438,45493
192464,45492
156385,45492
262455,45492
12492,45492
203147,45492
25644,45492
173089,45492
89757,45492
215638,45491
222210,45490
91041,45490
275901,45490
279332,45490
26237,45490
198600,45489
7684,45488
97678,45488
241614,45487
157087,45487
122404,45487
279692,45487
21513,45486
204566,45486
272262,45486
74429,45486
214379,45486
205978,45486
75860,45485
25676,45485
215784,45485
197934,45485
250697,45485
220392,45484
99007,45484
195746,45483
286345,45483
13673,45483
291067,45482
230117,45482
256685,45481
254924,45481
25297,45481
154362,45480
168858,45480
60276,45480
1992,45480
40974,45480
215265,45479
273633,45479
258246,45479
13989,45479
33072,45479
291953,45479
170756,45478
3862,45478
205277,45478
231531,45478
256259,45478
147237,45477
115778,45477
25409,45477
249736,45476
272752,45476
231377,45476
234218,45474
270055,45473
210857,45473
85502,45473
288403,45473
201447,45473
3940,45473
274628,45472
236091,45472
283658,45471
182527,45471
232774,45471
90,45471
293679,45471
200393,45470
228972,45470
206646,45470
202002,45469
237217,45469
210173,45469
283458,45469
166718,45468
5490,45468
247050,45467
29396,45467
246502,45467
185224,45466
107942,45466
17617,45466
257362,45466
150183,45466
283495,45465
231931,45465
160759,45465
174758,45464
248899,45463
287437,45463
158984,45463
167963,45463
210764,45462
286570,45462
268694,45462
277303,45462
57839,45461
202054,45461
12816,45461
228849,45460
226157,45460
197347,45460
84008,45460
73199,45459
251498,45459
136241,45459
187074,45459
189785,45458
43758,45458
12020,45458
232801,45458
203,45458
2049,45457
117129,45457
282054,45457
228009,45457
2873,45457
120204,45456
29704,45456
172405,45456
63914,45456
59706,45455
233198,45455
66070,45454
239637,45454
114434,45454
196626,45454
220236,45454
285358,45453
275428,45453
232271,45453
180920,45453
254710,45453
149642,45453
254902,45452
237006,45452
26846,45452
270086,45452
47934,45451
55669,45451
265371,45451
249746,45451
15029,45451
192711,45451
295141,45451
292785,45451
261783,45451
228923,45450
192215,45450
13217,45450
74009,45449
192494,45449
103514,45448
218290,45448
47951,45448
43604,45448
276833,45448
1875,45448
3571,45447
283969,45446
82032,45446
51532,45446
229385,45446
181236,45445
177664,45445
254986,45445
130107,45445
272322,45445
272203,45444
210763,45444
139573,45443
222102,45443
120517,45443
243392,45443
18587,45443
213492,45443
142731,45442
257717,45442
265197,45442
211793,45442
254325,45442
1526,45442
271670,45441
53458,45441
263478,45441
274536,45441
251900,45441
259301,45440
171091,45440
8273,45439
189168,45439
253756,45439
125928,45439
213750,45438
156943,45438
231119,45438
52718,45438
230786,45438
273810,45437
9803,45437
53583,45437
189001,45437
60098,45437
194111,45437
208875,45436
249776,45436
292901,45436
26752,45435
220155,45435
15291,45435
295368,45435
145624,45434
261278,45434
197760,45434
246658,45433
260201,45433
209497,45433
18275,45433
17985,45432
239650,45432
260055,45432
295848,45432
259379,45432
168074,45432
166786,45432
59903,45432
256092,45432
280629,45432
25475,45431
4,45431
292592,45431
148985,45431
2635,45431
108421,45431
176039,45430
244968,45430
120936,45430
76593,45430
197332,45429
282000,45429
162039,45428
120679,45428
59104,45428
137441,45428
250901,45428
101851,45427
294541,45426
19668,45426
29076,45426
147592,45426
11905,45426
117223,45426
117602,45426
256355,45426
102329,45425
9523,45425
170615,45425
193558,45425
293951,45425
107115,45425
237699,45425
255131,45424
286470,45424
211911,45424
139946,45424
258585,45424
275432,45423
25084,45423
228786,45423
7295,45423
252309,45422
269319,45422
272365,45422
288169,45421
219855,45421
169924,45421
45320,45421
220383,45420
19543,45420
32329,45420
240298,45420
92379,45420
271482,45420
131271,45419
234043,45419
228996,45419
235549,45418
277565,45418
268366,45418
165911,45418
10858,45418
173621,45418
186685,45417
24026,45417
280050,45417
4468,45416
197116,45416
15310,45416
95064,45415
292987,45415
35232,45415
279428,45415
48647,45415
264385,45415
233159,45415
46450,45415
265527,45414
246476,45414
3166,45414
163608,45414
105702,45413
171107,45413
288981,45413
206798,45413
65041,45413
269134,45413
13258,45413
187439,45413
277362,45412
227817,45412
255888,45412
150090,45412
273474,45411
3382,45411
274376,45411
142560,45411
247441,45410
28901,45410
260333,45410
243465,45410
294569,45410
115642,45409
199332,45409
285526,45409
260978,45409
15785,45409
214366,45408
100378,45408
146357,45408
94645,45408
169476,45408
126620,45407
33907,45407
262345,45407
272170,45407
185210,45407
234313,45407
3411,45406
108820,45406
36374,45406
20487,45406
138969,45405
135610,45405
275540,45405
203223,45405
14382,45405
281671,45405
849,45405
87025,45404
234342,45404
290118,45404
229460,45404
3894,45403
151522,45402
257903,45402
287004,45402
12380,45402
225726,45402
269444,45401
218309,45401
23363,45401
236436,45400
209062,45400
280707,45400
210583,45400
295264,45400
104704,45400
20457,45400
120350,45399
79435,45399
74648,45399
284018,45399
284024,45398
231967,45398
270886,45398
265744,45398
196067,45398
239581,45398
253385,45397
109136,45397
279092,45397
256989,45397
257742,45397
228332,45397
5844,45397
209694,45396
218763,45396
224057,45396
178633,45396
190555,45396
21233,45395
51700,45395
5396,45395
167937,45395
17705,45395
17058,45395
15951,45395
237138,45394
20200,45394
218674,45394
103017,45393
279227,45393
206098,45393
186468,45392
279271,45392
218544,45392
87403,45391
50464,45391
209127,45391
5220,45391
180917,45391
227525,45390
263395,45390
191510,45389
266712,45389
29160,45389
283955,45389
272243,45389
2460,45389
5264,45389
163336,45388
272456,45388
17166,45387
208354,45387
229636,45387
23109,45387
192213,45387
26123,45387
119572,45386
125728,45386
264516,45386
295489,45386
86600,45386
170402,45385
9137,45385
119206,45384
262111,45384
158578,45384
10690,45384
1043,45384
289224,45383
286974,45383
179328,45383
164626,45383
39706,45382
43723,45382
135881,45382
126063,45382
141930,45382
264947,45381
256821,45381
1750,45380
193473,45380
7497,45380
154308,45379
11621,45379
274484,45379
104698,45379
14397,45379
276248,45379
48058,45379
44407,45379
137968,45378
272083,45377
255265,45376
246091,45376
104018,45376
284449,45376
224239,45375
20212,45375
73568,45375
160566,45375
202686,45374
94586,45374
87664,45373
267233,45373
8112,45373
234310,45373
170633,45372
109843,45372
23133,45372
256740,45372
252897,45371
52702,45371
153357,45371
282873,45371
74687,45371
274454,45370
278461,45370
256318,45370
20099,45370
57440,45370
748,45370
224128,45370
245659,45369
62273,45369
287295,45369
222425,45369
12293,45369
1731,45369
161743,45369
233536,45369
276498,45367
229318,45367
176189,45367
224330,45367
201680,45367
128615,45367
13346,45367
12257,45367
286888,45367
58476,45366
103378,45366
244643,45366
243545,45365
60629,45365
225225,45365
225535,45365
127424,45365
252527,45365
9502,45365
260551,45364
46454,45364
25199,45364
13239,45363
216593,45363
240385,45363
273366,45363
272981,45363
230210,45363
128071,45363
290789,45362
238590,45362
6739,45362
162285,45362
180857,45362
4772,45361
206666,45361
281020,45361
12553,45361
121,45361
234107,45361
194632,45360
171181,45360
94818,45360
280804,45360
146750,45360
282486,45360
13520,45359
20849,45359
220725,45359
82745,45359
1795,45359
156542,45359
56692,45359
192237,45358
94687,45358
155032,45358
13872,45358
254462,45358
6090,45358
46915,45357
133203,45357
47210,45356
250215,45356
49974,45356
179975,45356
76511,45356
214303,45356
49236,45355
138857,45355
140999,45355
1622,45355
15519,45355
159145,45355
245929,45354
261896,45354
229386,45354
14936,45354
291396,45354
218665,45354
294017,45354
45318,45354
227326,45354
60604,45354
279862,45353
268761,45353
6928,45353
6622,45353
185491,45352
274557,45352
290662,45352
287759,45352
279285,45350
173633,45350
195170,45350
293930,45350
18276,45349
44805,45349
5312,45349
279933,45349
17459,45349
265969,45349
276679,45349
78919,45348
180170,45348
145888,45348
149736,45348
101625,45348
195250,45348
39295,45348
8086,45348
218718,45347
257551,45347
270396,45347
24733,45347
135366,45346
204177,45346
221060,45346
289333,45346
102670,45346
91170,45345
174488,45345
232800,45345
14894,45345
215337,45345
196498,45344
93331,45344
240596,45344
175928,45344
204824,45344
287383,45343
198077,45343
216041,45342
19176,45342
228505,45342
256611,45342
246189,45342
282803,45342
119086,45341
227677,45341
193023,45341
3444,45341
290760,45340
269760,45339
170293,45339
273322,45338
263714,45338
5514,45338
262679,45338
256133,45338
288705,45338
268279,45338
285609,45338
162508,45338
17728,45338
285923,45337
25728,45337
272372,45337
134797,45337
238731,45337
106838,45336
27957,45336
277829,45336
203089,45336
18185,45336
134469,45336
206909,45336
365,45336
271213,45336
199271,45335
137761,45335
5582,45335
169180,45335
249456,45335
285262,45335
222492,45334
32207,45334
18032,45334
246351,45334
193649,45334
187189,45334
2108,45334
268951,45334
249856,45334
136783,45333
168096,45333
283908,45333
13469,45333
261960,45333
13991,45333
105056,45333
216557,45333
61448,45333
168438,45333
219401,45333
269582,45332
201361,45332
48390,45332
140761,45331
32944,45331
291575,45331
263434,45331
255055,45331
122819,45331
248588,45330
272984,45330
197117,45330
1243,45330
11628,45330
12664,45329
203157,45329
158960,45329
258340,45329
253023,45329
228420,45329
240852,45329
128019,45328
112060,45328
292096,45328
226812,45328
294613,45327
251146,45327
37914,45327
272949,45327
239901,45327
240584,45326
206351,45326
164975,45326
184357,45325
214759,45325
43360,45325
153009,45325
190160,45325
7253,45324
241037,45324
218678,45324
27867,45324
187452,45324
159493,45324
118004,45324
64355,45324
247854,45324
271158,45324
13935,45323
243539,45323
263373,45323
289724,45323
188258,45322
242889,45322
220173,45322
7258,45321
10330,45321
156861,45321
83614,45321
223336,45321
269845,45320
289694,45320
91898,45320
93328,45320
273244,45320
12350,45320
111195,45319
249448,45319
247872,45319
128436,45319
206161,45319
48486,45319
95761,45318
224853,45318
5458,45318
114754,45318
137094,45318
288044,45318
161202,45318
274465,45318
12694,45318
247376,45318
224185,45317
96656,45317
181861,45317
18865,45317
6551,45317
275011,45316
168591,45316
113039,45316
181569,45316
4118,45315
192114,45315
56356,45315
192253,45315
165021,45315
245578,45315
235152,45315
200995,45314
209499,45314
87868,45314
104241,45314
89706,45314
143761,45314
74179,45313
18896,45313
281778,45313
219427,45313
272686,45313
38733,45312
227157,45312
209419,45311
84910,45311
215053,45311
12926,45311
175035,45311
122157,45311
197358,45311
272528,45310
111955,45310
115672,45310
61464,45310
255027,45310
208049,45310
137367,45309
145973,45309
154082,45309
219450,45309
253912,45308
285943,45308
210925,45308
20104,45308
286173,45308
203300,45308
2785,45308
182,45308
183696,45308
4184,45307
2362,45307
46872,45307
261777,45307
231293,45307
174769,45307
180968,45306
256487,45306
28954,45306
242882,45306
164173,45306
154970,45306
212559,45306
194558,45306
74799,45306
111478,45306
29673,45306
267727,45306
227652,45306
172973,45305
96138,45305
246442,45305
56264,45305
51575,45304
50446,45304
244291,45304
187138,45304
287712,45304
156278,45303
87334,45302
143678,45302
260664,45302
281712,45302
242199,45302
219612,45302
264026,45302
211755,45301
264630,45301
126283,45300
113270,45300
118996,45300
37491,45300
107746,45300
270254,45300
211362,45300
46793,45299
193123,45299
258130,45299
32891,45299
29068,45299
2619,45299
280007,45299
137021,45298
267492,45298
170483,45298
20631,45298
181178,45298
229551,45298
166681,45298
39780,45298
206105,45298
58045,45297
160179,45297
279774,45297
225422,45297
74166,45297
281636,45297
204927,45296
270237,45296
247088,45296
63464,45296
7729,45295
857,45295
237254,45295
154666,45295
256494,45294
27450,45294
57342,45294
240295,45294
182183,45294
292667,45294
109577,45294
227724,45294
133734,45294
157711,45294
291777,45293
31331,45293
150384,45293
11290,45293
34567,45293
194030,45293
287751,45292
260159,45292
69484,45292
291996,45292
278749,45292
102723,45291
120048,45291
288104,45291
22596,45291
210574,45291
228718,45291
240013,45290
251182,45290
223915,45290
290277,45290
183489,45290
198745,45290
1784,45290
291916,45289
33920,45289
119565,45289
241634,45289
277655,45289
207972,45288
18500,45288
222395,45288
114454,45288
203080,45288
278596,45288
155011,45288
115531,45287
256453,45286
222288,45286
116857,45286
24179,45286
179039,45286
88361,45286
188024,45286
240637,45286
275947,45285
213176,45285
286375,45285
147892,45285
1493,45285
62819,45285
172039,45285
265637,45284
233448,45284
221381,45284
216254,45284
101949,45284
265232,45284
112578,45284
294758,45283
203053,45283
2157,45283
183701,45283
222983,45283
252708,45283
42393,45283
116890,45283
9417,45282
291192,45282
274418,45282
267611,45282
210079,45281
190586,45281
225815,45281
232912,45281
2614,45281
230083,45281
101268,45280
50729,45280
157187,45280
249931,45280
52310,45280
183417,45280
115587,45280
199296,45280
285683,45279
203761,45279
138511,45279
97673,45279
274285,45279
42252,45278
193429,45278
167661,45278
3264,45278
16334,45277
199390,45277
221083,45277
169681,45277
232907,45277
124340,45277
91009,45276
216621,45276
197444,45276
130292,45276
114852,45276
179849,45276
280933,45276
278334,45276
1045,45276
275436,45276
275026,45275
284126,45275
252984,45275
17727,45275
193778,45274
14086,45274
239999,45274
201028,45274
221208,45274
146328,45274
220154,45274
103380,45274
270191,45274
288873,45274
293022,45273
282342,45273
9491,45273
18322,45273
241925,45273
2529,45273
250434,45273
161557,45273
17378,45273
18657,45273
251465,45272
200569,45272
232705,45272
30989,45272
4962,45272
184681,45272
15866,45271
60224,45271
178937,45271
163214,45271
55507,45271
198284,45271
211006,45271
162558,45271
223249,45270
199600,45270
137448,45270
973,45270
23846,45270
22441,45270
283672,45270
219575,45270
65,45270
254196,45270
261197,45269
240976,45269
195285,45269
113505,45269
164430,45269
13376,45269
123353,45269
263059,45269
5002,45269
266652,45268
197236,45268
50668,45268
278107,45268
173849,45267
65300,45267
97713,45267
278895,45267
175240,45267
100972,45267
6250,45267
172151,45267
11304,45267
233341,45267
262684,45266
18853,45266
277918,45266
178676,45266
232823,45266
124930,45266
81993,45266
38800,45265
5648,45265
226769,45265
292309,45265
194890,45265
5216,45265
276500,45265
270615,45264
114388,45263
3759,45263
295873,45263
2742,45263
258058,45263
10895,45263
198088,45263
265689,45262
291401,45262
167958,45262
188767,45262
11566,45262
146713,45262
247521,45261
231158,45261
270703,45261
235206,45261
150564,45261
1435,45261
173260,45261
221941,45260
220497,45260
11548,45260
21550,45260
23509,45260
84544,45260
156508,45260
191290,45260
243756,45259
141035,45259
195986,45259
24,45259
134736,45259
257805,45258
6231,45258
279462,45258
287310,45258
246326,45258
263954,45258
21603,45258
61748,45258
53045,45258
3391,45258
296319,45258
214600,45257
106598,45257
254573,45257
36826,45257
51528,45257
284512,45257
1637,45257
234343,45257
290209,45257
102013,45257
2956,45256
2235,45256
15660,45255
119939,45255
237115,45255
22289,45255
283623,45255
260506,45255
199322,45255
280803,45255
60346,45254
9316,45254
271864,45254
272179,45254
5024,45254
246830,45254
206264,45253
32161,45253
231023,45253
10890,45253
264260,45253
101286,45253
157022,45253
292638,45253
249347,45252
256078,45251
290593,45251
50141,45251
182212,45251
270366,45251
172567,45251
118673,45250
280968,45250
285871,45250
291387,45250
194611,45250
115710,45250
18,45250
268308,45250
234281,45249
277265,45249
101577,45249
172714,45249
273527,45249
262133,45248
262656,45248
148007,45248
184466,45248
14049,45247
157406,45247
30021,45247
87801,45247
27973,45247
228957,45247
105425,45247
125178,45247
12441,45247
17807,45246
152474,45246
2370,45246
232203,45246
18203,45246
292774,45246
275212,45246
287180,45246
263807,45245
178915,45245
240494,45245
149640,45245
231823,45245
3267,45244
109717,45244
14630,45244
296287,45244
101925,45243
272805,45243
182787,45243
126621,45242
225693,45242
271830,45242
607,45242
246039,45242
205514,45242
32897,45242
201272,45242
217605,45242
185149,45242
269102,45242
22003,45241
283108,45241
202663,45241
143570,45241
5663,45241
211833,45241
247891,45241
218239,45241
10729,45241
197904,45240
7951,45240
253280,45240
218402,45239
43212,45239
251652,45239
261804,45239
8931,45239
14499,45239
47422,45239
204621,45239
168920,45239
177623,45238
158528,45238
277103,45238
139005,45238
277571,45238
205481,45238
210461,45238
217419,45238
184067,45238
180762,45238
24983,45237
211959,45237
5512,45237
281400,45237
202251,45237
55488,45237
110935,45237
259061,45236
144698,45236
189151,45236
19374,45236
204644,45236
240107,45236
13697,45235
240978,45235
276010,45235
142113,45235
8176,45235
172903,45234
44424,45234
242100,45234
228984,45234
233798,45233
152335,45233
43090,45233
284386,45233
95879,45233
132088,45233
24657,45233
6903,45233
247127,45232
1854,45232
54814,45232
10137,45232
201390,45232
35530,45232
275794,45231
138113,45231
215560,45231
270332,45231
268954,45231
231868,45231
285096,45231
164234,45231
189464,45230
140774,45230
263287,45230
266402,45230
258968,45230
212589,45230
199023,45229
259825,45229
233837,45229
131941,45229
278303,45229
77269,45229
292034,45229
61986,45229
284658,45228
136720,45228
211997,45228
232516,45228
261847,45228
143976,45228
293900,45228
225428,45228
260231,45228
266912,45228
169622,45228
238369,45228
275344,45227
286374,45227
290284,45227
7509,45227
239797,45227
264028,45227
128934,45226
204484,45226
146050,45226
60596,45226
246421,45226
187487,45226
254877,45225
63775,45225
235517,45225
122398,45225
167442,45225
148290,45225
92998,45225
14167,45225
280048,45225
164509,45225
163951,45225
241104,45225
125101,45225
246721,45225
291381,45225
261550,45224
244650,45224
257657,45224
22144,45224
179632,45224
277843,45224
99674,45224
204917,45224
121918,45224
137536,45223
213704,45223
57057,45223
180780,45223
267514,45223
192484,45223
289438,45223
223899,45223
24616,45222
245852,45222
251511,45222
57123,45222
183370,45222
271210,45222
144511,45222
117722,45221
163291,45221
141574,45220
2652,45220
129196,45220
120574,45220
64531,45219
83236,45219
211642,45219
219001,45219
282494,45219
246996,45218
44978,45218
140878,45218
193089,45218
159936,45218
191219,45218
207364,45218
34253,45218
260976,45217
51624,45217
29319,45217
123573,45217
251238,45217
5232,45216
218931,45216
912,45216
87595,45216
238840,45216
295964,45216
200542,45216
61104,45216
127529,45215
10669,45215
163445,45215
250869,45215
31535,45215
103204,45215
116411,45215
242698,45214
53506,45214
188517,45214
124381,45214
200311,45213
249011,45213
289195,45213
224190,45213
30032,45213
1186,45213
6497,45213
9664,45213
249099,45213
284561,45213
435,45213
248358,45212
16695,45212
257843,45212
132429,45212
206509,45212
289327,45212
270033,45212
146673,45212
27015,45212
129435,45211
20500,45211
75286,45211
58956,45211
1864,45211
147182,45211
6093,45211
32038,45211
166126,45211
132908,45211
52103,45211
293083,45211
26980,45211
37095,45211
207156,45210
40260,45210
192994,45210
207048,45209
35221,45209
4856,45209
293602,45208
9856,45208
291188,45208
226287,45208
201501,45208
179813,45208
232852,45208
212494,45208
153072,45208
287944,45208
43250,45208
176844,45208
202607,45208
36180,45208
10438,45207
273631,45207
127384,45207
153315,45207
278771,45207
4346,45207
26272,45206
245639,45206
12179,45206
267204,45206
3775,45206
4560,45206
256317,45205
240190,45205
256612,45205
10959,45205
209371,45205
96127,45205
162631,45204
128424,45204
156110,45204
151160,45204
215443,45204
106840,45204
282083,45204
238663,45204
223962,45204
129634,45203
192154,45203
274195,45203
354,45203
284935,45203
256098,45202
182122,45202
17744,45202
74226,45202
10378,45202
2273,45202
212016,45202
159551,45202
22436,45202
252125,45202
240405,45202
11405,45202
18347,45202
244726,45202
18829,45202
182388,45201
9460,45201
272798,45201
269498,45201
206555,45201
245818,45201
286854,45200
163159,45200
227101,45200
61319,45200
267319,45200
63136,45200
210521,45200
269172,45200
280262,45200
4732,45200
286317,45200
29043,45200
94341,45199
178441,45199
239434,45199
227214,45199
275671,45199
4597,45199
76138,45199
41828,45199
135501,45199
276412,45199
277326,45199
246656,45199
109086,45198
134583,45198
90085,45198
254115,45198
70037,45198
201002,45198
32127,45198
43964,45198
272778,45197
6912,45197
285637,45197
185640,45197
248566,45197
24441,45197
175412,45197
170457,45197
31873,45197
203475,45197
99332,45197
282779,45197
290773,45196
111028,45196
231632,45196
215,45196
149931,45196
1392,45196
273844,45196
14866,45196
95233,45196
40224,45196
153098,45196
10661,45196
33256,45196
157713,45195
130,45195
76763,45195
6949,45195
25767,45195
8214,45195
252465,45195
162769,45194
213233,45194
183552,45194
253954,45194
177013,45194
208741,45194
131526,45194
237200,45194
173107,45194
37616,45194
177149,45193
7523,45193
262824,45193
23627,45193
222378,45193
12908,45193
186624,45193
281786,45193
147118,45193
225230,45193
280022,45193
126536,45192
272905,45192
25579,45192
18789,45192
285697,45192
75433,45192
216826,45192
268339,45192
262336,45192
153099,45192
289567,45192
256470,45192
153391,45191
271284,45191
275749,45191
211068,45191
278615,45191
225590,45191
273911,45191
271046,45191
171999,45191
85690,45191
285144,45190
159063,45190
131745,45190
104479,45190
267399,45190
225087,45190
40586,45190
42622,45189
82914,45189
125473,45189
249326,45189
2569,45189
9980,45189
188931,45189
269913,45189
252603,45188
240057,45188
278439,45188
269873,45188
108479,45188
103826,45188
134232,45188
11876,45188
154997,45188
46041,45188
18237,45188
45265,45188
292495,45188
277952,45188
108634,45188
192266,45187
259381,45187
255783,45187
161506,45187
182311,45187
27966,45186
209636,45186
277290,45186
235278,45186
275609,45186
202531,45186
93159,45186
294627,45185
187896,45185
30027,45185
63041,45185
4398,45185
242187,45185
248740,45185
237495,45184
261679,45184
222573,45184
214583,45184
29178,45184
253521,45184
10865,45184
266822,45184
284373,45183
225170,45183
13736,45183
214389,45183
163238,45183
214913,45183
215532,45183
219321,45183
7866,45182
24679,45182
198801,45182
266694,45182
267717,45182
3558,45182
166531,45182
254668,45181
205003,45181
37432,45181
78893,45181
201101,45181
248854,45181
255781,45181
33215,45181
278946,45181
9105,45181
257814,45181
100518,45181
117835,45180
238173,45180
269263,45180
112277,45180
233942,45180
252635,45180
224425,45179
217856,45179
84240,45179
248257,45179
22890,45178
277487,45178
52804,45178
292782,45178
194758,45178
164627,45178
170530,45177
226618,45177
230663,45177
287856,45177
30136,45177
288337,45177
8079,45177
121172,45177
157933,45177
281502,45177
126542,45177
62312,45176
234606,45176
218532,45176
47243,45176
159677,45176
53374,45176
245630,45176
86081,45176
100735,45175
248926,45175
253805,45175
193934,45175
4076,45175
226862,45175
177248,45174
198473,45174
144084,45174
287639,45174
166993,45174
156569,45174
16004,45173
232897,45173
64182,45173
270791,45173
270193,45173
147825,45173
213697,45172
292650,45172
191806,45172
273511,45172
288643,45172
290571,45172
208770,45172
217206,45172
256188,45172
261674,45172
3730,45172
279728,45171
273295,45171
110396,45171
196749,45171
96428,45171
97083,45171
289101,45171
179332,45171
265481,45171
136638,45171
170148,45170
188472,45170
252115,45170
269886,45170
157532,45170
88616,45169
289290,45169
51875,45169
35972,45169
198228,45169
288097,45169
262043,45169
146694,45169
202637,45169
224728,45169
260314,45168
9848,45168
181287,45168
173130,45168
154004,45168
183988,45168
296119,45168
264771,45167
91231,45167
100134,45167
74107,45167
246648,45167
268678,45166
207850,45166
96176,45166
292842,45166
128816,45166
168124,45165
41656,45165
163609,45165
272141,45165
189039,45165
99713,45165
218947,45165
37494,45165
207887,45164
170064,45164
221921,45164
200391,45164
22241,45164
6142,45163
277551,45163
205070,45163
280792,45163
702,45163
152207,45163
101991,45163
112703,45162
265385,45162
49436,45162
181704,45162
37868,45162
289575,45162
99358,45162
123651,45161
217696,45161
425,45161
211962,45161
136564,45161
205283,45161
236079,45161
229977,45161
244756,45161
288437,45161
239276,45161
6557,45161
255595,45160
22480,45160
262210,45160
10278,45159
119559,45159
199092,45159
2986,45159
287738,45159
3292,45159
84483,45158
275182,45158
150524,45158
175178,45158
106089,45158
272020,45158
141473,45158
262691,45158
287421,45158
12649,45158
233011,45158
211548,45158
132612,45158
228223,45158
138974,45157
10030,45157
243908,45157
39952,45157
192340,45157
296011,45157
177434,45157
257320,45157
280830,45157
204349,45156
293988,45156
218845,45156
127750,45156
295956,45156
157831,45156
24380,45156
26411,45156
192281,45156
103936,45156
255455,45156
283013,45155
147503,45155
32982,45155
295358,45155
193995,45155
265072,45155
296013,45154
182819,45154
148412,45154
218785,45154
186511,45154
140183,45154
85219,45154
221860,45154
279478,45154
205725,45154
242821,45154
202146,45154
54576,45153
254066,45153
3866,45153
198771,45152
280724,45152
191661,45152
261724,45152
256506,45152
5534,45152
268415,45151
273150,45151
197201,45151
160596,45151
286316,45151
166919,45150
203895,45150
293490,45150
53251,45150
46725,45150
213551,45150
183583,45150
19569,45150
193117,45150
6900,45150
78186,45150
258753,45149
240284,45149
170235,45149
114832,45149
250035,45149
72888,45149
202398,45148
192835,45148
7023,45148
36558,45148
32612,45148
165916,45148
175430,45148
273493,45148
254510,45148
225534,45148
233933,45147
224895,45147
230087,45147
281872,45147
291534,45147
174155,45147
251075,45147
296579,45146
275343,45146
20735,45146
221219,45146
176440,45146
51781,45146
235650,45146
191635,45146
3727,45146
185874,45146
179007,45146
235784,45145
80524,45145
209265,45145
10234,45145
204280,45145
22789,45145
118594,45145
19709,45144
194945,45144
937,45144
91518,45144
4529,45144
19919,45144
144348,45144
1252,45144
13847,45143
249324,45143
206606,45143
496,45143
210375,45143
197320,45143
20980,45143
35698,45143
135344,45143
230519,45142
142507,45142
118367,45142
39841,45142
198457,45142
7839,45142
177461,45142
216564,45142
14641,45142
199529,45141
245980,45141
140341,45141
233712,45141
292364,45141
261745,45141
8610,45141
294670,45141
241251,45141
284855,45141
193973,45141
155263,45141
288751,45141
209657,45140
246842,45140
1591,45140
226516,45140
220252,45140
115685,45140
268373,45140
210622,45140
186851,45139
126697,45139
296228,45139
273825,45139
4289,45139
271461,45139
180927,45139
106569,45139
227492,45139
92004,45139
14686,45138
285505,45138
151966,45138
24078,45138
294693,45137
57502,45137
275272,45137
53548,45137
289477,45137
33,45137
235558,45137
239973,45137
19801,45137
285756,45137
231598,45137
251648,45137
31979,45137
246705,45137
20357,45136
202567,45136
257536,45136
263662,45136
3358,45136
263516,45136
221995,45136
280928,45136
215568,45135
220976,45135
151233,45135
10643,45135
189545,45135
286180,45135
248949,45135
236212,45134
98826,45134
266734,45134
125555,45134
140961,45134
91528,45134
270184,45134
161952,45134
159274,45134
189176,45134
61011,45134
82876,45133
49314,45133
223808,45133
291737,45133
125508,45133
256806,45133
202717,45133
270626,45133
141234,45133
11844,45133
16012,45133
11187,45132
278773,45132
9021,45132
32756,45132
89325,45132
82416,45132
259747,45132
237764,45132
76520,45131
89950,45131
14979,45130
45895,45130
223710,45130
160720,45130
260122,45130
10442,45130
250220,45130
1799,45130
85507,45130
272677,45129
294956,45129
124782,45129
236075,45129
174741,45129
3855,45129
167822,45129
150119,45129
263238,45128
9132,45128
10927,45128
187655,45128
290383,45128
211381,45128
293116,45128
229456,45128
104564,45128
267053,45128
116751,45128
290995,45127
83434,45127
238038,45127
291701,45127
160105,45127
124273,45127
216710,45127
221169,45127
104550,45127
56941,45127
192321,45127
169640,45127
146619,45127
60571,45127
267078,45126
127610,45126
252767,45126
6277,45126
261906,45126
1626,45126
274409,45126
165684,45126
21791,45126
129592,45125
172237,45125
19757,45125
165683,45125
245059,45125
282021,45125
221687,45125
208626,45125
291910,45125
237456,45125
152705,45125
164128,45124
197787,45124
117676,45124
184252,45124
228678,45124
155627,45124
294859,45124
197184,45124
260573,45123
240427,45123
42366,45123
25962,45123
204104,45123
19810,45123
276358,45123
4906,45123
79069,45123
274249,45123
40298,45122
219965,45122
5757,45122
164022,45122
178471,45122
254215,45122
230465,45122
65512,45122
269949,45122
194924,45122
150460,45122
24225,45122
212329,45122
148952,45122
10803,45122
262091,45121
8381,45121
34304,45121
265565,45121
144647,45121
219709,45121
127047,45121
79896,45121
198142,45121
70495,45121
112175,45120
17461,45120
287433,45120
288251,45120
58264,45120
254492,45120
37941,45120
19549,45120
284779,45120
165637,45120
100501,45120
290831,45119
169493,45119
232795,45119
289334,45119
281647,45119
216823,45119
253907,45119
197199,45119
35131,45119
126220,45119
46715,45119
277797,45119
233015,45119
36564,45118
229731,45118
289661,45118
236431,45118
245375,45118
173480,45118
127472,45118
730,45118
256045,45118
252350,45118
25068,45118
153745,45118
1753,45118
241433,45118
213588,45118
242696,45117
18303,45117
260583,45117
214083,45117
204339,45117
41059,45117
49407,45117
151595,45117
290506,45117
141663,45116
294547,45116
139478,45116
165144,45116
273468,45116
241041,45116
9780,45116
191110,45116
236725,45116
147502,45116
110509,45116
10305,45116
29233,45116
156717,45116
192678,45116
215419,45115
277685,45115
213862,45115
11678,45115
270067,45115
220159,45115
69407,45115
255645,45115
296115,45115
188582,45114
8433,45114
9215,45114
208589,45114
11784,45114
28335,45114
216774,45114
30750,45113
252410,45113
293351,45113
271386,45113
23789,45113
194439,45113
24996,45113
244160,45113
265334,45113
181472,45112
257784,45112
243470,45112
24082,45112
15078,45112
67953,45112
212214,45112
161169,45112
2122,45112
108458,45112
205330,45112
134342,45112
9276,45111
92727,45111
72736,45111
209779,45111
222123,45111
126255,45111
11199,45111
262209,45111
274865,45110
18548,45110
168100,45110
7635,45110
762,45110
287873,45110
159270,45110
142521,45110
185367,45110
17385,45110
254178,45110
57835,45110
275449,45110
4939,45109
170963,45109
246834,45109
193458,45108
173503,45108
239303,45108
177441,45108
148845,45108
201810,45108
235921,45108
231115,45108
110231,45108
272438,45108
292059,45107
188526,45107
239619,45107
282796,45107
175917,45107
129309,45107
228645,45107
110365,45107
289875,45107
281825,45107
187732,45107
388,45106
69,45106
232495,45106
266044,45106
264829,45106
182778,45106
28063,45106
169911,45106
11595,45106
135297,45106
243175,45106
214084,45105
21542,45105
249415,45105
254860,45105
145316,45105
230569,45105
271535,45105
228527,45105
1016,45105
93469,45105
13593,45105
36389,45105
47166,45105
37051,45105
295240,45104
249847,45104
113,45104
64861,45104
177599,45104
221894,45104
240665,45104
12016,45104
44609,45104
292313,45104
215648,45104
138785,45103
275632,45103
282801,45103
255126,45103
295427,45103
141768,45103
177863,45103
235252,45103
244877,45103
286815,45103
242146,45103
207086,45102
109389,45102
226517,45102
24700,45102
292213,45102
232676,45102
261887,45102
185457,45102
179000,45102
122610,45102
227712,45102
148022,45101
279080,45101
273672,45101
218980,45101
220255,45101
330,45101
69780,45100
142791,45100
185898,45100
199906,45100
740,45100
203926,45100
256135,45100
3126,45100
221050,45100
78,45099
278961,45099
270190,45099
178890,45099
216265,45099
183777,45099
208632,45099
247480,45099
223114,45099
374,45099
21976,45099
66647,45098
245106,45098
101,45098
278312,45098
9528,45098
279482,45098
27060,45098
80285,45098
4042,45097
219122,45097
151949,45097
34182,45097
278616,45097
17910,45097
286449,45097
226391,45097
82602,45097
83552,45097
6584,45096
204839,45096
121190,45096
175606,45096
287600,45096
186072,45096
61632,45096
271747,45096
288511,45096
244903,45095
124411,45095
211418,45095
143126,45095
184918,45095
198970,45095
157579,45095
144967,45095
251181,45095
252228,45095
24899,45094
9028,45094
252866,45094
115116,45094
241329,45094
95343,45094
261727,45094
141159,45094
28236,45094
203044,45094
234867,45094
279545,45094
243724,45094
201259,45094
211633,45093
229707,45093
224345,45093
119719,45093
276879,45093
249498,45093
8819,45093
211226,45092
