2565,100000
1670,59979
7460,56462
116054,53012
256404,52763
3965,52321
157440,51836
47305,51331
48575,51220
191068,51145
254015,51026
266701,50902
275159,50694
181839,50686
262148,50635
226698,50533
106412,50425
139720,50172
221474,50159
290577,50129
280462,50038
146227,50035
165059,49974
251272,49891
34966,49882
10954,49849
157693,49755
267903,49604
165011,49594
228895,49552
674,49517
263923,49505
101629,49500
243633,49461
195124,49456
1934,49407
294650,49369
233895,49367
119831,49356
183176,49321
135583,49280
261853,49268
167614,49234
91256,49223
246463,49211
250604,49181
35973,49165
285989,49162
43246,49155
283897,49146
190114,49133
264643,49108
293089,49061
219216,49008
283636,48986
226849,48983
277296,48972
5800,48944
286596,48931
214826,48920
269806,48917
60133,48905
221902,48902
296314,48892
262354,48882
246016,48855
230042,48851
253620,48845
165062,48837
264532,48812
105905,48809
238094,48798
45596,48793
257015,48785
157838,48767
133756,48767
235672,48745
288815,48739
289051,48735
250675,48725
266531,48723
286682,48721
138438,48717
190575,48682
208112,48666
180769,48664
293,48658
201577,48656
168116,48640
176774,48624
21247,48623
120259,48607
294561,48599
256312,48590
155409,48590
290191,48583
241376,48580
13779,48572
15522,48570
283131,48540
19071,48535
257482,48514
240316,48511
269792,48510
232349,48493
15768,48493
19658,48482
33844,48454
145632,48447
272652,48445
1132,48442
139369,48442
14541,48435
252520,48422
156199,48419
239356,48403
246933,48361
212123,48348
203870,48344
219336,48329
122513,48317
253001,48312
193087,48306
279619,48303
15224,48300
253029,48300
245210,48300
28933,48293
276816,48293
261281,48281
180135,48277
398,48276
221504,48272
236187,48261
123151,48257
191260,48250
36494,48241
111210,48234
292285,48222
295096,48217
6720,48216
255415,48210
73583,48207
228665,48190
284581,48190
76334,48187
116089,48182
256717,48181
282123,48165
136138,48160
15205,48153
110119,48127
15141,48126
2448,48125
56548,48115
288893,48113
265525,48109
231281,48108
82274,48108
110966,48097
244917,48081
181900,48074
264736,48068
38078,48066
232230,48065
195515,48063
244710,48061
258071,48061
108907,48059
192112,48058
271211,48049
271948,48039
227361,48035
293204,48028
135367,48026
252287,48025
5460,48024
14280,48023
215048,48021
60255,48016
2446,48014
262457,48004
101893,47993
198333,47991
19536,47991
269518,47990
209217,47987
292078,47986
171389,47984
110508,47982
216796,47982
293591,47973
194230,47963
106283,47958
246913,47954
133486,47950
232044,47941
47653,47934
265999,47930
284650,47922
278128,47919
137324,47918
217773,47918
43166,47916
212679,47911
7344,47907
218743,47903
137108,47898
259341,47898
245593,47897
266020,47896
205168,47895
273628,47883
77233,47882
243188,47872
25631,47866
191479,47865
295837,47864
183130,47864
288019,47862
195177,47859
236917,47857
33431,47848
77115,47848
268971,47843
18748,47843
135866,47840
181177,47836
4275,47835
19025,47833
135656,47828
17510,47827
241877,47815
264646,47813
155212,47810
285644,47809
157509,47808
17811,47807
85896,47796
124869,47795
266478,47793
116832,47788
272378,47786
30761,47782
4928,47777
169293,47775
246209,47769
240511,47766
18731,47766
13735,47766
179279,47761
33752,47761
254405,47754
228822,47751
191276,47748
252844,47746
198109,47743
289496,47739
194658,47729
283020,47726
206041,47721
235356,47721
203935,47715
23318,47709
212207,47709
18191,47707
172782,47707
181019,47704
12860,47698
256945,47697
16765,47697
215574,47693
277905,47690
270709,47680
19600,47679
167773,47678
69306,47678
207575,47676
287906,47671
292725,47665
130465,47660
199414,47658
210706,47656
167480,47654
78099,47646
287474,47643
123544,47643
18574,47641
243232,47641
18461,47637
293616,47634
219973,47633
20403,47629
60037,47626
207268,47623
272884,47619
279719,47613
282476,47608
187769,47608
224062,47597
241328,47597
248260,47597
282191,47594
245225,47590
38735,47584
112547,47579
176215,47579
37850,47578
30394,47578
113982,47577
115664,47574
260938,47572
34418,47566
291063,47562
23751,47561
180842,47561
198513,47559
247518,47556
240754,47554
2959,47553
42821,47552
167450,47548
25669,47547
158447,47545
177210,47543
35123,47537
210206,47536
16393,47535
27189,47531
176154,47531
230139,47530
227929,47527
111460,47525
290986,47525
294612,47525
218127,47520
272956,47520
133230,47517
257394,47513
264199,47513
288688,47510
203362,47509
241972,47508
172686,47503
190856,47500
289560,47499
282820,47498
208360,47497
266441,47495
193727,47489
121128,47486
30504,47486
287892,47486
198190,47485
203077,47485
38464,47484
276313,47483
231014,47483
108509,47482
139816,47477
206487,47473
145155,47471
169162,47468
235700,47468
219340,47467
226761,47467
235394,47467
142091,47462
176767,47462
207410,47455
76139,47451
84897,47450
2900,47449
247148,47449
193262,47445
214321,47443
274631,47437
109829,47433
219690,47433
5390,47426
197207,47426
3697,47425
276961,47422
29613,47421
103493,47421
226775,47416
283490,47415
159741,47413
225154,47410
261511,47404
113697,47404
228639,47401
254530,47400
167854,47398
8178,47398
287780,47397
105677,47394
10528,47391
201842,47389
231083,47388
22606,47388
197791,47384
142511,47381
146802,47378
148010,47375
68000,47373
121333,47372
211022,47369
248464,47369
248531,47367
287858,47366
146400,47366
86352,47363
285339,47363
175735,47363
293923,47362
14401,47361
273947,47361
9891,47359
206019,47355
101870,47354
98828,47354
163107,47354
22155,47354
184132,47353
279258,47348
104273,47348
30103,47344
18111,47343
211269,47343
199849,47339
25033,47337
39527,47335
201708,47330
28741,47330
277878,47329
275638,47328
239305,47328
181752,47328
38951,47324
191453,47321
207254,47319
10346,47318
21671,47317
279198,47314
283303,47313
222682,47313
188316,47311
278206,47309
154386,47309
161690,47309
136267,47309
29380,47308
189811,47306
272395,47304
181711,47301
222549,47300
37661,47294
11266,47291
119035,47291
15495,47289
260618,47289
179493,47288
187144,47286
241096,47286
213386,47285
279091,47283
142016,47283
2497,47283
248984,47280
449,47280
20008,47278
111211,47277
218644,47276
24239,47275
270049,47275
293826,47271
244780,47270
4819,47266
236639,47265
121482,47264
273780,47264
216515,47264
143656,47264
155539,47263
156504,47262
38946,47260
45110,47259
293924,47257
260623,47254
21288,47252
79568,47248
276975,47248
270164,47247
286424,47245
256269,47242
20842,47241
268158,47239
60380,47239
266097,47238
218214,47235
261955,47232
30996,47232
289164,47231
2636,47228
163064,47228
202291,47225
291235,47223
291518,47223
193980,47219
16419,47217
233813,47216
187180,47215
207129,47212
295885,47211
213215,47208
21237,47206
216162,47206
218318,47206
105748,47205
292052,47203
262051,47203
253840,47202
101771,47202
138319,47200
260874,47200
223218,47193
203780,47193
75420,47188
277072,47187
30078,47186
36624,47186
239555,47182
145448,47180
197388,47179
286001,47179
91187,47177
238643,47176
105044,47174
170565,47174
4209,47174
247678,47173
249115,47172
29601,47171
290825,47170
266247,47168
295289,47168
278097,47168
224765,47167
44667,47167
132437,47167
290021,47167
3099,47166
103971,47164
249668,47164
189736,47163
12792,47163
194271,47162
161593,47160
253692,47160
273948,47159
30986,47157
289856,47156
177528,47156
264381,47156
21473,47154
68007,47153
188470,47152
169011,47152
53146,47150
278987,47149
7767,47149
20396,47148
185384,47143
209888,47143
89436,47143
211026,47141
97363,47140
7221,47140
26209,47140
19214,47139
209566,47138
188638,47138
26756,47137
204008,47135
14350,47132
92677,47132
295235,47129
35758,47123
108208,47121
244867,47120
225132,47120
211536,47120
26266,47120
212512,47120
107908,47119
160495,47119
667,47118
262073,47117
194693,47117
57478,47115
168937,47114
22931,47113
278287,47113
204886,47112
44314,47112
227080,47111
255502,47111
214711,47110
148087,47108
239260,47107
111238,47107
248656,47107
32971,47107
253483,47107
264167,47104
203856,47104
259565,47104
220290,47102
151549,47102
163435,47102
259815,47098
190145,47095
61445,47094
278494,47094
289927,47093
264602,47093
181298,47092
36459,47092
175053,47090
33357,47088
3500,47086
254408,47085
224613,47082
1688,47082
128795,47075
235547,47075
76681,47073
194134,47073
226754,47072
23913,47072
189707,47071
55179,47071
108818,47070
172380,47069
188398,47069
155804,47068
235071,47066
249274,47063
283099,47060
218975,47059
280163,47056
23361,47056
228642,47054
239859,47053
238006,47053
6848,47053
245495,47051
75267,47050
286787,47050
58573,47049
245382,47049
198102,47049
217721,47048
199408,47048
108416,47047
131113,47047
184077,47047
211775,47044
32657,47043
37307,47043
28247,47042
237949,47042
22394,47040
221275,47039
256408,47039
106895,47038
213192,47036
20116,47036
284992,47036
80781,47035
283182,47035
251888,47034
292609,47034
108245,47034
242613,47031
212475,47028
2567,47023
272978,47023
130360,47022
248879,47022
246320,47022
231566,47019
15470,47018
50920,47017
222393,47016
272057,47016
163547,47015
282224,47014
270715,47014
209932,47010
175061,47010
47389,47009
280732,47006
201944,47005
180954,47005
289376,47005
271603,47003
262557,47003
190649,47003
280991,47000
185711,46997
278897,46995
281025,46994
46100,46994
113338,46994
55825,46992
108371,46991
80996,46991
130289,46991
255111,46989
32788,46989
35514,46989
13503,46989
242203,46988
15032,46987
176374,46985
135997,46984
138506,46984
184733,46984
103158,46981
3272,46981
180250,46981
184580,46979
270258,46978
39291,46977
14285,46976
243598,46972
138042,46968
271341,46966
161081,46965
232154,46964
289331,46964
87466,46963
272320,46962
240888,46960
13975,46960
52250,46959
155253,46959
232658,46959
295872,46958
280496,46956
230896,46953
272974,46952
21015,46949
255677,46948
149113,46948
14310,46948
78829,46947
6629,46947
272324,46945
283297,46945
197443,46944
290429,46944
98494,46944
23095,46944
266543,46940
265039,46937
277603,46936
252500,46935
275646,46935
149309,46934
166810,46933
123541,46933
141258,46933
266287,46932
29978,46932
14756,46930
253960,46928
7644,46928
252779,46928
235302,46927
182432,46927
7122,46927
64598,46925
92533,46923
183953,46922
68521,46921
154626,46921
259266,46917
291688,46917
295468,46917
151677,46916
165072,46915
249107,46914
219048,46913
352,46911
59188,46911
267691,46910
256957,46909
160330,46909
289017,46909
99688,46906
186532,46906
255513,46904
26649,46901
276767,46900
232007,46899
176645,46895
62948,46895
114670,46894
203593,46894
65539,46893
74078,46891
74268,46889
6360,46887
215274,46885
158758,46882
143190,46882
13986,46880
40762,46879
263447,46878
43275,46878
173375,46878
138746,46877
278821,46877
26491,46877
50627,46876
15914,46876
277976,46875
221041,46875
205668,46874
185425,46872
25599,46872
18007,46871
263991,46870
198061,46870
283571,46867
259956,46866
45284,46866
251638,46864
273711,46863
62169,46861
253113,46859
195458,46859
259111,46859
256876,46859
35409,46858
152966,46857
29818,46857
281818,46857
253730,46855
148935,46853
24229,46852
41387,46852
24061,46852
13564,46852
231972,46851
85423,46851
221845,46849
223242,46849
229764,46848
198953,46848
255438,46848
74015,46847
274477,46847
24338,46846
35265,46846
210576,46846
164777,46845
143149,46844
280683,46844
178520,46842
289174,46841
100251,46839
69265,46839
225553,46839
147811,46838
279463,46838
258091,46838
167774,46838
226513,46838
134554,46838
217794,46837
14847,46835
294206,46834
96147,46834
250053,46833
289733,46832
205098,46831
36875,46831
215164,46831
252589,46831
277479,46830
180848,46829
258965,46829
271261,46828
216211,46828
192595,46828
283247,46827
168745,46826
264689,46824
110107,46823
288029,46823
37851,46822
235579,46821
95008,46821
176444,46820
256276,46820
289427,46820
294414,46820
276125,46819
57624,46819
116690,46819
211242,46818
23638,46818
152632,46815
236780,46815
171869,46814
242847,46814
125441,46814
164287,46813
296058,46812
207104,46811
287921,46811
129649,46810
272863,46810
200341,46809
256856,46808
211608,46807
291740,46806
241971,46805
280798,46804
31501,46803
196342,46803
218424,46802
85541,46799
41659,46797
171312,46797
287982,46796
279472,46796
19493,46794
260692,46793
115338,46793
239638,46793
220237,46793
188420,46792
248324,46792
292895,46792
193050,46792
50050,46791
264657,46791
218008,46790
219640,46789
37756,46789
290627,46788
118757,46785
237673,46785
227655,46784
254032,46784
45511,46784
44222,46784
153088,46783
167445,46782
229100,46781
294608,46781
236929,46780
54561,46780
200822,46779
107485,46778
255700,46776
214639,46776
272730,46775
262008,46775
288766,46774
88322,46774
160112,46774
229125,46774
252233,46773
116536,46772
107151,46771
222447,46770
69988,46767
148856,46767
160913,46766
160121,46766
295880,46761
257883,46761
65970,46759
115064,46759
270285,46759
223284,46758
49100,46757
124827,46757
274742,46757
139945,46757
166938,46757
246035,46756
18332,46755
272331,46755
268931,46755
172853,46754
57888,46754
178325,46754
267469,46754
294253,46753
20274,46753
20622,46753
295446,46752
264444,46751
34577,46751
18804,46751
255222,46751
71069,46750
196883,46750
196303,46749
112457,46749
268089,46749
235514,46748
52548,46745
263646,46744
224091,46744
23089,46743
178093,46742
243664,46741
14443,46740
203277,46738
79899,46737
251897,46736
35470,46736
18619,46735
245043,46734
135688,46732
266360,46730
279853,46730
268087,46730
149823,46730
42726,46729
274248,46728
267191,46728
94988,46728
293144,46726
211671,46726
263223,46725
184676,46725
151507,46725
83357,46725
285451,46724
241796,46722
253581,46722
242859,46722
122247,46722
296302,46721
223721,46721
50483,46721
65893,46720
264995,46719
26332,46719
241219,46718
267347,46718
11119,46718
232228,46717
32532,46716
182177,46716
140644,46715
274697,46715
182467,46715
193923,46714
276717,46714
245469,46713
110869,46713
74666,46713
276745,46712
20725,46711
129014,46706
30246,46706
44704,46705
282591,46705
255093,46704
108307,46704
24181,46702
289855,46701
252656,46701
290899,46700
156517,46700
141591,46699
202715,46698
14268,46698
291410,46698
72256,46697
190598,46697
10683,46697
163842,46696
290504,46695
24457,46695
227818,46695
285331,46695
117468,46695
270596,46694
256836,46691
283728,46689
177025,46689
203445,46687
74676,46687
209649,46686
20071,46685
207046,46685
277549,46684
42660,46684
69007,46684
290216,46679
289343,46679
35613,46678
190196,46676
256678,46674
116275,46673
94556,46673
209741,46673
169291,46673
239258,46673
71437,46672
33701,46672
86846,46672
190364,46671
220808,46671
162349,46670
104067,46669
25356,46669
8829,46669
50090,46667
32529,46667
175842,46667
238752,46666
3608,46665
257656,46665
204509,46665
156187,46664
83043,46664
269210,46663
206285,46663
22254,46661
110481,46658
285193,46658
245870,46657
231376,46657
265685,46657
245777,46656
171188,46654
207917,46653
164544,46651
28242,46650
30624,46650
61382,46650
259583,46648
100505,46648
144844,46648
152186,46647
100307,46647
6590,46647
90803,46647
140870,46646
35098,46646
132863,46645
55380,46645
40353,46645
219141,46645
127873,46644
93416,46644
135026,46643
71663,46642
216395,46642
219961,46641
146355,46641
123296,46641
264598,46640
175600,46638
9076,46637
23849,46635
143925,46634
134759,46633
12364,46632
30961,46632
59627,46632
239573,46630
204416,46629
260125,46629
203853,46629
252108,46628
74603,46628
291136,46627
283688,46627
69869,46627
21171,46625
164358,46624
16159,46624
118444,46624
5050,46623
243943,46623
286694,46623
227703,46622
277050,46621
16846,46621
248485,46620
290281,46620
168787,46620
210023,46620
252401,46620
255588,46618
276480,46618
1724,46618
217427,46617
204054,46616
167454,46616
54167,46616
198178,46615
75129,46614
102559,46614
252655,46613
65915,46613
235145,46613
183853,46613
286668,46613
64158,46612
203806,46612
148521,46611
230820,46611
19483,46610
257962,46610
251929,46610
165913,46608
106914,46608
264004,46608
102199,46607
13434,46607
199918,46607
241861,46606
47106,46606
157971,46605
38603,46605
19499,46605
220798,46605
6002,46604
40320,46603
291152,46603
2272,46603
199706,46602
270166,46601
38500,46599
115592,46599
143927,46598
183922,46598
264986,46596
58058,46595
155662,46593
264334,46593
19826,46591
137325,46591
254777,46591
174735,46589
200702,46589
220253,46588
74022,46588
271708,46587
231452,46584
158986,46584
216291,46584
159637,46583
220394,46583
14303,46583
258405,46580
129855,46579
72868,46579
160200,46578
240374,46578
172418,46576
244602,46575
184799,46574
29800,46572
205746,46571
278482,46570
238608,46570
33269,46569
49679,46569
244774,46569
48166,46568
278305,46568
245134,46567
146145,46567
143542,46567
245344,46566
217933,46565
195281,46564
282482,46564
238357,46563
265498,46563
126458,46563
209174,46563
194700,46562
9294,46562
153830,46561
250440,46561
195007,46560
278035,46560
153978,46560
45562,46559
165753,46559
172430,46558
120891,46557
196326,46557
23359,46557
85262,46556
265611,46556
89052,46556
107895,46555
198344,46554
83440,46554
197414,46553
231390,46553
171353,46551
267601,46551
286524,46550
230530,46550
21696,46550
74442,46550
270857,46549
258293,46548
55941,46546
12793,46546
132509,46544
26538,46544
246792,46544
198070,46543
6026,46542
73101,46542
137509,46541
192181,46541
243505,46541
286262,46541
281269,46540
243268,46539
155320,46539
50774,46538
109433,46537
208621,46536
108510,46536
281977,46536
39423,46536
32603,46534
132055,46534
238962,46533
179793,46533
204805,46532
5980,46532
218747,46532
229517,46531
1549,46530
9418,46530
146365,46529
231073,46527
267427,46526
288950,46526
250370,46526
272479,46525
184090,46525
267552,46525
226414,46524
223035,46522
132102,46522
12877,46521
260919,46520
209090,46520
151678,46520
197803,46520
133267,46520
284668,46520
49092,46519
199248,46518
242878,46518
112324,46518
26412,46517
3808,46517
285214,46517
186427,46517
266198,46516
244461,46516
126550,46516
177315,46516
9551,46515
238364,46515
277077,46514
66364,46514
126915,46513
82348,46513
220855,46513
227241,46510
142556,46510
23135,46510
175812,46510
257583,46508
248136,46508
265569,46508
5158,46508
279417,46508
143734,46507
127291,46507
218144,46506
265564,46505
175126,46505
253168,46504
245561,46504
181028,46503
9079,46502
24256,46502
272138,46501
173658,46501
150147,46501
54586,46501
228410,46500
261643,46499
3509,46499
286007,46498
262730,46498
214812,46497
169394,46497
52855,46497
134210,46497
181775,46496
29640,46496
167804,46496
18610,46496
65190,46496
201688,46496
200637,46495
14085,46495
112645,46495
197785,46495
276265,46495
76030,46494
37059,46494
179111,46493
187420,46493
42842,46493
246536,46492
140658,46491
262784,46491
290556,46490
203763,46490
280083,46490
269275,46490
205114,46490
276832,46490
126838,46489
142108,46489
24980,46488
69552,46488
250191,46488
266444,46488
161531,46486
129883,46485
295814,46485
239211,46485
277927,46484
245269,46484
268762,46483
12645,46483
182121,46482
236107,46482
293234,46482
147692,46481
240594,46481
253527,46480
243687,46480
276840,46480
181898,46478
216661,46478
284993,46478
248589,46478
124304,46478
153138,46477
266191,46477
263070,46477
218250,46476
227154,46476
171059,46476
214342,46476
247904,46476
117948,46476
236037,46475
68298,46475
150465,46474
250849,46474
55243,46474
250420,46473
221989,46473
77967,46473
36322,46472
265305,46472
85069,46471
295108,46471
259605,46469
278465,46468
187867,46468
269401,46468
131245,46468
229595,46467
13344,46467
275898,46466
192925,46465
172534,46464
231243,46464
160515,46463
149884,46463
251229,46463
34700,46462
172148,46461
104722,46461
70484,46460
33676,46460
138417,46460
181328,46460
262843,46459
161201,46459
38025,46458
198989,46458
27880,46458
193255,46458
208140,46458
160524,46456
59858,46456
58020,46456
130089,46455
280072,46455
41179,46455
150126,46455
268066,46454
247530,46453
39950,46452
53433,46451
272925,46451
234540,46451
201414,46450
259484,46450
48001,46450
295138,46450
229084,46450
138998,46449
275310,46449
208673,46449
273272,46449
59087,46448
264619,46448
228379,46448
115045,46448
228169,46447
228865,46447
291259,46446
289834,46446
225121,46445
131712,46445
294600,46444
61970,46444
161945,46443
261788,46443
237042,46443
118584,46442
35294,46441
62113,46441
168528,46441
244696,46441
225340,46441
211740,46441
198784,46438
169129,46437
222358,46437
275713,46435
29799,46435
90123,46435
230871,46435
223793,46434
231601,46433
132665,46433
284155,46432
272405,46432
285316,46432
250359,46432
227236,46431
75453,46431
216883,46429
149116,46428
239031,46428
70876,46427
225760,46425
145158,46425
280589,46424
162767,46424
235740,46424
83868,46424
281365,46423
176233,46423
59908,46422
296264,46422
34648,46421
21261,46420
194096,46420
139877,46419
285920,46419
128546,46419
288422,46419
286414,46419
198460,46419
235752,46418
185511,46416
153579,46416
202565,46414
198659,46414
281910,46414
220105,46414
165516,46414
34091,46414
172531,46414
243900,46413
198597,46413
131099,46413
86013,46412
145677,46412
148926,46411
231924,46411
260276,46411
41450,46411
201997,46410
270987,46410
229487,46409
113089,46409
235321,46408
209880,46407
263064,46407
259480,46406
69752,46406
190968,46405
295906,46405
159202,46405
247364,46404
3546,46404
218480,46404
161168,46403
67987,46403
158455,46402
273386,46402
116910,46402
95574,46402
208519,46402
281118,46401
461,46400
291206,46399
108653,46399
227925,46399
230998,46398
260713,46397
284714,46397
184496,46397
218636,46396
112887,46396
285906,46396
36587,46396
234862,46395
293729,46395
102743,46394
258201,46392
202499,46392
260001,46391
184358,46390
181203,46389
248330,46389
248925,46389
144809,46389
17678,46389
242153,46388
281802,46388
280487,46387
214908,46387
176643,46387
77007,46386
250061,46386
68266,46385
160103,46385
84366,46385
43140,46384
184785,46384
231644,46383
221882,46383
99539,46382
228457,46382
4682,46382
176021,46382
186827,46381
8071,46381
268896,46381
13390,46381
283764,46380
93558,46379
251723,46378
273785,46378
147415,46377
262290,46377
251343,46377
248189,46376
65323,46376
230266,46376
190216,46376
21410,46376
34860,46375
289453,46375
192254,46375
250848,46375
107499,46374
252379,46374
165122,46374
154460,46374
191484,46373
243541,46372
4252,46372
122335,46372
176923,46371
170290,46370
51715,46370
295101,46370
289195,46369
178223,46368
290989,46367
260841,46367
201268,46366
153760,46365
1532,46365
125106,46365
84532,46365
2003,46364
195558,46364
267442,46364
280511,46363
19289,46363
149335,46361
96809,46361
54911,46361
142682,46360
40263,46359
230392,46359
260661,46358
286115,46357
151418,46356
269739,46356
143825,46356
263618,46355
162931,46355
155560,46355
155233,46354
290597,46354
108711,46354
174704,46353
294286,46353
284860,46353
261208,46352
274264,46351
294177,46351
140453,46350
125188,46350
41803,46348
163334,46348
291689,46348
235857,46348
241747,46348
138244,46347
274931,46346
43050,46346
167094,46345
221300,46344
2366,46344
231480,46344
151104,46343
229570,46343
261408,46342
247999,46342
260394,46342
64475,46341
203221,46341
240390,46341
98528,46340
200959,46339
182176,46339
206501,46338
213091,46338
134756,46338
248885,46337
257565,46337
97844,46337
223502,46337
38281,46335
101113,46335
138166,46334
123967,46334
232622,46334
5405,46333
257874,46333
225810,46332
37716,46332
178365,46332
95057,46331
208631,46331
10691,46330
167594,46329
254778,46329
280550,46328
65696,46328
328,46327
223432,46326
100076,46326
270133,46325
161364,46325
222649,46325
109711,46325
235244,46323
131580,46323
220861,46322
19730,46322
223410,46322
205498,46321
38253,46320
105454,46320
292310,46319
232138,46319
27301,46319
272728,46318
85138,46317
194512,46317
212850,46315
245744,46315
238597,46314
46130,46313
287385,46312
254859,46311
186868,46311
246244,46311
293318,46310
94462,46310
258824,46309
142594,46308
264013,46308
261692,46307
172368,46306
227461,46306
280748,46306
1710,46305
154174,46305
208086,46304
32932,46304
293636,46304
70235,46304
293006,46304
159497,46303
48256,46303
251439,46302
78105,46302
216208,46301
241274,46301
247141,46300
215898,46300
184305,46300
200918,46300
241677,46300
146880,46299
203913,46299
205419,46298
121905,46298
152323,46298
108075,46297
101067,46297
271487,46297
149139,46297
82378,46295
196860,46295
243796,46295
179719,46294
137436,46294
255738,46293
210137,46293
276797,46293
29082,46292
238292,46291
295095,46291
267790,46290
243776,46290
135035,46290
159863,46290
183350,46290
230214,46290
279157,46289
156852,46289
266663,46288
230704,46288
182461,46287
105151,46287
274810,46287
246165,46287
208706,46286
5340,46285
188780,46285
274334,46284
269090,46284
281304,46284
251903,46283
193834,46283
28042,46282
254324,46281
150849,46281
275680,46281
270828,46281
177870,46281
240366,46280
223797,46280
61295,46280
163578,46279
247967,46279
278034,46278
135788,46277
3046,46277
247616,46277
269569,46276
192679,46276
264233,46276
130190,46275
280607,46275
33865,46275
54420,46274
66926,46274
217799,46274
130372,46273
153083,46273
227960,46272
253442,46271
235628,46269
118501,46269
200720,46269
133808,46268
13372,46268
6620,46267
150479,46267
267618,46267
286153,46267
269509,46267
217443,46266
15690,46266
205603,46265
278445,46265
76369,46264
121407,46264
223251,46264
188419,46263
253841,46262
15531,46261
106803,46261
166266,46261
20635,46261
175442,46260
238653,46259
52581,46259
269383,46258
281813,46258
224340,46257
248772,46256
147826,46256
33420,46256
198854,46256
10508,46256
197055,46256
283814,46255
229363,46255
59511,46255
182905,46255
280153,46255
282603,46255
43319,46255
259098,46255
102802,46254
213148,46254
166763,46253
238416,46253
160654,46252
281556,46252
276448,46252
251403,46252
224680,46251
111611,46251
205642,46251
185417,46251
288690,46250
87637,46250
22123,46250
4062,46250
18186,46250
3825,46248
11526,46248
291323,46248
137782,46246
37464,46246
276885,46246
293303,46246
253682,46245
225455,46245
232331,46245
252004,46244
235161,46243
245324,46243
20257,46243
152608,46243
169341,46243
215599,46243
53094,46243
258700,46242
256418,46241
93590,46241
275269,46240
262039,46240
72528,46240
64205,46239
274069,46239
247032,46239
219095,46239
200880,46238
61097,46237
27904,46237
194747,46237
249223,46237
219342,46237
125951,46236
264382,46235
229542,46235
141362,46235
209142,46235
231753,46235
148520,46235
286187,46233
150554,46233
117637,46233
174529,46232
275047,46232
70279,46231
53661,46230
184162,46230
215165,46230
13695,46230
127920,46229
171636,46227
191538,46227
295592,46226
147035,46225
253633,46224
280761,46223
266351,46223
83949,46223
240886,46223
223625,46222
283330,46222
296216,46222
152458,46222
17631,46221
241473,46220
143855,46220
90179,46219
118368,46219
72980,46218
130183,46218
178704,46218
113689,46217
210203,46217
114273,46217
145270,46216
119619,46216
3583,46216
25656,46215
236140,46215
163071,46215
145831,46215
152610,46214
77955,46214
262996,46214
29052,46214
292200,46213
263774,46213
235101,46212
286310,46212
147887,46212
48149,46212
92129,46211
175835,46210
162820,46210
235034,46210
118410,46210
10504,46210
234415,46209
93764,46209
233355,46209
287248,46209
215004,46208
84580,46208
296066,46207
176768,46207
18733,46207
98895,46207
144852,46206
227278,46206
120823,46206
157689,46206
55232,46206
94578,46206
134022,46205
272132,46205
170985,46205
173999,46205
238531,46205
137274,46204
235838,46204
283196,46203
203648,46202
77971,46201
235351,46200
279087,46200
178074,46199
146351,46199
274788,46198
252027,46198
279654,46198
228816,46198
173088,46197
285055,46196
158050,46195
1089,46195
179711,46195
286432,46194
5101,46193
183222,46192
123396,46192
278337,46192
90275,46192
290885,46191
120945,46191
101459,46190
232965,46190
154644,46190
295130,46189
2926,46189
31425,46189
289470,46189
226322,46188
137347,46188
279544,46188
122303,46188
55183,46188
263934,46187
3943,46187
187514,46187
95384,46187
72429,46187
200264,46186
199184,46186
167171,46186
274429,46185
224197,46185
164695,46184
225927,46184
277654,46184
5061,46183
224864,46182
56967,46182
96263,46182
211630,46181
240480,46181
280381,46181
189870,46181
135648,46180
101090,46180
40604,46179
58480,46179
162992,46179
264193,46178
253310,46177
215026,46177
215099,46176
38051,46176
36360,46175
264031,46175
274622,46174
193226,46173
261212,46173
267689,46173
270647,46172
17849,46172
126472,46171
272137,46171
286669,46171
250266,46170
97874,46170
161391,46170
103504,46169
266603,46168
249651,46168
4077,46168
56592,46168
169724,46168
41851,46166
282695,46165
168172,46165
271842,46165
292020,46165
202236,46164
257349,46164
56892,46163
139097,46163
75417,46163
180204,46163
8107,46162
212487,46162
274791,46162
226771,46161
239059,46161
193486,46161
89122,46161
13716,46160
251943,46160
235190,46159
221151,46159
76360,46159
253297,46159
175320,46159
5248,46158
125483,46158
261972,46158
139529,46158
229498,46158
37659,46157
9564,46157
234333,46157
264315,46157
228515,46157
234349,46156
22201,46156
76825,46155
31714,46155
61611,46155
184680,46155
17207,46155
132383,46155
105849,46154
64391,46154
109201,46153
7685,46153
164305,46153
158490,46152
283091,46152
144722,46151
147225,46151
114886,46151
265377,46150
271253,46150
219418,46150
108598,46150
93187,46149
291826,46149
122052,46149
265379,46148
18986,46148
14332,46148
282289,46148
253332,46148
41970,46147
241032,46147
296432,46146
30788,46146
126821,46146
259777,46145
295581,46145
110191,46144
278500,46144
89046,46144
294649,46144
286651,46144
15839,46144
162153,46143
218505,46142
244802,46142
24851,46141
239176,46141
15512,46141
190227,46141
230780,46141
70653,46140
234558,46140
230661,46140
109745,46140
125601,46140
76673,46140
242293,46139
111721,46139
73282,46138
83458,46137
30047,46137
215350,46137
258716,46136
57944,46136
92453,46135
83219,46135
3176,46135
242067,46135
72182,46134
184231,46134
193944,46133
257743,46133
259940,46133
293123,46133
233850,46132
46698,46131
150846,46131
3584,46131
210825,46131
207049,46131
80115,46130
183983,46130
89687,46129
13096,46129
67663,46129
73642,46129
125432,46129
70022,46129
140444,46129
70693,46128
20314,46127
237351,46127
140264,46126
179103,46126
372,46126
269755,46126
198568,46126
229225,46125
291342,46125
51543,46125
189267,46124
250393,46123
148897,46123
125323,46123
270806,46123
45024,46123
77277,46123
159569,46123
277074,46122
144645,46122
259409,46122
110331,46121
172120,46121
216244,46121
269847,46120
145,46120
282578,46120
244827,46120
293456,46120
226833,46118
228585,46118
201310,46117
260472,46117
252747,46117
106811,46116
17375,46116
68512,46116
746,46115
2395,46114
259217,46114
197028,46114
148131,46114
282553,46114
132258,46113
129375,46112
114867,46111
62972,46111
291564,46111
144235,46111
214519,46110
35951,46110
189716,46110
247934,46110
181462,46109
61381,46109
124408,46109
61894,46109
227617,46109
262452,46108
30366,46108
209697,46108
17832,46107
277021,46107
259035,46107
22921,46106
145179,46106
283614,46105
214532,46105
198392,46105
225718,46105
238209,46104
2300,46104
266192,46103
12196,46103
11079,46102
103024,46102
170637,46102
165565,46102
258815,46101
124371,46101
255625,46101
51764,46100
265630,46100
154489,46100
205090,46099
218308,46099
110444,46099
230911,46098
162421,46098
234303,46098
235310,46098
145353,46097
36242,46096
202021,46096
271949,46096
91092,46096
154867,46096
24883,46095
212453,46095
291867,46095
135993,46094
238592,46093
237163,46092
295390,46091
90046,46090
42644,46090
3425,46090
294581,46090
249341,46089
63222,46089
247575,46088
141051,46088
10375,46087
135004,46087
295990,46086
260247,46086
124616,46086
110590,46084
216549,46083
270581,46083
295714,46083
212785,46082
280178,46081
6653,46081
139960,46081
190224,46080
284691,46080
265779,46079
252247,46079
279269,46079
267384,46078
77263,46078
265610,46077
21248,46076
142530,46076
240264,46076
173720,46076
120174,46076
14807,46075
60981,46075
235970,46074
18862,46073
254831,46073
108253,46072
47061,46072
118579,46072
133580,46072
248849,46072
270764,46072
280951,46072
159331,46072
207335,46071
246407,46071
133571,46071
31624,46071
254963,46071
206189,46071
199205,46071
268070,46070
173706,46069
124793,46069
261385,46068
151471,46068
94857,46068
21462,46068
105766,46067
294564,46067
260346,46067
153815,46066
284857,46066
206390,46066
108916,46066
94220,46065
160508,46065
30632,46065
181647,46063
31243,46063
254562,46063
180295,46063
124297,46063
27250,46063
125423,46062
173319,46061
244076,46060
275916,46060
221693,46058
115563,46058
97053,46058
130293,46058
241453,46058
16122,46057
235950,46057
159296,46057
156404,46057
168386,46056
204076,46056
294467,46055
285588,46055
250652,46054
143307,46053
139286,46053
201315,46053
78136,46052
194921,46052
200882,46052
220234,46051
213474,46051
277145,46051
186712,46051
109470,46051
163377,46051
204476,46050
219212,46050
93638,46050
265690,46050
261152,46049
170624,46049
250784,46049
236414,46048
35868,46048
143370,46047
268257,46047
251672,46047
288114,46046
188458,46046
259075,46045
170885,46044
39577,46044
183615,46044
143970,46044
286412,46043
253412,46043
170453,46042
191445,46041
195701,46040
47600,46040
252458,46040
94842,46039
224029,46039
257333,46039
30713,46039
201887,46038
27144,46038
193302,46038
1386,46038
237846,46038
284214,46038
188917,46038
200736,46038
275487,46037
149295,46036
186740,46036
288808,46036
5293,46036
216938,46035
200634,46035
138261,46035
270562,46035
34781,46034
183579,46034
107924,46034
170957,46034
182943,46033
225072,46033
183233,46033
252568,46033
173783,46033
204171,46033
174365,46033
232879,46032
170930,46032
110808,46032
236269,46030
283301,46029
46556,46029
27936,46029
279093,46029
124042,46029
45020,46029
58598,46029
171143,46028
185091,46028
202201,46027
213949,46027
211645,46027
115291,46027
272098,46027
200579,46027
31504,46027
44742,46026
96504,46026
49887,46026
171000,46026
279735,46024
171656,46024
291179,46024
163781,46023
275839,46023
4467,46023
17381,46022
170343,46022
255683,46022
163642,46022
24135,46022
196526,46021
285773,46021
22158,46021
270369,46021
120926,46020
56059,46020
240503,46020
228789,46020
218104,46019
266667,46019
227025,46019
238929,46018
100748,46018
167128,46018
175963,46018
275508,46018
12465,46017
468,46017
68906,46017
77434,46017
221397,46016
174560,46016
107529,46016
242036,46016
181554,46016
163271,46016
142739,46015
9694,46015
94794,46015
132698,46015
229142,46014
229690,46014
290286,46014
209274,46013
189859,46013
49169,46013
199237,46013
58122,46012
30965,46012
102881,46012
282575,46011
255106,46010
149454,46010
40984,46010
280334,46010
147915,46009
270742,46009
271764,46009
260599,46008
14543,46008
84321,46008
211322,46008
205870,46008
292449,46007
254478,46007
61304,46007
75495,46006
30269,46006
263009,46006
128725,46006
147332,46005
234469,46004
250694,46004
243258,46004
277347,46004
95640,46004
61387,46004
185512,46004
161944,46003
279732,46003
178468,46002
238996,46002
88859,46002
285544,46001
174294,46001
153609,46000
87168,46000
4648,45999
157597,45999
289624,45999
261810,45999
204970,45999
267354,45999
58869,45999
5055,45998
195395,45998
269679,45998
95093,45998
185959,45998
1406,45996
34113,45996
134123,45996
221181,45996
194503,45996
247853,45996
98067,45996
28700,45995
12564,45994
235974,45994
211138,45994
250495,45993
197048,45993
83674,45993
168640,45992
296087,45992
51915,45992
172600,45992
81541,45992
201549,45992
286802,45991
103900,45991
198984,45991
277739,45990
235771,45990
218581,45990
203686,45990
205816,45990
238079,45990
19630,45989
116738,45989
296565,45989
273831,45989
28414,45988
137129,45988
221156,45987
255895,45987
42778,45987
262400,45986
230406,45986
194227,45986
211977,45986
263750,45985
149101,45985
151431,45985
103247,45985
295148,45985
186554,45984
254014,45984
157508,45984
257634,45983
288920,45983
211084,45983
542,45983
53667,45983
21231,45982
113875,45982
196789,45982
170906,45982
197548,45982
280637,45982
181312,45982
207213,45982
190756,45982
182276,45982
260620,45981
85749,45981
197376,45981
52465,45981
145582,45981
249623,45981
267228,45980
10577,45980
47356,45979
78192,45979
188842,45979
249355,45979
269170,45978
127774,45978
178545,45978
165758,45978
72703,45977
275331,45977
181958,45977
120844,45977
71066,45976
43215,45976
128003,45976
2353,45976
244166,45976
167512,45976
290555,45976
280404,45975
248709,45975
92763,45975
12331,45975
194118,45974
273604,45974
283055,45973
186758,45972
226501,45972
228310,45972
220871,45972
228153,45972
291164,45972
150562,45972
122387,45971
191978,45970
196820,45970
57638,45970
78605,45970
183135,45970
2181,45970
211347,45970
58072,45969
166813,45969
232378,45969
47899,45969
294660,45969
110797,45969
72224,45968
164204,45968
161939,45968
231291,45967
185010,45966
2829,45966
189626,45965
276788,45965
45558,45965
197660,45965
158464,45964
26195,45964
109290,45963
226449,45963
188985,45963
274254,45963
260777,45963
140484,45962
222822,45962
256148,45962
271089,45962
276439,45962
257412,45961
141401,45961
127652,45961
75096,45961
295939,45960
278027,45960
126767,45960
226239,45960
220655,45960
33727,45960
269230,45960
171836,45960
186934,45959
296296,45959
238391,45959
218596,45959
294921,45958
86406,45958
231934,45957
65325,45956
273409,45956
3345,45956
390,45956
230828,45956
280290,45956
209517,45955
265919,45955
216179,45955
137310,45955
139200,45955
245861,45955
147085,45955
229294,45954
276986,45954
246301,45954
195685,45954
170435,45954
266317,45954
55665,45954
296523,45954
235148,45954
1641,45954
215753,45953
131750,45953
283756,45953
280001,45953
279716,45952
235035,45952
238121,45952
279254,45951
221923,45951
286013,45950
186222,45950
128148,45949
237022,45949
152156,45949
87552,45948
264494,45947
224259,45947
238377,45946
239609,45946
183845,45946
130349,45946
20260,45945
71444,45945
268326,45945
117424,45945
122386,45944
42929,45944
207220,45944
290264,45944
284098,45944
245242,45944
235280,45944
36566,45944
17563,45943
162965,45943
247170,45943
13732,45943
214786,45943
191640,45943
210400,45942
296397,45942
84617,45942
16298,45942
107364,45942
97522,45941
87589,45941
278848,45941
210140,45941
261873,45941
164499,45940
99793,45939
123666,45939
5651,45939
141217,45939
114964,45938
208476,45938
56296,45938
295942,45938
123708,45938
208297,45938
211,45938
244785,45938
183324,45937
207759,45937
243944,45937
258231,45937
214740,45936
138626,45936
175836,45936
30088,45935
286037,45934
185903,45933
157028,45933
102944,45933
105155,45933
189026,45933
242255,45933
295246,45933
237913,45932
18349,45932
178065,45932
218379,45931
102140,45931
175209,45931
117900,45931
19445,45931
256020,45931
256424,45931
133127,45931
278567,45930
17366,45930
198557,45930
104573,45930
240078,45930
162225,45929
287535,45929
281396,45929
179145,45928
118218,45928
161782,45928
97516,45928
126425,45927
280749,45927
79905,45927
113837,45927
247291,45927
220188,45926
74145,45926
148475,45926
251138,45925
275764,45924
193684,45924
27337,45923
116842,45923
283151,45923
65423,45923
199548,45923
259390,45923
208180,45922
258673,45922
126879,45922
105862,45922
286564,45920
196260,45920
172392,45920
198531,45919
216479,45919
256946,45919
148479,45919
5543,45918
187992,45918
101753,45918
275277,45918
96842,45917
187124,45917
159609,45917
135398,45915
257138,45915
263257,45914
230067,45914
185007,45914
238886,45914
267050,45914
45415,45914
37493,45912
290289,45912
178165,45911
278995,45911
26662,45910
284940,45910
58891,45910
178518,45910
273232,45909
256005,45909
280187,45908
234198,45908
293311,45908
277855,45908
252066,45908
162570,45908
285029,45908
206545,45907
270883,45907
86832,45907
119829,45907
26906,45906
222060,45906
84116,45906
270928,45906
210916,45905
290352,45905
163518,45905
163492,45904
276167,45904
240795,45903
222385,45903
139649,45903
1245,45902
257073,45902
185807,45901
201176,45901
158094,45900
264149,45900
257677,45900
33224,45900
58770,45899
216158,45899
107452,45899
3445,45899
27434,45898
83370,45898
271908,45898
77530,45898
68864,45898
195792,45897
167659,45897
220985,45897
77948,45897
210742,45897
87089,45897
203305,45896
238687,45896
288141,45896
182039,45896
280145,45896
217647,45896
271015,45896
233367,45896
152046,45895
284381,45895
38107,45895
111619,45895
275228,45895
93629,45895
280677,45894
22523,45894
194713,45894
241451,45894
207452,45893
173298,45893
90105,45893
261626,45893
162511,45893
255768,45893
36468,45892
268739,45892
170891,45892
201067,45892
187437,45892
203911,45892
181680,45891
113676,45891
116126,45891
19746,45890
83517,45890
265622,45890
10336,45890
232141,45890
281856,45890
284202,45890
280901,45890
203430,45889
296323,45889
3673,45889
197439,45889
103377,45889
55257,45888
255188,45888
40123,45888
166908,45888
75951,45887
256745,45886
177736,45886
272197,45886
285178,45885
42221,45885
170813,45885
153348,45884
114441,45884
184011,45884
2648,45883
279239,45883
273308,45882
167217,45882
261667,45882
204492,45882
193214,45881
243520,45880
290121,45880
166878,45880
94768,45879
155844,45879
139731,45879
260300,45878
3511,45878
81994,45877
245424,45877
79986,45876
93005,45876
268498,45876
293594,45876
175424,45876
112512,45876
198554,45875
6796,45875
177019,45874
265721,45874
109065,45874
48121,45873
160873,45873
133966,45873
16206,45872
264427,45872
64190,45872
268388,45871
222548,45870
18771,45870
249560,45870
165589,45870
289442,45870
151115,45869
203432,45869
192356,45869
230550,45869
226766,45869
146293,45869
268588,45869
123761,45868
268692,45868
269851,45868
226959,45868
97942,45868
178855,45868
262514,45868
90822,45867
206840,45867
243469,45867
47059,45867
78560,45867
161629,45867
222364,45867
141844,45867
268677,45867
86119,45867
144274,45866
139218,45866
202267,45866
232523,45866
223744,45866
54717,45865
201743,45865
292103,45865
256648,45865
238888,45865
175745,45865
93852,45864
24668,45864
226774,45864
42204,45863
185048,45863
271296,45863
173440,45862
184961,45862
159962,45862
160775,45862
68177,45862
256053,45861
204570,45861
280581,45861
246361,45860
242309,45860
232496,45860
130178,45860
204808,45859
192897,45858
264846,45858
212191,45858
215791,45858
193735,45858
141186,45858
13546,45858
143431,45857
282430,45857
243012,45857
168212,45857
196665,45857
224123,45857
244447,45857
145997,45856
170502,45856
167502,45856
206316,45856
187016,45855
230233,45855
254385,45855
174945,45855
119064,45854
284988,45853
293842,45853
36677,45852
262889,45852
186255,45852
236409,45851
268133,45851
253863,45850
257236,45850
76270,45850
243323,45849
175550,45849
132031,45849
2470,45848
192713,45848
17938,45848
152810,45848
220035,45847
68705,45847
243150,45846
279330,45846
31566,45846
223619,45846
717,45845
286491,45845
259384,45845
136688,45845
43304,45845
111750,45845
114813,45845
129825,45845
281160,45845
198194,45844
283768,45844
281863,45844
8082,45844
202519,45844
195495,45843
184701,45843
6456,45843
112713,45843
231519,45843
216534,45842
1513,45842
242152,45841
150327,45841
112458,45841
58700,45841
264207,45840
51537,45840
239689,45840
205971,45840
10582,45840
259850,45840
171515,45840
283887,45839
272069,45839
196289,45839
14638,45839
125589,45839
266219,45838
272687,45838
12814,45838
167197,45838
230153,45838
176410,45838
132677,45838
145966,45837
10089,45837
123317,45837
248857,45837
168785,45837
241870,45836
159103,45836
161006,45836
225081,45836
270929,45836
256342,45836
530,45836
211632,45835
126929,45835
209382,45835
278744,45834
293688,45834
107956,45833
175239,45833
222006,45833
117579,45833
287227,45833
10026,45833
156879,45833
191558,45832
158204,45832
251766,45832
207500,45831
135977,45831
292355,45831
70610,45831
242374,45831
14779,45830
217938,45830
198090,45830
48054,45829
59067,45829
112657,45829
75518,45829
27684,45829
286943,45829
279146,45828
117057,45828
115453,45828
239342,45828
109261,45827
114855,45827
192278,45827
20046,45827
43640,45826
35305,45826
223141,45826
159394,45826
186708,45826
1227,45826
1585,45826
125712,45825
55293,45825
271100,45825
258177,45825
266637,45825
143642,45824
188861,45824
191097,45824
168887,45823
222676,45823
178555,45823
64138,45823
266619,45823
55556,45823
155933,45823
216136,45823
276148,45823
116702,45822
290187,45822
189532,45822
130213,45821
48828,45821
240044,45821
153545,45821
119120,45821
243384,45821
64468,45821
235177,45820
154421,45820
258852,45820
225291,45820
16247,45819
174171,45819
228999,45819
288566,45819
237553,45818
290130,45818
157389,45818
265160,45817
275536,45816
11223,45816
43143,45816
229915,45816
291635,45815
48552,45815
201773,45814
183029,45814
267013,45814
174470,45814
20354,45814
104093,45814
217261,45814
195382,45814
120901,45814
80229,45814
270299,45814
264247,45813
237873,45813
294440,45812
27433,45812
293526,45812
207060,45812
193169,45812
104199,45810
237571,45810
217169,45810
103887,45810
130694,45809
264839,45809
140760,45809
232999,45809
184901,45809
217681,45809
255944,45809
160326,45808
150295,45808
100659,45807
13420,45807
18200,45807
121501,45806
235877,45805
53352,45805
47441,45805
95140,45804
89953,45804
253889,45804
253594,45804
168477,45803
187282,45803
91209,45803
214347,45802
82143,45802
189944,45802
75074,45802
194909,45802
20004,45802
123130,45802
37793,45801
97060,45801
252323,45801
179920,45801
254783,45801
187504,45801
44379,45800
1413,45800
197867,45800
184518,45800
240104,45799
244203,45799
176616,45799
101136,45799
124795,45799
174428,45799
32188,45799
291483,45798
118399,45798
38329,45797
254069,45797
42751,45797
50001,45797
271076,45797
244991,45797
89698,45797
16649,45796
293436,45796
220569,45796
210832,45796
278111,45796
49753,45795
128996,45795
277475,45795
97431,45795
55044,45795
192938,45794
165168,45794
290296,45794
276359,45793
49128,45793
136954,45793
235457,45793
183101,45792
186339,45792
264364,45792
260488,45791
279931,45791
8294,45791
10747,45790
289403,45789
230601,45789
34813,45789
129063,45788
290579,45788
95950,45788
186321,45787
33598,45787
73786,45787
278964,45787
111059,45787
281852,45787
117115,45787
4251,45787
250599,45787
258128,45786
228628,45786
57794,45785
229284,45785
256278,45785
202321,45785
235490,45785
142243,45784
75706,45784
84958,45784
270599,45784
252512,45784
234684,45783
195067,45783
120824,45783
231238,45783
174494,45783
257748,45783
132808,45783
196569,45782
215835,45782
221082,45782
24641,45782
218225,45781
124125,45781
220857,45781
274585,45781
229323,45781
213980,45781
45635,45781
41640,45780
109800,45780
251106,45780
287541,45780
231483,45780
278539,45780
138119,45779
209905,45779
225838,45778
196083,45778
269663,45778
137576,45778
207559,45778
223885,45778
42047,45778
11924,45778
199138,45777
101943,45777
204535,45777
148763,45777
241026,45776
151452,45776
223596,45776
261615,45776
63281,45776
145621,45776
1605,45775
217194,45775
78283,45775
209676,45775
108892,45775
175511,45775
283485,45775
264344,45775
194841,45775
10162,45774
30279,45774
3354,45774
193694,45774
185415,45773
62804,45773
63117,45773
219536,45773
20779,45773
238212,45773
264539,45773
182720,45773
248915,45773
226882,45772
152307,45772
142928,45772
217901,45771
125156,45771
273266,45771
179787,45771
229067,45770
141515,45770
265824,45770
155478,45770
34977,45769
14128,45769
194813,45769
232787,45768
11034,45768
248159,45767
239836,45767
20414,45767
236443,45767
193823,45766
175124,45766
266548,45766
7879,45765
9182,45765
8323,45764
36142,45764
21029,45764
96644,45764
135179,45763
163908,45763
285941,45763
217285,45763
186080,45763
198544,45763
267096,45763
198362,45762
92580,45762
230500,45762
248795,45762
174425,45762
291313,45762
280711,45762
233629,45762
90793,45762
174519,45762
190711,45761
18687,45761
74630,45761
22134,45761
4383,45761
213373,45761
240543,45761
282853,45760
28649,45760
253626,45760
329,45760
269171,45760
110994,45760
212971,45760
155919,45759
51171,45759
198420,45759
247081,45759
106517,45759
271504,45758
53562,45758
181308,45758
280128,45758
124359,45758
241724,45758
132005,45757
240562,45757
44972,45757
191212,45757
20327,45757
256473,45757
94744,45757
240943,45756
203377,45756
15683,45756
275586,45756
33687,45756
3380,45755
156617,45755
239713,45754
143947,45754
184559,45754
107777,45754
252650,45754
26846,45754
220795,45754
296052,45754
215073,45754
183746,45753
210656,45753
145057,45753
118630,45752
266415,45752
161374,45752
163610,45752
293055,45751
88746,45751
266959,45751
267869,45751
2813,45750
84707,45750
115665,45750
185987,45750
45368,45750
148186,45750
203818,45749
176213,45749
278665,45749
268195,45749
244276,45748
190818,45748
281726,45748
223666,45747
96094,45747
151299,45747
94430,45747
146938,45747
191142,45747
109102,45746
230252,45746
170161,45746
273888,45746
39808,45745
189086,45745
155517,45745
130682,45744
211922,45744
61110,45744
224181,45744
119313,45744
255606,45743
157657,45743
289478,45743
190480,45743
230647,45743
279383,45742
116919,45742
176449,45742
274525,45742
284448,45741
284696,45741
154831,45741
278601,45741
143436,45740
238547,45740
155276,45740
238781,45740
265931,45740
201967,45740
231494,45739
244019,45739
140991,45738
167920,45738
64714,45738
222556,45738
214900,45738
145771,45738
47480,45738
97360,45738
145440,45738
223307,45737
286385,45737
88013,45737
144481,45736
246579,45736
163566,45736
246734,45735
56585,45735
257099,45735
148039,45734
274135,45734
51572,45734
167651,45734
240427,45733
135991,45733
237821,45733
111731,45733
103172,45733
267,45733
228067,45733
6200,45733
132425,45732
12960,45732
170108,45732
293098,45732
176803,45732
32937,45732
136277,45731
145197,45731
1458,45731
243214,45731
147383,45731
110026,45731
23767,45731
25470,45730
230662,45730
122928,45730
237348,45730
280018,45730
57044,45730
91867,45729
30066,45729
253108,45729
152532,45729
123458,45729
134265,45728
158075,45728
91032,45728
158585,45728
265524,45728
8651,45728
102401,45727
254953,45727
124390,45726
160486,45726
192288,45726
173773,45726
180361,45726
87377,45726
75380,45726
245013,45725
230636,45725
3543,45725
248286,45725
17999,45725
97683,45725
89955,45725
194886,45725
247404,45724
268095,45724
262710,45724
143955,45724
294602,45724
261658,45724
27586,45723
3506,45723
234550,45723
48047,45723
155234,45722
6258,45722
283355,45722
186856,45722
224682,45722
231550,45721
270330,45721
284633,45721
267736,45721
104865,45721
282950,45720
183129,45720
143198,45720
260299,45720
17415,45719
279763,45719
164592,45719
209397,45719
11033,45719
40970,45718
266243,45718
232294,45718
189088,45718
252521,45717
177493,45717
51649,45717
180072,45717
46862,45716
251328,45716
287602,45716
254292,45716
251896,45716
233135,45715
280416,45715
15002,45715
213670,45715
275338,45715
248113,45715
176020,45714
270781,45714
231687,45714
164267,45714
254125,45714
244569,45713
141169,45713
8477,45712
286111,45712
7303,45712
115879,45711
38400,45711
169660,45711
936,45711
193128,45711
148043,45711
287112,45711
237391,45711
181227,45711
195739,45711
128473,45711
86170,45710
38684,45710
211938,45710
246084,45710
72876,45709
105496,45708
48933,45708
130408,45708
195159,45708
270433,45708
222074,45707
284789,45707
287238,45707
241389,45707
109541,45707
132791,45706
27052,45706
270998,45706
121418,45706
237371,45706
282693,45705
205017,45705
80673,45705
24975,45705
279026,45705
240125,45705
2933,45705
13464,45704
130671,45704
204004,45703
215227,45703
135096,45703
230777,45703
217386,45702
199213,45702
265603,45702
92164,45702
261236,45702
271840,45701
162420,45701
285838,45700
97663,45700
230041,45700
215401,45700
294978,45699
274027,45699
175310,45699
224699,45699
75336,45699
278697,45699
201644,45699
155847,45699
288689,45699
234278,45699
126634,45698
263621,45698
252608,45698
74950,45697
192156,45697
211171,45697
259642,45696
276286,45696
224087,45696
251147,45696
295986,45696
4325,45696
127799,45695
78221,45694
39478,45694
234890,45694
238169,45694
227275,45693
42361,45693
201975,45693
201494,45692
24426,45692
266559,45692
22670,45692
121310,45692
260773,45692
80534,45692
59008,45692
266225,45692
18387,45691
143791,45691
42335,45690
43921,45690
180085,45690
155998,45690
151743,45689
265980,45689
169078,45689
50121,45689
28263,45689
48581,45689
231706,45688
160577,45688
245967,45688
142610,45688
149896,45687
63709,45687
277159,45687
78993,45687
136969,45687
9148,45687
138565,45687
156823,45687
262872,45687
14291,45686
58632,45686
209399,45686
234560,45686
209527,45686
68997,45686
207453,45686
247608,45686
32614,45685
210690,45685
102202,45685
271087,45685
275558,45685
158497,45685
111187,45684
147707,45684
186260,45684
190398,45684
168535,45684
1586,45684
248560,45683
99893,45683
230071,45683
57097,45683
133904,45683
75122,45683
259674,45683
266181,45683
89922,45683
240266,45682
186666,45682
40497,45682
274273,45682
34373,45681
109665,45681
38812,45681
267591,45681
106931,45681
131854,45680
38447,45680
179960,45680
86551,45680
133490,45679
164650,45679
236223,45679
152558,45679
100492,45678
151483,45678
143338,45678
2018,45678
277623,45677
1654,45677
160400,45677
266594,45677
196333,45677
101242,45677
293422,45677
175068,45677
199737,45676
271411,45676
175104,45676
269650,45675
118694,45675
167004,45675
79876,45674
131637,45674
286072,45674
222485,45674
175865,45674
180020,45674
193070,45673
194204,45673
220749,45673
113117,45673
153140,45673
287149,45672
240042,45672
291015,45672
129729,45672
295448,45671
210883,45671
189261,45671
275424,45671
160297,45671
46654,45670
49674,45670
38155,45670
247672,45670
195348,45670
271045,45670
206385,45670
148700,45670
275301,45670
55713,45670
258074,45669
171044,45669
149062,45669
34640,45669
62765,45669
145594,45669
65197,45669
10766,45669
60848,45668
27572,45668
6021,45668
218926,45668
165380,45668
258641,45668
19063,45668
204843,45668
190932,45668
275318,45667
83579,45666
219625,45666
250601,45666
112891,45666
221289,45666
273256,45666
220390,45665
268691,45665
256011,45665
168529,45664
230762,45664
90441,45664
245348,45664
233643,45664
180742,45664
224274,45664
190547,45664
260913,45664
250921,45663
97992,45663
25981,45663
56432,45662
249460,45662
48756,45662
240170,45662
7184,45662
191293,45661
284475,45661
293807,45660
20217,45660
159856,45659
191974,45659
168106,45659
174520,45659
130951,45659
121717,45659
138326,45659
82285,45658
228897,45658
183335,45658
182658,45658
108363,45658
138130,45658
97660,45658
82642,45658
243746,45657
183927,45657
84705,45657
113516,45657
84300,45657
243391,45657
269074,45656
53608,45656
201955,45656
3436,45656
285240,45656
267598,45656
282271,45656
282005,45656
121554,45656
229893,45655
147630,45655
288298,45655
89967,45655
250533,45655
224349,45655
275355,45655
273982,45655
254088,45655
275681,45654
141321,45654
149244,45654
200698,45654
287821,45654
262156,45654
119030,45653
174260,45653
161996,45653
110377,45653
55240,45653
177296,45653
242575,45652
255004,45652
14419,45652
154565,45652
211432,45651
63129,45651
131054,45651
233295,45651
8524,45651
227936,45651
145118,45651
242231,45650
14019,45650
92706,45650
13745,45650
182371,45649
292176,45649
161525,45649
52732,45649
188617,45649
88117,45649
117909,45649
197656,45649
53091,45649
19497,45649
222570,45648
103031,45648
268955,45648
133594,45648
265362,45648
152665,45648
235446,45647
20359,45647
1871,45647
76449,45647
192873,45647
264760,45647
16244,45647
237224,45647
102111,45646
294974,45646
100937,45646
296257,45645
206642,45645
41670,45645
157057,45645
148009,45645
205717,45645
257000,45644
13846,45644
156159,45643
184555,45643
187284,45643
1942,45643
110578,45643
108384,45643
111384,45643
121436,45642
277293,45642
269290,45642
2291,45642
234169,45642
57811,45642
80317,45641
187530,45641
20053,45641
192543,45641
162324,45641
216260,45640
17165,45639
210286,45639
21211,45639
20619,45639
184086,45639
158035,45639
164446,45639
248199,45639
25372,45638
92512,45638
13878,45638
53046,45638
47093,45638
251581,45638
256669,45638
144899,45638
101354,45637
253256,45637
233685,45637
292963,45637
206326,45637
152089,45636
265782,45636
290055,45636
173941,45635
91947,45635
71539,45635
116071,45635
257084,45635
250738,45635
76315,45635
260984,45635
68922,45635
237700,45634
285425,45634
240269,45634
111117,45634
289106,45634
38162,45633
252483,45633
234240,45633
191803,45633
185320,45633
99146,45632
235323,45632
151660,45632
59728,45631
97561,45631
232026,45631
222410,45631
208690,45631
241358,45631
226900,45631
252291,45630
197078,45630
253622,45630
136479,45630
247052,45630
206364,45630
163020,45629
242220,45629
66822,45628
89031,45628
233755,45628
141206,45628
9331,45628
28440,45628
262864,45628
25490,45628
223841,45628
204220,45628
125404,45628
265109,45628
117813,45627
26944,45627
293654,45627
211020,45627
223643,45626
259631,45626
95589,45626
275256,45626
278794,45626
285808,45626
239467,45626
238543,45625
102540,45625
285323,45625
148762,45625
20613,45625
261220,45625
122545,45624
255443,45624
132833,45624
25688,45624
215377,45623
290457,45623
239896,45623
110836,45623
107979,45623
108559,45623
239050,45623
14002,45622
261585,45622
212734,45622
267290,45622
100186,45622
159217,45622
275699,45622
218751,45622
213484,45621
269669,45621
236206,45620
178884,45620
185670,45620
259181,45620
261614,45620
240910,45620
146164,45619
146358,45619
247474,45619
269944,45619
246785,45619
274635,45619
93072,45618
83973,45618
292840,45618
6919,45617
184489,45617
209361,45617
45022,45617
205258,45616
192113,45616
4381,45616
257348,45616
199507,45615
134008,45615
5378,45615
248470,45615
213261,45615
248094,45615
253720,45615
260079,45614
125080,45614
145678,45614
8390,45614
294653,45614
194034,45614
285315,45614
257991,45613
31407,45613
98593,45613
150278,45613
179892,45613
216060,45613
147940,45612
241309,45612
217717,45612
251104,45612
93905,45612
287573,45612
22693,45611
281234,45611
295196,45611
269999,45611
243925,45611
230741,45611
5127,45611
218408,45611
193321,45611
208960,45611
27635,45611
16947,45611
169484,45610
247371,45610
268350,45610
8947,45609
112900,45609
225846,45609
227530,45609
261411,45609
103980,45609
233808,45609
295147,45609
139278,45608
167046,45608
119842,45608
291148,45608
1583,45608
146041,45608
154083,45608
137286,45607
261613,45607
129813,45607
353,45607
35254,45607
61123,45607
188599,45606
65785,45606
198976,45605
104502,45605
196758,45605
72286,45605
276088,45605
173723,45605
287240,45604
195636,45604
220121,45604
38125,45604
136350,45604
212618,45604
261865,45604
281328,45603
146113,45603
262823,45603
63697,45603
12909,45603
296043,45603
254104,45603
50767,45603
207349,45603
128477,45602
77630,45602
122282,45602
101008,45602
276942,45602
182543,45602
114883,45601
291617,45601
223811,45601
246002,45600
248195,45600
144077,45600
38240,45600
109114,45600
214520,45600
257463,45600
10379,45599
243517,45599
4094,45599
150087,45599
213022,45599
13332,45599
211046,45599
227787,45598
172709,45598
271437,45598
241144,45598
3239,45598
189384,45598
53812,45598
292815,45598
229063,45597
195607,45597
32263,45597
250681,45597
294057,45597
202908,45596
71441,45596
286897,45596
144670,45595
228921,45595
196248,45594
209246,45594
257030,45594
38935,45594
272361,45593
166683,45593
243185,45593
109448,45593
148259,45593
293066,45593
250879,45592
63818,45592
9596,45592
249700,45592
85658,45592
263946,45592
257893,45592
227066,45591
36543,45591
253435,45591
200743,45591
45405,45590
76719,45590
276911,45590
192894,45590
28821,45590
17031,45589
52969,45589
188494,45589
69095,45589
54188,45589
187319,45589
192866,45589
288903,45589
151832,45588
138707,45588
182110,45588
191579,45588
110552,45587
18558,45587
238482,45587
225569,45587
274397,45587
23005,45587
282806,45586
285664,45586
290754,45586
194556,45586
261227,45585
105582,45585
195425,45585
260003,45585
80881,45584
18627,45584
157324,45584
29853,45584
192571,45584
273664,45583
174264,45583
259005,45583
271068,45583
202288,45582
250843,45582
12399,45582
291371,45582
102744,45582
221303,45582
95380,45582
6030,45582
287700,45581
83097,45581
288088,45581
186005,45581
61749,45581
249328,45580
126954,45580
263675,45580
288628,45580
142839,45580
204106,45580
11092,45579
142901,45579
94129,45579
271872,45579
294966,45579
285509,45578
218317,45578
165512,45578
237592,45578
117695,45578
291691,45578
246192,45578
812,45578
168397,45578
271455,45578
288208,45578
59313,45577
165943,45577
281648,45577
131370,45577
140251,45577
260475,45577
197508,45577
236492,45577
217684,45576
289993,45576
276561,45576
99382,45576
55664,45576
48597,45576
70602,45575
251055,45575
237892,45575
180430,45575
281292,45575
201032,45575
207863,45574
262596,45574
247415,45574
149207,45573
155888,45573
269840,45572
245121,45572
39816,45571
36343,45571
155857,45571
245927,45571
71695,45571
216213,45571
21734,45570
244549,45570
173068,45570
224719,45570
1831,45570
268888,45570
200586,45569
220273,45569
221933,45569
53397,45569
285971,45569
207637,45569
140495,45569
17906,45569
6312,45569
292436,45569
216903,45568
148906,45568
41112,45568
234014,45568
13148,45568
236047,45568
124034,45568
168731,45567
13335,45567
50603,45567
187674,45567
178363,45567
243763,45567
178248,45567
142163,45567
148234,45566
61421,45566
288624,45566
164459,45566
228719,45566
142496,45566
273265,45565
227380,45565
215697,45565
41885,45565
276471,45565
81153,45565
194883,45565
140446,45565
54366,45564
192969,45564
111146,45563
279683,45563
109596,45563
263615,45563
224466,45563
245683,45563
269258,45563
119611,45562
287529,45562
157781,45562
38629,45561
243297,45561
274769,45561
125435,45560
250108,45560
240045,45560
260810,45560
181744,45559
295478,45559
29069,45559
105319,45559
212859,45559
156234,45559
227857,45558
225399,45558
269724,45558
78775,45557
17890,45557
219022,45557
248931,45557
265149,45557
107012,45557
247239,45557
279310,45557
172465,45556
62675,45556
104732,45556
256483,45556
48469,45556
46127,45555
37369,45555
199483,45555
140703,45555
292190,45555
235033,45555
296618,45555
30235,45554
192342,45554
157707,45554
235135,45554
268933,45554
262846,45553
45477,45553
677,45553
148547,45553
3746,45553
280115,45553
91387,45552
109551,45552
274854,45552
135459,45552
178428,45551
191135,45551
279713,45551
244169,45551
167848,45551
283028,45550
244739,45550
123839,45550
184428,45550
275656,45550
290693,45549
183888,45549
30216,45549
226084,45548
278046,45548
291661,45548
272240,45548
85753,45548
266369,45548
1266,45548
189395,45548
68575,45547
169537,45547
9928,45547
231859,45546
7227,45546
151401,45546
135249,45546
26373,45546
124937,45546
273156,45545
161977,45545
210130,45545
288351,45544
76796,45544
53158,45544
222539,45544
133173,45543
154347,45543
248252,45543
284817,45543
53679,45543
288944,45543
113378,45542
17992,45542
185024,45542
199049,45542
101063,45542
5324,45542
18228,45542
187922,45541
76159,45541
172800,45541
249831,45541
274986,45541
220395,45541
201070,45541
267859,45540
243448,45540
235815,45540
211112,45540
192594,45540
174624,45540
3701,45540
284748,45540
1030,45540
241621,45540
248377,45540
263913,45540
142555,45540
61244,45539
241347,45539
89786,45539
277082,45539
200862,45539
184819,45539
274973,45539
137236,45538
55999,45538
217203,45538
288807,45538
270039,45538
218213,45537
261201,45537
202912,45537
214334,45537
153400,45537
16306,45537
199972,45537
1545,45537
6058,45536
198846,45536
188624,45536
260302,45536
214858,45536
274260,45535
255243,45535
111800,45535
115946,45535
100756,45535
37002,45535
78808,45535
128520,45535
126193,45535
159562,45534
191259,45534
212217,45534
228316,45534
3409,45534
77934,45534
3429,45534
223166,45534
226189,45534
1158,45534
131648,45534
41619,45533
101460,45533
155447,45533
174448,45533
229259,45532
258897,45532
122334,45532
1552,45532
245480,45532
107844,45532
234648,45532
5507,45532
282767,45532
272489,45532
100354,45531
247374,45531
223018,45531
64441,45530
96580,45530
23391,45530
227120,45530
270302,45530
176941,45530
187041,45530
102668,45529
161709,45529
197762,45529
37744,45529
147890,45529
182709,45529
82705,45529
256629,45529
186292,45529
260294,45529
259231,45528
107532,45528
279594,45528
263077,45528
150968,45528
256628,45528
177605,45528
209323,45528
292886,45527
229078,45527
282228,45527
98249,45527
249614,45527
114748,45527
255122,45527
179372,45526
206163,45526
26514,45526
121429,45526
116613,45526
279651,45526
205178,45526
111509,45526
295501,45525
224448,45525
152879,45525
278799,45524
244345,45523
232751,45523
127781,45523
