259450,100000
12480,51683
290923,49857
277564,49434
253895,49212
132535,49131
84022,49128
254934,49080
236227,49034
224810,49016
285053,49001
276281,48985
139892,48973
259469,48955
127671,48916
269415,48886
255408,48866
122292,48857
215387,48832
166953,48819
125790,48754
197206,48684
260892,48683
288763,48679
26027,48677
206562,48669
183586,48606
192131,48586
176125,48586
295547,48543
147470,48510
282407,48509
235390,48493
287481,48491
96266,48485
267960,48482
212350,48463
173283,48432
207809,48432
296249,48423
151719,48422
165092,48419
281046,48406
112665,48397
244997,48394
180422,48389
258015,48388
224357,48382
207316,48371
278324,48367
199268,48358
238800,48356
135458,48354
236155,48354
148228,48353
122051,48350
112364,48349
213572,48346
291276,48342
261776,48326
260422,48321
295607,48319
291189,48312
248420,48311
178815,48306
189129,48292
225777,48285
259202,48282
253663,48280
273095,48256
284610,48253
261293,48241
226883,48233
250103,48226
56870,48222
162034,48210
274789,48200
9543,48195
251336,48193
186631,48191
211807,48186
268431,48186
147041,48182
245128,48175
253928,48167
211180,48166
271691,48164
69773,48163
147270,48157
158542,48142
150320,48141
286945,48131
183169,48128
295984,48123
294656,48119
219708,48115
274403,48109
287384,48108
281457,48104
186173,48103
201194,48095
238574,48092
190332,48086
201228,48083
249150,48079
288306,48065
272283,48065
226366,48064
219838,48058
213071,48054
252349,48053
291521,48046
288011,48042
130249,48038
222064,48037
290255,48030
154753,48029
91802,48028
224109,48021
283633,48019
241544,48014
165991,48003
239712,48003
246523,48000
235576,47980
175665,47980
267238,47965
248412,47963
241996,47960
109140,47948
217676,47942
286869,47940
282554,47937
231638,47934
252689,47931
253839,47930
225465,47928
237750,47924
66338,47922
295174,47920
245196,47918
210654,47917
268654,47914
94066,47913
61655,47912
256555,47905
219051,47896
277734,47891
240232,47888
269984,47879
172624,47876
209423,47874
198511,47872
221734,47872
273983,47864
293501,47864
234150,47845
87555,47845
229483,47840
161026,47839
241430,47839
267881,47839
226828,47838
282996,47836
51613,47834
276741,47833
282919,47832
192371,47824
290590,47818
206068,47815
188112,47815
158937,47814
259079,47812
238480,47805
200222,47803
270388,47788
135020,47787
218683,47782
208856,47781
202773,47781
33381,47779
145737,47777
252399,47776
98492,47775
153549,47773
296388,47768
295831,47767
37507,47764
116421,47758
275533,47758
197312,47757
282062,47753
256009,47752
144989,47749
260266,47747
211126,47739
110411,47726
276373,47721
198018,47717
155,47715
123476,47700
242510,47698
37822,47698
283801,47689
286925,47689
186650,47682
206479,47680
212693,47678
241836,47671
258416,47670
243050,47670
211776,47669
183663,47666
162823,47664
264189,47659
228823,47658
174609,47655
153286,47652
245997,47652
166088,47646
221183,47644
64847,47644
140081,47643
277974,47643
204719,47640
145090,47636
294360,47635
250030,47635
274392,47632
134643,47630
264050,47629
281656,47627
135263,47627
279730,47625
240289,47622
264217,47622
266057,47615
242772,47615
224775,47615
183055,47614
198803,47606
218557,47606
84368,47606
243490,47603
262742,47603
283352,47600
257662,47597
75101,47595
174784,47593
171569,47586
280993,47584
279880,47582
200479,47577
293672,47576
216337,47573
295791,47572
232638,47568
238880,47563
278721,47563
290014,47562
215400,47560
292903,47558
269514,47556
260683,47551
278136,47546
81242,47543
218416,47540
286906,47539
278847,47537
287141,47536
219052,47534
70051,47531
157917,47523
139984,47520
287388,47519
97944,47515
137300,47512
126995,47508
158008,47504
163136,47503
196874,47503
265534,47502
211814,47494
11633,47490
211172,47490
265422,47488
208968,47487
280477,47486
97706,47481
236475,47479
108957,47477
137262,47477
292811,47474
239889,47473
227798,47472
261398,47471
188269,47469
237164,47466
286175,47465
188604,47465
136880,47465
20803,47462
176571,47460
39414,47460
269437,47459
278793,47458
124529,47457
265136,47455
282790,47452
165685,47449
214477,47445
219075,47443
230450,47441
213374,47441
225339,47440
245127,47435
163430,47435
271595,47433
280278,47430
20578,47427
109729,47427
105977,47426
50980,47425
169444,47424
280875,47424
228151,47419
157910,47417
192147,47416
64350,47416
91744,47411
253635,47407
242266,47406
264379,47406
190919,47406
112515,47404
167964,47399
14737,47399
156326,47396
146186,47396
192924,47393
199676,47387
82889,47386
237169,47381
229416,47378
290417,47373
293259,47372
220118,47372
270284,47370
192836,47368
249500,47368
228015,47367
103050,47365
192688,47363
227279,47362
255519,47361
82581,47361
251307,47359
296118,47356
284746,47355
240216,47352
215508,47351
141316,47350
124296,47346
268123,47343
269935,47341
281007,47341
198695,47341
218298,47341
281564,47339
147288,47339
80544,47337
67581,47337
49653,47335
81684,47333
230137,47332
35901,47332
284932,47326
289636,47321
220527,47321
97383,47320
228165,47318
212228,47318
252971,47317
236693,47316
191755,47315
188521,47315
261512,47312
284915,47311
44364,47311
213875,47311
81056,47311
229662,47309
224520,47308
49759,47307
84066,47307
146002,47307
117959,47305
265595,47305
276054,47304
261759,47304
193546,47301
218698,47296
21692,47293
75124,47291
263722,47291
223888,47290
294133,47288
95755,47282
226971,47282
296561,47281
286171,47281
96786,47275
133506,47274
227314,47274
242589,47268
282259,47265
246422,47265
268970,47263
286088,47263
295877,47263
271371,47261
154341,47261
62848,47261
232235,47259
287848,47259
240346,47256
245462,47255
281666,47253
131486,47253
277943,47252
239708,47249
242890,47249
242566,47248
214763,47248
231140,47247
248462,47246
113004,47246
202940,47244
274475,47242
291652,47238
275336,47237
185922,47237
195542,47237
223234,47237
185952,47236
235171,47235
253497,47235
295461,47234
296158,47233
217639,47233
287922,47233
276579,47231
239732,47229
202048,47229
266897,47229
276672,47224
240195,47224
180203,47223
279696,47221
254101,47221
229717,47221
177085,47220
42154,47216
210701,47215
254370,47214
48966,47213
282501,47211
242622,47211
245262,47208
141474,47208
252772,47208
283663,47207
266889,47205
287981,47203
114634,47203
292900,47202
269834,47200
59710,47199
240649,47199
295048,47198
232036,47198
278908,47196
217736,47195
261880,47195
27313,47192
139232,47189
228616,47189
265217,47188
260245,47188
253102,47188
173484,47186
84086,47186
117752,47185
253282,47183
252598,47182
219933,47180
282063,47180
190867,47174
220465,47173
167787,47173
110472,47170
59679,47168
216078,47164
196050,47164
180452,47162
271835,47153
228373,47152
236355,47149
284955,47147
102843,47146
230851,47145
275756,47143
106353,47142
169727,47141
183654,47140
283516,47139
255914,47139
146940,47139
264930,47135
294618,47135
241052,47135
17194,47135
181266,47133
14540,47133
184737,47133
212149,47130
217111,47123
77716,47122
287819,47122
257151,47121
227445,47121
195416,47120
169981,47120
130615,47118
242670,47117
280476,47117
145532,47113
262060,47111
201222,47109
284245,47109
37597,47108
295453,47105
221320,47104
176943,47104
259452,47104
287784,47103
252163,47103
285678,47103
124744,47102
28070,47101
187165,47101
263463,47101
272985,47101
229630,47100
290574,47099
100938,47098
139831,47095
237474,47095
11754,47094
183047,47092
267322,47092
285140,47091
228820,47090
209931,47089
270246,47089
290939,47089
240117,47088
224195,47088
190387,47087
35074,47086
244303,47086
278544,47082
220940,47081
228879,47081
208152,47080
289760,47077
244144,47076
294366,47075
280832,47075
175193,47075
199038,47075
138233,47073
223208,47073
163481,47072
105238,47071
261980,47071
241004,47071
221872,47071
277391,47069
212891,47069
200255,47068
179966,47067
243622,47066
40060,47064
217530,47060
6232,47058
198895,47056
147983,47055
46686,47054
125748,47054
267625,47053
179530,47053
66214,47048
282524,47048
271837,47048
221509,47048
226622,47047
176732,47046
270808,47045
216751,47045
250718,47045
207914,47042
228722,47041
295731,47041
259367,47040
152,47039
166160,47038
167143,47037
223225,47036
149261,47035
35717,47033
2166,47033
248230,47031
184074,47031
244764,47029
139130,47029
266445,47028
287018,47028
271397,47027
212456,47027
184481,47027
165416,47026
154656,47026
205094,47026
293237,47025
254343,47025
296560,47023
13567,47022
40293,47022
230571,47021
129227,47021
234217,47020
101051,47019
72017,47018
80737,47017
181421,47016
223983,47015
285882,47015
290697,47013
152254,47012
209760,47011
219188,47011
121550,47010
169010,47010
211421,47007
197810,47007
270584,47007
72656,47007
265492,47007
225140,47007
134162,47006
180132,47004
155516,47002
173237,47001
218798,46999
274045,46999
250294,46998
282434,46997
218130,46996
191130,46996
186526,46996
196417,46995
263919,46994
263711,46994
106342,46993
206829,46992
270442,46992
149496,46991
205360,46991
286872,46990
224561,46989
255165,46987
216405,46985
256723,46984
252409,46983
127977,46982
267902,46982
171082,46982
131498,46982
124978,46981
173205,46981
215963,46980
8010,46979
290064,46978
46689,46978
199957,46977
293470,46976
243461,46976
243091,46974
213141,46973
237771,46973
228059,46973
74544,46973
254977,46973
257332,46973
60957,46973
177936,46972
272844,46972
169382,46972
268420,46972
140099,46971
177207,46971
187959,46970
201491,46970
198418,46968
290181,46968
178795,46967
185621,46964
249188,46962
270938,46962
210384,46962
188448,46962
188355,46961
211085,46961
183074,46960
166945,46960
192815,46960
266390,46959
3590,46958
179462,46958
261857,46957
125051,46957
190403,46957
151631,46957
254678,46957
295698,46955
219337,46955
259269,46954
290171,46953
147938,46952
77817,46952
260944,46951
266407,46951
293145,46951
141538,46951
177614,46951
278448,46950
206407,46949
278882,46949
243320,46949
175796,46948
239244,46947
181072,46947
167604,46946
135812,46946
131873,46946
145862,46946
209955,46945
247972,46945
266709,46945
281994,46945
111916,46945
183424,46944
161285,46944
285677,46944
173836,46942
222628,46941
188105,46941
240678,46940
158897,46939
230003,46937
225297,46936
213308,46935
281221,46934
86446,46934
245973,46933
106757,46929
246894,46928
5252,46927
111228,46926
250048,46925
189361,46922
237523,46922
276183,46921
279658,46921
251682,46920
227844,46919
204270,46918
207883,46918
91064,46917
219164,46917
282009,46917
240236,46916
286761,46915
286226,46914
111426,46914
91227,46914
280624,46913
95997,46912
152778,46911
14531,46910
293917,46910
109207,46909
120126,46909
287788,46908
153647,46907
276677,46907
265597,46907
203172,46905
151128,46905
148548,46905
241463,46904
183604,46904
38186,46904
201074,46903
39876,46903
287286,46901
183072,46901
227342,46901
214491,46900
95374,46900
224966,46900
288842,46900
250813,46900
177241,46899
94418,46899
8073,46898
204742,46895
256812,46895
128181,46895
291448,46895
206311,46895
254803,46895
207688,46894
277665,46893
53095,46892
285754,46892
248424,46892
277702,46892
228171,46891
277315,46891
190684,46889
198456,46889
117988,46889
175290,46887
239011,46886
203335,46886
186538,46886
101716,46883
10918,46883
120245,46883
270088,46881
290787,46881
249248,46880
263543,46880
78306,46880
64532,46879
177853,46878
287933,46877
40921,46876
287331,46876
237097,46876
242844,46876
226474,46874
99808,46874
124455,46874
283729,46874
237374,46873
223317,46873
263726,46872
78264,46872
242026,46871
266288,46871
4477,46870
272758,46869
122269,46869
278156,46867
151600,46867
191483,46867
262886,46866
225790,46866
115837,46863
169677,46863
145887,46862
167258,46862
282077,46862
263699,46861
83129,46861
280120,46861
268894,46859
133107,46858
143805,46856
294942,46855
256271,46855
144316,46855
93314,46854
231611,46854
271463,46854
295372,46853
234324,46852
200266,46852
282939,46852
32772,46851
172565,46850
126331,46850
289032,46850
294152,46849
229521,46849
254886,46849
237521,46849
215075,46848
275716,46848
189317,46848
290409,46845
291024,46844
174637,46844
222420,46844
152059,46843
94444,46843
237619,46842
234443,46842
29084,46842
109217,46842
255355,46840
258190,46839
193559,46838
108272,46837
262932,46836
162536,46835
262323,46835
260732,46834
219739,46834
295255,46834
3263,46832
288513,46831
147497,46830
235368,46830
163208,46830
264761,46829
253186,46829
148075,46829
89771,46828
21244,46827
282666,46827
116101,46827
229056,46826
235403,46826
152120,46826
220799,46825
220025,46825
183292,46824
205296,46824
198064,46823
171961,46822
267301,46822
278476,46822
80371,46822
209431,46820
26264,46820
155862,46820
129907,46820
247792,46820
204180,46818
261597,46818
275465,46818
122361,46818
173378,46817
51365,46817
33042,46817
197295,46816
93440,46815
203108,46814
147367,46814
148118,46813
121515,46813
275644,46813
155389,46812
210927,46811
165068,46811
31156,46810
232887,46809
119637,46809
239184,46807
285232,46806
129079,46806
274448,46806
228980,46806
267533,46805
181536,46805
258833,46805
65319,46805
176094,46804
269338,46803
92934,46803
69183,46802
144567,46802
248525,46802
164520,46801
138124,46801
158616,46801
88007,46800
63355,46799
293968,46799
183904,46799
199134,46798
228575,46798
283892,46797
274857,46796
263030,46795
161785,46795
232206,46794
169130,46794
262705,46793
116320,46793
235021,46792
99996,46790
82881,46789
220941,46789
234383,46789
207595,46787
284567,46787
142580,46787
194008,46784
282751,46783
275792,46782
177095,46781
236795,46781
231805,46781
170418,46779
204685,46779
211993,46779
147557,46779
286799,46778
135075,46778
144044,46777
88777,46776
255180,46776
293992,46775
293669,46774
176588,46774
263559,46774
278386,46774
45611,46773
132148,46773
262396,46772
283539,46771
213405,46771
241734,46771
253306,46769
268258,46768
230509,46768
191024,46767
56089,46765
33463,46765
244465,46765
63477,46764
170222,46764
15023,46764
236821,46764
272275,46763
209987,46762
123312,46762
253551,46759
290648,46759
222872,46757
88716,46757
20609,46757
267606,46757
228620,46756
221268,46756
276427,46755
251747,46755
165492,46755
123650,46755
221491,46755
292908,46753
255532,46753
237767,46751
202894,46751
98712,46751
168095,46751
75193,46750
246146,46750
192524,46749
198438,46748
250036,46748
29153,46748
277183,46748
16563,46747
292708,46746
207260,46746
141002,46745
237215,46745
271609,46745
262285,46744
167544,46744
209911,46743
103278,46743
186329,46743
265741,46743
79783,46743
210802,46742
294243,46741
186725,46741
295976,46740
173173,46739
288524,46739
286141,46737
137311,46737
244953,46737
136334,46736
213836,46736
134956,46736
56320,46735
280380,46734
180479,46734
264291,46733
257311,46733
148504,46733
162910,46732
232264,46732
244379,46732
278041,46732
159143,46731
162352,46731
259205,46731
77065,46730
192762,46730
268559,46730
272782,46729
29219,46729
225160,46728
242243,46728
159704,46728
292790,46727
187971,46727
180895,46727
209388,46726
189439,46726
212577,46726
169389,46725
248161,46725
187143,46724
37420,46724
235642,46724
281881,46723
178046,46723
261156,46723
294976,46722
251644,46722
109833,46722
36061,46722
166067,46720
235103,46720
24688,46719
9181,46719
151066,46719
109804,46718
248147,46718
278528,46718
157202,46718
14152,46717
55640,46717
208820,46717
281309,46717
222664,46716
192658,46716
273786,46715
260383,46715
264134,46713
208594,46713
265732,46713
13915,46712
295622,46711
251993,46711
269286,46711
43833,46710
6280,46708
268749,46708
129272,46708
143782,46707
268031,46706
104652,46706
273349,46705
49933,46705
35560,46702
93780,46701
181338,46701
170925,46701
136412,46701
85028,46699
148125,46699
274207,46699
39724,46698
198296,46698
269826,46698
49544,46697
137150,46696
134320,46696
124568,46696
222717,46696
23113,46695
272104,46695
100065,46695
21891,46695
96222,46694
231701,46694
270912,46694
20995,46692
249602,46692
90775,46692
75484,46691
1973,46691
277213,46691
198048,46690
42793,46690
179928,46690
43244,46689
205126,46689
179209,46688
205567,46688
226688,46687
264493,46687
264772,46686
271138,46686
203957,46686
161340,46685
290270,46685
180256,46685
291630,46683
284037,46683
272749,46682
199267,46681
167534,46681
251925,46680
265643,46679
225328,46679
63469,46679
155553,46679
296212,46678
179734,46678
106991,46678
49282,46678
282966,46677
231025,46677
288839,46676
150158,46675
244298,46674
6566,46674
213341,46674
29734,46674
248851,46674
120224,46673
87695,46673
163194,46673
96982,46672
258823,46672
17564,46672
179950,46672
116167,46671
255882,46671
116196,46671
293399,46670
286471,46670
281759,46669
222593,46669
17017,46669
290769,46668
240657,46667
3432,46666
171799,46666
256313,46666
105786,46665
224573,46665
258851,46665
220673,46664
150899,46664
185012,46664
247231,46664
268630,46663
284503,46663
172445,46661
185586,46661
268669,46661
68228,46661
120300,46660
51102,46660
256771,46659
278739,46659
285016,46659
205723,46658
103403,46658
282648,46658
288821,46658
37505,46657
167393,46657
44153,46657
54955,46656
163190,46655
160347,46655
280132,46654
32310,46654
158211,46653
237679,46653
280273,46653
250167,46651
25787,46650
132039,46649
285440,46649
220123,46649
204526,46649
219755,46648
247894,46647
207804,46647
267431,46647
199838,46647
147803,46647
289556,46646
240875,46645
25514,46645
168801,46645
181128,46643
242151,46643
244240,46643
276147,46643
289501,46642
17429,46642
89461,46642
229931,46641
223098,46641
294138,46641
81578,46641
226102,46641
283906,46640
290400,46640
274563,46640
20082,46640
135181,46640
89585,46638
198150,46638
24569,46637
26892,46637
30659,46637
143651,46636
134608,46636
270849,46636
175554,46635
271121,46635
166102,46633
262907,46631
156378,46631
221759,46631
287389,46631
292222,46631
123352,46631
47296,46631
118133,46631
225368,46630
280359,46629
205995,46629
233660,46629
150163,46629
81611,46628
226309,46628
44645,46628
64482,46628
76324,46627
213891,46627
210194,46627
239378,46626
261114,46626
174942,46626
110194,46625
231469,46625
242120,46625
140276,46624
213068,46624
254772,46624
134391,46624
280599,46623
123935,46623
260636,46623
179304,46623
116170,46623
268405,46622
258141,46622
274377,46622
41763,46622
210162,46621
142302,46621
17409,46621
216064,46621
115733,46621
177179,46620
80432,46620
255354,46619
16079,46619
283827,46619
63384,46618
56571,46618
102508,46617
137617,46617
197147,46617
238128,46616
261704,46616
136973,46615
223603,46615
192269,46614
144957,46614
172982,46614
191401,46613
44423,46613
263560,46613
59996,46613
251675,46611
183197,46611
250807,46610
106726,46609
235617,46609
52093,46608
4793,46607
269605,46607
171372,46606
78626,46606
28081,46606
256584,46606
281207,46606
125218,46605
247495,46605
175072,46604
244755,46604
12649,46604
219696,46603
14856,46603
257081,46601
179743,46601
180327,46600
251990,46600
97862,46600
50552,46600
200811,46599
286183,46598
260265,46598
140836,46598
173313,46598
267634,46598
287175,46597
290166,46597
226155,46597
172044,46597
295915,46597
141294,46596
108347,46596
245692,46596
283863,46596
214454,46595
254503,46595
71112,46594
154683,46594
38896,46593
262885,46593
121898,46593
186527,46592
204720,46592
151702,46592
189601,46591
269911,46590
235412,46590
167913,46590
115661,46589
75091,46588
243939,46588
280189,46588
186106,46588
155185,46587
103180,46587
212486,46587
275429,46587
275282,46587
43612,46586
244142,46586
197664,46586
205975,46586
7996,46585
82056,46584
239548,46584
289850,46584
228753,46584
252061,46583
274779,46582
47287,46581
264625,46581
273769,46581
118337,46581
192700,46579
39308,46579
264325,46579
46022,46578
120309,46578
165419,46578
281343,46577
231590,46577
277447,46577
65692,46577
259089,46577
14338,46577
160474,46577
177128,46577
235393,46577
135417,46577
254495,46576
282324,46576
183312,46576
7283,46575
38864,46575
251654,46575
116183,46575
104165,46574
103534,46574
238148,46574
214621,46573
234084,46573
272546,46573
287566,46573
147895,46573
133049,46572
191042,46572
137598,46572
264883,46572
208149,46571
227456,46571
281353,46571
229928,46570
70176,46570
291382,46569
113882,46569
244910,46569
261722,46569
225004,46568
244794,46568
290237,46568
290945,46568
203178,46568
73065,46566
263853,46566
142172,46566
131362,46566
240470,46565
144465,46565
251346,46565
236585,46565
30133,46565
191915,46564
201600,46564
270026,46563
229495,46562
295435,46562
261286,46562
271033,46562
124707,46560
150294,46559
134340,46559
111138,46558
91211,46558
143789,46557
122401,46556
176014,46556
32973,46556
237499,46556
231353,46556
280108,46556
184346,46555
33782,46555
191821,46554
230649,46554
264574,46554
239763,46553
265255,46553
187794,46553
294446,46552
233989,46552
231576,46552
133425,46552
198210,46551
209581,46550
100258,46549
197549,46549
289996,46549
286580,46548
216610,46548
251886,46548
144232,46548
90086,46547
261446,46547
292965,46546
234863,46546
235908,46546
280285,46546
165073,46545
120691,46545
218576,46545
248512,46545
277171,46545
131919,46544
175026,46544
245867,46544
75068,46544
163464,46544
229499,46544
9621,46543
241661,46543
10543,46542
271863,46542
191054,46542
43301,46541
178396,46541
277823,46540
167394,46540
153663,46539
251118,46539
124095,46539
112144,46539
208481,46538
295152,46537
174487,46537
155591,46536
258165,46536
176001,46536
248358,46536
287107,46535
204689,46535
283946,46534
227384,46534
179359,46534
280417,46534
25068,46534
270018,46533
249653,46533
189894,46532
191822,46532
236103,46532
263676,46531
288957,46530
137641,46530
254484,46529
199834,46529
272042,46528
244720,46528
229138,46527
225035,46527
233717,46526
78390,46526
181665,46525
30081,46524
81105,46524
205793,46522
85942,46522
203297,46522
265479,46521
33374,46521
44984,46521
211955,46520
830,46520
81523,46519
210851,46519
79248,46518
214294,46518
168579,46518
52798,46518
69730,46517
113368,46517
270101,46517
116255,46515
154744,46515
195040,46515
102299,46515
241919,46513
153075,46513
127493,46512
170143,46512
216334,46512
3118,46512
221516,46511
43728,46510
265374,46509
221126,46509
131090,46509
52740,46508
266616,46508
209770,46508
200526,46508
34030,46508
224446,46507
151385,46507
210126,46507
177922,46507
219140,46507
25817,46507
51853,46506
87993,46506
273975,46506
194074,46506
7027,46505
164017,46505
236247,46504
258526,46504
258711,46504
224606,46504
187703,46503
293572,46503
227699,46503
292267,46502
215892,46502
238227,46501
66089,46500
221911,46500
269706,46500
296157,46500
171892,46500
282932,46500
126693,46500
225960,46499
193026,46499
129963,46499
184693,46498
227785,46498
163038,46497
266199,46497
288506,46497
281531,46496
202642,46496
20663,46494
167182,46494
279878,46494
94649,46494
58282,46493
206150,46493
279871,46492
193762,46492
166712,46492
228844,46492
228422,46492
233364,46492
225577,46492
83851,46492
186150,46492
210588,46491
134388,46491
158317,46491
123222,46491
257320,46489
137417,46489
160163,46489
153601,46488
90381,46488
131291,46487
245518,46487
161914,46487
71374,46487
271348,46486
248120,46486
152310,46485
166619,46485
61029,46485
267999,46484
201459,46484
195353,46484
276461,46483
66769,46483
238960,46483
208646,46483
243006,46483
158862,46483
157534,46482
24388,46482
196490,46482
90472,46482
247456,46482
168520,46480
160019,46480
289190,46480
192990,46480
237429,46479
161497,46479
139507,46479
139063,46477
2954,46477
177405,46476
284987,46476
163784,46476
205554,46475
255388,46475
20601,46475
93330,46475
214396,46475
291168,46474
230889,46473
114120,46473
223891,46473
264367,46473
187872,46472
217591,46472
221224,46472
204141,46472
185143,46472
263054,46471
197497,46470
235639,46470
212692,46470
28500,46469
20571,46469
190581,46469
273636,46469
279573,46469
205409,46468
18890,46468
291517,46467
116925,46467
161433,46467
236230,46467
281295,46466
86039,46466
211375,46465
226884,46465
230088,46465
206703,46464
233169,46463
153893,46463
73378,46463
31726,46463
264027,46462
290572,46462
252809,46462
275623,46461
257980,46461
116154,46460
158896,46460
284644,46460
188619,46460
256887,46459
231941,46459
260721,46459
241568,46458
140854,46458
115864,46457
245893,46457
218341,46457
245323,46456
283478,46456
3606,46455
253276,46455
250391,46455
12894,46455
32179,46454
245404,46454
78230,46454
15083,46453
211256,46453
164320,46453
279268,46453
216565,46453
4374,46453
181088,46452
214849,46452
166995,46452
148829,46451
253873,46451
56186,46451
189742,46451
253247,46450
121316,46450
266590,46450
163501,46450
31596,46450
120955,46448
101940,46448
15036,46448
138331,46448
184738,46447
288015,46447
233525,46447
238448,46447
177881,46446
179041,46446
130776,46446
131814,46446
64265,46446
152436,46446
237312,46446
262754,46445
142934,46445
8004,46445
137016,46444
209845,46444
294052,46444
124447,46444
206915,46444
249810,46444
55185,46444
239669,46443
272545,46443
190580,46442
189849,46441
26887,46441
234564,46441
188688,46441
106985,46441
200876,46440
243966,46440
111783,46439
296424,46439
258204,46439
180019,46439
41844,46439
146982,46439
152214,46439
249283,46439
283939,46438
250443,46438
292880,46438
97793,46437
254691,46437
231693,46436
188030,46436
174975,46435
97384,46435
192741,46434
285629,46434
152987,46433
45389,46433
221388,46433
246217,46432
243515,46432
228498,46432
138501,46432
285631,46432
273481,46432
269958,46431
238797,46431
191257,46431
215077,46431
199425,46430
230579,46430
287687,46430
165530,46430
106305,46430
294980,46430
151822,46429
70672,46429
130930,46429
239706,46429
279712,46429
38568,46428
270324,46428
128238,46428
123612,46428
117385,46427
100681,46427
268886,46427
262833,46427
95041,46427
273093,46427
288753,46427
259299,46426
125860,46426
152091,46426
208198,46425
187035,46425
175560,46425
203879,46425
101523,46425
102895,46424
158722,46424
210720,46424
231522,46424
9641,46423
216239,46423
237053,46423
130835,46423
113929,46423
264067,46422
292806,46422
121766,46422
185687,46421
119416,46421
7328,46421
14162,46421
174608,46421
224694,46421
126293,46420
201889,46420
214129,46420
135444,46420
270550,46420
249925,46420
241248,46419
40325,46418
191433,46417
258166,46417
196814,46417
146665,46417
282834,46417
176022,46416
109166,46416
239700,46415
25108,46415
120785,46415
187993,46414
167621,46414
174706,46414
119652,46414
267657,46413
284847,46413
204978,46413
216141,46413
135834,46413
207571,46413
278806,46412
256854,46411
265024,46411
291731,46411
100214,46410
154066,46410
254299,46410
200332,46410
219320,46410
215696,46409
223005,46409
228115,46409
6785,46409
189524,46408
19576,46408
242267,46408
122454,46408
220933,46408
190153,46408
287548,46407
222758,46406
91288,46406
245706,46406
290279,46406
266016,46406
266268,46405
239604,46405
132679,46405
189687,46404
277890,46404
155073,46404
77158,46403
289961,46403
96111,46403
106838,46403
206951,46402
231961,46402
63542,46402
199328,46402
281072,46401
276117,46401
223786,46401
239023,46401
216821,46400
158463,46400
267458,46400
260371,46400
168935,46399
118506,46399
69491,46399
223738,46399
204935,46399
220145,46399
271271,46399
134799,46398
173943,46398
210018,46398
174728,46398
55087,46397
69884,46397
76633,46397
286511,46397
178063,46397
190706,46396
2885,46396
150579,46395
63365,46395
240504,46395
129837,46395
222522,46395
272222,46395
145011,46394
37203,46394
250341,46394
16320,46394
245477,46394
143567,46393
135055,46393
215878,46393
225495,46393
250885,46393
122860,46393
75995,46393
237900,46393
206402,46392
263734,46392
283104,46391
45775,46391
252716,46391
231064,46391
282632,46391
170018,46390
140079,46390
232812,46390
263765,46390
289831,46389
154444,46389
95037,46389
116772,46389
280365,46389
13890,46388
230495,46388
267211,46387
192529,46387
207431,46387
267414,46387
215006,46387
10841,46387
126292,46386
235077,46386
192038,46386
29136,46386
91253,46386
180262,46386
45653,46385
168808,46385
190549,46384
279793,46384
92252,46384
295323,46383
96061,46383
189611,46383
58209,46383
239283,46382
62710,46382
232250,46382
161695,46382
218870,46382
257763,46382
115777,46382
38875,46381
128023,46380
276109,46380
295304,46380
108365,46380
50241,46380
236386,46379
204298,46379
119410,46379
261932,46379
144133,46378
8402,46378
92156,46378
139320,46378
281620,46377
38857,46377
282619,46377
121723,46377
85242,46376
290477,46375
294925,46375
182355,46375
20975,46375
271420,46375
30956,46374
123569,46374
139634,46374
288976,46374
285368,46373
220453,46372
29011,46372
180824,46371
225667,46371
291091,46371
188557,46370
187460,46370
232517,46370
197278,46370
186042,46370
168240,46370
152702,46370
231849,46370
280513,46369
291215,46369
269746,46369
268853,46369
239181,46369
292795,46369
51479,46369
80738,46369
211247,46368
145266,46367
10463,46367
184169,46367
31728,46366
80412,46366
267090,46366
288967,46366
160266,46366
288109,46366
84537,46365
175685,46365
288087,46365
211162,46365
117664,46364
82977,46364
23082,46364
253062,46363
222253,46362
142885,46362
126751,46362
243327,46361
207692,46361
107621,46361
281978,46361
226575,46361
61115,46360
84914,46360
299,46360
112687,46360
260449,46359
264594,46359
240085,46359
101251,46359
79321,46358
197552,46358
241444,46357
111306,46357
224207,46357
220413,46357
91688,46357
170198,46357
233153,46357
211656,46356
52487,46356
166275,46356
220787,46355
78784,46355
264091,46355
280538,46355
179868,46355
104357,46354
180477,46354
217764,46354
194383,46354
110900,46353
81335,46353
35884,46353
256277,46353
289199,46353
201013,46352
238783,46352
241200,46352
243166,46352
4445,46351
14926,46351
234909,46351
93686,46351
143491,46351
46745,46350
150523,46350
138613,46350
216511,46350
199359,46349
253009,46348
273738,46348
135809,46348
219730,46348
266928,46348
29502,46348
188824,46347
258025,46347
188855,46347
123511,46347
201731,46347
199680,46347
204228,46347
180426,46347
126264,46346
104705,46346
262383,46346
269160,46346
289680,46346
285854,46345
269889,46345
295375,46345
183824,46344
59535,46344
292700,46344
241887,46344
130101,46343
19106,46343
186649,46343
177360,46343
189232,46343
99707,46343
52029,46343
95580,46342
20065,46342
265331,46342
286107,46342
143561,46341
235777,46341
26895,46341
118363,46341
247840,46340
293345,46340
289753,46340
237026,46340
24708,46340
180196,46339
282036,46339
286213,46339
135486,46338
47338,46338
207735,46338
75109,46338
272251,46338
56579,46337
225265,46337
13370,46337
125627,46337
282634,46337
248375,46337
145878,46337
73143,46337
100820,46336
44650,46336
167465,46335
252189,46335
253012,46335
291754,46335
40670,46335
54431,46335
159866,46334
36065,46334
276131,46333
252063,46333
272007,46333
220915,46333
62154,46333
190281,46333
83691,46332
52599,46332
259521,46331
273041,46331
165940,46331
286191,46330
41975,46330
179815,46329
199047,46329
114616,46329
203854,46328
195770,46328
234135,46328
93892,46327
204651,46327
113753,46327
288767,46327
62687,46327
226016,46327
212993,46327
218566,46327
79232,46327
244899,46327
129624,46326
16213,46326
218103,46325
221851,46325
291742,46325
128504,46325
48762,46325
206321,46324
249102,46324
23293,46324
172376,46324
63494,46323
290689,46323
255350,46322
129120,46322
118286,46322
246051,46321
271460,46321
160097,46321
189406,46321
278163,46321
227406,46320
195999,46320
117722,46320
248932,46320
283464,46320
141975,46320
211058,46320
178989,46320
191428,46319
106830,46318
256361,46318
115790,46318
199921,46316
211516,46316
204297,46316
202864,46315
278170,46315
262897,46315
211003,46315
224264,46315
39326,46315
31725,46315
107061,46314
205571,46313
27145,46313
257201,46313
139123,46313
213003,46313
1658,46313
286461,46312
7593,46312
20764,46312
92682,46311
93111,46311
22831,46311
140590,46311
169363,46311
178692,46311
228825,46310
292519,46310
211482,46310
90209,46310
228303,46310
137512,46310
29974,46310
268203,46310
181780,46309
8256,46309
14462,46309
27454,46309
141674,46309
236731,46308
280446,46308
31503,46306
155658,46306
200430,46306
259748,46306
292727,46305
204335,46305
193178,46305
221743,46305
262413,46305
228760,46305
208461,46304
17603,46304
261568,46304
282387,46304
209912,46304
121371,46304
103126,46303
116980,46303
161119,46303
52538,46303
145640,46303
196966,46302
274909,46302
287501,46302
66001,46302
122951,46301
279555,46301
214302,46301
296238,46300
93341,46300
94197,46300
288583,46300
122883,46299
190655,46299
148343,46299
253568,46299
171981,46299
229193,46299
12235,46299
140638,46299
176598,46299
283209,46299
291746,46298
294729,46298
94192,46298
75921,46298
143985,46298
287407,46298
203550,46298
173991,46298
205910,46297
172462,46297
5687,46297
17175,46297
190611,46297
183261,46297
194504,46297
238235,46296
267762,46296
202722,46295
199841,46295
46308,46294
137715,46294
130264,46294
20219,46294
218376,46294
292940,46293
124650,46293
275405,46293
91472,46293
79073,46293
246859,46291
265533,46291
96453,46291
237905,46291
291293,46290
63378,46290
250278,46290
268317,46290
276173,46290
36737,46290
204417,46290
2772,46290
257487,46290
141527,46289
220294,46289
250318,46289
110704,46288
202284,46288
162087,46287
9512,46287
242344,46287
94354,46286
192076,46286
270155,46286
127359,46285
115212,46285
27744,46285
256981,46285
224628,46284
171340,46284
254393,46284
279155,46284
253913,46284
256589,46283
68618,46283
197481,46283
255549,46283
239152,46283
132656,46283
251322,46282
201698,46282
207332,46282
215040,46282
183740,46281
189478,46281
232943,46281
268250,46281
152780,46281
87304,46280
29944,46280
226142,46280
251255,46280
289198,46280
273356,46279
196282,46279
255221,46279
250002,46278
259770,46278
59935,46278
179362,46278
102157,46277
281492,46277
52366,46277
19565,46277
278807,46276
197375,46276
71713,46276
76358,46275
63027,46275
267885,46275
182848,46274
196254,46273
9315,46273
269791,46273
162901,46272
213435,46272
184965,46272
178382,46271
284761,46271
70926,46271
60036,46271
191901,46271
32790,46270
232838,46270
287442,46270
281065,46269
293937,46269
230958,46269
286293,46269
166982,46269
263379,46269
245377,46269
152816,46268
294101,46268
260868,46268
257033,46268
97008,46268
45272,46267
18665,46267
282393,46267
173495,46267
85755,46267
153888,46266
224251,46266
296270,46266
235763,46266
179133,46266
57737,46266
44188,46265
46425,46265
218199,46265
196597,46265
127139,46265
281068,46265
2946,46264
239247,46264
57287,46264
283333,46264
110355,46264
243395,46264
273411,46263
122519,46263
130208,46263
110375,46263
251432,46263
20688,46262
9144,46262
146872,46262
282095,46262
259804,46261
183316,46261
289246,46260
66767,46260
291172,46260
10209,46260
10808,46260
166578,46260
230303,46260
1948,46260
269583,46260
234363,46260
108089,46259
286350,46259
22324,46259
42729,46258
217985,46258
137281,46258
266730,46258
222321,46257
36275,46257
202923,46257
185251,46257
227825,46257
228449,46257
268211,46256
177533,46256
242884,46256
217307,46256
169322,46256
54104,46255
150002,46255
60877,46255
263892,46255
205109,46255
119254,46254
294865,46254
231975,46254
57344,46254
92106,46254
170132,46254
203714,46253
119325,46253
285726,46253
195243,46253
291284,46253
149429,46253
197970,46253
1164,46252
206931,46252
12715,46252
171574,46252
272876,46252
269361,46252
117992,46252
184963,46252
18534,46252
167742,46252
200528,46251
113909,46251
35311,46250
151708,46250
274768,46250
76703,46250
197327,46250
271410,46250
236599,46249
234946,46249
292499,46249
259118,46248
83537,46248
17047,46248
294947,46247
235455,46247
129721,46247
153186,46247
222833,46247
208682,46247
63528,46246
146153,46246
171546,46246
207480,46245
367,46244
221063,46244
190868,46244
78368,46244
111766,46244
107712,46244
177004,46244
111560,46244
183688,46244
205051,46244
92155,46244
50145,46243
254038,46243
197362,46243
227217,46243
255268,46243
179797,46243
235283,46243
9096,46242
223640,46242
24783,46242
131652,46242
200744,46242
259753,46242
136271,46242
227692,46242
291283,46242
278661,46241
187310,46241
257639,46241
223969,46241
249661,46240
193268,46240
12044,46240
115179,46239
108175,46239
112770,46239
71288,46239
170656,46239
281102,46239
264313,46239
273748,46239
266405,46239
242051,46238
142491,46238
69870,46238
38379,46238
152541,46238
295999,46238
56382,46237
140711,46237
199004,46237
152486,46237
168597,46237
118800,46237
151935,46236
287383,46236
52985,46236
151454,46236
284201,46235
192745,46235
189920,46235
70011,46235
151855,46235
136268,46235
180376,46234
286353,46234
165714,46234
85644,46234
200310,46233
193677,46233
273939,46233
185137,46233
252122,46233
96385,46233
182123,46233
256964,46233
263597,46233
224512,46232
242024,46232
274418,46232
239273,46232
159359,46232
179251,46232
24119,46232
136658,46231
100719,46230
13874,46230
122881,46230
166420,46230
220046,46229
253455,46229
210009,46229
271456,46228
72373,46228
202617,46228
190475,46227
287491,46227
70157,46227
219114,46227
269161,46227
209353,46227
36001,46226
204087,46226
127511,46226
198620,46226
292339,46226
286311,46225
44445,46225
168166,46225
153449,46225
210190,46224
139066,46224
287201,46224
35147,46224
235175,46224
238198,46224
294985,46224
1222,46224
174685,46223
250530,46223
187770,46223
44186,46223
201490,46223
218198,46223
213649,46223
271558,46222
231784,46222
246385,46222
131390,46221
61142,46221
67442,46221
281437,46220
259470,46220
13404,46220
85622,46220
95719,46220
287487,46220
112321,46219
175352,46219
296041,46219
208695,46219
43457,46219
233789,46219
209996,46219
46291,46219
125943,46219
175672,46218
113436,46218
179345,46218
11977,46217
293257,46217
245203,46216
214922,46216
224863,46216
199106,46216
139242,46215
174652,46215
286646,46215
247698,46215
124522,46214
194191,46214
56883,46214
177909,46213
40222,46212
216237,46212
260351,46212
224203,46212
196523,46211
161145,46211
110700,46211
146874,46211
111403,46211
111372,46210
265964,46210
88902,46210
129857,46210
275111,46210
282865,46210
243851,46209
33962,46209
165335,46209
175754,46209
244001,46209
238668,46209
142478,46209
189373,46208
190523,46208
220277,46207
289260,46207
271806,46207
262024,46207
257124,46207
233521,46206
296438,46206
49013,46206
88579,46206
292551,46206
287941,46206
185553,46206
274420,46205
108022,46205
259103,46205
253653,46204
269948,46204
279628,46203
279205,46203
243840,46203
223889,46203
162985,46202
220131,46202
261627,46202
214122,46202
229079,46202
269647,46202
215117,46202
246606,46202
155865,46201
133591,46201
273658,46201
287278,46200
1106,46200
210843,46200
126368,46200
174079,46200
26252,46200
136634,46200
165468,46200
174336,46199
181605,46199
206696,46199
206125,46199
159446,46199
87279,46199
260972,46198
97191,46198
120619,46198
17312,46198
221831,46198
258276,46198
286195,46197
64918,46197
237271,46197
185550,46197
144097,46197
258894,46196
52262,46196
147020,46196
94087,46196
37144,46196
87608,46195
109629,46195
5458,46195
135594,46195
183140,46195
7864,46195
216692,46194
151171,46194
255972,46194
281799,46194
200931,46194
280076,46194
99017,46193
88046,46193
239449,46193
248627,46193
191066,46193
290208,46192
110599,46192
121853,46192
291772,46192
237686,46191
267374,46191
168707,46191
230931,46191
64239,46191
65789,46190
160149,46190
127127,46190
7418,46189
145143,46189
276004,46188
76362,46188
173554,46188
175813,46187
132823,46187
35369,46187
121769,46187
72518,46187
292287,46187
289643,46186
155193,46186
265403,46186
193206,46186
218171,46186
156040,46186
216206,46185
121748,46185
286129,46185
256546,46184
230078,46184
201862,46184
94344,46184
77978,46184
186348,46184
290534,46184
91081,46183
276120,46183
31634,46183
289087,46182
147846,46182
255310,46181
37684,46181
153111,46181
8611,46181
196104,46181
270537,46181
235802,46181
115251,46180
239603,46180
236682,46180
269700,46180
106195,46180
141337,46179
222233,46179
282128,46179
287786,46178
234597,46178
247066,46178
180546,46178
150187,46178
177089,46178
17394,46177
266460,46177
175359,46177
286378,46177
139903,46176
267223,46176
161150,46176
253779,46176
200047,46176
89644,46176
284434,46175
182466,46175
181685,46175
201959,46175
217416,46175
201153,46175
201323,46174
213228,46174
246297,46174
124214,46173
255567,46173
157001,46173
250273,46173
152917,46173
19762,46173
169475,46173
112821,46173
147546,46172
195063,46172
218412,46172
286792,46172
289563,46172
113491,46172
237009,46172
203568,46172
55175,46172
242424,46171
227143,46171
234815,46171
267296,46170
114204,46170
200549,46169
243278,46169
174598,46169
295239,46169
112886,46169
148977,46169
201335,46168
295281,46168
159433,46168
13418,46168
56576,46167
86429,46167
43038,46167
256779,46167
266789,46167
247760,46166
285303,46166
109621,46166
243023,46166
291808,46166
17218,46165
227913,46165
288978,46165
132740,46165
54461,46164
68931,46164
208280,46164
169178,46164
23477,46163
173808,46163
267292,46163
99936,46163
216639,46163
251553,46162
218551,46162
79186,46162
223840,46162
85388,46161
190802,46161
26288,46161
72576,46161
195198,46161
87445,46160
29877,46160
168076,46160
264286,46160
14242,46160
254729,46160
252493,46160
152339,46159
168602,46159
233577,46159
226029,46159
16382,46158
24667,46158
17600,46158
245179,46158
267192,46157
273343,46157
163457,46157
133363,46157
272514,46156
270667,46156
179781,46156
119704,46156
70780,46156
157518,46156
247277,46156
245932,46155
224301,46155
155178,46155
205874,46155
108580,46154
46227,46154
224321,46154
222353,46154
121867,46154
164671,46154
170484,46153
275196,46153
207990,46153
222533,46152
262469,46152
290955,46152
167027,46152
18937,46152
208051,46151
239143,46151
250012,46151
218231,46150
105140,46150
245255,46150
208075,46150
207440,46150
283096,46149
141845,46149
41550,46149
234617,46149
212443,46149
191070,46148
91720,46148
273405,46148
274079,46148
184517,46148
182983,46148
129904,46147
181279,46147
289549,46147
158208,46147
88335,46147
294190,46146
137073,46146
248777,46146
179024,46146
234118,46146
210305,46145
25298,46145
222219,46145
159736,46145
73255,46145
131976,46145
262688,46145
158126,46145
129339,46144
274393,46144
20195,46144
195194,46144
242440,46144
193896,46144
201545,46143
127000,46143
208005,46143
281603,46143
221853,46143
261948,46143
269378,46143
11378,46142
86780,46142
231178,46142
290737,46142
116318,46141
213149,46141
274397,46141
187335,46141
280965,46141
276241,46141
184380,46141
118048,46140
86729,46140
44458,46140
187480,46140
274604,46140
189600,46140
16339,46140
24666,46139
78132,46139
132906,46139
138187,46139
57210,46139
265283,46139
287727,46139
98906,46139
53983,46138
261109,46138
291121,46138
155232,46138
211263,46138
266540,46137
207767,46137
178444,46137
293038,46137
250576,46137
264326,46137
239734,46137
131337,46137
179110,46137
3625,46137
9425,46136
220965,46136
74317,46136
156784,46136
188274,46135
17483,46135
75928,46135
277277,46135
160026,46135
283638,46135
71561,46135
95716,46134
203371,46134
195012,46134
106344,46134
44101,46133
259249,46133
121051,46133
20583,46133
92061,46133
166944,46133
229088,46132
209693,46132
190433,46132
115689,46131
247510,46131
146734,46131
130801,46131
84282,46131
263390,46131
263342,46131
281466,46130
211519,46130
113021,46130
292632,46130
271548,46130
195679,46130
134383,46130
200123,46129
252612,46129
286335,46129
161698,46128
44763,46128
118882,46128
122750,46128
123315,46128
276080,46127
5015,46127
69721,46127
197923,46126
74275,46126
138347,46125
93378,46125
42963,46125
101361,46125
296298,46125
72945,46124
102043,46124
246190,46124
153303,46124
163394,46124
266031,46123
279118,46123
165142,46123
99610,46123
6052,46123
218879,46123
291631,46122
290188,46121
163478,46121
116771,46121
204774,46121
215365,46121
257274,46120
235860,46120
122107,46120
72527,46120
30760,46120
262577,46120
272572,46120
118789,46120
291981,46119
75960,46119
169257,46119
186821,46119
183792,46119
258055,46118
212683,46118
127726,46118
92132,46118
80741,46118
140324,46117
87,46117
247989,46117
258849,46117
27351,46116
151693,46116
43702,46116
160229,46116
285953,46116
282133,46116
129240,46116
291328,46116
182950,46116
294931,46116
51602,46115
226305,46115
257833,46114
136207,46114
111337,46114
267694,46114
90836,46114
55696,46114
39128,46114
51644,46114
284443,46113
198058,46113
239048,46113
154691,46113
197700,46113
293362,46113
258826,46113
135644,46112
284592,46112
21474,46112
82683,46112
58929,46112
102466,46112
296088,46111
109384,46111
30949,46111
159584,46111
233692,46111
239595,46111
282010,46110
196147,46110
277790,46110
164383,46110
85773,46110
126495,46110
125414,46110
208518,46110
204172,46110
34050,46110
185298,46110
236694,46110
286839,46109
242456,46109
226938,46109
161335,46109
215476,46109
168773,46108
16018,46108
177008,46108
18294,46108
115804,46108
189174,46107
202446,46107
292294,46107
264818,46107
145813,46106
272520,46106
246856,46106
268924,46105
281679,46105
279385,46105
288135,46105
186548,46105
229632,46105
202786,46104
274838,46104
288204,46104
285550,46103
60175,46103
107156,46103
39774,46103
121720,46103
60707,46103
189335,46103
61781,46103
147744,46103
15976,46102
227136,46102
214016,46102
11551,46101
161037,46101
211336,46101
201565,46101
7379,46101
254477,46101
201465,46101
173951,46100
98055,46100
280413,46100
53035,46100
295832,46100
5211,46100
155750,46100
228274,46099
285638,46099
213905,46099
262321,46099
225587,46099
267491,46099
151668,46098
235822,46098
64298,46098
208105,46098
97870,46098
126320,46098
188122,46097
53175,46097
154196,46097
158649,46097
148727,46097
69328,46097
269423,46097
39945,46097
217031,46097
139739,46096
253118,46096
201895,46096
222159,46095
79729,46095
27007,46095
99564,46095
171376,46095
214961,46094
122871,46094
18299,46094
155062,46093
201120,46093
195927,46093
287296,46093
30284,46093
49059,46093
261017,46093
286970,46093
245453,46093
20384,46093
175173,46092
234021,46092
160565,46092
147661,46091
213251,46091
169000,46091
249980,46091
30101,46091
273378,46090
157949,46090
8855,46089
129711,46089
183765,46089
219434,46089
47174,46089
279854,46089
266688,46088
49548,46088
147856,46088
283878,46088
187840,46087
294169,46087
45027,46087
85947,46087
230648,46087
265290,46087
248597,46087
149371,46086
63084,46086
28850,46086
163797,46086
182434,46086
258206,46085
265656,46085
184199,46085
173671,46085
185530,46085
217248,46084
264505,46084
171281,46084
51483,46084
135336,46084
125476,46083
24332,46083
216431,46083
242335,46083
93895,46083
113343,46083
285573,46083
30093,46083
294161,46083
96858,46083
230354,46083
250130,46083
247852,46082
63735,46082
198607,46082
139255,46082
276794,46082
185677,46082
217901,46081
239979,46081
158369,46081
79784,46081
294544,46081
233760,46081
145885,46081
219097,46080
207365,46080
293471,46080
88414,46079
61765,46079
277062,46079
169965,46079
119741,46079
49869,46079
193788,46079
255987,46079
249611,46079
239006,46079
75607,46079
253101,46079
288093,46078
252327,46078
131400,46078
227776,46078
224786,46078
148339,46078
111823,46078
278929,46078
125094,46078
194287,46077
56507,46077
127396,46077
173995,46077
152491,46077
228992,46077
56914,46077
109856,46076
92873,46076
223481,46076
205132,46076
11542,46076
10825,46075
220316,46075
59774,46075
65788,46075
264983,46074
212221,46074
54675,46074
111617,46074
142919,46074
35233,46073
157905,46073
29392,46073
164731,46073
153431,46072
105747,46072
6972,46072
233642,46072
157464,46072
231144,46072
286710,46072
269267,46072
74215,46071
210515,46071
181659,46071
182820,46071
165176,46071
153248,46070
252651,46070
244296,46070
256398,46070
192579,46070
211625,46070
232536,46070
169188,46069
234878,46069
23905,46069
192929,46069
24234,46069
206435,46069
117870,46069
115762,46069
150901,46069
206135,46068
259787,46068
287470,46068
174851,46068
209837,46068
196613,46068
187877,46068
167666,46067
103311,46067
195188,46067
21963,46067
238458,46067
153039,46067
131081,46067
231234,46067
8476,46066
163929,46066
276333,46066
234794,46066
189303,46066
77073,46066
195513,46066
77791,46066
96843,46066
242477,46066
181168,46066
279966,46065
10977,46065
288122,46065
276443,46065
268948,46065
284195,46065
250924,46065
156888,46065
269436,46065
129295,46065
248828,46065
256218,46064
203299,46064
177867,46064
14199,46064
111548,46064
112127,46064
89342,46064
174267,46064
214480,46063
127807,46063
238914,46063
80539,46063
270609,46063
280579,46063
52994,46063
65036,46062
67673,46062
109600,46062
278581,46062
225299,46061
263556,46061
134775,46061
244140,46061
178206,46061
148886,46060
126607,46060
164023,46060
7166,46060
169177,46060
33279,46060
254360,46060
181119,46059
257176,46059
46711,46059
136364,46059
246444,46059
194326,46059
79599,46058
275126,46058
151382,46058
209035,46058
218544,46058
213121,46058
259412,46058
285749,46058
191032,46057
199781,46057
205849,46057
112420,46057
21742,46057
232246,46057
257246,46056
29554,46056
267074,46056
294932,46056
203035,46056
260313,46056
239696,46056
156133,46056
21786,46055
292985,46055
153359,46055
11767,46055
122795,46055
251468,46054
218587,46054
282067,46054
207762,46054
82651,46054
175653,46054
234792,46054
285691,46053
257885,46053
236425,46053
268497,46053
271252,46053
190075,46053
54866,46053
155692,46052
257049,46052
73112,46052
270595,46052
292369,46052
127360,46052
269243,46052
190177,46052
139710,46052
74756,46052
193379,46051
288890,46051
270323,46051
284732,46051
256919,46051
292580,46051
204216,46051
52919,46051
86487,46051
151760,46050
205332,46050
89668,46050
171591,46050
41169,46050
230190,46049
5991,46049
66120,46049
69733,46049
223832,46049
165063,46049
289562,46049
270650,46049
153417,46049
177292,46049
43610,46049
205348,46049
6877,46049
11240,46048
170488,46048
49964,46048
130111,46048
194651,46048
218079,46048
214745,46048
148383,46047
200850,46047
211820,46047
28085,46047
233920,46047
222437,46046
283105,46046
139159,46046
120741,46046
101805,46046
200104,46046
218765,46046
196154,46046
221149,46045
123042,46045
227905,46045
179121,46045
265820,46045
230160,46044
159965,46044
120608,46044
281233,46044
191847,46044
37090,46044
176524,46043
29690,46043
32695,46043
246570,46043
244598,46043
115989,46042
17984,46042
255693,46042
241610,46042
281586,46042
94663,46042
136679,46042
195197,46042
263752,46042
241602,46041
293742,46041
123051,46041
205494,46041
259225,46040
267654,46040
230729,46040
129011,46040
211870,46040
291938,46040
136298,46040
168019,46040
241238,46039
95145,46039
228835,46039
293075,46039
122874,46039
152395,46039
200441,46038
202803,46038
147748,46038
155773,46038
61475,46038
96238,46038
70857,46038
149063,46038
73356,46038
218545,46037
179684,46037
293639,46037
275945,46037
11047,46037
233232,46037
190612,46037
215203,46036
95173,46036
13926,46036
224549,46036
4086,46035
154007,46035
55448,46035
112213,46035
166956,46035
51173,46035
73557,46035
230012,46035
146026,46034
196452,46034
228453,46034
257807,46034
283577,46034
233658,46033
264721,46033
205068,46033
224999,46032
153270,46032
249658,46032
278762,46032
259723,46032
245817,46032
92741,46031
222781,46031
226686,46031
184397,46031
291801,46030
231537,46030
47276,46030
65946,46030
44093,46030
211845,46029
161877,46029
16879,46029
196540,46029
178366,46029
278126,46029
167156,46028
246270,46028
161043,46028
170626,46028
185277,46028
183513,46028
126073,46028
271755,46028
191852,46028
294785,46027
203772,46027
227644,46027
22968,46027
150888,46027
104198,46027
278593,46027
9784,46026
187716,46026
9093,46026
18022,46026
280441,46025
141716,46025
212479,46025
270428,46025
161542,46025
146067,46025
246287,46025
222225,46024
5408,46024
166698,46024
213096,46024
189893,46024
182934,46024
248036,46024
268680,46024
88343,46024
188339,46024
187227,46023
225417,46023
91936,46023
91246,46023
225443,46022
204425,46022
275076,46022
255418,46022
157373,46022
181247,46022
8297,46022
238535,46022
141662,46021
38529,46021
153633,46020
166190,46020
213824,46020
225885,46020
221266,46020
68960,46020
186773,46020
253756,46019
29486,46019
238441,46019
232116,46019
195296,46019
74436,46019
278351,46019
191488,46018
207344,46018
52890,46018
223271,46018
241226,46018
35288,46017
288605,46017
260724,46017
199711,46017
277628,46017
11637,46017
215287,46017
117558,46017
231510,46016
142344,46016
16489,46016
29820,46016
273132,46016
264893,46016
211852,46016
163051,46015
258955,46015
195222,46015
38553,46015
188356,46015
241904,46015
277498,46014
220697,46014
263037,46014
132129,46014
180488,46014
263402,46014
284855,46014
18199,46013
9129,46013
244370,46013
30168,46013
234474,46013
282836,46013
7775,46013
128864,46013
269001,46013
45648,46013
271127,46012
259247,46012
141271,46012
43981,46011
205713,46011
294567,46011
104194,46011
79465,46011
59863,46011
105214,46011
215652,46011
106285,46011
151830,46011
204272,46011
27522,46010
258102,46010
68772,46010
12372,46010
162968,46010
116863,46010
128416,46009
214059,46009
236962,46009
221056,46009
72369,46009
234585,46009
272769,46008
97961,46008
257299,46008
228991,46008
32448,46007
88349,46007
199495,46007
171903,46007
231289,46007
293839,46007
168337,46007
220814,46007
243222,46007
263091,46007
126279,46006
256573,46006
208378,46006
223405,46006
135883,46006
295003,46006
160167,46006
240728,46005
211726,46005
100625,46005
290702,46005
32702,46004
252359,46004
16476,46004
170251,46004
48440,46003
145972,46003
137901,46003
145824,46003
271073,46003
253640,46003
130670,46003
170062,46003
288054,46002
260211,46002
84456,46002
91412,46002
115295,46002
181614,46002
17397,46001
253515,46001
236658,46001
75522,46001
177893,46001
50924,46001
199340,46001
107266,46001
81482,46001
172591,46001
17072,46001
228050,46001
151265,46001
232868,46000
37224,46000
164722,46000
83365,46000
272916,46000
171508,45999
254141,45999
240296,45999
190562,45999
339,45999
249094,45999
125971,45999
216858,45999
43710,45998
270409,45998
149060,45998
186194,45998
223539,45998
141744,45998
215374,45998
48845,45998
117082,45997
282622,45997
18531,45997
272532,45997
203546,45997
202704,45997
76265,45997
254704,45997
105452,45997
184369,45996
132980,45996
293536,45996
136198,45996
192962,45996
56188,45995
201229,45995
13364,45995
249509,45995
235940,45995
236493,45995
190001,45995
285670,45994
294130,45994
99458,45994
230521,45994
224306,45994
21039,45994
289219,45993
181878,45993
111820,45993
173454,45992
150296,45992
186777,45992
230310,45992
73896,45991
243882,45990
239652,45990
72330,45990
159168,45990
175763,45990
165984,45990
157691,45990
137704,45990
88140,45989
293551,45989
294173,45989
250846,45989
78313,45989
34186,45989
185396,45989
126349,45989
116877,45988
209253,45988
120872,45988
224276,45988
62826,45988
30591,45988
228196,45987
283004,45987
130922,45987
111315,45987
76916,45986
224369,45986
121011,45986
231896,45986
257243,45986
18093,45985
274639,45985
93943,45985
130948,45985
96469,45984
238657,45984
115595,45984
245517,45984
154130,45984
194898,45984
78547,45984
185341,45984
136519,45984
262,45984
266108,45983
204888,45983
223448,45983
132046,45983
170725,45983
280493,45983
204895,45983
255759,45982
166573,45982
212706,45982
168652,45982
239267,45982
256816,45982
272522,45982
294372,45982
169826,45982
124569,45981
276494,45981
151811,45981
108232,45981
20883,45981
229289,45981
212817,45981
5501,45981
240942,45980
235640,45980
262065,45980
270335,45980
158999,45980
221942,45980
167868,45980
235040,45979
273499,45979
247266,45979
100429,45979
292923,45978
50093,45978
179105,45978
221493,45978
206356,45978
258120,45978
121683,45978
32242,45978
81925,45978
274325,45978
58759,45978
69685,45978
236877,45978
130919,45977
43970,45977
202304,45977
257534,45977
259526,45977
256112,45977
177856,45977
4631,45977
254972,45977
111203,45976
271871,45976
254218,45976
184402,45976
284249,45976
289511,45976
106875,45976
289162,45976
296131,45976
233403,45975
54464,45975
171558,45975
223773,45975
267592,45975
133086,45975
90762,45974
23661,45974
246397,45974
220402,45974
228347,45974
21631,45974
121801,45973
275748,45973
110292,45972
134053,45972
99162,45972
193593,45972
42718,45972
147774,45972
159083,45972
116061,45972
231714,45972
144382,45972
140335,45971
199784,45971
207949,45971
90479,45971
184849,45971
274131,45971
243464,45970
254096,45970
119505,45970
278012,45970
160642,45969
283647,45969
50518,45969
164468,45969
259283,45969
243726,45968
239856,45968
166015,45968
226044,45968
229955,45968
175694,45968
214134,45968
78914,45968
123160,45968
284156,45968
204248,45967
276050,45967
6860,45966
163165,45966
254861,45966
190502,45965
196116,45965
82547,45965
79920,45964
50589,45964
135307,45964
16171,45964
193380,45964
270382,45964
169478,45964
225820,45963
201770,45963
201613,45963
178099,45963
243049,45962
252736,45962
266853,45962
22226,45962
267677,45962
202189,45962
294711,45961
92663,45961
254111,45961
97639,45961
202312,45961
45834,45961
145935,45960
211514,45960
77933,45960
288441,45960
284998,45960
238558,45960
95752,45960
65489,45960
154418,45960
162806,45960
219952,45959
187207,45959
36510,45959
21966,45959
290569,45959
32606,45959
247343,45959
263990,45959
236564,45959
286177,45959
189486,45959
184336,45959
199498,45959
110535,45958
215692,45958
141867,45958
203505,45958
213877,45958
60427,45957
292478,45957
218860,45957
74459,45957
152020,45956
90907,45956
205593,45956
286951,45956
161680,45956
73891,45956
177998,45955
295278,45955
236499,45955
217281,45955
170361,45955
145985,45955
280947,45954
260973,45954
124832,45954
276800,45954
171262,45954
59334,45954
243223,45954
216708,45954
68207,45953
257603,45953
205994,45953
164258,45952
210636,45952
199898,45952
180433,45952
203591,45952
280723,45952
159396,45952
194186,45952
285568,45951
250202,45951
140824,45951
120973,45951
233248,45951
265215,45951
267768,45951
285829,45950
104970,45950
21689,45950
180701,45950
170517,45950
236297,45950
101641,45950
274002,45950
232434,45950
254899,45949
212490,45949
17517,45949
67850,45949
283042,45949
135823,45949
280730,45948
117439,45948
221472,45948
139149,45948
48525,45948
221858,45948
70676,45948
120834,45948
291368,45948
253760,45947
205880,45947
245670,45947
261850,45947
195654,45947
166137,45947
290963,45947
193771,45947
241639,45947
16885,45946
191911,45946
262786,45946
21386,45946
81729,45946
175806,45945
141533,45945
156260,45945
28985,45945
182295,45945
43014,45945
238308,45945
145123,45945
66031,45945
246043,45944
278733,45944
113895,45944
29665,45944
220230,45944
121785,45944
270787,45944
132975,45944
230220,45943
105114,45943
172176,45943
23796,45943
86530,45943
88850,45943
51051,45943
187241,45943
19523,45943
291049,45943
35924,45943
295037,45943
260048,45943
60064,45943
289581,45942
283701,45942
295948,45942
221960,45942
262028,45942
135333,45942
13377,45942
225695,45942
19717,45941
140817,45941
206557,45941
43926,45940
270118,45940
163576,45940
164035,45940
39328,45940
60441,45940
267135,45940
168257,45940
259576,45940
267951,45939
274296,45939
100586,45939
25224,45939
84817,45939
263584,45938
216341,45938
169722,45938
3731,45937
118437,45937
175775,45937
41400,45936
222635,45936
187459,45935
30558,45935
163015,45935
78061,45935
283965,45935
218529,45935
123939,45935
1466,45934
284276,45934
187363,45934
284728,45934
220657,45934
225633,45934
157298,45934
258632,45933
123986,45933
165374,45933
95443,45933
229982,45933
265735,45933
249318,45933
232546,45933
176677,45933
9739,45932
43330,45932
173578,45932
128010,45932
41481,45932
261917,45932
236080,45932
57701,45932
142152,45932
150827,45932
116019,45932
133983,45931
213201,45931
289169,45931
85681,45931
111245,45931
24132,45931
82785,45931
273836,45931
220902,45931
207710,45931
220554,45931
221599,45930
138219,45930
235934,45930
40538,45930
177996,45930
185210,45930
291559,45930
273205,45930
145221,45929
121658,45929
60412,45928
196311,45928
207697,45928
203548,45928
9947,45928
78733,45928
287692,45928
218846,45928
41230,45928
295657,45928
238254,45928
284694,45928
268193,45927
228651,45927
171008,45927
194257,45927
191829,45927
23910,45927
259653,45927
142227,45927
65997,45927
45402,45926
75594,45926
273289,45926
260013,45926
287482,45926
147159,45926
18791,45926
276251,45926
218524,45926
258602,45926
120388,45926
254331,45925
204561,45925
145555,45925
292591,45925
247336,45925
241395,45925
274981,45925
55597,45925
261595,45925
226230,45924
298,45924
234603,45924
167985,45924
172991,45924
172351,45924
27221,45924
69568,45924
168616,45924
73604,45924
225794,45924
55467,45923
283648,45923
132713,45923
170283,45923
149097,45922
125412,45922
147060,45922
50088,45922
13105,45922
168824,45921
17697,45921
5934,45921
193075,45921
160555,45921
172046,45921
129756,45920
53226,45920
145084,45920
176933,45920
241685,45920
2100,45920
16611,45919
224074,45919
41252,45919
95996,45919
217191,45919
195844,45918
284555,45918
3449,45918
141218,45918
223022,45918
132525,45918
127067,45918
224829,45918
183886,45918
261478,45918
26041,45917
184553,45917
292924,45917
217336,45917
43542,45917
200644,45917
255297,45917
223852,45916
238517,45916
14046,45916
62885,45916
169479,45916
213281,45916
251750,45916
253068,45915
159052,45915
291622,45915
34193,45915
62858,45915
63122,45914
247740,45914
57244,45914
161263,45914
255374,45913
158963,45913
98644,45913
250249,45913
197486,45913
189809,45913
23076,45913
172486,45912
256245,45912
199048,45912
191471,45912
185129,45912
45751,45911
224718,45911
201087,45911
155187,45911
103274,45911
102311,45910
293498,45910
264744,45910
246068,45910
171601,45910
263169,45910
260324,45910
92473,45909
201218,45909
263270,45909
169014,45909
258311,45909
211621,45909
93371,45909
19616,45909
141885,45909
74624,45908
88204,45908
188171,45908
188245,45908
222380,45908
88506,45908
282498,45908
205965,45908
164720,45907
216085,45907
186251,45907
217363,45907
49675,45907
18626,45907
291651,45907
277598,45907
253586,45907
206283,45907
143156,45907
255104,45907
4683,45906
100325,45906
130012,45906
88545,45906
168148,45906
241173,45906
270050,45906
78410,45906
231084,45906
183800,45906
102389,45905
251864,45905
228077,45905
29476,45905
281084,45905
279222,45904
232481,45904
171948,45904
50987,45904
224204,45904
88816,45904
205230,45904
149529,45904
174383,45904
248221,45904
15981,45904
103026,45903
239455,45903
228064,45903
86610,45903
284578,45903
163420,45903
188691,45903
212583,45903
117515,45903
77800,45902
85198,45902
236198,45902
97950,45901
185005,45901
20739,45901
19163,45901
272571,45901
52431,45901
65844,45901
109902,45900
74305,45900
262270,45900
246635,45900
192264,45900
266525,45900
144620,45900
279029,45900
191139,45900
229953,45900
261768,45899
205572,45899
223365,45899
151026,45899
186401,45899
267749,45899
230976,45899
76249,45899
138903,45899
91906,45899
287185,45899
176131,45898
184426,45898
282154,45898
170139,45898
66795,45898
144329,45898
190226,45898
239719,45898
223675,45898
193098,45897
269350,45897
1882,45897
6319,45897
293607,45896
127844,45896
135513,45896
169037,45896
160883,45896
262976,45896
143071,45896
148157,45896
191321,45896
75209,45896
20483,45896
105916,45896
167802,45895
84272,45895
251982,45895
281459,45895
113448,45895
287611,45895
223054,45895
208244,45895
201756,45895
239383,45895
229851,45894
215722,45894
197742,45894
284613,45894
223614,45894
252269,45894
570,45894
260958,45893
132830,45893
292115,45893
122790,45893
150173,45893
91721,45893
86486,45893
181078,45893
193080,45893
202259,45893
47861,45893
141065,45893
143939,45893
269213,45892
52263,45892
168146,45892
213845,45892
66348,45891
74919,45891
274335,45891
27781,45891
240980,45891
254869,45891
91848,45891
209907,45891
162024,45891
96499,45890
156170,45890
269067,45890
53480,45890
152842,45890
82398,45890
114912,45890
74565,45890
286243,45890
121029,45890
156425,45890
89063,45890
86164,45890
53284,45890
121703,45889
227263,45889
245221,45889
186142,45889
272693,45889
1758,45889
196717,45889
29086,45889
196190,45889
279304,45889
164191,45889
257251,45889
145999,45889
239994,45888
235347,45888
204391,45888
21866,45887
213070,45887
209052,45887
246829,45886
281505,45886
204543,45886
49255,45886
188883,45886
177573,45885
214615,45885
150669,45885
179049,45885
106859,45885
263360,45885
54687,45885
230487,45885
296151,45885
224258,45885
93890,45885
69962,45885
163866,45885
204024,45885
119210,45885
296330,45884
19026,45884
227135,45884
22268,45884
74612,45884
126703,45883
3359,45883
67727,45883
239828,45883
244189,45883
179257,45883
260501,45882
100080,45882
64151,45882
162829,45882
128221,45882
227079,45882
122543,45882
283475,45881
10203,45881
209059,45881
276606,45881
168406,45881
83736,45880
281258,45880
42646,45880
116307,45880
263745,45880
126796,45880
246556,45880
72932,45879
271316,45879
251393,45879
85975,45879
236835,45879
124915,45879
293155,45879
81713,45879
214755,45879
200921,45879
235633,45879
282150,45879
280019,45878
9307,45878
290439,45878
294792,45878
273955,45878
282332,45878
201540,45878
240120,45878
