267,100000
15103,57321
18765,56812
8598,56587
39387,55423
2238,55203
61656,54621
37323,54026
23971,54012
29166,53962
51856,53771
86680,53468
15671,53403
27705,53213
44194,53196
16319,53152
74973,53062
115029,52725
82919,52458
11799,52387
136787,52310
271516,52300
138422,52276
20253,52188
4893,52127
8965,51927
137857,51762
113549,51739
63030,51725
84842,51690
279344,51612
4071,51565
13393,51561
169533,51560
99866,51545
123435,51521
250400,51488
286800,51452
123154,51438
19525,51429
182282,51400
142127,51354
146425,51352
16,51316
80395,51234
222343,51170
209382,51123
108441,51017
19184,50997
147411,50983
11087,50982
143808,50926
274532,50822
8092,50759
69403,50743
269413,50742
112526,50738
264590,50653
211444,50566
48763,50554
68366,50523
5176,50445
229659,50422
137891,50411
96769,50378
12573,50353
846,50327
254853,50305
240731,50272
257621,50265
38540,50263
24844,50245
158113,50235
205384,50218
249341,50213
251581,50198
35462,50192
29270,50175
266281,50173
228512,50140
181297,50139
125561,50100
289362,50098
154219,50097
230171,50076
269085,50056
23083,50031
303,50028
174,50016
296458,49984
66979,49974
31055,49945
25868,49926
269428,49911
97598,49883
258619,49875
170770,49833
32916,49814
33585,49805
155511,49802
338,49801
2188,49783
31974,49768
17,49758
253893,49730
205539,49725
84681,49717
154247,49673
30714,49637
2318,49633
186990,49611
7041,49600
4913,49597
233399,49597
287112,49585
265498,49584
246989,49580
94930,49575
152832,49575
284475,49574
164579,49568
182121,49566
280450,49566
11525,49515
174170,49514
182899,49512
5068,49497
264334,49483
282239,49436
289048,49434
256617,49428
162031,49425
279925,49424
289868,49414
243102,49407
245491,49402
252685,49393
239855,49391
2282,49388
252158,49385
8600,49382
196200,49380
161572,49379
262401,49375
19809,49369
285224,49363
194747,49338
120430,49336
1134,49321
240078,49301
148523,49299
295246,49297
57693,49284
150518,49278
157498,49270
166882,49257
1094,49240
260525,49237
6581,49236
257531,49224
195780,49208
168887,49204
113947,49185
184784,49184
269755,49181
75879,49178
29684,49176
562,49174
541,49170
280438,49158
7129,49158
209611,49154
160103,49148
174173,49144
27631,49133
257324,49125
242827,49122
252652,49121
271785,49116
7757,49115
1932,49115
1013,49110
1918,49109
127910,49109
191194,49093
94860,49089
156128,49071
3381,49063
252201,49058
36250,49055
274030,49054
52664,49052
28934,49051
236372,49048
122649,49038
246525,49038
1823,49034
103702,49034
251914,49031
237827,49030
295645,49027
229800,49023
243520,49021
286572,49016
1181,49013
230392,49009
3563,49004
143807,49000
104029,48991
242255,48987
235877,48980
187105,48973
226916,48968
269272,48963
102608,48963
136255,48962
115946,48954
100036,48946
199044,48946
224350,48944
168754,48935
130506,48934
281602,48933
251659,48930
5328,48930
14383,48925
275585,48915
697,48914
242067,48911
261914,48909
208276,48896
236840,48896
251158,48891
3091,48890
164668,48888
2406,48879
204329,48876
172959,48871
234668,48870
146801,48867
134937,48857
40041,48855
242055,48849
225600,48842
48278,48840
48339,48833
250459,48825
168183,48822
88564,48822
41900,48821
223897,48818
7574,48817
248722,48809
248682,48804
244058,48803
265779,48802
110260,48792
227739,48791
162115,48789
216272,48786
268812,48784
256741,48781
280742,48769
121840,48766
236928,48766
239289,48764
282875,48763
178942,48763
87303,48759
258580,48755
112823,48753
286438,48747
226229,48745
148721,48745
249019,48742
267612,48742
130905,48742
261483,48740
189781,48738
105036,48738
289861,48734
79429,48733
192572,48732
15,48728
550,48727
289194,48717
21243,48715
183720,48705
232640,48689
252726,48686
215288,48683
211051,48678
266879,48676
210470,48674
281818,48671
264581,48670
255330,48663
15386,48658
241347,48655
228851,48648
284432,48647
258038,48647
19316,48645
6800,48644
137483,48644
128451,48643
3808,48637
288758,48634
221367,48633
294994,48631
276986,48631
252225,48629
160293,48629
234415,48626
231617,48624
275941,48621
250164,48618
163446,48613
260255,48611
251923,48610
272728,48609
281089,48607
138509,48606
76,48605
98347,48603
223856,48598
161218,48594
209498,48592
272079,48587
150052,48583
268411,48574
13387,48573
146123,48571
281984,48569
12871,48568
140048,48567
287341,48565
67291,48561
187278,48559
243841,48557
180067,48556
270647,48552
291439,48552
139699,48552
152767,48549
228643,48547
211664,48546
108984,48546
253914,48542
296350,48537
37774,48537
263922,48536
255222,48534
241032,48534
248557,48532
11843,48526
296392,48524
288950,48524
232297,48522
225056,48518
205,48518
174495,48517
206019,48514
288402,48513
251573,48512
243548,48507
259544,48502
270015,48502
15936,48500
273119,48499
117887,48499
122288,48497
197720,48495
259917,48492
257296,48489
226209,48488
277682,48486
245157,48484
195081,48477
222053,48476
199069,48470
82078,48470
17963,48467
283379,48459
232452,48458
271087,48456
221196,48455
225844,48453
239132,48453
220335,48451
10691,48451
270883,48447
217277,48444
168535,48443
175836,48442
37464,48442
262142,48440
240620,48438
48563,48437
229323,48436
17689,48436
941,48433
200226,48431
185712,48427
207069,48427
257343,48425
212045,48424
82100,48421
277795,48419
272971,48419
184555,48416
78684,48412
288477,48410
66150,48409
289624,48407
4209,48399
281386,48398
288715,48397
272687,48394
173823,48394
216513,48393
196932,48391
73845,48391
291383,48388
173467,48388
241897,48387
126878,48387
220887,48386
136847,48384
247789,48380
231845,48378
245316,48375
189231,48374
295576,48374
10623,48374
44276,48373
264056,48372
239762,48371
223589,48368
171102,48367
73674,48360
156637,48358
269756,48358
137786,48358
149479,48356
117146,48353
225355,48353
128755,48352
247481,48349
144628,48348
163091,48348
283794,48347
237452,48346
166728,48346
294226,48346
249595,48345
192027,48330
170591,48327
2716,48327
280305,48324
292368,48323
282665,48323
96281,48320
258198,48318
212956,48318
153351,48316
191259,48315
213596,48303
209961,48300
91333,48297
146058,48297
139150,48295
196740,48295
275565,48293
67086,48292
152470,48289
183380,48288
203476,48286
144389,48285
91334,48284
2181,48283
118999,48282
269739,48282
128806,48282
169051,48279
237002,48279
291165,48279
74864,48277
234400,48276
87600,48272
240789,48270
254122,48269
284734,48269
273394,48269
193299,48268
279917,48268
231360,48267
174765,48265
271089,48265
173744,48265
185861,48265
277457,48262
213192,48258
207244,48257
238512,48255
161001,48255
236100,48252
42841,48251
284937,48248
283694,48247
13008,48247
196994,48247
131128,48245
227687,48241
224945,48241
265632,48238
164652,48236
257279,48233
116446,48233
248254,48231
87812,48230
163930,48228
209690,48227
252803,48224
118812,48223
23177,48222
12793,48222
49882,48221
237394,48220
272324,48219
154166,48219
165554,48219
207882,48217
100725,48213
181775,48211
207578,48209
99412,48209
234695,48208
257634,48207
245737,48206
229240,48205
223625,48205
133894,48202
228166,48198
260407,48197
187870,48194
271364,48194
162408,48193
69292,48192
105137,48192
238690,48191
103569,48191
163753,48190
274726,48190
182396,48189
259005,48184
264024,48183
2058,48183
204540,48181
284258,48181
184208,48180
242316,48177
96153,48176
191266,48174
184262,48174
10007,48174
145009,48173
289748,48171
271757,48167
261126,48166
146317,48165
286200,48165
115160,48165
164139,48165
271982,48163
278465,48160
238495,48157
230294,48154
157795,48153
234303,48151
112324,48151
89333,48149
81868,48148
253990,48148
274067,48146
58171,48145
169348,48143
191051,48142
91873,48141
156832,48140
190860,48139
211731,48138
187374,48137
89671,48137
294537,48136
47497,48135
64832,48135
70602,48133
286253,48132
157648,48132
296456,48132
237886,48131
284798,48128
167852,48127
188897,48125
12845,48123
135908,48121
207813,48111
51810,48109
282489,48107
250727,48105
169565,48105
200926,48105
258641,48103
142867,48103
159015,48103
158532,48102
131055,48102
155583,48102
281856,48101
245424,48101
243325,48097
135585,48097
242476,48091
129957,48091
219192,48090
188504,48090
270343,48088
212825,48087
110028,48087
185709,48085
283926,48084
260861,48081
264004,48081
77694,48081
181744,48079
60796,48077
232828,48075
255823,48072
284469,48072
225133,48071
171521,48070
295089,48067
247747,48066
70608,48065
16899,48065
190145,48064
244395,48064
122540,48062
398,48061
107579,48059
248809,48058
239557,48057
277201,48055
518,48054
165264,48051
225400,48050
66230,48049
119657,48049
230041,48048
35,48048
279421,48047
288010,48044
226134,48041
273326,48040
238794,48039
211432,48037
280127,48037
240938,48035
203756,48035
15419,48034
135037,48033
290998,48033
25477,48033
18056,48033
66729,48031
226302,48031
212628,48030
275342,48030
290973,48029
200011,48022
242363,48022
140240,48021
201451,48019
93766,48018
249765,48017
126812,48013
247976,48011
260100,48011
104176,48011
283045,48010
208437,48007
4928,48007
148274,48006
223330,48003
5017,48002
221856,48002
55999,48002
167549,48002
176839,48000
212011,47998
230679,47998
50666,47994
163708,47994
416,47994
136495,47994
93888,47993
268498,47991
257338,47988
254292,47988
119852,47987
102347,47986
50601,47986
194053,47984
226787,47983
188804,47983
249126,47983
285451,47982
258818,47981
279058,47979
247262,47979
221798,47976
104485,47976
262325,47975
229284,47975
143135,47975
151176,47974
123056,47972
278987,47971
205186,47971
23077,47970
114272,47968
215199,47966
54144,47966
253384,47966
257743,47964
238014,47963
146919,47961
208315,47961
239657,47961
229168,47958
207519,47957
210379,47956
262591,47956
265230,47954
281585,47953
225760,47952
443,47951
285373,47950
108654,47950
262815,47947
245013,47943
294058,47943
183793,47942
272651,47942
626,47941
209517,47941
249297,47940
287879,47940
226306,47938
259628,47937
199363,47936
254266,47936
276562,47934
117269,47934
102809,47933
247749,47933
276511,47932
13858,47932
284454,47931
1260,47930
216903,47930
69869,47930
109498,47930
143200,47928
155994,47928
152834,47928
15739,47927
221726,47926
177028,47924
162988,47924
292009,47923
121112,47921
292527,47920
245751,47920
90104,47919
260742,47919
38912,47915
134061,47913
218142,47913
166553,47912
209888,47912
199358,47911
36382,47910
251095,47908
280774,47907
270482,47907
248804,47907
261614,47905
280335,47904
152639,47903
237091,47900
164774,47898
87087,47897
165783,47897
239083,47896
65804,47895
232598,47893
265289,47893
257290,47892
3147,47890
264539,47890
105159,47889
185515,47885
34740,47885
2038,47884
161110,47882
284730,47878
222829,47877
105094,47877
154998,47875
121048,47871
278560,47870
123807,47870
232154,47870
197315,47869
129231,47869
170369,47869
292742,47869
251928,47868
287887,47867
260905,47866
289380,47865
239605,47863
86519,47861
20135,47859
216978,47859
189501,47858
10473,47858
68716,47856
292542,47856
123003,47854
294032,47853
93751,47853
239571,47853
176526,47851
9923,47848
198554,47846
25137,47846
240274,47846
257656,47841
220105,47840
201941,47839
31504,47838
262883,47837
283374,47837
153699,47836
256703,47835
143212,47835
232472,47833
153579,47828
257248,47828
155899,47827
6430,47827
77204,47826
73973,47826
249458,47825
193684,47825
280748,47824
127307,47824
193737,47822
290678,47821
180364,47821
286601,47821
271125,47819
267777,47815
134372,47815
132375,47814
157389,47813
227708,47813
206568,47812
101515,47812
265415,47811
153067,47811
271,47809
288298,47809
237596,47809
165551,47808
243798,47807
216373,47807
174187,47806
244193,47805
315,47805
282037,47804
255793,47804
173248,47803
199691,47802
57837,47802
243316,47802
3221,47801
294141,47801
282695,47800
280428,47799
262463,47797
142719,47797
211768,47793
256473,47793
123110,47792
47456,47792
238724,47789
193720,47788
67583,47788
280708,47787
291955,47787
236429,47786
61095,47786
201341,47784
237356,47784
172693,47784
17340,47783
68802,47782
17366,47782
295200,47781
49772,47780
269574,47779
89415,47778
190369,47778
245836,47778
215910,47777
230272,47777
287076,47775
203704,47775
223105,47772
170290,47772
2567,47771
263898,47770
158016,47770
255746,47768
268793,47768
248286,47767
238125,47766
40,47766
235066,47764
62094,47763
27639,47763
122656,47763
182087,47761
220593,47760
270602,47760
256023,47760
49529,47759
76159,47759
260223,47757
202580,47756
267288,47755
54448,47755
206266,47754
110259,47753
115104,47752
295939,47750
113727,47748
1132,47748
294513,47748
236788,47747
191109,47747
206024,47747
274643,47745
177824,47745
205096,47743
280823,47743
153963,47743
207082,47742
226532,47741
283497,47740
269297,47738
273573,47738
179348,47737
245541,47735
176234,47735
250142,47735
45462,47734
197085,47733
266953,47731
106589,47731
280836,47731
254862,47730
244556,47728
283605,47728
132478,47726
80497,47725
201944,47723
19835,47722
198202,47721
154947,47720
64663,47720
10747,47718
141266,47717
208509,47716
247999,47715
210354,47715
118400,47714
66411,47713
139136,47713
270893,47713
117577,47712
195393,47708
205099,47708
190886,47708
126130,47707
171535,47706
132986,47706
65058,47705
164462,47705
141125,47704
188581,47704
188833,47704
240669,47704
254473,47702
147371,47702
284604,47701
244917,47701
262027,47701
187171,47698
240812,47698
282573,47697
267786,47697
190898,47697
280225,47695
232148,47694
210932,47694
102827,47692
105884,47691
151367,47688
159284,47686
237544,47686
217875,47685
259466,47685
232282,47684
28823,47684
293971,47683
87105,47683
3705,47682
283416,47682
201897,47682
278684,47682
233862,47680
247258,47680
193735,47679
229516,47678
291086,47678
257762,47677
258074,47676
275900,47676
171313,47675
217553,47674
268725,47674
233848,47671
172842,47669
59118,47667
245452,47666
171583,47666
255677,47665
214705,47665
245026,47663
269321,47663
290912,47663
127433,47662
177087,47662
184858,47662
210821,47661
235483,47661
229493,47661
182345,47661
291303,47661
175361,47660
153511,47659
205057,47659
61985,47657
208043,47656
289496,47656
292426,47655
219349,47654
237315,47653
101078,47653
264014,47653
102134,47652
109343,47652
143696,47651
249279,47650
147143,47650
248324,47650
223711,47649
174863,47649
12717,47649
175464,47648
16040,47648
236716,47647
284247,47647
201435,47647
292751,47646
273726,47645
255246,47645
245782,47644
156846,47644
164682,47644
268319,47644
163828,47643
116263,47641
286765,47641
170040,47641
285113,47640
245119,47640
85726,47640
121260,47639
182157,47639
51117,47638
230183,47638
132719,47638
149549,47637
12564,47636
42763,47636
209697,47633
240099,47633
280261,47633
238489,47632
120532,47632
167479,47632
167756,47631
145450,47631
117986,47631
239632,47631
107770,47630
280412,47630
184339,47629
162614,47629
142294,47628
284691,47628
285214,47628
291063,47627
282673,47625
157720,47625
217795,47624
262006,47623
289644,47622
199908,47622
187123,47622
244992,47622
66747,47621
172145,47621
185523,47621
278376,47620
242736,47619
135001,47618
218818,47618
195622,47618
244696,47616
209392,47615
85039,47615
157369,47614
264846,47614
237908,47613
169547,47613
30016,47613
251479,47612
49580,47612
204808,47612
157868,47611
248117,47611
220234,47611
82715,47610
292590,47608
284404,47608
258432,47608
100216,47608
125301,47608
178588,47607
86676,47607
233684,47605
8559,47605
226162,47605
147573,47604
291164,47603
274589,47603
108839,47602
215492,47601
129909,47601
169078,47601
125268,47599
213653,47595
149142,47594
176213,47593
167329,47593
85830,47592
52547,47591
111166,47590
253063,47589
165192,47589
97581,47588
253741,47588
147524,47588
93701,47587
50785,47586
186796,47586
271664,47584
80537,47584
103943,47584
291897,47583
278020,47583
266807,47582
295044,47582
241810,47582
91737,47582
147782,47581
277722,47581
271790,47580
192770,47580
268928,47580
257897,47579
238420,47579
114133,47576
269896,47575
179037,47574
286549,47574
38584,47573
118262,47572
275296,47569
152727,47569
140668,47569
219438,47568
124846,47567
132947,47565
59291,47565
115550,47565
254156,47565
237794,47564
228004,47563
295175,47562
233305,47561
134064,47561
103242,47560
221469,47560
126643,47559
293198,47559
167611,47559
251315,47559
167983,47559
63506,47557
116087,47557
23213,47557
123889,47557
189292,47555
103747,47554
177439,47552
3903,47550
203309,47549
123175,47549
263827,47548
214519,47547
257962,47547
66527,47546
9331,47545
258809,47544
227056,47544
188398,47542
163027,47542
181793,47540
285588,47540
81562,47539
151002,47538
211042,47538
294440,47536
182625,47536
118589,47535
37674,47534
173218,47532
256957,47532
264194,47532
198602,47531
113454,47531
293771,47531
104903,47530
166753,47529
156806,47527
280711,47526
247357,47524
118278,47524
168964,47522
106066,47522
270862,47520
207840,47520
237716,47520
109203,47520
206231,47519
185234,47519
236917,47519
244461,47518
291427,47517
266577,47516
281257,47516
276198,47512
190114,47510
4566,47510
235646,47510
289686,47510
184798,47509
160435,47508
158177,47508
225846,47508
172137,47507
22187,47507
132290,47507
175071,47506
254816,47504
26035,47504
284650,47504
3319,47503
248902,47503
170551,47502
274952,47500
139405,47499
267822,47499
126596,47499
158062,47498
9740,47498
129879,47496
68989,47495
277279,47495
241313,47495
104957,47494
216360,47494
232141,47494
220524,47494
267703,47494
235978,47493
105986,47493
251968,47493
92299,47492
291603,47491
56704,47491
232683,47490
231747,47490
113774,47489
158479,47489
248066,47488
179034,47487
276925,47485
128828,47485
130585,47483
146815,47483
127946,47482
237056,47480
271598,47480
215388,47480
143082,47479
214864,47479
268195,47478
269847,47476
273265,47476
31421,47475
251222,47475
194762,47475
139801,47474
172666,47473
279463,47473
29037,47473
215863,47473
240372,47473
181303,47473
170393,47471
114326,47470
155231,47469
209729,47469
153496,47467
57739,47467
140412,47466
81495,47464
274586,47463
145146,47463
195067,47463
280732,47462
264368,47462
279168,47462
100709,47462
160185,47462
140522,47461
168531,47461
215234,47461
223689,47460
97939,47460
88655,47459
53719,47458
104952,47457
228411,47456
205376,47455
143304,47455
201595,47455
87668,47455
241534,47453
284424,47453
283850,47452
159803,47452
144878,47451
195025,47451
79522,47450
23036,47449
140020,47449
246123,47449
227165,47448
169484,47448
215959,47446
1582,47446
213238,47445
244545,47445
247589,47445
69658,47444
236088,47442
193585,47442
270470,47438
272270,47438
19764,47438
288870,47438
263976,47438
249342,47437
29853,47437
285029,47437
139642,47437
200322,47435
193655,47435
149988,47432
94002,47432
224078,47432
76057,47432
229346,47432
140077,47429
30433,47428
156152,47427
175803,47427
200358,47427
200381,47427
259014,47427
266132,47426
110910,47426
224213,47425
268248,47425
229549,47424
108566,47424
279827,47424
154170,47422
169882,47421
110229,47421
147078,47421
107529,47421
274078,47421
259501,47420
130406,47420
81849,47417
242001,47417
291202,47417
114599,47417
157653,47415
206989,47415
159587,47414
125110,47414
176264,47413
92091,47412
157570,47412
281005,47412
264353,47410
253881,47410
193209,47410
81375,47409
210614,47409
226218,47409
275330,47408
121948,47407
199743,47406
125077,47406
14730,47406
227347,47406
248857,47405
282117,47405
169343,47405
185721,47405
210103,47404
296368,47404
228759,47404
271069,47402
233317,47402
96365,47402
146188,47401
112547,47400
234314,47399
113537,47398
290191,47398
194784,47398
243355,47397
135084,47397
226801,47397
1217,47397
262857,47397
140904,47396
70651,47395
291736,47395
164877,47394
193883,47394
296488,47393
280200,47391
170432,47390
272390,47390
205767,47389
288694,47389
282937,47387
147940,47387
171604,47387
83329,47386
267602,47386
260208,47386
139226,47385
190968,47384
234332,47383
232026,47383
178428,47383
181804,47382
248113,47382
271440,47381
131172,47381
129009,47381
13965,47380
256879,47380
129752,47380
156115,47379
206316,47378
5126,47377
268370,47376
177115,47376
125999,47376
235911,47375
284755,47375
215250,47375
295007,47374
32162,47373
194298,47372
252016,47371
221160,47371
22282,47370
184360,47369
191938,47369
239876,47367
170229,47366
287645,47366
126794,47365
307,47365
184785,47364
161851,47364
294948,47363
275294,47362
292609,47362
48016,47358
134786,47357
150349,47357
211154,47355
242406,47354
209989,47353
239335,47353
278601,47353
147619,47353
228161,47352
93608,47352
106939,47352
17393,47351
283472,47350
283018,47349
44798,47349
99272,47348
26903,47347
256459,47347
102080,47347
289156,47346
188796,47346
216291,47346
266310,47345
286326,47345
171611,47345
193808,47344
144460,47344
179972,47344
115645,47344
267503,47344
212342,47343
232033,47343
272475,47342
143955,47341
8835,47341
285614,47341
219340,47340
265569,47340
289212,47339
224245,47339
146474,47339
231754,47339
255438,47338
176986,47338
156171,47337
220494,47337
200472,47337
127514,47337
214978,47336
227503,47336
269202,47336
107214,47335
673,47335
129882,47334
157751,47334
99522,47334
271473,47334
173054,47334
188008,47333
278716,47333
70838,47332
54211,47332
131464,47332
242867,47332
3361,47331
278236,47331
113006,47330
236107,47329
93024,47329
293814,47329
2501,47328
165100,47328
271253,47327
226973,47327
187713,47326
149100,47325
287098,47325
229290,47324
272197,47324
119499,47324
280349,47324
204570,47324
277541,47324
200490,47323
285989,47323
270813,47323
79407,47322
275332,47322
3059,47321
207441,47321
259916,47321
223023,47320
58064,47319
231047,47319
236342,47319
101610,47318
172430,47318
153705,47317
171997,47316
192876,47316
112073,47316
277139,47316
175874,47315
181510,47315
131915,47315
183906,47314
106207,47314
142314,47313
267650,47313
201814,47312
237533,47312
54649,47312
242777,47311
281657,47311
261360,47311
195640,47310
187837,47310
204948,47309
60768,47309
275705,47308
73960,47308
111517,47308
218318,47308
275689,47308
264013,47305
87587,47305
151039,47305
21754,47305
136954,47304
137552,47304
177025,47304
94844,47302
287241,47302
195038,47302
11890,47302
174767,47301
256438,47300
212008,47298
243474,47297
209042,47297
275012,47297
209751,47294
281043,47294
262798,47294
291206,47294
241167,47293
197762,47293
239949,47291
24490,47291
154867,47291
199819,47290
154763,47289
192820,47288
238315,47288
134864,47288
71066,47287
278414,47287
174906,47287
146355,47286
193307,47286
264825,47286
228809,47285
149590,47283
287200,47283
186648,47283
175338,47282
251948,47281
26217,47281
73527,47281
29861,47281
229498,47280
210609,47280
188996,47279
149216,47279
177506,47279
120655,47279
268516,47278
96013,47277
221680,47277
178365,47277
291329,47277
216818,47277
115446,47276
197958,47274
271309,47273
264033,47273
33564,47273
231249,47272
228066,47272
256342,47271
228136,47271
242257,47271
171258,47270
269607,47270
236748,47270
283937,47270
258743,47269
80932,47269
275017,47269
6380,47269
200064,47269
285163,47268
159202,47268
212176,47268
189484,47266
131676,47266
268783,47265
172422,47265
285041,47264
244171,47264
234859,47264
164639,47264
203769,47264
161556,47264
24302,47264
170891,47262
234481,47262
137293,47262
272863,47261
207514,47261
277293,47261
245967,47260
177593,47260
228294,47260
96378,47260
96579,47259
109177,47258
179051,47258
277327,47258
183275,47258
24174,47258
112210,47257
281483,47257
214588,47257
223766,47257
746,47256
244203,47256
158054,47256
143854,47256
130998,47255
47172,47255
273437,47254
150991,47251
128869,47251
274560,47250
152338,47250
122358,47249
66222,47249
153626,47249
166568,47249
175067,47248
189398,47248
178534,47248
274697,47248
283764,47248
189543,47248
275424,47247
283490,47247
240927,47244
6058,47244
145632,47244
268332,47243
169443,47241
8986,47241
9165,47241
146195,47241
218926,47240
220956,47239
23682,47239
266179,47239
267562,47239
226925,47239
266237,47238
181695,47238
196427,47237
159515,47236
136167,47236
248931,47236
199453,47236
271134,47235
291408,47234
90059,47234
122346,47234
239512,47233
146948,47233
264080,47233
159252,47233
276514,47233
288390,47233
215940,47232
132437,47232
116687,47231
188316,47231
155089,47230
135312,47230
204964,47229
233233,47228
237070,47228
143792,47228
277784,47227
177620,47227
206859,47227
32963,47227
184730,47227
274241,47227
2604,47225
18808,47224
191946,47224
160035,47223
140290,47223
279087,47223
163315,47223
274651,47223
220853,47222
227104,47218
247557,47218
278184,47218
117285,47218
268689,47218
242367,47217
19071,47216
103470,47216
223631,47215
285777,47215
271908,47215
214169,47214
126736,47213
236484,47213
162518,47213
257772,47212
73683,47212
167151,47212
277996,47212
287796,47211
106884,47211
195820,47211
111840,47211
282821,47210
241844,47209
286749,47209
242673,47209
152848,47208
284192,47208
265853,47208
261643,47207
37259,47206
209921,47206
144848,47206
147882,47206
38241,47206
253202,47204
261623,47204
44522,47203
75376,47203
203856,47202
191012,47202
173934,47201
190276,47201
267175,47201
261927,47200
293667,47200
240189,47200
236379,47200
263257,47200
277488,47200
21813,47199
2880,47199
134456,47199
234529,47198
262531,47197
204220,47197
159835,47196
95304,47196
269908,47195
244827,47195
35683,47195
25484,47194
206050,47194
94210,47194
172074,47193
90903,47193
195796,47193
207485,47192
211045,47192
266346,47191
189160,47191
182827,47191
263111,47191
169300,47190
245508,47190
281726,47190
283315,47190
124178,47189
262374,47189
190224,47188
21725,47188
242145,47188
277751,47188
119030,47188
274300,47188
223035,47187
280356,47187
256404,47187
170096,47187
271937,47186
273845,47186
279643,47186
253724,47185
245311,47185
289478,47184
205882,47184
212759,47183
119287,47183
236714,47182
227936,47181
248591,47181
146252,47181
215164,47180
133568,47180
10445,47180
44945,47180
239097,47179
179949,47179
153223,47178
229900,47176
166877,47176
2920,47176
137656,47176
286318,47176
536,47175
180022,47174
198148,47173
253014,47172
143608,47172
104278,47171
279269,47171
139930,47170
165761,47170
225014,47170
277561,47169
224916,47169
230084,47169
13664,47168
125953,47168
269688,47167
291179,47167
89608,47167
234438,47166
157339,47166
17179,47166
107838,47166
191657,47165
125537,47165
272337,47165
243607,47165
259570,47165
13613,47164
207576,47163
244988,47163
217738,47162
205697,47162
103907,47161
260482,47161
247815,47161
253763,47160
210641,47160
263685,47160
209878,47160
290654,47160
73555,47160
113268,47160
247043,47160
284243,47160
136387,47159
144730,47158
191260,47158
242613,47157
72271,47157
126862,47156
272679,47155
239903,47154
278919,47154
132765,47154
261591,47153
11418,47153
197084,47153
199471,47153
258737,47153
188589,47153
252253,47152
238252,47152
63281,47152
255687,47152
174520,47151
59214,47151
287906,47151
268386,47151
137913,47150
220781,47150
68029,47150
294649,47148
119645,47148
101405,47148
229595,47148
219770,47148
87557,47147
167693,47147
207090,47146
54978,47145
226514,47144
120814,47144
194640,47144
205145,47144
215574,47144
250843,47144
269601,47143
13931,47142
239261,47142
251681,47142
253558,47141
240390,47141
239534,47141
202825,47141
295902,47140
153130,47140
78532,47139
32346,47139
52607,47138
32766,47138
258897,47138
95241,47138
122562,47137
20400,47137
240351,47137
150849,47137
40366,47137
123639,47137
280951,47136
238996,47136
273100,47136
187223,47135
167149,47134
217934,47134
6976,47134
211461,47134
250989,47134
212897,47134
258361,47133
128374,47133
279815,47132
72035,47132
224308,47130
1833,47129
246379,47129
250031,47129
241237,47129
103010,47128
122720,47128
202304,47128
283930,47127
292934,47127
236649,47126
131850,47126
154868,47126
274327,47126
199077,47125
131213,47125
199882,47124
159230,47124
151208,47124
204447,47123
199021,47123
274027,47123
131326,47123
80132,47122
96217,47121
20514,47121
181898,47120
19286,47119
118182,47119
268881,47118
242620,47118
218102,47118
294184,47118
13238,47118
256312,47118
37174,47117
233755,47117
258013,47117
224410,47117
255364,47117
224263,47116
226246,47116
208073,47115
148486,47114
21663,47114
173617,47114
244019,47114
217938,47113
145179,47113
261791,47113
33081,47112
221049,47112
285094,47111
216628,47111
239467,47111
278530,47111
131011,47110
97663,47110
152695,47110
296580,47109
205378,47109
236608,47108
36973,47108
5000,47107
150038,47107
288920,47107
249702,47107
183265,47106
151313,47106
10419,47106
248519,47105
190365,47105
31605,47105
160904,47104
269699,47103
272931,47103
194180,47103
163996,47103
151482,47103
235161,47102
250675,47102
145793,47101
160598,47101
11224,47101
97425,47101
237234,47101
81044,47101
275795,47101
229042,47099
148289,47099
287700,47099
290606,47098
157043,47098
118361,47098
235783,47098
220125,47096
196643,47096
154820,47095
190116,47095
243448,47095
242537,47094
54669,47093
2430,47092
225999,47092
78090,47092
233081,47092
230617,47092
103172,47092
182894,47091
86988,47091
249748,47091
252313,47091
136912,47091
168425,47090
257418,47090
88389,47090
182306,47089
7130,47089
182242,47089
175251,47088
215832,47088
194981,47087
191220,47087
243717,47085
277921,47084
103086,47084
270793,47084
206760,47084
266020,47084
275139,47083
3479,47083
207754,47083
196090,47083
166394,47083
266222,47082
253730,47081
142461,47081
256484,47081
286544,47081
157426,47081
276788,47081
292615,47080
252233,47080
131261,47080
128325,47080
2499,47079
155776,47079
161907,47079
280083,47079
88076,47079
225166,47078
115922,47078
390,47077
171623,47077
101197,47077
106117,47076
211498,47076
261246,47076
203853,47076
165589,47076
119815,47075
201743,47075
238094,47075
213516,47075
222443,47074
116518,47074
123372,47074
252760,47073
141186,47073
30288,47073
151842,47073
172867,47073
193138,47072
115705,47072
285739,47072
158483,47071
206949,47070
218887,47070
136177,47068
220443,47068
101359,47067
290677,47067
248674,47066
172465,47066
144825,47066
255732,47065
167105,47065
239504,47064
236837,47064
2679,47064
55046,47063
103485,47062
83062,47062
220040,47062
156404,47062
196806,47062
291191,47061
98505,47061
240931,47060
286322,47059
130063,47059
28269,47059
277855,47059
261356,47058
171427,47058
140471,47057
187880,47056
275639,47056
143925,47056
21783,47055
129183,47055
115203,47055
206270,47055
204498,47055
179311,47054
252837,47054
257597,47054
11211,47053
89613,47053
217699,47053
238902,47052
258874,47051
294490,47050
44118,47050
253079,47050
280982,47049
238474,47049
92907,47049
175131,47049
205592,47049
198986,47049
252231,47048
54016,47048
173573,47048
252568,47048
283107,47047
149873,47046
291310,47046
166570,47045
4927,47045
148681,47044
269581,47043
91619,47043
234473,47043
79466,47043
194043,47043
113792,47043
266176,47043
35282,47043
162600,47043
238121,47042
37374,47042
217979,47042
145381,47042
232463,47042
269434,47042
208519,47041
105851,47041
260935,47041
245318,47040
213997,47039
216604,47038
199030,47037
21500,47037
205798,47037
109831,47037
190196,47036
63559,47036
294875,47034
292074,47034
210342,47033
118369,47032
213412,47032
27726,47032
186984,47032
114403,47031
184282,47031
280439,47031
286822,47030
199203,47030
271673,47030
238177,47030
193862,47030
133,47030
111947,47029
127920,47029
177493,47028
201855,47027
75931,47027
199392,47026
249724,47026
114589,47026
291830,47026
113847,47026
256680,47026
92035,47025
271373,47025
263724,47025
124481,47025
235752,47025
55232,47025
169242,47025
270854,47024
261796,47024
201352,47023
227478,47023
72914,47023
39449,47023
264383,47022
190751,47022
222448,47021
3751,47020
148448,47020
256849,47020
178481,47018
234240,47018
206026,47018
532,47017
221252,47016
268995,47016
93364,47016
232138,47015
245134,47015
208424,47014
273987,47014
252554,47013
149804,47012
225402,47012
239304,47012
108584,47012
121274,47011
161461,47011
32263,47010
161330,47009
71110,47009
249551,47009
215698,47008
201965,47008
206999,47008
210195,47008
26520,47008
131779,47007
208510,47007
212027,47007
287936,47007
189937,47006
215343,47006
180772,47006
146126,47006
257015,47006
25553,47006
167085,47005
6759,47005
294066,47005
217071,47004
245413,47004
226638,47003
281741,47002
112796,47002
144737,47002
241877,47002
284020,47002
192852,47001
101257,47001
83057,47001
71437,47001
178490,47001
219048,47001
125510,47000
123572,47000
37337,47000
185965,47000
210635,46999
294993,46999
22208,46998
203426,46998
237351,46998
73613,46997
189086,46997
201343,46996
165271,46996
217833,46995
229524,46995
94665,46995
78780,46995
215576,46995
106216,46995
101868,46994
279254,46994
246991,46994
103824,46994
230447,46993
18692,46993
286994,46993
214293,46993
106517,46992
244349,46992
111000,46992
80548,46991
257727,46991
211046,46991
35979,46990
213317,46990
149996,46990
270853,46990
125727,46990
215849,46989
186443,46988
114801,46988
203648,46988
176774,46987
240749,46987
164506,46987
211464,46987
218273,46987
91856,46987
152947,46986
213091,46986
193717,46985
278258,46985
286111,46984
193760,46984
166754,46984
274068,46983
261220,46983
248701,46983
117002,46983
141852,46983
241289,46982
74759,46982
233970,46982
247184,46982
2247,46981
168054,46981
108210,46981
286973,46981
108990,46981
257883,46980
214876,46980
223181,46980
257924,46980
152319,46980
125591,46979
80652,46978
269853,46978
153399,46978
167369,46978
285927,46978
196276,46978
152368,46977
27451,46977
177301,46977
258375,46977
265591,46976
29724,46976
203292,46976
150794,46976
216923,46976
287699,46976
239302,46976
172886,46975
197048,46975
134234,46975
214347,46974
4413,46974
159094,46973
150814,46973
262889,46973
210067,46973
203735,46972
223379,46972
124172,46972
279228,46971
286332,46971
253483,46971
83586,46971
207836,46971
32770,46970
244359,46970
168116,46970
167692,46970
77934,46969
293066,46969
256414,46969
236864,46968
38500,46968
274683,46968
207286,46968
155836,46968
218483,46968
157309,46967
155640,46967
284940,46967
160000,46967
274621,46967
173839,46966
104587,46966
189288,46966
118886,46966
251141,46966
117412,46965
178180,46965
274083,46965
18901,46964
284992,46964
55104,46964
104679,46963
244848,46963
207548,46962
254764,46962
259642,46961
204502,46961
171335,46961
195814,46961
29328,46960
235034,46960
184143,46960
267669,46959
68731,46959
120138,46959
73790,46959
171140,46958
105612,46958
180031,46957
290025,46957
204163,46957
165620,46957
243766,46956
43826,46956
295278,46956
277364,46955
84316,46955
268880,46955
212277,46955
149076,46955
253692,46955
225553,46955
9869,46954
213751,46954
191445,46954
191479,46953
232343,46953
126866,46953
261281,46952
36866,46952
45386,46952
72,46952
241026,46952
230042,46951
21435,46951
184580,46951
52385,46951
269841,46951
108338,46951
160857,46951
197388,46951
100633,46951
194795,46951
9503,46950
215994,46950
61218,46950
145928,46949
190599,46949
253581,46949
257345,46948
286610,46948
285271,46948
239168,46948
227591,46948
240992,46947
276382,46947
231660,46947
262956,46947
196096,46947
255384,46946
111685,46945
225273,46945
281215,46945
239110,46945
56396,46944
251580,46944
296487,46943
237745,46943
111079,46942
129359,46941
29579,46941
156074,46941
289115,46941
256182,46941
220714,46941
29003,46940
286633,46940
244788,46940
294057,46939
238351,46939
219723,46939
160581,46938
138042,46938
210333,46938
91384,46937
162436,46937
96220,46937
72261,46937
208021,46936
123708,46936
262057,46936
3314,46936
178170,46936
290627,46935
54460,46935
257059,46935
61287,46934
209712,46934
275355,46933
238823,46933
139295,46933
293085,46932
250390,46932
262008,46932
117779,46932
217643,46932
210232,46932
86013,46931
201684,46931
193902,46931
223284,46931
75453,46931
218811,46931
275561,46930
105776,46930
120354,46930
113346,46930
276551,46930
183324,46930
252664,46930
276791,46929
22091,46929
4817,46929
203596,46928
140827,46928
231942,46928
237979,46928
115016,46927
174956,46927
137032,46927
144980,46927
229427,46927
162827,46926
258973,46926
291139,46926
187639,46926
177872,46926
253377,46925
170528,46925
187634,46924
293806,46924
101267,46923
144261,46922
92984,46922
294804,46921
288088,46921
273853,46921
254778,46921
244885,46921
223385,46920
250638,46920
192605,46920
111465,46920
260827,46919
132651,46919
192278,46919
26487,46919
53847,46919
285922,46918
283735,46918
292141,46917
195901,46917
75766,46916
191975,46916
15028,46916
289685,46915
293591,46915
89033,46915
248199,46914
8780,46914
184077,46913
189125,46913
9091,46913
247931,46913
270397,46913
268971,46913
273301,46912
199154,46912
256005,46911
290579,46911
53568,46911
252534,46910
279382,46910
236639,46909
245924,46909
85259,46909
15695,46909
14973,46909
200208,46908
131855,46908
249493,46908
254808,46908
111162,46907
130507,46907
249195,46906
256276,46906
246866,46905
7920,46905
201860,46904
13796,46904
100486,46904
209321,46904
71514,46904
178380,46904
193785,46903
214645,46902
212814,46902
293925,46902
202659,46902
235071,46902
236266,46902
39020,46902
261130,46902
229422,46902
6653,46901
181528,46901
218464,46901
131201,46901
200473,46901
187349,46900
259878,46900
214823,46899
65937,46899
259861,46899
129717,46899
161225,46899
259384,46898
131542,46897
100165,46897
51908,46897
276344,46897
133251,46896
13573,46896
241328,46896
278744,46896
263460,46895
160215,46895
83826,46895
189423,46895
251229,46894
251202,46894
131659,46893
86977,46893
113418,46892
206421,46892
35968,46892
285169,46892
240480,46892
180870,46891
203605,46891
145235,46891
68408,46891
79411,46891
237118,46891
129960,46890
280496,46890
255610,46890
35107,46890
258509,46890
211268,46889
196872,46889
237371,46889
118215,46888
124513,46888
57353,46888
266128,46887
63570,46887
29075,46886
116415,46886
106811,46886
228246,46886
128933,46886
181547,46885
99945,46884
165196,46884
286224,46884
273297,46884
227360,46884
295208,46883
118869,46883
132858,46883
62129,46882
289427,46882
264327,46882
261692,46882
274022,46881
241293,46881
209210,46881
136134,46881
287995,46881
872,46879
148593,46879
170113,46879
104042,46879
114400,46879
291633,46878
58237,46878
227870,46878
276506,46878
107703,46878
3818,46877
142479,46877
185801,46877
41389,46877
256763,46876
256554,46876
268788,46876
233084,46875
204404,46875
78343,46875
145255,46875
179401,46875
265022,46874
270857,46874
169496,46873
192143,46873
206029,46873
41848,46873
20861,46873
61078,46872
160671,46872
164849,46872
225927,46872
190154,46871
236281,46871
110532,46871
202056,46871
167776,46870
195422,46870
102915,46870
193549,46870
202711,46870
146390,46869
115409,46869
291620,46869
159533,46869
146802,46868
84078,46868
250456,46867
96798,46867
175517,46867
254777,46867
272770,46867
190711,46867
271883,46866
93946,46866
198038,46866
284782,46865
101113,46864
111919,46863
262861,46863
236609,46863
223555,46863
225070,46863
291518,46862
186934,46862
88390,46862
246016,46862
248010,46861
257284,46861
247377,46861
218949,46860
253487,46860
289625,46859
134357,46859
59974,46859
180135,46859
220342,46858
283246,46857
246,46857
142739,46857
256590,46856
86295,46856
248449,46855
129654,46855
197962,46855
256294,46855
247723,46855
174754,46854
284256,46854
287869,46854
288883,46854
161653,46854
222030,46854
150114,46854
293586,46854
171663,46854
153813,46853
86052,46853
100130,46853
200978,46853
135915,46853
75976,46853
39502,46852
114387,46852
229663,46851
169133,46851
114065,46850
228845,46850
224275,46850
225063,46850
277427,46850
56252,46850
247084,46849
211254,46849
255895,46849
263923,46849
229225,46849
207860,46849
141727,46848
274615,46848
143463,46848
291152,46848
163333,46848
168081,46847
127854,46847
246541,46847
190827,46846
292763,46846
226664,46846
124722,46845
174667,46845
109243,46845
288233,46845
167519,46845
273232,46845
134662,46845
171330,46844
145420,46844
111544,46844
192335,46843
278004,46842
215444,46842
39539,46842
102364,46841
140444,46841
215651,46841
19081,46839
170637,46839
295184,46838
215129,46838
238752,46838
240148,46838
246933,46838
289638,46838
218752,46837
264520,46837
146482,46837
221885,46837
294798,46837
294422,46836
154521,46835
223112,46835
255700,46835
199673,46835
275591,46834
16546,46834
144225,46834
137344,46834
172470,46834
248578,46833
219142,46833
225100,46833
187295,46833
173556,46833
4613,46833
193997,46832
148430,46832
196465,46831
179042,46830
202699,46830
260486,46830
251102,46830
272192,46830
72558,46829
203728,46829
9825,46829
278035,46829
251272,46829
172644,46829
269383,46829
251047,46828
261260,46828
111167,46827
233541,46827
63752,46827
213352,46826
186798,46825
196665,46825
199314,46825
159406,46824
288079,46824
167778,46824
227774,46823
199737,46823
163,46823
232064,46821
257443,46821
253620,46821
144919,46821
276167,46821
164797,46821
229050,46820
38129,46819
238662,46819
244141,46819
204008,46819
243261,46819
270142,46818
295592,46818
249167,46818
256263,46817
226959,46817
291015,46817
281910,46817
257482,46817
286668,46817
199849,46817
268146,46816
175001,46816
260093,46816
293441,46816
102877,46816
59767,46815
238449,46815
56874,46815
225112,46814
77687,46814
237253,46814
252655,46814
149507,46814
218857,46813
240700,46813
254015,46813
105955,46812
251211,46812
107776,46812
20537,46812
242715,46812
146061,46812
187016,46811
228787,46811
232209,46811
169038,46811
127174,46811
162002,46810
154174,46810
260206,46810
218127,46810
205115,46810
203764,46810
196506,46810
93011,46810
146585,46810
288287,46810
175651,46810
226414,46809
235213,46809
255257,46809
74847,46809
296318,46808
185055,46808
107664,46808
281882,46807
249319,46807
178897,46807
204779,46807
270194,46806
171285,46806
119036,46806
291019,46806
250966,46806
183922,46806
103178,46806
246337,46806
274337,46806
146018,46806
136378,46806
249689,46805
275943,46805
259493,46805
209217,46805
30887,46805
207475,46805
245712,46804
103264,46804
157889,46804
282263,46804
42613,46804
167391,46804
294358,46804
260773,46803
137365,46803
250925,46803
221989,46803
204501,46803
257966,46803
239063,46803
121663,46802
154276,46802
132704,46802
262458,46801
190184,46801
241890,46801
285068,46801
296385,46800
227459,46800
293006,46800
294269,46800
94770,46800
49903,46799
256745,46799
252099,46799
205535,46799
55950,46799
166455,46799
4190,46799
208136,46798
185465,46798
219668,46797
216213,46797
282181,46797
101484,46797
288682,46796
276196,46796
170548,46796
215114,46796
218481,46796
49835,46796
62688,46796
230709,46796
215244,46795
255275,46795
217428,46795
169211,46795
32418,46795
290018,46794
234165,46794
275264,46794
103388,46794
275960,46794
4282,46794
149877,46792
20306,46792
199918,46792
258546,46791
190533,46791
227154,46790
278150,46789
271583,46789
228494,46789
161271,46788
129649,46788
167467,46788
84587,46788
209732,46788
241720,46788
166373,46787
219416,46787
266543,46787
286252,46787
227609,46786
247678,46786
283327,46786
57626,46786
148087,46785
262757,46785
283728,46785
277101,46785
185733,46784
43661,46784
170857,46784
276165,46784
187268,46784
193606,46784
169780,46783
116006,46783
12534,46783
166411,46783
20193,46782
153764,46781
109248,46781
261408,46781
200918,46781
105530,46781
202193,46780
240602,46780
264373,46780
259590,46780
120168,46780
218359,46779
252768,46779
52160,46779
294907,46779
267618,46779
137991,46779
258534,46779
124138,46779
125672,46778
209598,46778
95243,46778
7691,46778
235837,46778
176007,46778
182235,46778
122686,46778
107121,46778
76874,46778
85881,46777
205824,46777
279806,46776
80626,46776
141010,46776
204631,46776
24123,46776
157798,46776
147984,46776
243512,46776
264765,46775
257925,46775
287546,46774
295779,46774
140790,46774
279790,46774
290045,46774
148505,46773
247874,46773
188603,46773
46987,46773
238248,46771
260267,46771
83828,46771
77630,46771
100508,46771
43176,46770
154038,46770
215936,46770
268039,46770
280798,46770
94018,46769
169471,46769
207452,46769
219063,46768
72663,46768
94617,46768
79949,46767
235323,46767
248136,46767
212951,46766
280012,46766
273469,46766
190753,46766
141265,46766
259173,46765
291965,46765
209019,46765
38548,46765
177160,46765
64407,46764
51343,46764
42655,46764
216395,46764
69706,46764
165565,46763
26620,46763
159678,46762
181377,46762
266962,46762
130098,46762
175025,46762
146417,46762
257686,46762
292233,46761
175544,46761
159630,46761
118001,46761
92775,46761
280001,46761
224222,46761
296592,46761
136234,46760
141631,46760
142665,46759
286617,46759
131727,46759
144645,46759
62780,46759
252521,46759
34291,46759
269972,46759
190469,46759
134092,46758
250858,46758
249179,46758
207733,46758
147728,46758
196135,46757
238516,46757
265039,46757
25439,46757
236929,46757
184635,46757
271390,46757
133400,46756
219342,46756
14161,46756
197660,46755
138130,46755
268214,46755
168268,46755
214277,46755
258931,46754
260125,46754
95886,46754
277082,46753
239859,46753
172324,46753
24321,46752
291781,46752
104128,46752
224181,46752
230951,46752
295905,46751
462,46751
205642,46751
210905,46750
241831,46750
116932,46750
177492,46750
153802,46750
236328,46750
277643,46750
267869,46750
54673,46749
183029,46749
210986,46749
170624,46748
233790,46748
144809,46748
157323,46748
281269,46748
150816,46748
203597,46747
293888,46747
282485,46747
164101,46746
198899,46746
228881,46746
42503,46746
289490,46745
132455,46745
195701,46745
129284,46745
259351,46745
43135,46745
228379,46744
63470,46744
187394,46743
173845,46743
237136,46743
99539,46743
51023,46743
288550,46743
266998,46743
239846,46743
242310,46742
130557,46742
69925,46742
81399,46742
290429,46742
251055,46741
192894,46741
272480,46741
235528,46740
113439,46740
120152,46739
10632,46739
292918,46739
188977,46739
56610,46738
144116,46738
135240,46737
261023,46737
134300,46737
288893,46737
296052,46737
269571,46736
236121,46736
86314,46735
279939,46735
284581,46735
205647,46734
263675,46734
142667,46734
253594,46733
143718,46733
157716,46732
115843,46732
33374,46732
226042,46732
245443,46731
136323,46731
253001,46731
186878,46731
279310,46731
236360,46731
100760,46730
273923,46730
58563,46730
248811,46730
267327,46729
111702,46729
221825,46729
132349,46729
192070,46728
122673,46728
143199,46728
241096,46728
147695,46728
251903,46728
240395,46727
233017,46727
177605,46727
239788,46727
227223,46727
236986,46726
119579,46726
224029,46725
180579,46725
273954,46724
135525,46724
287775,46724
160409,46724
252945,46723
260086,46723
281603,46723
285544,46722
158378,46722
157437,46722
253992,46722
240921,46722
101161,46722
88179,46722
147649,46722
143965,46722
242322,46722
176214,46722
183471,46722
170737,46721
80957,46721
282623,46721
154522,46721
20359,46721
89064,46721
168408,46721
284752,46721
257607,46720
283622,46720
107720,46719
235772,46719
278658,46719
237893,46719
177970,46719
272191,46719
19968,46718
238613,46718
51660,46718
181967,46717
193584,46717
97571,46717
137409,46717
147085,46717
174721,46717
186935,46716
194,46715
266415,46715
5549,46715
16956,46714
169231,46714
57944,46714
274286,46714
204385,46713
216018,46712
289181,46712
129087,46712
228960,46711
227257,46711
244525,46711
227443,46711
34828,46710
225455,46710
259035,46710
270764,46710
197228,46709
88322,46709
243687,46709
216153,46709
151707,46708
265524,46708
294459,46707
216980,46707
104172,46707
112172,46707
159569,46707
290012,46706
130071,46706
201230,46706
268085,46706
227818,46705
124489,46705
182555,46705
156159,46705
121930,46705
279044,46705
176025,46705
64590,46704
139963,46704
250184,46704
234610,46704
190744,46703
146462,46703
184537,46703
156090,46703
82047,46702
291904,46702
247627,46702
169862,46702
166536,46702
259261,46702
86306,46701
237843,46701
83713,46701
286931,46701
4044,46701
225283,46700
140210,46700
150977,46699
181164,46698
108652,46698
78394,46698
79987,46697
142689,46696
75822,46696
106486,46696
268389,46696
245401,46695
222375,46695
155662,46695
260874,46695
205256,46694
29314,46694
120712,46693
286877,46693
202213,46692
50792,46692
199699,46692
112740,46691
279472,46691
47764,46690
143692,46690
229306,46690
52573,46690
284817,46690
181583,46689
645,46689
175056,46689
20257,46689
264210,46689
193802,46689
237403,46688
179022,46688
159360,46687
233899,46686
242732,46686
9792,46684
182491,46684
43885,46683
191452,46683
101585,46683
239034,46683
238608,46683
280145,46682
42565,46682
167069,46682
91566,46682
287836,46682
296454,46681
89164,46681
26880,46681
81601,46681
59500,46680
136969,46680
141068,46680
295096,46680
285736,46680
260036,46680
158975,46679
221379,46679
197781,46679
279251,46679
241044,46679
254733,46679
290752,46679
138896,46678
200897,46678
57661,46678
169063,46678
184520,46678
276434,46678
60973,46677
170696,46677
284568,46677
235939,46676
58948,46676
249186,46676
155933,46675
207277,46675
235190,46675
213643,46675
247651,46675
167168,46675
123907,46675
246361,46675
131268,46674
185451,46674
278262,46674
146818,46674
276857,46674
215318,46674
253373,46673
12400,46673
269163,46673
274206,46673
23459,46672
199085,46672
261058,46672
197948,46672
287385,46671
234458,46671
65549,46671
277549,46671
32134,46670
211138,46670
226106,46670
130951,46670
148926,46670
193823,46670
232690,46670
274031,46669
104509,46669
268698,46669
250618,46669
282488,46669
109829,46669
216956,46669
219090,46669
139994,46668
259849,46668
191143,46667
243463,46667
214711,46667
155844,46667
250258,46667
229517,46667
216419,46667
270092,46666
212681,46666
55045,46666
269679,46666
112652,46665
224640,46665
253137,46665
141385,46665
281025,46664
115516,46664
7343,46664
230998,46664
119516,46664
269258,46664
202945,46664
261382,46664
29756,46664
168441,46663
163431,46663
296347,46663
128824,46663
110522,46663
98043,46663
247175,46662
293476,46662
140962,46662
275799,46662
37368,46662
153777,46662
42083,46662
114577,46662
278288,46661
7081,46661
132602,46661
119619,46661
188172,46660
177809,46660
193087,46660
70745,46660
270285,46660
33797,46660
270034,46660
121056,46659
173903,46659
119061,46659
126190,46659
272479,46659
23849,46658
214080,46658
72695,46658
69405,46657
38550,46657
165062,46657
7611,46657
172574,46657
208601,46657
103958,46657
157421,46657
178785,46657
191579,46657
219735,46656
80092,46656
93260,46656
226477,46656
204509,46656
185344,46656
261292,46656
232902,46655
152458,46655
60550,46655
294729,46655
263632,46655
154415,46654
108123,46654
255604,46654
78058,46654
58985,46654
290266,46654
154393,46654
151352,46654
133230,46654
126911,46653
222995,46653
15225,46653
248094,46653
272061,46653
137108,46652
189717,46652
259963,46652
284962,46651
193041,46651
52111,46651
213994,46651
53163,46651
279084,46651
36557,46651
179277,46650
55991,46650
146086,46650
176098,46650
151996,46650
139489,46650
221714,46649
198219,46649
98275,46649
42350,46649
13672,46649
152817,46649
146710,46648
174343,46648
166386,46648
5949,46648
176079,46648
251288,46648
7437,46647
292579,46647
185836,46646
245239,46646
116182,46646
85086,46646
27413,46645
268522,46645
200497,46645
215274,46644
134515,46644
21421,46644
111362,46644
252500,46644
193728,46644
274175,46643
213464,46643
32388,46643
272604,46643
158639,46642
234198,46642
257541,46642
76471,46642
148639,46642
182138,46642
292310,46641
215071,46641
206892,46641
152448,46641
126161,46641
259266,46641
288809,46641
231481,46641
118419,46641
160932,46641
146285,46641
54818,46641
229716,46640
285355,46640
261061,46640
219702,46640
100937,46640
239221,46640
63695,46640
270734,46639
130252,46638
82348,46638
259683,46638
244007,46638
173623,46638
252066,46637
277954,46637
112645,46636
220861,46636
109400,46636
284351,46636
8754,46636
199510,46636
260094,46636
157521,46635
266271,46635
246396,46634
97781,46634
33998,46633
140667,46633
97322,46633
127670,46633
257638,46632
289789,46632
153027,46632
39266,46632
45284,46631
182511,46631
212188,46630
293940,46630
137104,46630
242113,46629
175559,46629
199058,46629
258467,46629
14569,46629
143542,46629
133809,46628
144712,46628
280064,46627
271100,46627
49092,46627
146400,46627
296302,46627
138936,46627
222793,46627
213646,46627
5778,46626
85674,46626
181573,46626
232832,46626
155741,46626
10,46626
139394,46626
254032,46625
28194,46625
223498,46625
281219,46625
132822,46624
281179,46624
180732,46624
184278,46623
151773,46622
22088,46622
170337,46622
130632,46622
296416,46621
281471,46621
282591,46621
235357,46621
192254,46621
203082,46621
257748,46620
261775,46619
35290,46619
154151,46619
134838,46619
28342,46619
235088,46619
223816,46619
99378,46619
280028,46619
153975,46618
249510,46618
199436,46618
184496,46617
174645,46617
147819,46617
260072,46617
218747,46617
242247,46616
253253,46616
237303,46616
110348,46616
188624,46616
64250,46615
279440,46615
245480,46615
56365,46614
129653,46614
153373,46614
133808,46614
13320,46613
163842,46613
285732,46613
210832,46613
139869,46612
106235,46612
195342,46612
111732,46611
16997,46611
38206,46611
150892,46611
118415,46611
248545,46610
265672,46610
177388,46610
159035,46609
209627,46609
287549,46609
277926,46608
280462,46608
34966,46608
221669,46608
217134,46608
239586,46608
95228,46608
243090,46608
66721,46608
65287,46607
281993,46607
199717,46607
277346,46607
135317,46607
279872,46607
278034,46607
231390,46607
209596,46607
199479,46607
185356,46606
156834,46606
104219,46606
134043,46606
250368,46606
241677,46606
116234,46605
276096,46605
230214,46605
282711,46604
271799,46604
220659,46604
214520,46604
181900,46604
184615,46604
281571,46604
2384,46603
237602,46602
87511,46602
152082,46602
172368,46601
266790,46601
245506,46601
232226,46601
91782,46601
250584,46600
95760,46600
203870,46600
71862,46600
5924,46600
236019,46600
211734,46599
294144,46599
44379,46599
223959,46599
286784,46598
164150,46598
285644,46598
182362,46598
48585,46597
254922,46597
119531,46597
259815,46597
161781,46597
166785,46597
282151,46596
272361,46596
294279,46595
235289,46595
87832,46595
14541,46595
230234,46595
182709,46595
144999,46595
246602,46595
180640,46595
296565,46594
142693,46594
270637,46594
195312,46594
24049,46593
120972,46593
294933,46593
108682,46593
23120,46592
247467,46592
239713,46592
261956,46592
230326,46592
293836,46591
111420,46591
222601,46591
97945,46591
142164,46590
189261,46590
228857,46590
156437,46590
142208,46590
256278,46589
201206,46589
207962,46589
225011,46589
130183,46588
186111,46588
180210,46587
286414,46587
108416,46587
258454,46587
269587,46586
278772,46586
272150,46586
276103,46586
230550,46586
230844,46585
120249,46585
281088,46585
275992,46585
292706,46585
200535,46585
255415,46585
258427,46584
103433,46584
290994,46584
245330,46584
51141,46584
284165,46583
34024,46583
156210,46582
179069,46582
72124,46581
12810,46581
37527,46581
277185,46581
188529,46581
292381,46581
29561,46581
286553,46580
138680,46580
245844,46580
186867,46579
174674,46579
105559,46579
45666,46579
102743,46579
392,46579
96761,46579
105748,46579
261736,46579
251416,46578
270427,46578
204121,46578
194450,46578
219548,46578
72752,46578
148043,46578
37014,46578
246034,46577
199229,46577
201735,46577
245823,46577
157943,46577
154707,46577
138438,46576
162900,46576
229697,46576
198784,46576
139877,46576
246060,46575
296415,46575
220133,46575
232592,46574
62557,46574
282224,46574
241409,46574
164100,46574
257089,46574
274940,46574
157285,46574
7983,46573
287463,46573
220794,46573
123477,46573
179767,46573
197626,46573
225012,46573
230707,46572
137003,46572
156652,46571
140153,46571
114670,46571
183101,46570
144003,46570
157440,46570
239509,46569
234401,46569
133723,46569
252505,46568
275002,46568
274525,46568
560,46568
268388,46568
259702,46568
114708,46568
169394,46568
245293,46567
235950,46566
237320,46566
219167,46566
133384,46566
146884,46565
147081,46565
59115,46565
99629,46565
170427,46565
246913,46564
267573,46564
216479,46564
244005,46564
183892,46564
285744,46563
205357,46563
270781,46563
82506,46562
37663,46562
24785,46562
224626,46562
204429,46562
204054,46561
108536,46561
282884,46561
181176,46561
200354,46560
191131,46560
80053,46560
238788,46560
250991,46560
211720,46560
155847,46559
232316,46559
227766,46559
80054,46558
291441,46558
231201,46558
218218,46557
268692,46557
265429,46557
161760,46557
120141,46557
160949,46556
106412,46556
210778,46556
280901,46555
239694,46554
293422,46554
38201,46554
177560,46554
282482,46554
63815,46554
90799,46554
171475,46553
8042,46553
145855,46553
191624,46553
147,46553
260652,46552
68579,46552
188566,46552
180332,46551
257684,46551
214706,46550
22320,46550
20699,46550
119024,46549
141696,46549
29706,46549
248084,46549
174448,46549
208578,46548
172156,46548
112713,46548
61798,46548
160634,46548
175040,46547
57774,46547
223781,46547
126101,46547
55183,46546
187769,46546
179623,46546
27045,46546
112311,46546
70219,46546
243598,46546
182779,46546
223307,46545
144128,46545
226158,46544
275903,46544
47266,46544
199701,46544
187875,46544
268847,46544
216550,46544
79804,46543
156911,46543
130391,46543
211289,46543
271411,46542
37590,46541
70964,46541
262073,46541
229964,46540
127817,46540
282217,46540
237348,46540
194921,46540
111411,46540
1039,46539
133274,46539
130545,46539
108506,46539
77458,46539
208086,46539
37493,46539
255109,46539
23650,46538
173321,46538
163831,46538
33950,46537
150774,46537
75548,46536
53099,46536
135197,46536
69664,46536
203950,46535
189844,46535
254672,46535
175926,46535
36559,46535
231459,46534
221597,46534
149236,46534
150972,46534
213215,46534
192471,46534
172066,46534
260466,46534
88865,46534
96132,46534
64616,46533
8807,46533
160136,46533
294826,46533
60151,46533
25566,46532
266922,46532
170343,46532
182476,46532
279720,46532
229250,46532
219600,46531
137100,46531
204896,46531
168548,46531
280860,46530
240008,46530
165381,46530
165913,46530
142014,46529
260623,46529
270742,46529
59855,46529
265061,46528
181097,46528
247828,46527
271354,46527
249302,46527
235101,46527
57519,46526
246723,46526
227095,46526
59455,46525
266637,46525
77066,46524
243076,46524
52186,46524
151295,46524
179973,46524
3492,46523
212439,46523
110035,46523
87151,46523
90357,46522
240587,46522
55851,46522
259669,46522
6273,46522
74710,46522
231042,46521
110798,46521
127658,46521
144077,46521
276088,46521
44976,46521
249695,46520
67653,46520
195051,46520
175395,46520
204029,46520
12490,46520
182681,46519
186854,46519
164862,46519
211279,46519
260938,46518
230846,46518
169359,46518
161023,46518
140616,46517
245995,46517
2709,46517
220929,46517
42560,46516
3153,46516
243337,46515
291029,46515
91089,46515
114938,46515
201696,46514
224341,46514
138134,46514
149811,46514
264040,46513
252659,46513
294040,46513
170972,46513
290964,46513
78221,46513
142222,46513
252574,46513
72639,46512
146725,46512
180345,46512
245448,46512
2047,46512
234975,46511
267066,46511
98359,46510
288843,46510
15002,46510
53653,46510
209104,46509
55598,46509
150404,46509
254236,46509
96663,46508
203806,46508
263941,46508
283376,46508
80184,46508
87376,46508
32650,46508
22847,46507
157172,46507
266701,46507
84396,46507
191097,46506
49584,46506
155626,46506
161227,46506
182813,46505
268158,46505
233373,46505
290664,46505
271874,46504
229100,46504
100128,46504
119632,46504
167857,46503
158874,46503
124890,46503
66420,46503
60157,46503
236140,46503
202249,46503
2153,46503
222589,46503
233967,46503
176767,46502
91051,46502
135120,46502
164635,46502
199507,46502
165552,46501
105639,46501
266900,46501
257012,46500
167408,46500
212709,46500
147868,46500
225519,46500
237700,46499
264546,46499
276313,46499
70416,46498
183936,46498
205870,46498
237483,46498
219973,46498
182023,46498
30264,46498
231819,46498
191749,46497
80805,46497
241208,46497
255045,46497
135004,46497
262090,46497
252027,46496
91352,46496
224699,46496
54779,46495
178568,46495
6105,46495
290767,46495
218650,46495
233098,46494
213337,46494
199205,46494
233643,46494
146420,46493
210678,46493
233074,46493
258663,46492
214826,46491
165233,46491
151764,46491
214376,46491
292725,46491
230252,46491
50483,46491
214765,46491
292680,46491
205721,46490
199012,46490
147444,46490
29362,46490
268837,46489
214352,46489
48987,46489
87299,46489
248216,46489
152112,46488
212308,46488
50434,46488
27586,46488
149849,46488
70050,46488
259566,46488
166540,46488
296060,46487
242602,46487
247810,46487
169354,46486
6104,46486
287573,46486
286787,46486
179785,46486
280481,46486
23284,46486
142365,46486
233007,46486
252629,46486
254926,46485
244166,46485
224986,46485
95800,46485
143895,46485
214603,46484
184141,46484
285604,46484
147850,46484
114273,46484
154460,46484
219587,46483
258393,46483
295046,46482
104093,46482
266130,46482
223790,46481
209721,46481
198873,46481
275493,46481
192356,46481
281160,46481
164590,46481
138840,46481
165789,46480
243944,46480
264658,46480
130663,46480
217256,46480
243513,46480
210893,46480
85576,46480
126236,46480
260984,46480
192207,46480
281525,46479
74442,46479
266181,46479
194512,46479
233771,46479
253412,46479
260696,46478
248205,46478
238609,46478
210053,46478
291214,46478
81755,46478
55702,46478
233813,46478
231602,46477
278484,46477
198927,46477
88429,46477
153374,46477
261511,46477
212809,46476
186998,46476
259064,46476
130815,46476
160298,46476
259956,46476
24848,46476
3127,46475
148521,46475
203763,46475
289051,46475
280115,46475
258494,46474
211961,46474
201327,46474
160344,46474
145791,46474
151067,46474
175817,46474
173929,46474
292823,46474
120028,46474
231718,46473
22567,46473
18000,46473
241277,46473
272978,46473
224048,46472
177438,46472
137753,46472
186579,46472
261318,46471
185260,46471
158935,46471
56106,46471
122327,46471
58072,46471
264646,46471
21041,46471
256391,46470
84532,46470
237871,46470
257565,46470
277460,46470
243795,46470
277654,46470
279108,46470
256819,46469
17921,46469
178695,46469
219961,46469
48894,46469
276295,46469
181190,46468
279442,46468
192295,46468
238292,46468
108014,46467
263991,46467
265742,46467
160123,46467
258547,46466
239428,46465
261788,46465
57768,46465
81621,46465
134759,46464
233185,46464
244579,46464
138784,46464
253362,46463
226315,46463
250457,46463
140772,46463
65479,46463
247934,46463
236424,46463
238494,46463
272378,46463
176463,46463
290642,46462
201000,46462
37351,46462
252941,46461
151164,46461
110809,46460
219956,46460
218691,46460
220047,46460
98353,46460
101840,46460
234280,46459
293348,46459
205488,46459
35827,46459
182522,46459
265202,46458
192824,46458
201310,46458
104364,46458
243230,46458
173855,46457
289583,46457
74765,46457
273947,46457
205475,46456
235628,46456
139169,46456
153187,46456
12865,46456
208723,46456
138325,46456
89797,46456
139646,46455
212988,46455
276840,46455
74945,46454
121913,46454
33674,46454
141151,46454
131121,46453
166442,46453
229031,46453
263295,46453
91299,46453
268742,46452
228106,46452
202760,46452
158821,46452
176285,46452
217306,46452
165555,46452
250741,46451
124141,46451
35091,46451
256157,46451
138087,46450
97369,46450
169094,46450
234321,46450
124456,46450
108418,46450
232383,46449
175696,46449
179111,46449
205168,46449
292899,46449
164287,46449
164,46449
159705,46449
171351,46448
1583,46448
260124,46448
252552,46448
261487,46448
291295,46448
77590,46448
115329,46447
286687,46447
97602,46447
289392,46447
200485,46447
66781,46447
285771,46447
20737,46447
83959,46446
270508,46446
257112,46446
128856,46446
28734,46446
156540,46446
270219,46446
5127,46446
197450,46445
121333,46445
191537,46445
274066,46445
74046,46444
147671,46443
138647,46443
180641,46443
5196,46443
162315,46443
287584,46443
239456,46442
248315,46442
104802,46442
137064,46442
263223,46440
192309,46440
193923,46440
226835,46440
196820,46440
67539,46440
250218,46439
84335,46439
203337,46439
205351,46439
240313,46439
170340,46439
235160,46439
159392,46439
125732,46439
257108,46438
230591,46438
265613,46438
90595,46438
244814,46438
130810,46438
172320,46437
209945,46437
202653,46437
74117,46437
151505,46436
82628,46436
155804,46436
194870,46436
181126,46436
105330,46436
70372,46436
69306,46436
186377,46436
217667,46436
116327,46436
282089,46436
144096,46436
26248,46436
317,46435
36322,46435
11958,46435
233850,46434
2298,46434
216635,46434
288566,46434
204817,46434
44392,46434
76567,46434
276975,46434
747,46433
80323,46433
292459,46433
79178,46433
52646,46433
121050,46433
283897,46432
160950,46432
152089,46432
245674,46432
241072,46432
264311,46431
254057,46431
261219,46431
241109,46431
243151,46430
102165,46430
88610,46430
166337,46430
279339,46430
165072,46429
60545,46429
215515,46429
274931,46429
88600,46428
212222,46428
279619,46428
124810,46428
206128,46428
2129,46427
276534,46427
272405,46427
161611,46427
217285,46427
136942,46427
114350,46427
232305,46426
225645,46426
258281,46426
45148,46426
277935,46426
99181,46426
248419,46426
49125,46426
115717,46426
164431,46426
181065,46425
96295,46425
134390,46425
44523,46424
255294,46424
776,46424
92496,46424
137274,46424
196383,46424
223705,46424
250044,46424
227833,46423
170954,46423
121946,46423
140432,46423
174690,46422
278206,46422
192240,46422
265955,46422
180513,46422
286532,46422
