271,100000
115,53524
1698,51592
1011,51402
1013,51112
39839,50809
76,50661
2670,50588
33,50403
10150,50226
3656,50216
4463,50206
5213,50011
62524,49883
682,49835
119,49541
149387,49506
174,49422
531,49293
163,49129
1420,49091
54448,49066
252726,49045
7551,49042
56639,48961
40,48948
15723,48943
3628,48789
45989,48773
63570,48768
29270,48754
20135,48722
5776,48646
750,48613
38357,48588
266922,48558
21,48498
32908,48488
13858,48488
15667,48465
4246,48463
8646,48450
230142,48445
185709,48418
32,48414
200291,48410
295576,48401
18518,48393
247815,48389
113549,48360
139295,48339
255082,48326
1305,48310
270470,48292
9892,48269
208592,48232
215423,48209
44306,48203
2258,48198
7691,48197
60398,48189
72963,48177
2781,48157
60169,48152
274022,48131
16954,48122
289631,48114
93701,48108
367,48101
2245,48082
154125,48076
95143,48068
261739,48060
284258,48056
59064,48048
174906,48047
90236,48044
9412,48037
1598,48032
231845,48029
277101,48002
213924,47996
211100,47995
4927,47983
40474,47966
132484,47965
78697,47961
133,47953
2827,47949
40383,47944
249458,47942
104029,47941
22904,47940
136667,47932
268040,47932
282937,47931
210007,47930
135312,47893
131011,47892
26325,47892
155899,47888
199044,47887
15433,47881
268793,47867
94750,47854
23081,47842
324,47842
87105,47825
9791,47824
105094,47824
250820,47822
126794,47811
280836,47810
267,47809
28064,47807
209517,47807
207069,47801
1381,47797
182242,47777
252225,47777
244359,47774
44966,47770
294994,47753
11094,47747
56267,47745
67493,47742
224350,47715
23083,47709
268214,47703
72664,47701
12032,47692
21735,47690
271558,47685
166728,47685
293507,47679
31851,47666
240921,47666
1039,47660
4086,47658
128755,47654
257296,47652
22320,47649
255829,47637
290477,47635
394,47626
25188,47623
57,47620
200490,47616
268736,47614
201965,47598
170393,47595
201496,47589
65058,47577
20793,47573
6807,47564
92944,47558
3479,47557
187352,47549
103788,47544
6095,47541
21492,47539
5076,47535
173744,47533
594,47531
199090,47530
143867,47530
255292,47526
40147,47515
16268,47511
35,47510
699,47506
248084,47505
16786,47500
7983,47498
4511,47498
62534,47495
294066,47494
239200,47472
20667,47467
230134,47462
34489,47459
4211,47446
260625,47438
16344,47436
253099,47431
294875,47420
241831,47418
254131,47415
42890,47412
15922,47410
73555,47407
8536,47404
103242,47403
17887,47401
80087,47401
291973,47401
53246,47398
9637,47392
251095,47387
263827,47385
4360,47382
8693,47378
2284,47375
1060,47372
59376,47371
266885,47371
66899,47366
177697,47364
10504,47363
20736,47360
5163,47348
51457,47346
169590,47346
13183,47344
6788,47342
281043,47341
213615,47340
69873,47339
87603,47334
261246,47330
24490,47327
10381,47325
205265,47324
15703,47324
270054,47323
291771,47319
288526,47315
6286,47314
280428,47312
645,47308
5924,47307
191131,47307
253360,47303
130681,47297
228004,47297
240938,47296
292615,47292
286032,47291
20359,47285
223689,47273
156804,47273
296290,47273
265494,47272
133251,47266
2676,47258
204308,47258
5137,47258
241366,47252
1090,47251
296580,47251
317,47248
285355,47248
262401,47248
283166,47245
3490,47243
264024,47243
247629,47243
27760,47237
289861,47236
256280,47236
204964,47233
288022,47232
2728,47232
222443,47231
288953,47230
245013,47229
284247,47226
278465,47223
247876,47222
27648,47222
8334,47218
1178,47218
107838,47217
7839,47215
160194,47208
190200,47205
167085,47203
252233,47203
196102,47199
148721,47196
3541,47195
136577,47191
138597,47189
26582,47188
103079,47185
1993,47181
287418,47180
294804,47179
226629,47179
240008,47179
37774,47176
151842,47170
185203,47170
999,47169
274726,47166
291633,47166
60014,47164
5358,47164
190,47162
291012,47162
283794,47162
205096,47161
281331,47158
6897,47158
290403,47157
253384,47157
2341,47156
2389,47147
250400,47147
3244,47147
8980,47147
91873,47144
108536,47143
225011,47143
291736,47141
92363,47139
251048,47136
220494,47136
246734,47131
194212,47130
232308,47127
224780,47127
281575,47122
117265,47121
8616,47121
53700,47120
257621,47119
269781,47119
276550,47119
126639,47117
19354,47111
5317,47110
247749,47109
170773,47108
127307,47104
29056,47103
185085,47103
4940,47101
106300,47099
255196,47098
251968,47097
48825,47097
113946,47094
233007,47094
116164,47093
270660,47092
6832,47090
253979,47090
263546,47089
206760,47088
5147,47088
51117,47086
13717,47086
292003,47085
15739,47084
269650,47084
282181,47083
237182,47082
282821,47078
208510,47078
251421,47075
178127,47075
104795,47074
213575,47073
281639,47072
253558,47071
239456,47070
249462,47068
273987,47068
151492,47067
182668,47062
291408,47062
62,47058
120148,47055
76057,47054
3960,47054
222030,47052
13708,47052
248254,47051
8092,47049
37177,47049
286326,47049
98849,47048
1704,47046
289625,47045
118904,47043
86091,47043
138203,47041
14685,47039
434,47038
216903,47025
264353,47023
396,47021
11728,47018
200955,47018
175001,47016
245782,47014
249491,47013
485,47013
274585,47013
127962,47009
161941,47008
226835,47007
37014,47006
17091,47004
250966,47004
48585,47003
220929,47002
195342,46998
234610,46998
276219,46996
241586,46995
411,46994
14449,46993
237253,46993
60999,46992
14730,46992
253253,46991
215994,46990
224822,46987
280203,46985
186227,46982
93552,46978
786,46978
139448,46975
67457,46973
276096,46972
81872,46971
198010,46969
273100,46968
210678,46967
193549,46966
91330,46964
51138,46960
253063,46959
15130,46958
234068,46956
138120,46955
252030,46954
23797,46952
250346,46950
50093,46950
218757,46950
522,46949
107,46948
14763,46945
261055,46945
635,46945
40588,46942
288496,46942
26348,46941
2073,46941
235088,46940
244005,46938
288920,46936
369,46935
285922,46935
214716,46933
233541,46932
280903,46930
239726,46929
293318,46928
124595,46926
7071,46925
14247,46925
415,46924
202372,46924
5320,46924
21421,46921
3407,46921
150268,46921
418,46917
268616,46917
1683,46915
279382,46915
294907,46914
258274,46911
284342,46910
6184,46910
292971,46909
202825,46907
236342,46905
229059,46905
27820,46904
232832,46902
246337,46901
98,46899
239239,46898
202928,46897
245480,46897
228217,46895
654,46894
188008,46892
153237,46892
1042,46891
208159,46889
214253,46888
183833,46887
224308,46885
195868,46885
20284,46883
258038,46882
249493,46881
215849,46881
250459,46880
291339,46876
188897,46875
165765,46874
237958,46873
25943,46873
239762,46872
61682,46872
161806,46870
8559,46870
34965,46870
287836,46870
242952,46866
172687,46865
272306,46865
134491,46865
243512,46862
286200,46862
222452,46861
166785,46861
69490,46860
236018,46859
220074,46859
239221,46858
289568,46856
291019,46852
181799,46851
291603,46851
217979,46850
7770,46849
245751,46848
198754,46847
265853,46843
32979,46840
235646,46839
272305,46838
271840,46837
261775,46836
255275,46835
53022,46835
157751,46834
293,46834
25174,46831
19813,46830
8965,46830
285260,46830
251923,46830
514,46829
266705,46829
239110,46828
280728,46828
231688,46828
145928,46827
6241,46826
13553,46826
456,46825
157273,46824
9122,46820
255004,46820
212666,46819
184228,46819
193808,46818
266451,46817
250164,46815
131351,46814
271583,46814
256763,46813
274499,46813
21952,46813
33743,46813
253487,46812
135037,46810
216628,46809
127739,46809
29764,46809
1465,46809
286800,46809
244177,46809
271874,46808
259226,46805
247377,46805
264546,46804
295939,46803
277654,46803
3613,46802
195422,46802
40957,46802
1932,46801
226042,46801
263608,46801
87299,46800
212569,46798
6511,46798
69882,46797
173524,46796
295628,46795
227793,46794
226801,46793
266066,46792
172574,46792
9568,46791
41645,46790
229007,46790
300,46789
233070,46787
259065,46787
34828,46786
65028,46785
263225,46785
277459,46781
103400,46780
151705,46780
4214,46778
146482,46776
251479,46776
267591,46776
8555,46776
274027,46774
152426,46774
257179,46774
44563,46773
274683,46772
103,46771
227068,46769
223379,46768
221667,46767
170972,46766
256849,46764
272720,46763
202655,46763
260895,46763
205145,46762
277080,46762
272480,46761
292706,46761
277795,46761
4067,46760
170432,46759
44752,46758
174084,46757
220801,46757
141068,46757
280028,46756
257431,46756
258791,46753
205895,46753
257418,46752
288144,46752
277935,46750
37865,46750
182899,46749
1094,46748
217460,46748
48756,46747
268117,46747
205099,46745
25592,46744
209,46744
150084,46743
20070,46740
295905,46740
242303,46740
217277,46739
189125,46738
39746,46737
270659,46737
277083,46737
259861,46736
117524,46735
198323,46733
89412,46733
165789,46733
192217,46731
283246,46729
273163,46729
230196,46728
259604,46726
193902,46724
272197,46724
289392,46722
179042,46722
245026,46720
8839,46719
273612,46719
161556,46718
277279,46718
270370,46717
274643,46717
185763,46716
9478,46716
133656,46713
245424,46713
207441,46713
14830,46711
236500,46711
13327,46710
132455,46710
272192,46710
291965,46708
296454,46708
186618,46707
250945,46707
244839,46707
162408,46705
264368,46703
294490,46701
233814,46700
158062,46699
126600,46699
216358,46699
225146,46698
156846,46697
258494,46697
51810,46696
454,46695
257686,46695
290415,46693
164272,46693
194784,46693
250453,46692
673,46692
274700,46692
257338,46692
243090,46691
272337,46691
264204,46690
178298,46690
20394,46690
156609,46689
135,46689
279,46688
287334,46687
274560,46687
144261,46687
210125,46686
257168,46685
277252,46684
273080,46683
218258,46683
261902,46682
294279,46682
180870,46682
144030,46681
278424,46679
507,46679
18075,46679
285313,46678
294431,46678
268689,46677
275639,46677
4608,46677
289120,46676
183936,46675
178182,46673
29781,46673
196402,46673
230084,46673
437,46672
140636,46672
161605,46672
293636,46672
38134,46672
242363,46671
242537,46671
273845,46670
240422,46670
265429,46670
228161,46670
31066,46669
28541,46669
26925,46666
231947,46666
271673,46664
260441,46663
269068,46663
204938,46663
5969,46663
7263,46662
1973,46662
217795,46661
166977,46660
216354,46659
17583,46659
195798,46656
252652,46656
22547,46655
290266,46655
146213,46654
149507,46654
275332,46653
242893,46653
239261,46653
158776,46653
35599,46652
294040,46652
210778,46650
168006,46650
243316,46649
194795,46648
234312,46648
588,46648
160298,46648
1807,46648
151996,46646
271473,46646
250618,46646
285309,46645
222589,46645
47125,46645
261201,46644
453,46644
16733,46643
287385,46643
269297,46643
237794,46642
252552,46641
781,46641
238252,46640
154151,46640
270364,46639
142218,46639
82,46638
185356,46637
303,46637
203697,46636
213373,46634
208560,46634
282151,46633
249510,46633
26862,46632
74719,46632
16668,46631
825,46630
182114,46630
268591,46628
186111,46627
169419,46627
269755,46627
193030,46627
96,46627
250214,46626
217480,46626
281005,46626
220117,46626
97015,46626
142562,46625
2597,46625
262327,46623
243355,46622
225804,46621
2759,46621
80707,46620
190827,46620
294652,46620
270813,46619
279790,46619
213397,46619
164928,46619
245316,46618
55468,46618
267562,46618
153705,46617
264056,46617
245121,46617
356,46616
283937,46615
260010,46614
210475,46613
185303,46611
8327,46611
251580,46611
261623,46610
161218,46610
212616,46609
291667,46609
153316,46608
147085,46607
218012,46607
84078,46607
3276,46607
244848,46606
269434,46606
236328,46606
202213,46606
276413,46605
247415,46604
196731,46603
203122,46602
183206,46602
190184,46602
206208,46601
23313,46600
17963,46599
2470,46598
77970,46598
288736,46598
192902,46598
139394,46598
246829,46597
287463,46597
177439,46596
284752,46596
185312,46596
233098,46596
286401,46595
98773,46594
186576,46594
296,46593
293217,46593
197081,46593
51887,46592
191266,46592
263118,46591
19607,46591
271113,46591
246161,46590
249126,46590
3679,46590
241897,46589
277556,46589
239428,46589
146407,46588
6126,46588
61706,46588
232590,46588
204060,46588
246723,46587
191927,46587
171991,46587
44400,46586
162115,46585
289638,46585
9072,46585
240414,46585
156128,46585
257325,46584
204502,46584
289659,46584
6518,46583
200485,46582
205,46581
238328,46580
291235,46579
195415,46579
196524,46579
2100,46579
258,46578
251249,46577
16262,46577
279882,46576
195814,46576
243772,46574
158456,46573
268195,46573
9987,46573
147911,46572
197622,46570
231965,46570
111380,46570
252568,46569
272270,46568
289868,46568
70,46568
216210,46567
229716,46567
212681,46567
262857,46567
2169,46567
1918,46566
246633,46566
237756,46566
134043,46566
148519,46565
214444,46565
296347,46565
291206,46565
121274,46564
278258,46563
27726,46562
42609,46562
243717,46562
154600,46560
293814,46560
245606,46559
12086,46559
207882,46558
98347,46558
292343,46558
23077,46558
158016,46558
265415,46557
228170,46557
135267,46557
232067,46557
287699,46556
279208,46554
49371,46553
184784,46553
248694,46552
233083,46551
159611,46550
271799,46550
236986,46549
126236,46548
269972,46548
225930,46548
216417,46548
284124,46548
275362,46547
13289,46547
19130,46546
289194,46545
240962,46545
160581,46545
219063,46544
15596,46544
293085,46544
289478,46543
170113,46542
282703,46542
256023,46542
107915,46542
238735,46541
63111,46540
204482,46540
261382,46540
226892,46540
274632,46539
235528,46538
236769,46538
181190,46538
216293,46537
228233,46537
8946,46537
101647,46537
286224,46536
218907,46535
254541,46535
241015,46534
265458,46534
186798,46533
276514,46532
190898,46532
96930,46531
244545,46531
258074,46531
28166,46530
258809,46530
216923,46530
20779,46529
242777,46529
146086,46529
173653,46528
25439,46528
210296,46527
257672,46527
13872,46526
273780,46526
129717,46526
226935,46526
218691,46526
169231,46525
253377,46525
228851,46525
54544,46525
152338,46524
288161,46524
136387,46524
231448,46524
229259,46524
187223,46524
172,46523
221885,46522
256075,46521
223606,46521
6759,46521
266848,46521
291897,46520
91856,46519
279508,46518
207805,46518
286786,46516
189484,46516
165271,46515
185712,46515
211664,46515
280744,46513
9545,46513
285449,46513
235425,46513
249532,46513
20907,46513
286252,46512
216825,46511
126385,46511
218743,46511
200535,46511
248543,46510
286617,46510
116043,46510
277554,46510
155626,46509
272709,46509
208723,46508
14297,46506
278227,46506
198873,46505
239302,46505
103703,46504
3779,46504
112324,46504
197456,46504
157421,46504
245311,46504
289115,46503
2381,46503
172904,46503
211844,46503
186984,46503
225912,46503
191624,46503
211669,46501
292009,46501
172678,46501
106517,46501
160413,46501
156987,46501
145,46501
254922,46501
238828,46501
284256,46500
147,46500
192978,46500
182522,46499
259590,46498
5678,46496
17,46495
270508,46494
238512,46494
211268,46492
234924,46492
195177,46492
203337,46492
169547,46490
234442,46489
171285,46489
279228,46488
214896,46488
293203,46488
193606,46487
2873,46486
210931,46486
243102,46486
28589,46486
173681,46486
243426,46485
245844,46485
214376,46485
220125,46484
195820,46484
279675,46484
264658,46484
259683,46483
595,46483
251102,46483
148636,46483
151599,46483
271209,46481
207656,46481
114735,46480
231027,46480
250184,46480
252313,46480
192454,46480
142683,46479
149877,46479
270015,46479
292285,46479
255533,46479
279344,46479
281541,46478
184798,46478
291241,46478
278578,46478
294744,46478
229413,46478
259702,46477
11602,46476
193281,46476
291427,46476
249525,46476
218490,46475
133384,46475
20986,46475
10,46474
286601,46474
1304,46474
133568,46474
237994,46473
282475,46473
233811,46472
186579,46472
143878,46471
253881,46471
268953,46471
283887,46469
144051,46468
292470,46467
255610,46467
207236,46467
99,46466
286532,46464
216678,46463
250390,46463
252253,46462
223330,46462
227622,46462
250991,46461
160185,46461
223790,46461
14664,46460
83,46460
175025,46459
288233,46459
31533,46459
250044,46458
162106,46457
279493,46457
282310,46457
122201,46456
292202,46455
293198,46455
116415,46455
281927,46454
264975,46454
286559,46454
292590,46454
179127,46454
210954,46454
271937,46454
274180,46454
273462,46454
252287,46452
283497,46452
10832,46452
262,46450
261456,46449
287548,46448
234859,46448
226375,46447
249530,46447
198308,46447
192894,46446
33854,46446
275355,46445
191338,46445
18146,46445
200625,46444
17546,46444
255663,46443
281258,46442
288883,46442
1217,46442
129044,46442
226306,46441
261061,46441
240749,46441
261064,46441
126878,46440
4457,46440
190360,46439
294933,46438
278684,46438
271354,46438
268411,46438
238790,46438
246379,46438
13437,46438
225063,46438
226625,46438
231942,46436
258427,46436
207740,46435
155517,46435
153626,46435
9452,46434
1627,46434
157648,46433
228719,46433
275397,46432
261526,46431
231623,46430
9060,46430
238902,46430
203361,46430
232421,46429
2903,46429
277293,46427
272542,46427
146815,46427
285563,46427
199437,46426
13851,46426
277996,46425
173680,46425
281088,46424
206483,46424
126687,46424
266989,46423
215114,46423
289362,46422
194895,46422
268740,46422
275294,46422
263667,46421
271455,46420
93694,46420
204501,46420
67884,46420
10666,46420
285406,46419
234548,46419
286216,46418
229780,46417
269940,46417
286973,46417
278744,46416
245508,46415
294805,46415
262713,46415
264369,46415
258898,46414
292527,46414
4161,46413
292459,46413
268332,46412
92943,46412
219782,46411
211316,46411
164590,46411
210052,46411
119999,46410
276816,46410
177295,46410
174343,46409
252066,46409
122475,46409
277903,46408
142700,46408
277926,46408
294141,46407
228410,46407
130663,46407
249181,46407
262832,46406
95110,46406
1428,46406
140325,46405
250741,46405
264434,46404
254808,46404
2578,46404
232917,46404
245308,46404
3664,46404
250377,46403
6125,46403
10908,46403
17243,46403
296592,46403
207277,46402
220054,46402
290711,46402
245238,46402
106979,46402
137032,46402
112720,46401
269695,46401
240900,46401
10424,46400
291472,46400
274589,46400
43863,46400
183786,46399
232828,46399
157829,46399
187123,46399
182649,46398
268788,46398
281642,46397
240078,46397
30714,46396
120141,46396
244917,46396
253079,46395
84403,46394
212949,46394
151164,46394
245826,46393
20757,46392
283651,46392
49942,46391
228705,46391
81,46391
247175,46390
229524,46390
261918,46390
225402,46389
253204,46389
239304,46389
101874,46389
131989,46388
270637,46388
292795,46387
261023,46387
295248,46387
239512,46387
220200,46387
253014,46386
248023,46386
267697,46384
171230,46384
115516,46383
281349,46382
288996,46382
252554,46382
258653,46382
218102,46382
116,46382
140259,46382
234458,46382
147940,46382
161535,46381
185523,46381
25705,46381
53686,46381
253784,46380
247747,46380
197619,46379
252760,46378
230767,46378
173854,46378
128758,46378
204381,46378
262086,46377
144061,46377
734,46376
204086,46376
184580,46376
267287,46375
167895,46374
282122,46374
257100,46374
176007,46373
149612,46373
224740,46372
215821,46371
190834,46370
36625,46369
197222,46369
293888,46368
220047,46368
185515,46368
118001,46368
144848,46367
226532,46366
147468,46366
163562,46365
294993,46364
191749,46364
3222,46364
195962,46363
279164,46363
191538,46363
212551,46363
265468,46363
212141,46362
562,46362
235950,46362
225209,46362
203494,46361
214978,46361
137402,46360
250258,46360
225283,46360
269645,46359
197872,46359
276860,46359
276885,46359
172308,46359
202147,46359
253694,46357
114207,46356
277445,46356
216272,46356
206121,46355
271364,46355
51092,46355
283811,46355
255220,46354
255438,46354
229542,46354
293052,46353
296445,46353
187499,46353
283018,46352
205351,46352
8276,46352
1582,46352
128542,46352
245413,46352
294743,46351
290109,46350
293396,46350
260712,46350
234,46350
201070,46349
234303,46349
680,46348
276165,46347
267487,46347
243495,46347
247373,46346
228391,46346
183013,46346
288593,46346
222053,46345
262861,46345
7813,46344
134456,46344
184422,46344
282517,46343
194043,46343
167718,46343
235837,46343
98507,46343
189717,46343
213751,46343
28897,46342
2540,46342
179949,46342
272690,46342
161997,46342
234562,46341
230374,46340
257883,46340
136870,46340
295246,46339
164797,46339
246060,46339
273230,46338
260253,46337
189676,46337
202820,46337
270801,46337
134234,46336
230506,46336
228326,46336
31361,46336
190491,46336
251744,46335
250491,46335
269629,46335
152848,46334
173556,46334
157671,46334
247051,46333
241730,46333
12906,46333
288298,46333
283694,46333
285899,46332
284351,46332
198345,46331
284604,46330
167331,46329
248931,46329
180417,46329
192507,46329
188589,46328
274621,46328
245448,46328
119461,46328
15515,46327
258874,46327
183131,46327
244579,46327
252387,46327
286334,46327
279610,46326
163075,46326
153692,46326
184225,46326
184564,46326
262732,46325
29438,46325
191247,46325
259448,46324
264383,46323
94594,46322
241044,46322
235213,46322
232598,46322
80178,46322
218859,46321
3444,46321
246930,46321
176669,46321
222601,46320
227833,46320
222793,46319
294798,46319
168425,46319
12871,46318
105714,46318
10033,46317
288079,46317
263361,46317
250982,46317
177115,46317
175495,46316
271785,46316
226182,46316
10007,46315
278262,46315
63470,46315
187016,46314
183275,46314
240351,46313
204005,46313
218661,46312
171140,46312
257254,46312
261130,46312
23795,46311
273934,46311
283099,46311
214169,46310
187880,46310
279442,46309
256157,46309
12600,46308
131655,46308
126643,46308
120753,46308
167329,46308
249535,46307
233979,46307
274804,46307
222276,46307
139226,46306
26733,46306
270857,46306
266773,46305
124890,46305
264207,46305
290061,46305
19874,46305
130918,46304
1784,46304
233848,46303
277765,46303
272628,46302
7098,46302
153037,46302
4870,46301
25566,46300
247335,46300
9670,46300
214325,46299
114354,46299
213997,46299
270034,46298
285891,46298
204954,46298
255402,46298
1068,46298
249179,46297
173265,46296
137,46296
214765,46296
269663,46296
225923,46296
239534,46295
127958,46295
260486,46295
286553,46294
38069,46294
259064,46294
184415,46294
205057,46293
269607,46293
159597,46293
216554,46292
193585,46292
261644,46291
127657,46291
237003,46291
295441,46291
58423,46290
196135,46290
285771,46290
217285,46289
276452,46289
122215,46289
240812,46289
79,46289
242601,46288
247733,46288
264013,46288
3127,46287
256633,46287
260696,46287
14768,46287
5959,46287
265698,46287
203706,46286
217970,46286
220040,46285
296321,46285
4147,46285
194314,46284
288208,46284
178095,46284
3410,46284
120916,46283
258931,46282
121260,46282
53878,46282
108555,46282
210470,46282
295844,46282
186998,46281
256334,46281
118763,46281
120,46281
279594,46280
208,46280
222489,46280
196623,46280
20446,46280
142461,46280
185801,46280
3253,46279
199533,46279
16522,46278
267635,46278
9091,46278
230554,46278
226315,46278
247467,46278
258663,46278
186854,46277
205442,46277
173586,46277
121178,46276
123896,46276
23998,46275
965,46275
201549,46274
208021,46274
237533,46273
170045,46273
237351,46272
192521,46272
230844,46272
243795,46271
212277,46271
19003,46271
220961,46270
251353,46270
159230,46270
263898,46269
165095,46269
16112,46269
278274,46269
97572,46269
29086,46268
246180,46268
133750,46267
228246,46267
193148,46267
193138,46267
256745,46267
287948,46266
142719,46266
268386,46266
39337,46266
211045,46265
189861,46265
150041,46265
191730,46265
240927,46265
28780,46265
217256,46265
257656,46264
294185,46264
223257,46264
39734,46264
169271,46263
119657,46263
281269,46263
227618,46263
174587,46263
2833,46263
55466,46262
264086,46262
159392,46262
276966,46262
187105,46261
233790,46261
36800,46261
181528,46261
174667,46260
210650,46259
282239,46259
282751,46259
224758,46259
141965,46257
197958,46257
248764,46256
131378,46256
149381,46256
191579,46256
10623,46256
270330,46255
266958,46255
137985,46255
258138,46255
193883,46254
188172,46254
258546,46254
190288,46254
172335,46253
229964,46253
224349,46253
256459,46253
292153,46252
129552,46252
237745,46252
264334,46251
152149,46250
245209,46249
118355,46249
276791,46248
147671,46248
268873,46248
271816,46248
233547,46248
9231,46247
142229,46247
269801,46247
176234,46247
284385,46247
283374,46246
26429,46246
186648,46246
183313,46245
68414,46244
268783,46244
236864,46244
288088,46244
187882,46244
74029,46244
223978,46243
228490,46243
201595,46243
13019,46243
187394,46243
13273,46242
19525,46242
268742,46242
287263,46242
285739,46242
277427,46242
192207,46241
109714,46241
200562,46241
258766,46241
239362,46241
109709,46241
373,46240
220043,46240
136177,46240
240372,46239
47166,46239
194687,46239
220822,46239
268370,46239
114350,46238
147810,46238
208897,46238
144980,46238
131740,46237
276909,46236
280236,46236
270986,46236
237319,46236
211935,46235
228249,46235
261487,46235
213742,46234
145499,46234
249302,46233
276283,46233
280886,46233
254057,46232
85,46232
280335,46232
227870,46232
258013,46232
263864,46231
234314,46231
199743,46231
252016,46231
11312,46230
93729,46230
264720,46230
1641,46229
124953,46229
224385,46229
168998,46228
272350,46228
38344,46228
177678,46227
184513,46226
246937,46226
201855,46226
251416,46226
295408,46226
209093,46225
231410,46225
10881,46225
184645,46225
273297,46225
134613,46225
280380,46225
167669,46224
176463,46224
276196,46224
211282,46223
191595,46223
273646,46222
259493,46221
178413,46221
81844,46221
278530,46220
15727,46220
219043,46220
168441,46220
242602,46219
57319,46219
184555,46219
153802,46219
277921,46218
213244,46218
208578,46218
29952,46218
136005,46218
250331,46217
293465,46217
142433,46217
221702,46217
275586,46216
166710,46216
212809,46216
263407,46216
3345,46216
294385,46216
244995,46216
171274,46215
294022,46215
263414,46215
283363,46214
214876,46214
285068,46214
259642,46214
285271,46214
161225,46213
202164,46213
266346,46213
284327,46213
262057,46213
7027,46213
232547,46213
95234,46213
261865,46213
154867,46212
21162,46212
221924,46212
53552,46212
159172,46211
196090,46211
4994,46211
238248,46210
24571,46210
247976,46209
258361,46209
260208,46209
271390,46209
226101,46209
91043,46209
207988,46208
66222,46208
261058,46208
236788,46208
8945,46208
135094,46207
1273,46207
288870,46206
272419,46206
167776,46206
273132,46205
10330,46205
149974,46205
257743,46205
172959,46205
278012,46205
135174,46205
281726,46205
237563,46205
243629,46204
213192,46204
216065,46204
264539,46204
157369,46203
246702,46202
101215,46202
239335,46202
291398,46201
235582,46201
253616,46201
186310,46201
40375,46201
56117,46201
223385,46201
239910,46201
284811,46200
254862,46200
26440,46200
218419,46200
204509,46200
293348,46200
39032,46200
52681,46199
251021,46199
285744,46199
257607,46199
154522,46198
11105,46198
293539,46198
167408,46198
113145,46198
144712,46197
214603,46197
294572,46197
56,46197
172016,46197
253826,46197
178192,46197
2406,46196
238996,46196
77152,46196
234280,46196
202330,46196
291054,46196
236904,46196
281257,46195
185177,46195
139156,46194
290579,46194
267822,46194
259821,46194
205617,46194
229323,46194
260337,46193
279070,46193
242230,46193
136847,46193
219652,46192
207475,46192
153975,46192
89423,46192
214950,46192
143854,46192
294087,46192
229306,46191
293005,46190
188929,46189
13512,46189
5176,46189
6250,46189
283472,46189
106154,46189
172869,46188
124812,46188
185055,46188
220886,46188
295167,46188
1711,46187
4888,46187
290982,46187
245324,46187
264893,46187
230545,46187
226272,46187
238177,46187
281525,46187
252659,46186
125732,46186
280020,46186
191403,46186
169961,46185
231390,46185
100760,46185
259261,46185
193720,46184
186935,46184
276320,46184
283926,46184
254309,46184
36476,46184
139230,46184
200601,46183
237223,46183
264039,46182
257169,46182
290606,46181
9506,46181
288798,46181
211322,46180
261292,46179
176629,46179
175836,46179
230447,46178
160249,46178
278722,46178
201343,46178
211840,46178
239509,46176
263295,46176
274829,46176
192070,46175
149605,46175
162436,46174
151909,46174
231897,46173
221830,46173
252656,46173
127716,46173
290045,46171
293094,46171
161951,46171
108210,46171
97425,46171
218273,46171
205287,46171
238496,46170
271240,46170
207469,46170
234438,46169
1290,46169
199882,46169
156113,46169
239289,46169
239846,46169
169354,46168
117473,46168
225927,46168
265550,46168
205378,46168
261408,46167
252898,46167
285989,46167
185905,46167
250843,46167
96228,46166
198384,46166
142135,46166
206050,46166
288010,46166
189288,46166
175199,46166
251784,46166
211498,46166
279931,46166
101405,46165
278601,46165
281789,46165
197898,46165
241516,46165
288002,46165
274977,46164
281611,46164
101291,46164
244771,46164
291435,46163
215863,46163
189261,46162
277643,46162
25484,46162
268844,46162
229942,46162
211042,46162
26414,46161
269853,46161
242113,46161
141456,46160
16345,46160
251595,46160
293330,46160
229570,46160
279146,46160
210986,46160
285214,46160
186208,46159
129853,46159
110383,46159
73,46159
237031,46159
242257,46159
18170,46158
218811,46158
93225,46158
233899,46157
70120,46157
154127,46157
169094,46157
151577,46157
154947,46157
188618,46156
190875,46156
258509,46156
225473,46155
102337,46155
260558,46155
200585,46154
757,46154
269012,46154
123894,46154
4770,46154
137206,46154
251047,46153
269060,46152
225999,46152
137003,46152
125943,46152
159569,46152
285415,46151
217699,46151
242274,46151
186377,46150
128830,46150
122563,46150
237249,46150
232282,46150
257284,46150
256473,46150
134917,46150
18408,46149
249984,46149
157844,46149
268698,46149
216465,46148
181448,46148
160857,46148
242255,46148
200307,46148
215164,46148
287821,46147
35039,46147
295361,46147
193785,46147
244420,46147
178695,46146
6388,46146
266531,46146
176025,46146
270285,46146
282990,46146
159953,46146
177506,46145
107496,46145
292381,46145
219349,46145
139676,46145
265471,46145
244827,46145
19793,46144
232339,46144
135404,46144
277236,46144
215910,46143
19596,46143
155847,46143
286256,46143
226897,46143
6441,46142
177027,46142
84587,46141
221972,46141
135558,46141
1052,46141
203827,46141
285013,46140
146126,46140
187126,46139
203735,46139
200111,46138
231890,46137
278898,46136
146462,46136
98157,46136
294376,46136
245434,46136
67368,46135
292899,46135
132986,46135
236712,46135
263946,46135
172470,46134
140667,46134
152708,46134
243796,46134
216373,46134
238331,46134
294208,46133
251889,46133
72339,46133
167069,46132
257,46132
287546,46132
167293,46132
49065,46132
205647,46131
157125,46131
265028,46130
188312,46130
265309,46130
278236,46130
250694,46130
289370,46130
375,46129
5855,46129
274068,46129
181297,46129
273117,46129
161851,46129
125817,46128
36453,46128
101229,46128
259106,46128
121475,46128
162860,46128
173220,46128
228816,46127
182193,46127
174674,46127
236608,46127
262797,46126
290167,46126
177746,46126
160037,46126
55398,46126
120168,46125
9314,46125
285927,46125
257345,46125
182943,46125
293925,46125
236429,46124
46997,46124
169565,46124
296352,46124
272132,46124
33290,46123
96217,46123
276101,46123
290140,46123
216789,46123
253514,46122
231057,46122
2954,46122
261614,46122
213190,46121
157741,46121
226638,46121
155741,46121
203318,46121
211464,46121
263258,46120
265631,46120
216482,46120
218262,46119
69544,46119
222922,46119
168421,46119
18296,46118
202809,46118
95760,46118
224123,46118
216527,46118
189160,46118
196087,46118
216201,46117
150566,46117
9806,46117
193684,46116
182645,46116
224982,46116
246654,46115
218372,46115
128558,46115
101585,46115
20691,46114
164639,46114
7147,46114
260137,46114
137064,46114
8346,46114
235783,46113
294957,46113
291310,46113
97502,46113
93946,46113
280073,46113
167857,46112
208600,46112
241724,46112
193331,46111
218979,46111
115329,46111
254478,46111
154170,46110
26994,46110
169412,46110
146919,46110
266176,46110
185243,46110
282875,46110
199504,46109
103470,46109
95402,46109
171215,46109
165143,46108
264555,46108
266379,46107
52607,46107
190856,46107
161475,46107
256391,46106
194933,46106
110910,46106
277682,46105
149216,46105
223035,46105
93343,46105
296565,46105
208831,46105
206632,46104
247723,46104
278692,46104
179094,46104
230049,46104
215152,46104
164020,46104
190629,46104
195892,46104
293275,46103
245966,46103
172644,46103
231658,46103
239083,46102
208136,46101
11882,46101
272449,46101
236461,46100
284691,46100
288501,46100
169223,46099
194053,46099
148074,46099
212628,46098
241328,46098
5068,46098
15526,46098
11459,46098
149051,46097
5202,46097
3221,46096
248578,46096
42613,46096
177635,46096
244000,46096
189543,46095
7917,46095
172716,46095
269163,46095
267840,46095
256186,46095
196064,46095
209217,46094
120712,46094
150866,46094
199596,46094
278214,46094
20220,46094
231852,46094
282482,46094
69268,46093
255485,46093
232445,46093
213824,46093
36976,46092
270980,46092
152391,46092
266780,46091
247781,46091
292393,46091
3492,46091
218241,46091
211791,46091
112928,46091
104121,46091
164498,46091
35483,46090
219340,46090
135919,46090
124810,46090
194104,46090
153777,46090
187015,46090
27955,46089
223625,46089
146585,46089
227223,46089
33986,46089
276183,46089
24037,46089
80957,46089
7184,46088
231137,46088
123727,46088
278964,46088
211468,46088
137753,46088
280241,46088
70485,46087
170705,46087
274615,46087
94930,46087
214352,46087
133340,46087
218872,46086
224916,46086
213994,46086
285841,46085
147081,46085
242001,46085
209210,46085
224379,46085
289490,46085
253362,46085
194209,46085
236756,46084
28389,46084
293591,46084
156328,46083
283932,46083
129462,46083
2673,46083
272678,46082
163279,46082
164782,46082
264989,46082
144825,46082
229055,46082
135915,46082
237437,46082
295200,46081
264709,46081
272728,46081
290572,46081
242295,46081
243151,46080
212967,46080
272259,46080
272693,46080
159042,46080
203479,46080
286702,46080
146425,46080
199242,46079
3735,46079
292233,46079
209913,46079
199030,46079
116786,46079
227739,46078
144229,46078
196427,46078
245004,46078
120761,46078
295480,46078
205376,46078
244992,46078
23376,46078
291911,46078
252542,46077
186737,46077
103810,46077
159963,46077
812,46077
5040,46077
209817,46077
212709,46076
162328,46076
154582,46076
207400,46076
29984,46075
224626,46075
95243,46075
123995,46075
234005,46074
20054,46073
97077,46073
143022,46073
172341,46072
191667,46072
276300,46072
5825,46071
111947,46070
22439,46070
71728,46070
271125,46070
275992,46070
123520,46069
226328,46069
192915,46069
116696,46069
224676,46068
154824,46068
204411,46068
241451,46067
238801,46067
267307,46067
263448,46067
249886,46066
67886,46066
247357,46066
25778,46066
272079,46065
260766,46065
226237,46065
222,46065
150572,46065
245724,46065
230249,46065
264345,46064
178183,46064
15865,46064
207813,46063
120207,46063
15225,46062
219735,46062
202738,46062
276986,46062
230998,46062
15385,46062
89838,46062
12052,46062
278288,46061
254734,46061
30435,46061
217428,46061
248811,46061
280708,46060
136625,46060
272971,46060
278871,46060
154485,46060
78117,46060
34836,46060
67822,46059
258085,46059
35655,46059
248205,46059
2561,46058
269216,46058
44392,46058
204323,46058
108584,46058
205195,46058
262738,46058
128910,46058
28114,46058
196270,46058
161244,46058
274290,46057
239557,46057
229406,46057
241274,46057
178212,46057
157285,46057
275264,46056
231602,46056
223112,46056
219570,46055
235148,46055
238314,46055
292668,46055
238752,46055
122857,46055
252520,46054
184496,46054
265578,46054
230041,46054
157986,46054
254235,46054
112371,46054
37174,46053
96579,46053
9372,46053
57190,46053
102703,46053
6883,46053
235427,46052
87163,46052
142825,46052
173845,46052
280901,46052
270862,46051
261281,46051
93046,46051
225012,46051
33552,46051
282691,46051
252837,46050
248591,46050
215959,46050
157672,46050
293771,46050
275591,46050
292853,46050
85475,46050
209988,46049
266130,46049
268146,46049
288758,46049
262264,46049
74945,46049
201941,46049
268971,46049
196013,46048
254137,46048
267598,46048
107770,46047
140873,46047
156966,46047
276551,46047
233081,46046
277226,46045
32459,46045
271884,46045
133168,46044
123636,46044
223118,46044
43882,46044
243616,46044
204447,46044
218464,46043
291461,46043
175803,46043
8600,46043
246499,46043
166193,46043
145606,46042
247460,46042
168561,46042
144852,46042
226171,46042
152085,46042
278036,46042
251164,46042
254853,46042
253196,46041
11843,46041
274109,46041
254764,46041
409,46041
16,46041
191950,46040
186340,46040
230877,46040
263460,46040
59115,46040
173875,46040
199673,46039
104331,46039
54306,46039
189496,46039
226959,46039
148926,46039
228922,46038
278539,46038
239876,46038
78058,46038
138806,46037
262889,46037
275402,46037
183813,46036
231434,46036
280012,46036
200897,46036
293616,46036
235310,46035
256703,46035
186231,46035
32500,46035
243076,46035
201435,46035
28635,46034
109498,46034
159859,46034
77458,46033
109936,46033
260206,46033
151071,46033
176524,46033
227355,46032
172108,46032
132756,46032
113256,46031
270363,46031
122945,46031
205642,46031
185998,46030
203806,46030
26896,46030
206989,46030
212897,46030
237955,46030
6259,46030
180031,46030
290998,46029
291015,46029
207548,46029
223376,46029
93900,46029
215579,46029
2938,46029
188996,46029
259430,46029
2282,46029
106574,46028
186867,46028
237973,46028
38550,46027
527,46027
165551,46027
215574,46027
37009,46027
225994,46026
166386,46026
206240,46026
145615,46026
269756,46025
216700,46025
291445,46025
254286,46025
72284,46025
8306,46025
198794,46024
261489,46024
105570,46024
248293,46024
19961,46024
166285,46024
242867,46024
228421,46024
248277,46023
278821,46023
223498,46023
250983,46022
267457,46022
242297,46022
283376,46022
179787,46022
246574,46022
241782,46022
224495,46022
250858,46021
212952,46021
288893,46021
198368,46021
140339,46021
284940,46021
205488,46020
186112,46019
122518,46019
148486,46019
231249,46019
134790,46019
89797,46018
89931,46018
146188,46018
204514,46018
214858,46018
277710,46018
5421,46018
292918,46018
102364,46017
273214,46017
207862,46017
2957,46017
173419,46017
199991,46017
100496,46017
131957,46017
270793,46017
269851,46016
130930,46016
178165,46016
203605,46016
287023,46016
174645,46015
219961,46015
288707,46015
34008,46015
295595,46015
2911,46015
91311,46014
85949,46014
170,46014
78511,46014
261927,46014
88633,46014
283269,46014
19029,46014
214721,46013
214645,46013
284249,46013
9407,46013
24196,46012
294903,46012
238639,46012
199077,46012
276553,46012
238834,46012
284992,46012
150126,46011
18327,46011
260858,46011
209070,46011
108086,46010
279108,46010
260086,46010
288199,46010
111707,46010
160473,46010
202233,46009
214640,46009
130034,46009
18643,46009
282217,46009
293433,46009
144628,46008
246186,46008
201451,46008
137503,46008
166233,46008
137039,46008
148579,46008
170477,46008
12262,46007
181513,46007
259628,46007
228294,46007
269413,46007
182039,46007
205027,46007
283270,46006
293290,46006
156308,46006
256452,46006
191551,46006
210436,46005
180210,46005
217722,46005
163585,46005
173929,46005
190195,46005
138924,46004
158140,46004
244166,46004
263484,46004
289644,46004
208496,46004
291139,46003
210195,46003
234755,46003
261356,46003
161001,46003
238014,46003
218235,46003
276857,46003
98420,46003
214141,46002
17845,46002
274300,46002
145470,46002
270883,46002
289676,46002
290169,46002
259849,46002
131326,46001
190742,46001
192600,46001
228189,46001
217386,46001
203134,46001
4258,46000
256418,46000
104144,46000
255827,46000
291620,45999
277317,45999
292054,45999
286544,45999
249505,45999
4906,45998
131128,45998
156968,45998
120152,45998
204457,45998
137487,45997
255793,45997
120945,45997
25476,45997
5726,45997
10594,45996
269688,45996
245129,45996
132290,45996
189844,45996
85086,45996
224341,45996
217842,45996
273954,45995
217138,45995
251659,45995
201416,45995
280083,45995
259115,45995
247237,45995
222961,45995
148661,45994
266317,45994
115921,45994
293586,45993
268990,45993
246396,45993
290976,45993
241713,45993
246933,45993
209674,45993
263412,45993
288488,45993
252713,45993
276088,45993
168036,45992
196474,45992
181064,45992
253391,45992
287936,45992
247262,45992
187402,45992
147104,45991
142980,45991
73674,45991
101033,45991
187837,45991
9041,45990
294057,45990
33464,45990
287220,45989
162965,45989
124141,45989
183763,45989
125271,45989
246483,45989
8148,45988
229,45988
237234,45988
108682,45988
191946,45988
281882,45987
257583,45987
110798,45987
236879,45987
250250,45987
127038,45987
268522,45987
206316,45987
292837,45987
198982,45987
213829,45986
41153,45986
227999,45986
180673,45986
247678,45986
154868,45985
181797,45985
296583,45985
253097,45985
232348,45984
276961,45984
288782,45984
234668,45983
154559,45983
140184,45983
117779,45983
198654,45983
243982,45983
153866,45983
254064,45983
270854,45982
272943,45982
231759,45982
214510,45982
280742,45981
136903,45981
284601,45981
4573,45981
229659,45980
203521,45980
251632,45980
49485,45980
272361,45980
263865,45980
275142,45980
234473,45980
181298,45980
77603,45980
863,45979
126911,45979
184712,45979
80154,45979
73527,45979
176853,45979
281154,45979
282760,45979
36250,45979
28046,45978
217914,45978
294459,45978
215837,45978
246034,45977
30540,45977
259173,45977
185522,45977
93888,45977
164655,45977
286802,45976
264866,45976
236107,45976
28522,45975
135004,45974
129665,45974
240743,45974
281264,45974
192505,45974
164150,45974
262027,45973
89613,45973
152695,45973
273037,45973
234332,45972
261360,45972
160123,45972
57858,45972
227821,45972
100674,45972
273326,45971
145747,45971
179022,45971
284804,45971
25644,45971
235282,45971
133010,45970
209761,45970
281160,45970
238785,45969
288165,45969
74117,45969
280,45969
177872,45968
260850,45968
275644,45968
129087,45968
287490,45968
223816,45967
57173,45967
278647,45967
82117,45967
80626,45967
249395,45967
153320,45966
295004,45966
249167,45966
234731,45966
249341,45965
163259,45965
225762,45965
117933,45965
9230,45964
225600,45964
176783,45964
101528,45963
245860,45963
189391,45963
161271,45963
149691,45963
261593,45963
285193,45963
90939,45962
184615,45962
207303,45962
3206,45962
350,45962
216449,45962
189870,45962
288586,45962
63689,45961
263075,45961
239791,45961
71991,45960
276434,45960
94724,45960
94745,45959
241167,45959
281385,45959
220553,45959
289685,45958
172324,45958
196025,45958
255188,45957
199860,45956
261796,45956
279218,45956
55850,45956
226477,45956
4806,45956
280485,45956
234206,45955
214823,45955
20475,45955
214592,45954
318,45954
132139,45954
269988,45953
136726,45953
223181,45953
215697,45953
17864,45953
201696,45953
258949,45952
115666,45952
242116,45952
225400,45952
219193,45952
257482,45952
220342,45951
250054,45951
155832,45951
210379,45951
177438,45951
144842,45951
194344,45951
156637,45951
254392,45950
208876,45950
130154,45950
241152,45950
219227,45949
189279,45949
220956,45949
11800,45949
23985,45948
97682,45948
229549,45948
246123,45948
137955,45948
285732,45948
208768,45948
167692,45948
143503,45948
247043,45947
52088,45947
249279,45947
242322,45946
118260,45946
291941,45946
56132,45945
118514,45945
49502,45945
253886,45945
97494,45944
41192,45944
294264,45944
212158,45944
296458,45944
11763,45944
115336,45944
179133,45944
172686,45943
228225,45943
247651,45943
293562,45942
279827,45942
158331,45941
186544,45941
283786,45941
243642,45941
269085,45941
195595,45941
212814,45941
128059,45940
96713,45940
227609,45940
4419,45940
2499,45940
191194,45940
270059,45940
190744,45940
85302,45940
228494,45940
236140,45940
279127,45939
234542,45939
103010,45939
177984,45939
279413,45939
203031,45938
240395,45938
239063,45938
10055,45938
250142,45937
262023,45937
242067,45937
99091,45937
281720,45937
262591,45937
198953,45936
252201,45936
197318,45936
82061,45936
226414,45936
159406,45935
276066,45935
19081,45935
256879,45935
277141,45935
260827,45935
244833,45935
279068,45934
143017,45934
97955,45934
239467,45933
263260,45933
123446,45933
3801,45933
184410,45933
281669,45933
289122,45933
238125,45932
287959,45932
273943,45932
274697,45932
234240,45932
135683,45932
149489,45931
294532,45931
158797,45931
211203,45931
3538,45931
92906,45931
176952,45931
211522,45931
218953,45930
5852,45930
270602,45930
65658,45930
281585,45930
262682,45930
128744,45930
228403,45930
284192,45929
162010,45929
291846,45929
32179,45929
174391,45929
73570,45929
246958,45929
106486,45929
226296,45929
228686,45928
211230,45928
16198,45928
147524,45928
163708,45928
91223,45928
145791,45928
5744,45928
153699,45927
253137,45927
258303,45927
17943,45927
294831,45927
10578,45927
232632,45927
42233,45927
25406,45927
294197,45927
1181,45926
205239,45926
249718,45926
217134,45926
293654,45926
185836,45925
141125,45925
158601,45925
249195,45925
174605,45925
253579,45925
158784,45925
150743,45925
3252,45925
289846,45925
161651,45925
142108,45925
217499,45924
161914,45924
209751,45924
10618,45924
130391,45924
80969,45924
25977,45924
248199,45924
13500,45924
286414,45924
241873,45924
227823,45923
250368,45923
266545,45923
260482,45923
117146,45923
265230,45923
246672,45923
285544,45922
280115,45922
211582,45922
132640,45922
277722,45922
195081,45922
37093,45921
67827,45921
176081,45921
338,45921
64325,45921
136637,45921
158821,45921
280097,45921
268692,45921
245911,45920
180338,45920
247322,45920
116916,45920
219028,45920
225401,45919
226710,45919
266181,45919
224718,45918
120810,45918
266826,45918
41633,45918
169780,45918
49688,45918
209591,45918
275917,45917
163771,45917
294000,45917
3162,45917
273020,45917
268674,45917
7415,45917
235752,45917
247590,45917
137900,45916
295565,45916
162031,45916
281571,45916
81113,45915
256276,45915
282776,45915
179647,45915
127852,45915
185885,45915
184278,45914
137008,45914
294297,45914
201118,45914
173321,45914
210341,45914
210893,45914
208437,45914
186196,45914
146818,45913
173617,45913
163753,45913
128828,45913
220998,45913
157570,45912
144727,45912
283196,45912
126,45912
162084,45911
223091,45911
241810,45911
128026,45911
142693,45911
183538,45911
193925,45911
27383,45911
29684,45910
192770,45910
115946,45910
140077,45910
209321,45910
225167,45910
199856,45910
17240,45910
202726,45910
244236,45909
121840,45909
194747,45909
246743,45909
197579,45909
120658,45909
278159,45909
222770,45908
291086,45908
90154,45908
192295,45908
245720,45908
235988,45908
277457,45908
281011,45907
177015,45907
203763,45907
168247,45907
8204,45907
270142,45907
186677,45907
88585,45906
189665,45906
200049,45906
286787,45906
248136,45906
251807,45906
206756,45906
220223,45906
97076,45906
211704,45906
111499,45906
280906,45905
136167,45905
242301,45905
107428,45904
158412,45904
158218,45904
186990,45904
199347,45904
262168,45903
97802,45903
53527,45903
236100,45903
271598,45903
111685,45903
138510,45902
282465,45902
119278,45902
161023,45902
179583,45902
195051,45902
240731,45902
175795,45902
220443,45901
36583,45901
89333,45901
85406,45901
223573,45901
157309,45900
123372,45900
116357,45900
172847,45900
232316,45900
208797,45899
462,45899
134862,45899
178186,45899
100645,45899
23400,45899
102717,45899
174711,45899
217530,45898
165885,45898
259080,45898
276030,45898
237171,45898
284475,45898
269202,45898
214277,45898
223864,45898
118603,45897
151791,45897
46563,45897
253156,45897
193307,45897
237975,45897
189517,45897
284906,45897
198899,45897
129909,45897
187081,45897
280748,45897
149996,45896
140328,45896
2039,45896
148112,45896
288287,45895
274347,45895
209921,45895
282062,45895
271480,45895
255222,45895
193760,45895
202105,45894
245856,45894
202586,45894
258281,45893
247258,45893
167693,45893
245452,45893
158213,45893
137699,45892
181271,45892
1319,45892
244342,45892
260422,45892
217721,45892
152470,45891
246994,45891
261248,45891
166553,45891
254882,45891
289380,45890
258467,45890
196932,45890
267771,45890
224594,45889
255657,45889
6493,45889
152202,45888
268837,45888
247180,45888
132320,45887
264945,45887
21561,45887
254032,45887
160634,45887
115818,45887
246503,45887
134372,45887
189826,45886
269846,45886
155920,45886
91281,45886
86260,45886
183243,45885
191657,45885
24503,45885
285549,45885
68482,45884
141477,45884
239743,45884
154038,45884
228411,45884
225391,45884
106600,45883
225141,45883
232507,45883
137857,45883
268137,45883
240389,45883
242860,45882
253412,45882
242360,45882
191816,45882
197235,45882
285315,45882
167251,45881
256024,45881
64407,45881
254585,45881
145648,45881
78185,45880
7864,45880
16277,45880
18565,45880
110497,45880
224233,45880
130998,45880
138936,45880
11225,45880
237544,45880
205142,45880
179440,45880
167811,45879
172677,45879
4616,45879
172320,45879
251550,45878
284650,45878
177790,45878
237162,45878
176181,45878
155988,45878
273437,45878
104527,45877
264903,45877
257089,45877
177244,45876
177431,45876
200721,45875
138535,45875
257762,45875
251789,45875
284165,45874
134778,45874
207342,45874
173483,45874
183922,45874
210354,45874
173573,45874
64583,45874
150150,45874
274394,45873
144908,45873
122813,45873
14100,45873
163091,45872
236649,45872
3821,45872
183118,45872
10944,45872
11964,45872
239616,45872
110585,45872
174767,45872
262362,45872
260733,45872
104869,45871
197543,45871
265680,45871
176986,45871
160574,45870
199972,45870
286330,45870
257962,45870
136963,45870
294589,45870
274816,45870
159107,45870
261704,45869
178103,45869
93538,45869
179401,45869
293971,45869
286384,45869
235291,45869
239934,45869
191501,45869
152687,45869
279708,45869
186250,45868
75548,45868
4722,45868
3173,45868
201897,45868
199436,45868
290885,45868
288433,45867
231667,45867
268319,45867
60093,45867
281025,45867
137616,45867
252053,45866
5097,45866
248275,45866
224327,45866
281602,45866
86634,45865
53163,45865
252931,45865
16138,45865
178365,45865
73420,45865
178568,45865
15462,45864
118869,45864
252500,45864
286111,45864
159803,45864
76440,45864
62298,45864
230139,45863
147868,45863
235079,45863
176617,45863
292121,45863
187295,45863
296415,45862
245779,45862
292310,45862
148138,45862
293682,45862
180325,45862
24771,45862
21813,45862
254105,45862
731,45861
147412,45861
165603,45861
209254,45861
232723,45860
201944,45860
260998,45860
247551,45860
226763,45859
204570,45859
202891,45858
288139,45858
123807,45858
120292,45858
255452,45858
210999,45858
104093,45857
275916,45857
279869,45857
208601,45857
71500,45856
248419,45856
4139,45856
120145,45856
142924,45856
251948,45855
194278,45855
287909,45855
183892,45855
199844,45855
59824,45855
182176,45855
198775,45854
198099,45854
290752,45854
235939,45854
192595,45853
178369,45853
248146,45852
293197,45852
287550,45852
157091,45852
246961,45852
286784,45852
221674,45851
121623,45851
34739,45851
191114,45851
208012,45851
291449,45850
236511,45850
210101,45850
11576,45850
113400,45850
68175,45849
201638,45849
180345,45849
293066,45849
258966,45849
4763,45849
188,45849
266675,45849
21406,45849
80184,45849
258393,45849
268995,45848
215609,45848
279798,45848
215860,45848
167111,45848
216184,45847
181574,45847
21706,45847
118118,45847
166814,45847
294944,45847
270868,45847
197801,45847
270495,45846
86749,45845
189429,45845
236108,45845
271373,45844
245946,45844
132651,45843
131175,45843
239247,45843
250366,45843
7129,45843
19733,45843
250787,45843
23627,45842
282690,45842
268331,45842
281452,45842
262090,45842
31864,45842
217071,45842
167013,45842
65066,45841
44447,45841
32206,45841
231042,45841
65182,45841
138680,45841
241967,45841
162363,45840
82797,45840
267095,45840
272863,45840
180237,45840
254682,45840
261198,45840
245620,45840
214520,45840
274983,45839
8791,45839
230968,45839
79672,45839
153910,45839
64184,45839
228605,45838
193100,45838
283766,45838
115462,45838
276295,45838
115923,45838
228812,45838
94737,45838
87648,45837
282488,45836
202647,45836
231617,45836
125416,45836
2318,45836
207957,45836
202606,45836
241324,45836
214597,45835
45049,45835
243798,45835
237015,45835
290258,45835
117733,45835
225014,45835
181234,45834
280658,45834
252458,45834
230961,45834
173466,45834
10002,45834
46527,45834
271994,45834
120308,45834
205623,45834
219563,45833
295429,45833
273265,45833
119181,45833
182023,45833
275389,45833
162484,45833
100036,45832
36450,45832
74468,45832
192542,45832
168577,45832
209406,45832
257817,45832
188701,45832
220622,45831
138662,45831
188246,45831
137965,45831
274327,45831
107609,45830
236437,45830
129738,45830
235008,45830
1240,45830
259351,45830
250677,45830
205742,45830
248995,45830
285777,45829
272004,45829
288978,45829
153496,45829
224817,45829
82331,45829
242252,45829
73046,45829
293622,45829
255812,45829
192303,45829
204773,45828
276493,45828
15683,45828
254872,45828
28628,45828
11979,45828
2069,45827
173819,45827
217929,45827
47283,45827
278716,45827
277120,45827
283764,45827
282673,45827
156253,45826
149625,45826
24174,45826
162900,45826
226740,45826
160330,45826
184570,45826
951,45825
132557,45825
294914,45825
10255,45825
183422,45825
257112,45825
252768,45824
14826,45824
243807,45824
187245,45824
186443,45824
224275,45824
100629,45824
170065,45824
41087,45823
200322,45823
269393,45823
56145,45823
162520,45823
151158,45823
238535,45822
11597,45822
154821,45822
224340,45822
253297,45822
17456,45822
188581,45822
269762,45821
23259,45821
235034,45821
288734,45821
148681,45821
262815,45820
75330,45820
219628,45820
189937,45820
242756,45820
137104,45820
123477,45819
152298,45819
210189,45819
240125,45819
185708,45819
239855,45819
279825,45819
234481,45818
285546,45818
115551,45818
144221,45818
185381,45818
261920,45818
128985,45818
35271,45818
5661,45818
220781,45817
7085,45817
142099,45817
284536,45817
117269,45817
271134,45817
245710,45816
272297,45816
208092,45816
226230,45816
243311,45816
201494,45816
213013,45815
287780,45815
237719,45815
139659,45815
246729,45815
5875,45815
215166,45815
34634,45815
163415,45815
191479,45815
228895,45815
229106,45815
76976,45814
123003,45814
191881,45814
177911,45814
260692,45814
277541,45814
138004,45814
228516,45814
158479,45814
144304,45814
259334,45814
10170,45814
111963,45813
9807,45813
21624,45813
166109,45813
70587,45812
57347,45812
196441,45812
227095,45812
295938,45812
211768,45812
2058,45812
232860,45812
217553,45812
157674,45812
191344,45812
270781,45812
274532,45812
236004,45811
3381,45811
208210,45811
18056,45811
276925,45811
280451,45810
189760,45810
125644,45810
27016,45810
155998,45810
256857,45809
68077,45809
245967,45809
198804,45809
246579,45809
147371,45809
129066,45809
146317,45809
14014,45808
156732,45808
12557,45808
205971,45808
3875,45808
8529,45807
94956,45807
131348,45807
80744,45807
14697,45807
265305,45807
280443,45807
115644,45807
178428,45807
495,45807
248349,45806
147411,45806
126569,45806
175730,45806
227,45806
294440,45806
1512,45805
276738,45805
257573,45805
265524,45805
310,45804
115005,45804
165299,45804
89839,45804
98943,45804
209730,45804
286682,45803
266557,45803
263976,45803
281354,45803
194244,45803
281448,45803
10262,45803
232256,45802
1124,45802
285371,45802
203502,45802
216999,45802
206232,45802
250217,45801
593,45801
29025,45801
228349,45800
161081,45800
254926,45799
1823,45799
190796,45799
232182,45799
278658,45799
245346,45798
283182,45798
185097,45798
244257,45798
175131,45798
235720,45798
202661,45798
43355,45798
260918,45798
126479,45797
258641,45797
182306,45797
238708,45797
285486,45797
161973,45797
191923,45797
204164,45797
212749,45797
980,45797
268676,45797
17051,45796
84209,45796
213681,45796
240054,45796
14383,45796
229036,45796
196854,45796
15239,45795
293096,45795
359,45795
143568,45795
237843,45795
235207,45795
122673,45795
217384,45795
173619,45795
218439,45795
281440,45795
189231,45794
13812,45794
227513,45794
13666,45794
149076,45794
34702,45794
290274,45794
15281,45793
232473,45793
294682,45793
294322,45793
226144,45793
241109,45793
12914,45793
243442,45793
164682,45793
33081,45792
294,45792
188000,45792
174728,45792
248857,45792
186777,45792
198531,45792
257924,45792
170343,45791
196733,45791
195474,45791
280654,45791
80284,45791
102907,45791
286332,45791
241224,45791
174397,45790
284585,45790
103665,45790
255337,45790
259014,45790
104485,45790
149479,45790
156795,45790
226277,45790
183551,45789
77748,45789
190276,45789
283710,45789
236414,45789
280000,45789
182262,45789
189086,45789
270734,45789
260073,45789
144839,45788
108123,45788
247874,45788
251573,45788
292357,45788
168843,45788
123392,45788
238379,45788
33708,45788
111496,45788
5047,45787
206330,45787
84794,45787
235514,45787
262892,45787
266103,45787
170532,45787
152413,45787
288847,45787
224646,45787
104553,45787
233970,45787
280774,45787
213305,45787
36866,45787
105639,45786
14487,45786
27628,45786
285754,45786
127580,45786
185260,45786
256957,45786
259565,45786
173054,45785
296060,45785
217930,45785
189423,45785
92496,45785
182339,45785
265591,45785
285353,45784
10445,45784
251163,45784
213776,45784
257748,45784
275713,45784
272931,45784
286210,45783
292823,45783
230294,45783
7238,45783
215576,45782
254283,45782
279066,45782
3563,45782
162942,45782
229517,45782
215388,45782
205290,45781
69171,45781
129003,45781
255842,45781
135084,45780
153711,45780
143025,45780
247546,45780
283330,45780
130440,45779
287046,45779
170617,45779
134662,45779
211632,45779
220335,45779
235210,45779
211237,45779
229870,45779
528,45779
98499,45778
236125,45778
231754,45778
8420,45778
35584,45778
147882,45778
292801,45778
35107,45778
280354,45778
279781,45778
14894,45778
96287,45778
185218,45777
202368,45777
179972,45777
292074,45777
198497,45777
14058,45777
96213,45777
182685,45777
8750,45776
249217,45776
260812,45776
169058,45776
192876,45776
246505,45775
104874,45775
257925,45775
239094,45775
69592,45775
285094,45775
93721,45775
117402,45774
273923,45774
147374,45774
252027,45774
174081,45774
290111,45773
6856,45773
234586,45773
73683,45773
8586,45773
288546,45773
207244,45773
268796,45773
280576,45773
274940,45773
238338,45772
182247,45772
90787,45772
95228,45772
278004,45772
244302,45772
152378,45772
158196,45772
207137,45772
231983,45772
2,45772
279489,45771
3580,45771
276374,45771
213363,45771
82100,45771
248117,45771
272364,45770
97481,45770
165264,45770
206810,45770
221834,45770
166394,45770
164299,45770
260093,45769
230673,45769
222627,45769
108966,45769
3984,45768
251531,45768
87026,45768
203607,45768
88429,45768
218825,45768
227650,45768
269026,45768
248216,45768
140290,45768
162998,45767
281932,45767
227269,45767
146321,45767
253326,45767
134377,45767
225069,45767
211324,45766
213464,45766
257531,45766
204141,45766
80053,45766
7538,45766
170229,45766
279654,45766
10073,45765
237042,45765
204157,45765
301,45765
223842,45765
52674,45765
112875,45765
215686,45765
249722,45765
116085,45764
186398,45764
178785,45764
225576,45764
288621,45764
287396,45763
243448,45763
3693,45763
16997,45763
276672,45763
227443,45763
163054,45763
141729,45762
146420,45762
252646,45762
272993,45762
188624,45762
181377,45762
136971,45762
186403,45762
165916,45762
260139,45762
209545,45762
85412,45761
262958,45761
256372,45761
209712,45760
242433,45760
54239,45760
292597,45760
102080,45760
267786,45760
253548,45760
263675,45760
161987,45760
193087,45760
181127,45760
276665,45759
252655,45759
253917,45759
278809,45759
182396,45759
144460,45759
271415,45759
185633,45759
152534,45759
236121,45759
125401,45759
154521,45759
273006,45759
181744,45758
291826,45758
88922,45758
7754,45758
194601,45758
541,45757
122288,45757
278138,45757
249140,45757
237589,45757
20683,45757
108201,45757
172377,45757
118262,45757
112823,45757
113727,45756
11286,45756
232141,45756
295484,45756
104172,45756
117285,45756
234791,45756
233771,45756
158148,45755
266699,45755
196479,45755
216978,45755
203077,45755
241861,45755
168010,45755
238507,45755
163437,45755
225818,45754
36472,45754
277742,45754
223555,45754
291557,45754
1236,45754
10051,45754
180954,45754
256005,45753
214301,45753
200011,45753
274952,45753
210945,45753
280633,45753
249956,45753
226941,45753
213317,45753
115060,45752
161491,45752
11852,45752
175696,45752
206499,45752
200196,45752
150201,45752
124251,45752
178924,45752
165729,45752
226664,45752
209392,45752
221798,45751
193823,45751
163169,45751
253522,45751
252106,45751
73025,45751
152727,45751
62626,45751
243449,45751
252862,45751
73198,45751
136574,45750
103801,45750
232618,45750
23284,45750
219702,45750
291617,45750
151890,45750
243989,45750
187235,45750
24399,45750
216419,45750
27567,45750
267384,45750
285485,45750
268758,45749
284453,45749
21663,45749
245495,45749
139877,45749
242367,45749
215063,45749
294243,45749
3963,45749
282024,45749
174554,45749
261900,45748
200262,45748
242552,45748
203164,45748
268249,45748
284789,45748
209161,45748
288244,45748
235424,45748
128199,45748
194870,45748
242211,45747
230171,45747
160898,45747
197675,45747
216458,45747
48373,45747
52707,45746
149142,45746
274247,45746
198613,45746
142665,45746
281235,45746
154415,45746
239168,45746
18871,45746
152817,45746
11599,45746
284612,45745
196745,45745
247044,45745
77344,45744
135087,45744
13069,45744
194736,45744
124722,45744
278795,45744
220798,45744
208905,45743
264292,45743
254934,45743
248797,45743
108510,45743
111167,45743
262462,45743
187811,45743
258375,45743
270427,45742
202515,45742
148760,45742
170346,45742
148261,45742
102165,45742
287882,45741
242107,45741
2636,45741
213818,45741
115899,45741
240675,45741
276858,45741
155344,45741
94734,45741
112073,45741
215274,45740
268682,45740
295872,45740
184077,45739
252976,45739
206041,45738
160949,45738
269482,45738
198713,45738
252459,45738
247974,45738
157459,45738
216513,45738
286077,45738
269847,45738
102134,45737
21041,45737
139656,45737
226748,45737
284526,45737
214218,45737
134060,45737
252705,45737
207090,45737
216515,45736
134864,45736
13537,45736
175994,45736
222393,45735
254266,45735
41551,45735
226089,45735
275689,45735
157498,45735
147728,45734
187530,45734
186356,45734
286432,45734
7816,45734
164419,45734
289968,45734
257327,45734
268450,45734
198254,45734
292680,45734
291179,45734
132235,45733
170579,45733
149588,45733
11197,45733
251526,45733
253001,45733
115952,45733
13946,45733
170040,45733
172704,45733
219427,45732
143432,45732
194276,45732
147703,45732
290409,45732
152082,45732
255602,45732
155984,45732
262010,45732
266128,45732
266149,45732
278977,45731
247112,45731
43785,45731
189148,45731
86575,45731
261236,45731
204894,45731
75277,45730
174750,45730
250758,45730
197847,45730
269272,45730
211265,45729
195038,45729
199737,45729
7144,45729
283795,45729
128933,45729
118303,45729
155822,45729
171178,45728
171952,45728
112982,45728
196585,45728
211444,45728
247518,45728
230921,45728
279573,45728
279251,45728
199052,45728
245427,45728
157070,45728
189566,45728
30530,45728
177160,45728
272430,45728
149769,45728
141081,45727
154791,45727
229171,45727
255385,45727
82267,45727
238495,45727
222091,45727
268365,45727
70602,45727
57923,45726
294439,45726
165336,45726
209539,45726
243763,45726
249019,45726
182774,45726
7383,45726
246866,45726
192587,45726
79458,45726
174171,45725
199392,45725
86588,45725
140558,45725
109469,45725
53928,45725
294868,45725
197148,45725
29738,45724
189550,45724
13302,45724
261956,45724
22567,45724
292141,45724
193252,45724
866,45724
24510,45723
3841,45723
283437,45723
223595,45723
235355,45723
166411,45723
283475,45722
218500,45722
140412,45722
284432,45722
126039,45722
291740,45722
39896,45722
191197,45721
266025,45721
224181,45721
185392,45721
266405,45721
268703,45720
142422,45720
202406,45720
155072,45720
130506,45720
263390,45720
5050,45720
236909,45720
228265,45720
296177,45720
75853,45719
169215,45719
106145,45719
240099,45718
264315,45718
113847,45718
82923,45718
212008,45718
203950,45717
203239,45717
182214,45717
271908,45717
240366,45717
223885,45717
133981,45717
277170,45716
103969,45716
93114,45716
290935,45715
176285,45715
260874,45715
144402,45715
187634,45715
246217,45715
16269,45715
140574,45715
269057,45715
296342,45715
266731,45714
252793,45714
31032,45714
110547,45714
245655,45714
24049,45714
268141,45714
278527,45714
152996,45714
36559,45714
245970,45713
264657,45713
150299,45713
238609,45713
171386,45713
212222,45713
227483,45713
262767,45713
191864,45712
190207,45712
212667,45711
232066,45711
28269,45711
281382,45711
224213,45711
188416,45711
153826,45710
210563,45710
142672,45710
103388,45710
107579,45710
20270,45710
200811,45710
140209,45709
243522,45709
161849,45709
186844,45709
292338,45709
188245,45709
19316,45709
164849,45709
260500,45709
121948,45709
179118,45708
81621,45708
264769,45708
256102,45708
25465,45708
235672,45708
66871,45708
130783,45708
8315,45708
207093,45708
245318,45708
203082,45707
224680,45707
116102,45707
288757,45707
243463,45707
242800,45707
121048,45707
166305,45707
130063,45707
220603,45706
222428,45706
248286,45706
255229,45706
139779,45706
99214,45706
261260,45706
214504,45706
289496,45706
237602,45706
205976,45705
68778,45705
73495,45705
28784,45705
73456,45705
