319,100000
35081,54993
3225,54898
380,54003
6125,51773
2349,51093
936,50977
33619,50793
2794,50762
1047,50627
136914,50478
32822,50462
11155,50304
1393,50001
13035,49979
8539,49952
5163,49835
121902,49795
11633,49486
37537,49416
11577,49410
32702,49381
4878,49373
2519,49153
22055,49142
210737,49093
4139,48862
10239,48857
118669,48798
11131,48766
72697,48578
2131,48468
408,48448
6203,48375
45099,48372
8030,48338
31042,48283
21762,48245
189,48170
254159,48155
88405,48150
6424,48145
20571,48107
170600,48096
10186,48059
3436,48059
2665,48043
1039,47978
9621,47972
14845,47952
213952,47947
1472,47941
768,47922
62858,47916
29778,47914
31156,47911
7593,47910
179876,47898
74569,47845
42102,47811
126395,47703
10069,47703
199676,47689
10597,47663
12,47626
195996,47615
16108,47609
57714,47601
41666,47600
9383,47591
5975,47572
76643,47563
20477,47560
1202,47555
5843,47547
200979,47534
8303,47507
48533,47482
236032,47475
17297,47460
16659,47419
60856,47416
277307,47409
15301,47403
5248,47401
6646,47401
21405,47386
136625,47367
2223,47365
2329,47335
12997,47331
4383,47312
26134,47275
266462,47273
143339,47258
77044,47246
288923,47246
74,47242
243434,47239
187224,47234
298,47231
41691,47228
276158,47217
251745,47216
32838,47203
57152,47190
58208,47176
8730,47167
1117,47164
1326,47157
3359,47152
218054,47145
2873,47141
12140,47128
36825,47109
36159,47102
9042,47099
13537,47095
107414,47086
48955,47065
85198,47056
8177,47050
17861,47046
182184,47043
74317,47041
2474,47037
51869,47029
293786,47028
217616,47012
101143,47009
26485,47005
192236,46985
31,46982
214483,46974
268182,46970
31540,46953
66518,46940
12906,46938
234665,46931
1333,46931
205895,46929
182401,46925
250883,46924
11853,46912
223380,46906
207080,46905
41175,46900
17221,46900
15017,46899
10504,46891
75011,46864
60669,46863
280098,46860
11749,46858
16620,46857
2551,46847
229193,46837
260801,46837
10567,46820
223733,46818
225835,46814
27305,46813
30773,46805
206096,46804
253924,46804
14695,46794
3254,46790
192202,46779
44156,46775
62690,46755
19513,46753
261609,46752
141815,46751
42667,46747
71969,46747
2645,46739
635,46729
227322,46727
9058,46721
228416,46717
1335,46716
142062,46714
2419,46703
195642,46701
1306,46697
36406,46688
2563,46687
11597,46686
49320,46684
294787,46680
15683,46678
56188,46676
10274,46672
66434,46672
14528,46670
3410,46662
5986,46655
266576,46646
304,46641
7982,46637
264721,46635
4265,46627
3329,46626
280190,46623
206681,46622
221320,46622
51854,46619
56697,46616
71562,46608
76570,46606
164417,46606
14291,46603
286629,46600
186266,46595
6953,46585
3779,46583
185380,46576
40060,46576
4022,46575
4360,46574
260012,46566
212246,46553
32,46552
266401,46544
92631,46542
242569,46541
92329,46540
38963,46533
1308,46530
290742,46525
742,46522
284147,46518
50248,46517
16490,46513
1381,46509
9498,46507
248180,46505
189439,46499
227314,46491
188352,46488
65112,46487
231968,46487
7770,46486
21742,46482
42619,46480
64298,46478
1890,46475
108630,46472
708,46466
11402,46463
192,46461
5491,46460
171614,46458
82477,46457
34064,46456
277761,46454
170616,46451
5876,46447
29690,46444
171259,46444
142255,46443
208019,46441
200342,46440
12147,46436
27006,46434
111839,46433
23367,46432
252592,46432
100195,46432
206995,46431
33900,46425
233563,46424
222129,46423
267676,46423
37571,46423
77571,46422
187412,46420
290952,46418
290291,46417
190067,46417
29885,46410
226270,46409
148117,46408
9196,46402
6365,46400
15404,46394
43905,46392
16064,46386
170751,46383
49685,46381
211568,46380
218736,46379
24138,46377
224610,46372
214566,46369
33911,46368
32378,46365
60872,46359
10019,46359
3740,46358
86130,46356
237640,46354
10235,46353
19029,46351
263047,46351
265203,46346
223484,46344
40571,46338
4806,46333
275813,46332
222165,46328
166489,46328
3161,46327
2389,46322
283344,46322
11248,46321
31892,46321
1432,46318
64106,46315
6808,46315
205467,46314
287669,46310
175966,46310
249196,46307
270705,46307
270805,46302
151278,46300
793,46292
216573,46292
184005,46287
273387,46282
86758,46278
153690,46274
7263,46272
240429,46270
1304,46268
263406,46267
252,46262
7946,46261
263123,46261
138898,46255
124881,46250
9412,46248
65582,46247
221005,46246
3316,46244
267596,46243
3000,46231
7009,46230
221750,46230
245563,46229
230683,46228
194752,46228
153885,46227
96171,46227
31018,46226
102182,46223
4419,46219
85651,46216
2546,46214
155855,46213
131004,46212
254035,46209
127094,46209
44,46206
3961,46204
3467,46204
213601,46203
9545,46202
5029,46202
267163,46200
261899,46196
154448,46196
13015,46195
93943,46194
29686,46194
285762,46194
268483,46194
72312,46192
3182,46192
7867,46191
165665,46189
41645,46184
73480,46184
14405,46181
248048,46181
530,46179
171500,46179
213768,46176
250907,46175
10944,46174
243979,46174
119231,46173
3795,46170
236188,46168
49581,46164
293508,46164
28995,46160
287078,46157
21131,46156
198539,46154
143900,46154
9266,46151
80302,46150
294625,46148
294380,46145
296422,46145
271396,46144
18525,46144
189435,46143
43316,46141
5831,46138
7955,46136
30003,46136
278829,46134
23694,46134
279038,46133
254806,46132
1577,46130
169014,46129
255118,46127
13018,46127
200260,46126
36541,46124
26959,46123
288802,46123
1981,46119
4528,46117
94489,46117
292858,46109
212881,46109
12229,46107
23100,46107
428,46106
29403,46105
47007,46105
10505,46103
131258,46102
195190,46099
277544,46096
165,46093
7703,46092
55912,46092
191846,46092
50940,46092
282903,46090
118732,46090
51652,46088
5984,46087
282533,46083
10,46083
213922,46078
22393,46076
4526,46074
23603,46072
151140,46071
123336,46070
217966,46070
210103,46069
254029,46067
2432,46066
102972,46066
281922,46062
1951,46058
58655,46056
6175,46056
2540,46055
211712,46055
32828,46055
295632,46055
30056,46054
271871,46054
161989,46054
8327,46051
255296,46048
292781,46043
114144,46043
6136,46041
289431,46040
3969,46040
278253,46039
10533,46036
92949,46035
187521,46031
586,46031
21211,46030
193150,46027
293270,46023
177489,46021
285079,46018
164249,46017
126147,46016
241133,46015
271545,46013
216014,46013
26827,46013
44966,46009
25859,46009
123598,46007
46556,46005
93536,46005
219684,46004
262369,46004
89211,46002
44608,46002
225098,46001
129490,46001
1124,46000
23662,45998
240672,45997
280347,45996
223590,45995
283130,45994
291921,45993
227316,45990
15599,45985
249980,45984
217532,45984
157418,45982
16761,45979
123970,45978
175318,45978
8524,45978
290038,45977
190916,45977
117010,45975
188628,45974
2258,45974
93471,45974
10150,45971
238499,45971
299,45971
47946,45970
87492,45970
239354,45969
269033,45969
229855,45966
356,45966
278668,45965
184391,45964
1140,45963
106831,45961
171376,45961
255333,45959
25943,45958
9636,45956
231288,45953
255066,45953
12721,45950
5957,45949
283226,45948
245340,45948
11207,45947
247996,45947
269748,45946
166436,45945
183576,45945
160156,45944
282371,45944
142302,45937
210997,45934
32040,45932
192880,45932
11309,45931
10722,45931
30375,45931
246797,45930
153870,45929
272550,45929
1296,45926
2148,45925
260154,45925
236119,45922
75464,45916
126476,45916
142455,45914
3299,45914
36130,45911
23935,45911
682,45910
213357,45910
129754,45910
115594,45908
38390,45907
183195,45906
2871,45906
11827,45906
225683,45905
17831,45904
406,45902
244220,45900
8732,45898
146196,45898
106287,45898
34713,45897
10015,45895
246538,45895
163049,45894
61032,45893
48026,45893
30912,45892
8292,45892
150598,45891
1810,45890
244647,45890
281002,45887
11125,45886
249108,45886
183306,45885
184446,45885
1006,45885
30,45884
55721,45882
4672,45881
222905,45879
3809,45878
4758,45878
14294,45874
102159,45872
5470,45871
89933,45870
14514,45870
160390,45870
23512,45870
286305,45869
168133,45869
137271,45869
14947,45868
246005,45866
9407,45866
14063,45865
129858,45865
176277,45865
54898,45861
90228,45858
91805,45856
219525,45856
160048,45855
93045,45853
232812,45853
285934,45852
293040,45850
47399,45849
202228,45849
256176,45848
217584,45847
64468,45846
162356,45846
135458,45845
21164,45845
59557,45844
220398,45842
132901,45842
76900,45842
3345,45842
286965,45841
114572,45841
272404,45839
210080,45839
737,45838
177170,45838
230551,45838
189858,45838
11763,45836
273800,45834
280017,45834
203514,45834
246139,45833
277995,45832
232566,45831
233438,45830
240460,45830
30134,45830
253330,45828
205889,45828
232165,45828
160218,45827
2228,45827
183237,45827
222181,45826
35041,45825
170059,45824
20019,45823
9149,45823
238290,45818
271912,45818
281402,45815
3408,45813
225974,45812
9372,45810
43396,45808
116275,45808
1241,45806
51279,45804
154329,45804
8990,45802
7765,45801
3541,45800
180460,45799
220366,45799
271583,45798
262174,45797
230140,45796
33210,45795
5206,45795
24154,45794
253918,45794
249647,45794
5258,45793
194095,45792
212847,45791
53225,45790
74067,45790
88589,45789
212521,45787
254147,45787
223095,45786
6045,45786
283267,45786
259759,45784
238591,45784
263170,45783
14953,45781
286004,45781
253530,45781
182724,45780
2039,45779
209,45775
174005,45775
6560,45774
253174,45772
195840,45770
200416,45769
269181,45766
22400,45765
188342,45765
264822,45764
151751,45762
296555,45760
10559,45760
124474,45760
1054,45759
13767,45759
251539,45758
280131,45758
228266,45757
212583,45757
184631,45756
274483,45756
142682,45756
66574,45756
4722,45755
288293,45754
18149,45753
8951,45750
226274,45749
171201,45747
272342,45747
267065,45747
402,45747
250978,45741
254469,45740
291614,45737
194401,45737
288930,45736
183745,45736
12888,45735
225729,45734
124993,45734
28093,45732
159870,45731
26004,45730
72040,45730
255783,45729
189372,45728
178159,45728
282,45727
230261,45727
3351,45727
260683,45725
212169,45724
48068,45724
213422,45724
125305,45723
250279,45723
163679,45722
254985,45722
177203,45722
169557,45721
9,45720
270355,45719
290591,45719
38376,45718
138284,45718
52029,45716
725,45714
252161,45714
875,45714
263230,45713
136620,45713
264409,45711
117839,45711
28390,45710
295627,45709
290104,45709
202633,45706
261674,45703
32852,45703
77668,45702
16803,45702
276818,45702
245646,45701
274922,45701
2619,45701
267857,45700
70142,45699
273227,45699
223081,45696
171612,45696
145675,45696
1692,45696
263291,45695
286874,45695
95111,45695
266755,45694
248409,45694
108668,45693
94486,45693
276437,45692
268647,45692
276663,45691
57094,45691
357,45690
221790,45690
76200,45689
44912,45688
15959,45687
17519,45687
166098,45686
213831,45686
174094,45686
283911,45686
125009,45685
153472,45684
55683,45682
141467,45681
266024,45681
20295,45681
286809,45681
4994,45681
224278,45681
202623,45679
277101,45679
4268,45675
239149,45675
22162,45673
29171,45673
249802,45672
211867,45672
158659,45672
168492,45671
445,45667
291275,45666
190105,45665
190796,45664
248262,45664
245771,45664
196120,45663
8136,45662
190183,45662
11833,45661
5245,45661
80715,45661
236991,45661
2670,45659
185268,45658
203899,45657
272901,45657
7371,45656
5396,45655
27775,45654
240095,45654
171757,45653
151417,45652
126901,45652
100846,45650
112442,45650
51994,45649
61254,45648
289322,45646
185605,45646
287858,45646
184658,45646
258667,45644
23867,45643
203191,45642
118809,45642
179953,45642
16616,45641
3664,45638
99759,45637
23570,45636
59414,45636
264898,45635
4259,45635
111461,45635
251208,45635
85388,45634
43169,45633
106774,45633
191804,45633
13851,45631
253128,45631
142356,45630
4608,45630
7725,45630
201896,45628
127715,45627
146834,45626
195737,45624
12852,45623
147708,45623
139167,45623
71210,45623
6932,45622
269872,45622
143805,45620
133988,45620
1004,45620
10399,45620
123204,45619
73894,45619
66087,45619
284724,45618
3422,45617
78313,45616
77074,45615
129520,45615
225496,45615
216447,45614
214779,45614
274155,45614
46810,45613
295757,45612
69811,45612
212534,45610
19887,45610
182658,45609
87921,45608
295076,45608
64330,45607
3198,45607
231265,45605
76380,45603
255986,45602
8256,45600
8685,45600
284445,45599
116748,45598
10355,45598
277810,45598
17605,45597
288989,45597
25214,45597
31335,45597
190449,45595
199824,45594
281121,45593
73116,45593
8328,45593
220204,45593
42068,45592
65814,45592
257331,45591
202268,45591
201291,45591
287249,45591
204877,45590
156413,45590
49195,45590
76804,45590
236226,45590
278990,45589
66693,45589
264450,45588
258354,45585
72504,45585
8693,45585
196224,45584
287809,45584
279303,45584
186834,45582
292677,45581
14,45581
34146,45580
185820,45580
97040,45579
228826,45579
4671,45579
11487,45578
5408,45578
21977,45578
8094,45576
166370,45576
158298,45576
1458,45575
218107,45574
283447,45573
104747,45572
136513,45572
138714,45571
61251,45571
367,45570
113990,45570
204984,45569
280137,45568
14111,45567
246596,45567
7691,45567
159602,45565
77298,45563
280306,45563
172116,45563
677,45561
215809,45561
147193,45561
267326,45560
72922,45560
120657,45560
233248,45559
165340,45558
31008,45557
247648,45557
296093,45557
295798,45556
101,45556
257707,45556
25391,45555
264497,45555
221533,45555
217768,45554
7249,45554
259219,45553
287125,45553
7124,45553
183563,45553
192382,45551
138064,45550
153057,45549
340,45549
272853,45549
244318,45549
274674,45549
62099,45549
48756,45549
76659,45548
184677,45547
136712,45547
1382,45547
258890,45547
5420,45546
2301,45546
227275,45545
208750,45545
8571,45544
53862,45544
221610,45544
225937,45543
135251,45543
248611,45542
223059,45541
134978,45541
224862,45541
187451,45540
39302,45540
271284,45540
259185,45539
36157,45539
19366,45538
145341,45536
234801,45536
285285,45535
264921,45535
42360,45534
129830,45534
252249,45534
27787,45533
2613,45533
1065,45532
274682,45532
215566,45531
194690,45531
292964,45530
231132,45530
51312,45530
5550,45529
169078,45529
294153,45528
280652,45528
295257,45528
214274,45526
25913,45526
258447,45526
68303,45525
227754,45524
285183,45524
71181,45524
280501,45523
240689,45522
243585,45522
59405,45521
4967,45520
176955,45519
273041,45518
265977,45518
260063,45518
15666,45518
33622,45517
287172,45517
82668,45516
257854,45516
217169,45516
220329,45516
166555,45516
277754,45515
212617,45513
173982,45513
231197,45512
161515,45511
238988,45511
179201,45511
100445,45510
14763,45509
17115,45508
194183,45507
2404,45507
264469,45506
183825,45506
9113,45505
56824,45505
260242,45505
253778,45504
1664,45504
130723,45504
43330,45504
44415,45504
255652,45503
46806,45502
237598,45502
196058,45501
58423,45501
22283,45501
37942,45500
59957,45499
138952,45499
264027,45499
286785,45499
244064,45499
218727,45498
119919,45498
79383,45498
177386,45497
72142,45496
259527,45496
3403,45495
282817,45495
271290,45495
26089,45494
280471,45493
196522,45493
218203,45493
227893,45492
273542,45492
261963,45492
248167,45492
189488,45491
230442,45491
276207,45491
119816,45490
274406,45490
291018,45489
240977,45489
261945,45489
3510,45488
249756,45487
170365,45486
161022,45486
124765,45484
252385,45484
107358,45484
216091,45484
8261,45484
129050,45483
163671,45482
287553,45482
289429,45482
69744,45482
250382,45482
263601,45481
259216,45480
7,45479
274887,45479
116840,45479
9122,45478
159827,45477
268084,45477
280578,45477
267040,45476
278969,45476
234284,45475
138783,45475
110698,45475
203220,45475
121929,45474
281397,45474
292910,45473
247841,45473
236070,45472
260659,45472
234887,45472
64914,45471
261327,45471
194018,45469
285766,45469
255893,45467
253735,45467
31773,45467
1166,45467
206392,45466
294598,45465
187116,45465
4926,45465
153893,45464
91538,45463
223225,45463
254550,45463
222814,45463
173398,45462
16751,45461
207337,45459
170546,45459
189589,45457
185223,45457
267317,45457
120752,45456
5823,45456
269002,45455
195412,45455
282694,45455
161455,45455
69667,45455
100463,45454
217596,45453
201485,45453
186499,45453
260790,45453
170906,45453
113304,45452
42924,45452
4837,45451
144864,45451
235661,45450
256038,45450
248016,45449
11154,45449
251765,45449
135568,45448
85311,45448
265407,45447
2097,45447
292820,45447
279660,45446
252470,45445
13968,45445
10134,45445
220402,45444
253985,45444
17117,45444
221086,45444
200145,45444
195230,45444
194222,45443
274197,45443
149303,45443
4657,45443
90181,45443
246111,45442
14893,45442
208383,45442
207180,45442
222577,45441
184435,45441
107726,45441
96844,45441
250818,45440
40929,45440
179586,45440
88441,45440
256894,45439
35857,45439
227891,45439
184083,45438
234808,45438
249642,45438
69518,45437
99884,45435
239417,45433
163866,45433
80038,45433
41599,45433
221367,45432
142246,45432
249367,45432
198742,45431
222839,45430
84984,45430
111295,45429
214324,45428
237123,45428
195271,45428
216234,45427
208412,45426
12899,45426
1724,45426
222340,45425
5559,45424
77539,45424
3490,45424
8964,45424
24771,45423
262345,45422
213753,45422
230729,45421
244084,45421
266365,45420
73948,45420
168240,45420
70949,45420
62592,45419
6795,45419
230493,45419
177481,45419
186886,45419
33596,45419
25954,45418
204844,45418
251980,45418
228853,45418
4687,45417
11497,45417
56155,45416
248174,45416
247993,45416
180123,45415
271442,45415
7478,45415
257684,45415
15898,45415
256041,45414
237374,45413
82229,45413
203104,45413
277509,45413
207443,45411
278880,45411
248505,45411
276800,45411
180891,45411
262542,45411
2147,45409
1081,45409
45730,45409
29173,45408
138722,45407
9602,45407
1395,45407
163548,45407
260494,45407
185852,45406
181101,45406
249744,45406
8929,45406
7978,45405
208820,45405
79117,45404
296350,45403
248360,45403
137318,45403
246556,45402
284264,45400
207918,45400
288207,45400
12558,45399
274436,45399
13312,45399
237965,45399
35603,45399
125069,45399
261128,45398
224617,45398
14685,45398
27174,45398
212514,45397
222251,45397
34027,45397
150576,45397
283424,45397
233127,45397
290651,45396
270612,45396
17266,45396
191702,45396
19591,45395
240236,45395
68608,45395
244765,45394
270936,45393
162244,45393
187298,45393
110785,45393
223813,45393
206617,45392
241535,45392
233652,45392
173199,45392
244324,45392
277688,45392
224830,45391
235079,45391
172565,45390
267538,45390
283170,45390
285897,45390
46294,45389
296162,45389
73531,45389
237865,45388
163217,45388
272084,45388
248666,45388
97577,45387
5387,45385
264281,45385
43985,45385
147798,45384
131221,45384
148663,45384
18266,45384
216468,45384
5859,45384
6283,45384
143286,45383
16363,45382
197497,45382
88257,45382
178185,45381
261616,45381
192875,45381
149800,45381
43959,45381
284478,45380
267133,45380
35812,45380
186261,45379
236733,45379
202459,45378
247703,45377
255659,45377
76,45377
4168,45377
39348,45376
217967,45376
190949,45375
189059,45375
241744,45375
4915,45375
2996,45375
228209,45375
279050,45375
58884,45374
261726,45374
235212,45373
219026,45372
220895,45372
176010,45372
61706,45372
7976,45371
70206,45371
255312,45371
250226,45371
11336,45371
4873,45370
272247,45370
275771,45369
239524,45369
1011,45369
113455,45368
186010,45368
274417,45367
263467,45367
138926,45367
1165,45366
242546,45365
78586,45364
242812,45364
9855,45364
284709,45363
196558,45360
108699,45359
253855,45359
219344,45359
101795,45358
173317,45358
144000,45357
256881,45357
240064,45357
3503,45357
197547,45356
4079,45356
32010,45355
148270,45355
221782,45355
272922,45355
223454,45354
235413,45354
234118,45354
144953,45354
255108,45353
142004,45353
248896,45353
277818,45353
219403,45352
146659,45352
278742,45352
119961,45352
259987,45351
185138,45351
6064,45351
166741,45351
276100,45351
6312,45350
283308,45350
80018,45350
251650,45350
16075,45350
238531,45349
23985,45349
34340,45348
40580,45348
242296,45348
146977,45348
51526,45348
3985,45347
177484,45347
5035,45347
199136,45347
220063,45347
215553,45346
36210,45346
21122,45346
6548,45345
239452,45345
244705,45344
78931,45344
219382,45344
278251,45344
285772,45344
16647,45344
272837,45343
145546,45343
24943,45343
262408,45342
6107,45342
165987,45342
51449,45341
187262,45340
87196,45340
2321,45340
265539,45340
294207,45340
136629,45339
295254,45339
294340,45339
204813,45338
207518,45338
162860,45338
273484,45338
93595,45337
232255,45337
137429,45335
27261,45334
266587,45334
211062,45333
191242,45333
285670,45332
11817,45332
275745,45332
225029,45332
284669,45331
12274,45330
294880,45330
7198,45330
273348,45330
143723,45330
192219,45330
290153,45330
228329,45329
278291,45329
129850,45329
146792,45328
129753,45328
181336,45327
263419,45327
150677,45327
280670,45326
275673,45326
57,45326
179992,45325
7752,45325
5657,45325
23911,45324
152114,45324
292980,45323
38964,45323
283176,45323
261549,45322
35723,45322
287084,45322
102909,45322
287832,45321
18643,45321
153200,45321
84703,45321
52611,45321
203085,45321
142721,45321
250882,45321
239449,45321
156503,45320
269205,45320
283910,45320
232342,45320
104716,45320
262398,45320
7079,45320
260771,45320
286198,45319
183507,45319
77852,45318
20934,45317
288926,45317
215607,45317
38248,45317
249490,45316
213414,45316
40,45316
281947,45316
7381,45315
229668,45315
82810,45315
8583,45314
26271,45314
4248,45314
6691,45314
219351,45314
287887,45313
260576,45313
292949,45312
168161,45312
179234,45311
282617,45311
192333,45311
223050,45311
272291,45310
28556,45310
10609,45310
256286,45309
170723,45309
22328,45309
2599,45309
266746,45309
33948,45308
244394,45308
215224,45307
140962,45307
128272,45307
44348,45307
94719,45307
241578,45306
241040,45306
209104,45305
149408,45305
238379,45305
278041,45304
109980,45304
286494,45304
248350,45303
290645,45303
132859,45302
278304,45302
245084,45302
45085,45301
623,45301
165972,45301
35271,45300
11509,45300
186444,45300
9864,45300
293902,45299
296627,45298
7122,45298
1696,45298
180292,45297
182436,45297
220167,45297
185497,45297
282414,45296
217956,45296
151003,45296
277269,45295
197903,45295
193162,45295
193116,45295
112573,45295
180073,45295
226976,45294
49180,45294
249231,45293
139787,45293
285464,45293
237225,45293
269165,45292
227929,45292
202544,45292
213140,45292
249956,45292
239193,45291
24539,45291
221003,45291
255943,45291
196509,45291
51111,45291
278825,45290
139431,45290
245551,45290
191769,45289
159948,45289
93618,45288
201591,45288
277286,45287
258996,45287
993,45287
158365,45287
265082,45287
236314,45286
51757,45286
73098,45286
201035,45286
234076,45286
96847,45285
207407,45285
155951,45285
126537,45285
280647,45285
32089,45283
143201,45283
112265,45283
263129,45283
263912,45282
175184,45282
263112,45282
262700,45282
1190,45282
94977,45282
8058,45281
289645,45281
6603,45281
3197,45280
215006,45280
290610,45280
289520,45280
6955,45280
223873,45280
139609,45280
197506,45279
1574,45279
210586,45279
267542,45277
188695,45277
128360,45277
43029,45277
25035,45277
115762,45276
169530,45276
3550,45276
87661,45276
244326,45276
197989,45276
9458,45276
2403,45276
256863,45276
60156,45275
233511,45275
7199,45275
104455,45274
285698,45274
83406,45273
247710,45273
252882,45273
226692,45273
219243,45272
142199,45272
209067,45272
267613,45271
204762,45271
95579,45270
5766,45270
202376,45270
1512,45269
170048,45269
120338,45269
284357,45269
68352,45269
285351,45269
270601,45268
18296,45267
268800,45267
198198,45267
272657,45267
1926,45267
226707,45266
73916,45266
194106,45266
2980,45266
188665,45266
4250,45266
142152,45266
3342,45265
231850,45265
274176,45265
122873,45265
5790,45265
257470,45264
134283,45264
100630,45264
273986,45264
132748,45264
252663,45263
252580,45262
272177,45262
255323,45262
129105,45262
233963,45261
158545,45261
5280,45261
54690,45261
18895,45261
116896,45261
283756,45260
132924,45260
224508,45260
234325,45260
177854,45259
250559,45259
20795,45259
162626,45259
159167,45258
152649,45258
212735,45258
287387,45257
89332,45257
29737,45256
116808,45255
62306,45255
236790,45254
197830,45254
290503,45254
2033,45254
280980,45254
262065,45254
195402,45254
202360,45253
107515,45253
280025,45253
126096,45253
7693,45253
270435,45253
179666,45253
262320,45253
258443,45252
288752,45252
275455,45252
32555,45252
287045,45252
134130,45251
215187,45251
260629,45251
277095,45251
162083,45251
5852,45250
108915,45250
194072,45250
105270,45250
261645,45249
280595,45249
44030,45249
231786,45249
273370,45248
52553,45248
277589,45248
119,45248
209154,45248
43909,45246
16037,45246
182460,45246
21913,45246
296491,45246
257570,45245
279012,45245
225145,45245
218284,45245
44433,45244
260363,45244
253365,45244
270657,45243
167143,45243
19008,45243
10842,45243
5613,45242
236386,45242
269603,45242
19046,45242
198969,45242
291274,45242
104785,45242
16668,45242
135149,45242
269686,45241
1310,45241
144892,45241
30409,45241
126852,45241
21218,45240
277534,45240
39392,45239
227815,45239
292214,45239
214834,45238
271942,45237
103581,45237
16962,45237
191412,45237
291746,45237
269185,45236
223877,45235
285678,45235
209070,45235
10940,45234
60075,45234
172262,45234
145457,45233
213948,45233
139504,45233
206965,45233
256124,45232
263107,45232
227172,45232
277132,45231
10957,45231
103589,45231
178447,45231
280765,45231
255249,45231
69401,45231
178605,45230
261846,45230
217610,45230
6630,45229
258961,45229
226342,45229
117970,45229
248101,45229
80797,45229
2698,45228
280191,45228
9181,45228
221484,45228
29315,45227
283749,45227
288787,45227
291055,45227
218644,45227
110037,45227
267916,45227
14403,45227
129631,45227
181887,45226
251483,45226
60954,45226
236502,45226
14298,45226
253033,45225
295038,45225
216121,45225
200285,45224
218725,45224
14369,45223
1339,45223
159417,45223
284785,45223
222945,45223
250202,45223
273368,45223
234464,45222
293027,45222
220931,45222
9352,45222
269461,45222
210766,45222
7660,45222
268988,45221
70179,45221
187320,45221
75537,45221
146174,45221
16823,45221
1965,45221
129624,45221
287175,45220
266386,45220
270237,45220
654,45220
267405,45220
245189,45219
214626,45219
63306,45219
280952,45219
283089,45218
104891,45218
295582,45217
295888,45217
191255,45217
136006,45216
256314,45216
27708,45215
208906,45215
194631,45215
258763,45215
235888,45215
124744,45215
63238,45214
261168,45213
293216,45213
271285,45213
182313,45212
186680,45212
127609,45212
213655,45211
258584,45211
228671,45211
189755,45211
247832,45211
54651,45211
294899,45211
206168,45211
29336,45211
296553,45210
291627,45209
46931,45209
11542,45209
285228,45208
153559,45208
19142,45208
265808,45208
4805,45207
24593,45207
262261,45207
209319,45206
206188,45206
296547,45206
252645,45206
86547,45206
181519,45206
4933,45205
284649,45205
11158,45204
271220,45204
65250,45204
209172,45203
90120,45203
125886,45203
112878,45202
277960,45202
283560,45202
276715,45202
193253,45202
177835,45201
259011,45201
255374,45201
9142,45201
4271,45201
67907,45201
254201,45201
216038,45200
19859,45200
276300,45200
183056,45200
215828,45199
295033,45199
31357,45199
89571,45198
230344,45198
3396,45198
64322,45198
142378,45198
235142,45198
200701,45198
15417,45198
252559,45198
258922,45197
264519,45197
249709,45197
292484,45197
230229,45197
114321,45196
50016,45196
257297,45196
64551,45195
175779,45195
76949,45195
247475,45195
58197,45194
114330,45194
218500,45194
295651,45194
239982,45194
245577,45194
37124,45194
200006,45194
195176,45194
192292,45194
72963,45193
17755,45193
201535,45193
246803,45193
92902,45193
292219,45192
59786,45192
31515,45192
283799,45191
278592,45191
152261,45191
249203,45191
289012,45191
157862,45190
236331,45190
277022,45190
134805,45189
9463,45189
223435,45189
278746,45188
187607,45188
185405,45188
285000,45187
290459,45187
294920,45187
293309,45186
181247,45186
258136,45185
27272,45185
217205,45185
148372,45185
17074,45185
278147,45184
108086,45184
252669,45184
74078,45183
229028,45183
287475,45183
258726,45182
262277,45182
288928,45182
252908,45181
8376,45181
284866,45180
252975,45180
268067,45180
99265,45179
259192,45179
195658,45179
60846,45179
251912,45178
263194,45178
188587,45178
112511,45178
169016,45178
233477,45177
204673,45177
290026,45177
5591,45177
8771,45177
90964,45177
155853,45176
166173,45176
273543,45176
233080,45176
216566,45175
4669,45175
45451,45175
23458,45174
295260,45174
278768,45174
240530,45174
288353,45174
234177,45174
142281,45174
288724,45174
270716,45174
259541,45174
185775,45173
233430,45173
238994,45173
231704,45173
232442,45173
277137,45173
294917,45173
240891,45173
294437,45173
170114,45173
14240,45172
233250,45172
205322,45172
89845,45172
293167,45172
285255,45172
256500,45172
262468,45172
9072,45172
226365,45172
204044,45172
256235,45171
7940,45171
278135,45171
48279,45171
226368,45171
14422,45170
112675,45170
234375,45169
40985,45169
105999,45169
263484,45169
274362,45168
87099,45168
241937,45168
270560,45168
249989,45168
6014,45168
219797,45168
15505,45167
195421,45167
48770,45167
7595,45167
287031,45167
282214,45166
198511,45166
249349,45166
184381,45166
13186,45166
232364,45166
208421,45166
27488,45165
281511,45165
293196,45164
193232,45164
222786,45164
240194,45163
294440,45163
296277,45163
186629,45163
105269,45162
296588,45162
287313,45162
88596,45162
32979,45161
2608,45161
250965,45161
9040,45161
120836,45160
120822,45160
3660,45160
219971,45160
228930,45160
255487,45159
269960,45159
212426,45159
270161,45159
145195,45159
228283,45159
193708,45158
91116,45158
209137,45158
1627,45158
151561,45157
29255,45157
172757,45157
211985,45157
255808,45157
295354,45156
214420,45156
240469,45156
295786,45156
5606,45156
50379,45156
245213,45156
225158,45156
204240,45155
8582,45155
205199,45155
281168,45155
232621,45155
37819,45154
183913,45154
274722,45154
2070,45154
286999,45154
287082,45154
270695,45154
61926,45153
2966,45153
162642,45153
141779,45152
131805,45152
226927,45152
246588,45152
6721,45152
52763,45152
243000,45151
190230,45151
201762,45151
286690,45151
3963,45151
250728,45151
263805,45151
185124,45151
250407,45150
294372,45150
242915,45150
248561,45150
55786,45150
174378,45149
211765,45149
200046,45149
190030,45149
256112,45149
235196,45148
260417,45148
283415,45148
14529,45148
232759,45148
35370,45148
5317,45147
58220,45147
2951,45147
214256,45147
217858,45147
32634,45146
2673,45146
8761,45146
204471,45146
237621,45146
33,45146
139955,45146
287126,45146
3841,45145
235726,45145
278134,45145
272345,45145
226531,45144
261749,45144
280096,45144
258892,45144
224175,45144
178262,45144
242690,45144
145644,45144
121124,45143
248531,45143
252409,45143
91080,45143
58706,45143
108590,45143
272831,45143
59419,45142
32115,45142
16888,45142
268150,45142
245916,45142
122942,45142
281256,45142
216280,45141
75437,45141
177119,45141
208472,45141
283182,45141
269184,45140
20246,45140
82825,45140
750,45140
290944,45140
116124,45140
23445,45140
240953,45140
101961,45140
23908,45140
138542,45140
617,45140
254815,45139
218793,45139
207482,45139
290272,45139
169987,45138
339,45138
279964,45138
221017,45138
574,45137
210583,45137
292466,45137
223134,45137
33336,45136
3821,45136
153455,45136
13206,45135
262911,45135
201948,45135
245801,45135
49218,45134
133410,45134
99967,45134
154,45134
279982,45134
38498,45133
41958,45133
295029,45133
239403,45133
156376,45133
48534,45133
240090,45132
74386,45132
238574,45132
151033,45132
187953,45132
228920,45132
248355,45131
9053,45131
236139,45131
266642,45131
255420,45130
171579,45130
256802,45130
34315,45130
222806,45130
237686,45130
151989,45130
214033,45130
263089,45130
206346,45130
220364,45129
259422,45129
77757,45129
272135,45129
145981,45129
264641,45129
66128,45129
1236,45129
75132,45128
205713,45128
11343,45128
25675,45128
295704,45128
13578,45127
248410,45127
235673,45127
268086,45127
181538,45127
293274,45127
268475,45127
249730,45127
198546,45127
200794,45127
193781,45127
196596,45126
179261,45126
293483,45126
178420,45126
262148,45126
11234,45126
249117,45126
92099,45125
275713,45125
837,45125
269685,45125
169887,45125
181759,45125
194636,45124
204608,45124
209734,45124
170134,45124
97012,45123
234871,45123
186807,45123
208511,45123
236525,45123
77515,45123
261699,45122
106526,45122
223257,45122
16562,45122
216471,45122
205634,45121
50449,45121
203200,45121
239340,45121
292761,45121
282659,45121
253277,45121
172369,45121
98506,45120
282156,45120
223673,45120
226377,45120
287883,45120
63008,45120
191367,45120
275709,45120
141264,45119
267761,45119
22970,45119
108215,45119
214466,45119
33452,45119
295026,45119
267683,45118
255226,45118
204218,45118
271273,45118
207168,45117
178180,45117
150990,45117
5905,45117
161046,45117
233588,45116
267790,45116
269889,45116
170718,45116
259921,45116
228874,45116
282577,45115
138499,45115
249247,45115
212092,45115
246369,45115
191672,45115
262446,45115
178209,45115
44800,45115
782,45115
175157,45115
175459,45114
243628,45114
286204,45114
289881,45114
215797,45114
204448,45113
1390,45113
174249,45113
116453,45113
247694,45113
65449,45112
218130,45112
57183,45111
265083,45111
12001,45111
150834,45111
291062,45110
121789,45110
230692,45110
208305,45110
286094,45110
243698,45110
291845,45110
291642,45110
275499,45109
275912,45109
181784,45109
208211,45109
286436,45109
115810,45109
174786,45109
61244,45108
296157,45108
179552,45108
150056,45108
203023,45108
228869,45108
251861,45108
164450,45108
54780,45107
285684,45107
35548,45107
288543,45107
234827,45107
229542,45106
255952,45106
93587,45106
129186,45106
200880,45106
117628,45106
231674,45106
6822,45106
21345,45105
26128,45105
57450,45105
149478,45105
219354,45104
215220,45104
234880,45104
289742,45104
160270,45103
239196,45103
283744,45103
143685,45103
246166,45103
15931,45103
37327,45103
226702,45102
138248,45102
140487,45102
233185,45102
193729,45101
269398,45101
130675,45101
77217,45101
269366,45100
285645,45100
217551,45100
105996,45100
6018,45100
270074,45100
234366,45100
204937,45100
232134,45100
283690,45099
168605,45099
295232,45099
287784,45099
184620,45099
5847,45098
115145,45098
259829,45098
13940,45098
143259,45098
206227,45098
288312,45098
1380,45097
206496,45097
283179,45097
241420,45097
286887,45097
286278,45096
238880,45096
34120,45096
192516,45096
22411,45096
79439,45094
114037,45094
123278,45094
146241,45094
53974,45094
120745,45093
757,45093
131457,45093
282831,45093
47965,45093
262979,45093
252611,45093
8020,45093
47192,45093
276169,45092
138058,45092
200795,45092
272385,45092
180383,45091
293137,45091
11237,45091
81713,45091
250187,45091
14537,45091
258656,45090
170554,45090
219100,45090
4648,45090
32463,45090
182633,45089
4500,45089
292919,45089
290290,45088
291082,45088
3251,45088
164244,45088
290296,45088
11082,45088
160986,45087
191300,45087
105911,45087
277629,45087
270887,45087
145732,45087
177329,45086
161938,45086
250450,45086
144289,45086
30675,45085
181134,45085
269750,45085
293181,45085
2759,45085
468,45085
203142,45085
142484,45084
223206,45084
251381,45084
107721,45084
7468,45083
253211,45083
187338,45083
207067,45083
5895,45083
217973,45083
189972,45083
31597,45083
214654,45082
288261,45082
253967,45082
69009,45082
219045,45081
30967,45081
58425,45081
164624,45080
243513,45080
287532,45080
252949,45080
234436,45080
233693,45080
263160,45080
170475,45080
265715,45079
167699,45079
195952,45079
256198,45079
165378,45079
246915,45079
215066,45079
180402,45078
259073,45078
290028,45078
184146,45078
145003,45078
259454,45078
3057,45078
183639,45078
278795,45078
453,45078
241540,45078
20126,45077
292437,45077
148382,45077
276545,45077
197265,45077
80096,45077
190397,45076
254940,45076
14771,45076
249246,45076
5501,45076
16156,45076
123103,45076
141638,45075
108570,45075
141305,45075
189188,45075
210501,45075
209640,45075
223795,45075
207250,45075
138218,45074
130528,45074
283027,45074
268576,45074
281378,45074
295429,45074
280399,45073
282550,45073
266633,45072
89152,45072
270387,45072
250885,45072
226873,45072
289697,45072
221663,45071
45874,45071
7013,45071
271862,45071
278966,45071
23263,45071
277727,45071
287823,45071
42062,45071
16244,45070
282309,45070
251430,45070
104050,45070
281627,45070
20779,45070
177919,45069
33521,45069
218601,45069
125067,45069
239956,45069
104781,45069
39289,45069
254095,45069
193859,45068
177393,45068
53212,45068
291326,45068
191228,45068
163532,45068
220054,45068
290769,45068
295377,45068
158978,45067
255727,45067
4453,45067
292057,45067
22406,45067
163079,45067
128820,45067
99005,45067
289250,45067
281982,45067
207295,45067
192404,45066
3118,45066
164220,45066
294896,45066
227600,45066
155370,45066
163337,45066
139166,45065
273208,45065
259327,45065
252488,45065
8114,45065
217257,45065
266085,45065
126767,45064
176297,45064
255925,45064
191743,45064
126855,45064
266658,45063
274081,45063
237703,45063
178956,45063
8057,45063
70308,45063
219435,45063
277750,45063
178894,45063
277720,45063
12364,45062
178723,45062
173526,45062
124162,45062
116375,45062
256330,45062
291899,45062
250845,45062
201828,45062
145009,45061
234540,45061
114351,45061
110495,45061
140367,45061
280641,45061
290730,45061
237706,45061
162344,45061
263494,45061
80523,45061
191813,45061
285294,45060
133297,45060
257703,45060
231575,45060
182071,45060
101395,45059
4921,45059
44855,45059
204920,45059
24631,45059
219845,45059
265127,45059
203956,45059
278728,45059
277031,45059
151327,45059
182657,45058
128146,45058
184813,45058
163565,45058
233530,45058
277957,45057
95207,45057
282567,45057
251502,45057
283171,45057
143857,45057
34043,45056
157048,45056
256750,45056
165864,45056
177367,45056
62993,45055
240409,45055
283017,45055
255581,45055
101683,45054
209103,45054
187354,45054
219993,45054
151373,45054
151340,45054
287421,45053
254669,45053
274827,45053
140951,45053
283049,45052
186866,45052
215911,45052
264048,45052
25629,45052
233315,45052
152691,45052
285002,45052
237801,45051
248179,45051
250953,45051
109296,45051
170689,45051
1776,45051
279948,45051
278027,45051
225808,45050
1064,45050
3308,45050
219586,45050
14575,45050
252562,45050
186077,45050
190266,45050
278,45050
195372,45050
159924,45050
119863,45050
251150,45049
295341,45049
94715,45049
291432,45049
169071,45049
139410,45049
238193,45049
121327,45049
150862,45048
1476,45048
248503,45048
166879,45048
221806,45048
278666,45048
192757,45048
283545,45047
248982,45047
267770,45047
94121,45047
102402,45047
254582,45047
287857,45047
39892,45047
263012,45046
290715,45046
151156,45046
263527,45046
164299,45046
171776,45046
198663,45045
219339,45045
9554,45045
283722,45045
248565,45045
205004,45045
62,45045
19477,45045
226546,45044
180043,45044
281729,45044
236061,45044
192364,45044
228758,45044
212389,45043
169926,45043
8607,45043
266693,45043
276119,45043
285497,45043
32482,45043
268688,45043
284810,45043
286189,45043
240621,45042
236469,45042
227270,45042
205662,45042
117572,45042
9409,45042
46447,45042
177056,45042
280249,45042
192331,45041
202948,45041
212579,45041
273565,45041
292658,45041
267365,45041
54700,45041
221252,45041
200929,45041
17570,45040
289100,45040
198237,45040
254735,45040
76513,45040
238851,45039
245132,45039
273705,45039
234842,45039
214216,45039
255021,45038
57786,45038
195760,45038
218331,45038
263022,45038
266805,45038
163493,45038
163222,45038
171647,45038
245976,45037
8695,45037
242954,45037
25118,45037
225335,45037
270199,45037
108175,45037
218666,45037
235316,45037
291048,45037
161333,45036
270007,45036
182505,45036
154774,45036
205294,45036
225848,45036
284257,45036
286416,45036
222742,45036
202038,45036
222105,45036
42794,45035
185311,45035
47714,45035
282018,45035
263045,45035
270287,45035
261310,45035
272696,45034
193783,45034
124666,45034
201917,45034
194169,45034
168903,45034
2173,45034
232668,45034
280754,45034
246523,45033
283421,45033
270650,45033
1373,45033
284427,45033
248008,45033
273783,45033
231934,45033
280232,45033
241717,45032
210466,45032
214051,45032
40784,45032
293868,45032
188647,45032
233720,45032
280983,45032
203615,45032
279108,45032
10176,45032
235184,45031
12590,45031
244090,45031
239624,45030
243408,45030
142597,45030
148,45030
150888,45030
286648,45030
267516,45030
259092,45030
286413,45030
174011,45029
285180,45029
150297,45029
236002,45029
259074,45029
78242,45029
274137,45029
137452,45028
231780,45028
161116,45028
216401,45028
194901,45028
256636,45028
200774,45028
2470,45028
218781,45028
18075,45028
175280,45028
248555,45027
41416,45027
138772,45027
247455,45027
258460,45027
35034,45027
213627,45027
1314,45027
287011,45027
292986,45027
230431,45026
262497,45026
190426,45026
213353,45026
147,45026
49586,45026
211170,45025
36537,45025
101770,45025
28997,45025
292502,45025
276048,45025
291249,45024
242662,45024
233982,45024
269992,45024
296313,45024
134068,45024
28727,45024
289277,45023
197609,45023
46747,45023
242345,45023
46391,45022
236722,45022
211147,45022
109021,45022
234208,45022
270109,45022
150244,45021
259767,45021
1726,45021
250906,45021
287424,45021
24994,45021
253516,45021
258060,45021
187800,45020
7055,45020
229672,45020
183432,45020
79614,45020
189547,45020
181733,45020
127721,45020
166082,45020
20011,45020
265170,45020
186892,45019
228573,45019
249716,45019
219950,45019
187222,45019
278956,45019
274021,45019
281316,45019
16269,45019
1765,45019
40046,45019
199400,45019
273820,45018
216141,45018
159733,45018
6924,45018
226602,45018
17387,45018
5279,45018
276470,45018
234739,45017
209891,45017
266444,45017
15184,45017
266760,45017
127371,45017
50257,45017
158245,45017
285129,45017
13431,45017
250980,45017
280013,45017
874,45016
204147,45016
129713,45016
254785,45016
207513,45016
262886,45016
259796,45016
111527,45016
203807,45016
220662,45016
145497,45016
243204,45015
242799,45015
243274,45015
213159,45015
174404,45015
281221,45015
187811,45015
231862,45015
103985,45015
127349,45015
229861,45015
240566,45015
58127,45015
217250,45014
1844,45014
123902,45014
246958,45014
238313,45014
7252,45014
213498,45014
229424,45014
283448,45014
226582,45014
200613,45014
262614,45014
5276,45013
250756,45013
271352,45013
40976,45013
263972,45013
177541,45013
165260,45013
182795,45013
284037,45013
34878,45013
260658,45012
124646,45012
198174,45012
90755,45012
143850,45012
258879,45012
282911,45012
136217,45012
279901,45011
296258,45011
170145,45011
254310,45011
951,45011
9695,45011
23270,45011
135901,45011
245637,45011
253608,45010
239778,45010
279374,45010
225053,45010
37597,45010
2954,45009
243004,45009
212496,45009
296388,45009
169340,45009
233010,45009
29064,45009
197210,45009
260662,45009
284947,45008
22506,45008
117211,45008
75502,45008
227847,45008
172965,45007
290788,45007
284255,45007
71378,45007
182035,45007
136164,45007
244899,45007
19586,45007
243132,45007
25337,45007
100849,45007
189550,45006
289324,45006
266150,45006
231992,45006
743,45006
264195,45006
51947,45006
199107,45006
210041,45005
148528,45005
134410,45005
158859,45005
182365,45005
43437,45005
253249,45005
278338,45005
271730,45004
292428,45004
266039,45004
161004,45004
244107,45004
240088,45004
277166,45004
209233,45004
109722,45004
273218,45004
238326,45004
228651,45004
96444,45003
206572,45003
285593,45003
163205,45003
222124,45003
64630,45003
218856,45003
67253,45003
188314,45003
151951,45003
142978,45003
242910,45002
264397,45002
272510,45002
248857,45002
160639,45001
154646,45001
178992,45001
247120,45001
151537,45001
22855,45000
199980,45000
9665,45000
291106,45000
111803,45000
183573,45000
259880,45000
1546,44999
174401,44999
216073,44999
280775,44999
283621,44999
283255,44999
25907,44999
223456,44999
226970,44999
49798,44998
266854,44998
1122,44998
38998,44998
5946,44998
70438,44998
32025,44998
5050,44998
177226,44997
254705,44997
209274,44997
254188,44997
248243,44997
47663,44997
251390,44997
115579,44996
265129,44996
109051,44996
149969,44996
13809,44996
15790,44996
226402,44996
192865,44996
175090,44996
294356,44995
235239,44995
233232,44995
284443,44995
271441,44995
233155,44995
262390,44995
202036,44994
219962,44994
136,44994
126770,44994
261092,44994
243269,44994
232404,44994
290370,44994
41339,44994
169262,44993
257251,44993
204578,44993
52460,44993
49510,44993
54217,44993
301,44993
1547,44993
124135,44993
169762,44992
31573,44992
157122,44992
203560,44992
184115,44992
94999,44992
217018,44992
293107,44992
180353,44992
131696,44991
28168,44991
284719,44991
4482,44991
239729,44991
52415,44991
178990,44991
267588,44991
249778,44990
264774,44990
17218,44990
22114,44990
238714,44990
241909,44990
216643,44990
18269,44990
253603,44990
9183,44990
124697,44990
189862,44990
193312,44989
283507,44989
240807,44989
145455,44989
243422,44989
296452,44989
78139,44989
60195,44989
219306,44988
291885,44988
257480,44988
168854,44988
118090,44988
137362,44988
172111,44988
165661,44988
188660,44987
19625,44987
291800,44987
244270,44987
204229,44987
203227,44987
150994,44987
265759,44987
168913,44986
260598,44986
274823,44986
287302,44986
194424,44986
212685,44986
271,44986
265010,44986
270129,44986
283594,44986
280132,44986
199355,44986
261893,44985
235259,44985
289693,44985
264947,44985
22873,44985
236461,44985
69685,44985
279605,44985
214084,44985
247674,44984
186433,44984
207029,44984
262157,44984
287319,44984
267482,44983
172168,44983
9250,44983
125346,44983
276929,44983
266859,44983
284531,44982
233126,44982
274707,44982
199103,44982
213434,44982
237864,44982
7606,44982
6441,44982
273260,44982
160421,44982
42710,44981
268923,44981
255277,44981
41737,44981
227737,44981
252899,44981
147290,44981
128822,44980
220062,44980
174578,44980
260666,44980
19463,44980
274121,44980
213347,44980
988,44979
283793,44979
201528,44979
291087,44979
295796,44979
23325,44979
242990,44979
72321,44978
272675,44978
242430,44978
95154,44978
258230,44978
272625,44978
173181,44978
280853,44977
272598,44977
53508,44977
13717,44977
68364,44977
193800,44977
248504,44977
96521,44977
266609,44977
157690,44976
206654,44976
259994,44976
13812,44976
256880,44976
113889,44976
245220,44975
171850,44975
204250,44975
215813,44975
171532,44975
250586,44975
241879,44975
180999,44974
292708,44974
100071,44974
210034,44974
185015,44974
283965,44974
277030,44974
231309,44974
229943,44974
7704,44973
1641,44973
279055,44973
3236,44973
2758,44973
191296,44973
178324,44973
291464,44973
144954,44973
8255,44973
291065,44973
174570,44973
163814,44972
249222,44972
87881,44972
233594,44972
96617,44971
174286,44971
107685,44971
267033,44971
1593,44971
123846,44971
143169,44971
265827,44971
263964,44971
250286,44971
26388,44971
130906,44971
12722,44971
265284,44971
208244,44971
210718,44971
12284,44971
284991,44970
234439,44970
231056,44970
243821,44970
18917,44970
285461,44970
231557,44970
219751,44969
68778,44969
472,44969
278954,44969
251610,44969
239338,44969
834,44969
264722,44969
201089,44969
208633,44969
157590,44968
224121,44968
218159,44968
213403,44968
205939,44968
233356,44968
64345,44967
166479,44967
40278,44967
278965,44967
665,44967
151555,44967
213480,44967
100986,44967
230350,44967
191727,44966
244641,44966
137459,44966
140771,44966
247929,44966
180508,44966
184576,44966
280319,44966
45644,44966
228498,44966
287414,44966
268274,44966
256552,44966
14982,44966
219198,44965
42553,44965
1107,44965
245056,44965
160253,44965
143905,44965
5230,44965
245969,44965
101637,44965
5173,44965
284865,44965
291592,44965
254466,44964
218944,44964
288480,44964
101296,44964
296353,44964
285665,44964
282905,44964
287266,44964
16778,44964
194393,44964
275889,44964
480,44964
277382,44964
202188,44964
261075,44963
291608,44963
256878,44963
264065,44963
252323,44963
270282,44963
180372,44963
253212,44963
265171,44962
125181,44962
166060,44962
202763,44962
56286,44962
6241,44962
43397,44962
214475,44962
2600,44962
286730,44962
18408,44961
22268,44961
186287,44961
242617,44961
184660,44960
281126,44960
42246,44960
270485,44960
218513,44960
295512,44960
220224,44960
286152,44960
165110,44960
46014,44960
153275,44960
114095,44960
248904,44959
194778,44959
36337,44959
68993,44959
150329,44959
279314,44959
217394,44959
239029,44959
35925,44959
15747,44959
274321,44959
223285,44959
191959,44959
36435,44959
205302,44958
225337,44958
296240,44958
198337,44958
186874,44958
254533,44958
206641,44958
219905,44958
278724,44957
169745,44957
249244,44957
232572,44957
272833,44956
193602,44956
260451,44956
182260,44956
190723,44956
239731,44956
68197,44956
274581,44956
292553,44956
196548,44955
285872,44955
283605,44955
37009,44955
285817,44955
486,44955
233178,44955
138106,44954
191889,44954
161079,44954
272532,44954
60277,44954
287650,44954
249893,44954
251049,44954
283590,44954
248328,44954
189659,44954
62327,44954
261975,44953
264890,44953
252700,44953
247028,44953
279284,44953
153551,44953
272302,44953
162659,44953
283923,44952
10913,44952
139477,44952
115873,44952
285966,44952
218386,44951
178436,44951
195500,44951
191448,44951
27917,44951
255604,44951
282092,44951
168800,44950
249276,44950
258468,44950
242894,44950
232184,44950
259969,44950
114782,44950
91197,44950
262914,44950
943,44950
50231,44950
12559,44949
205027,44949
51845,44949
284158,44949
33037,44949
117407,44949
178187,44949
211653,44949
146262,44949
86420,44949
195714,44948
280226,44948
3417,44948
224905,44948
22352,44948
10740,44948
276887,44948
182018,44948
89287,44948
265457,44948
145890,44948
292521,44947
270295,44947
218234,44947
260611,44947
88217,44947
239962,44947
255976,44947
78388,44947
261336,44946
242975,44946
189076,44946
80950,44946
135779,44946
245512,44946
85191,44946
230631,44946
185191,44946
204006,44945
254005,44945
122691,44945
130665,44945
70760,44945
188404,44945
10850,44945
49176,44945
287292,44945
207057,44944
3098,44944
283575,44944
293686,44944
214459,44944
208116,44943
263659,44943
271264,44943
135154,44943
173335,44943
131078,44943
251911,44943
76316,44943
50226,44943
170994,44943
250536,44943
129661,44943
286626,44942
13049,44942
259127,44942
59629,44942
204313,44942
1320,44942
286258,44942
30499,44942
282349,44941
221423,44941
288047,44941
281826,44941
226104,44941
125818,44941
280646,44941
5910,44941
17381,44941
1978,44941
217308,44941
281562,44940
60477,44940
1545,44940
193632,44940
158733,44940
204009,44940
247543,44939
197154,44939
167313,44939
196241,44939
282712,44939
276465,44938
288606,44938
293624,44938
91275,44938
253083,44938
261193,44938
222438,44938
284116,44938
253717,44938
249809,44938
208117,44938
181646,44938
51318,44938
158612,44937
9224,44937
244800,44937
238632,44937
247340,44937
185280,44937
136957,44937
274803,44937
199727,44937
287998,44937
129705,44936
258595,44936
146859,44936
291353,44936
154703,44936
222528,44936
64947,44936
278373,44936
220544,44935
11726,44935
176253,44935
254244,44935
6736,44935
278059,44935
265922,44934
273082,44934
5076,44934
279350,44934
163900,44934
180712,44934
118961,44934
275566,44934
217764,44934
156587,44934
93295,44934
667,44933
181647,44933
215517,44933
141583,44933
184586,44933
42925,44933
238220,44933
28781,44933
210334,44933
74642,44933
85217,44932
290073,44932
91985,44932
19441,44932
43356,44932
56782,44932
82656,44932
223049,44932
277087,44931
199528,44931
277568,44931
273447,44931
159233,44931
263630,44931
89310,44931
13553,44931
136932,44931
12778,44931
223780,44931
202796,44930
280637,44930
120,44930
90251,44930
252934,44930
258969,44930
238163,44930
185252,44930
169964,44930
236547,44930
190192,44930
267004,44930
9952,44930
263063,44929
200418,44929
289738,44929
254190,44929
162253,44929
121714,44929
262149,44929
249362,44928
274368,44928
234044,44928
105698,44928
35861,44928
196247,44928
288871,44928
25886,44928
90535,44928
218010,44927
115339,44927
249787,44927
255794,44927
248060,44927
210994,44927
95626,44927
269173,44927
149276,44926
88160,44926
24113,44926
270218,44926
171607,44926
226706,44926
179625,44926
263250,44926
162340,44926
291301,44926
264850,44925
168644,44925
200158,44925
160612,44925
32541,44925
246536,44925
33411,44925
285148,44925
248524,44925
112499,44925
286431,44925
233493,44924
258602,44924
89667,44924
234765,44924
48941,44924
176383,44924
196427,44924
103119,44924
279587,44924
128164,44923
269495,44923
263167,44923
223360,44923
248798,44923
104612,44923
7742,44923
15881,44923
124409,44923
221419,44923
226483,44923
17302,44923
141858,44922
198454,44922
241002,44922
272727,44922
208504,44922
224127,44922
22591,44922
263554,44922
266525,44922
245832,44922
169245,44922
268488,44922
139597,44922
256591,44922
102864,44922
190389,44922
268650,44922
198005,44921
290312,44921
192188,44921
87833,44921
294044,44921
8155,44921
263975,44921
278233,44920
223943,44920
22036,44920
128251,44920
171237,44920
143693,44920
227195,44920
6870,44920
293625,44919
6788,44919
272950,44919
118398,44919
296199,44919
218469,44919
293963,44919
198703,44919
254704,44919
203753,44919
289781,44919
226722,44919
288884,44918
203742,44918
871,44918
156983,44918
2037,44918
294076,44918
16367,44918
241060,44918
228217,44918
123874,44918
216980,44918
278123,44918
3135,44918
116877,44918
246573,44917
241652,44917
9781,44917
181970,44917
261274,44917
226630,44917
3021,44917
51800,44917
211584,44917
295152,44916
254870,44916
23851,44916
17533,44916
290480,44916
223046,44915
214642,44915
2971,44915
230074,44915
291803,44915
295775,44915
260473,44915
266413,44915
141055,44915
220890,44915
108217,44914
264394,44914
296042,44914
249423,44914
259988,44914
27882,44914
291233,44914
147883,44914
98152,44914
258677,44914
246893,44913
223001,44913
257111,44913
95267,44913
189150,44913
129959,44913
278743,44913
241304,44913
181524,44913
274965,44913
203387,44912
122364,44912
136541,44912
197966,44912
8629,44912
106506,44912
270713,44912
292625,44912
202136,44912
188964,44911
245748,44911
203546,44911
161082,44911
134415,44911
195449,44911
281679,44911
295125,44911
132197,44911
288127,44911
110653,44910
126583,44910
153643,44910
87081,44910
211049,44910
196061,44910
281985,44910
248004,44910
266816,44910
280996,44910
175790,44910
242006,44910
250750,44910
228933,44910
172955,44909
192858,44909
292825,44909
6184,44909
212981,44909
239040,44909
280443,44909
198086,44909
32701,44909
134099,44908
281886,44908
120815,44908
283991,44908
151554,44908
212107,44907
290355,44907
252832,44907
222467,44907
244113,44907
219825,44907
115158,44907
260357,44907
234937,44907
229162,44907
12332,44906
172785,44906
177240,44906
254883,44906
183579,44906
262601,44905
160078,44905
133240,44905
184892,44905
123320,44905
282664,44905
244857,44905
30585,44905
248817,44905
287461,44905
264794,44905
204637,44905
34791,44905
202973,44904
19027,44904
292318,44904
4573,44904
199623,44904
240762,44904
184291,44904
238398,44904
264990,44904
246569,44904
15692,44903
260299,44903
215730,44903
274496,44903
271632,44903
220475,44903
213168,44903
196222,44903
289379,44903
259120,44903
31146,44903
244969,44902
119094,44902
200018,44902
274689,44902
247758,44902
262049,44902
211880,44902
163241,44902
245195,44902
228252,44902
455,44901
179487,44901
184785,44901
162389,44901
78300,44901
86982,44901
234211,44901
295919,44901
218566,44901
173013,44901
259660,44901
261391,44901
140613,44901
8146,44901
282607,44900
139296,44900
164756,44900
157753,44900
174801,44900
234897,44900
203130,44900
276030,44900
10266,44900
4441,44900
228750,44900
148914,44900
263389,44900
36374,44900
162687,44900
229796,44900
207406,44900
174778,44899
270899,44899
198601,44899
187650,44899
248556,44899
267067,44899
242021,44899
87281,44899
254255,44899
271298,44899
272999,44899
210870,44898
243888,44898
44686,44898
48061,44898
207256,44898
284277,44898
255981,44898
209186,44898
31718,44897
233020,44897
264167,44897
290072,44897
182832,44897
274531,44897
186731,44897
289546,44897
188584,44896
143841,44896
250881,44896
31572,44896
146592,44896
248353,44896
260587,44896
261370,44896
102793,44896
9884,44896
292550,44896
185274,44896
14506,44896
274294,44896
280269,44895
142827,44895
293069,44895
21092,44895
154932,44895
288924,44895
122005,44895
268727,44895
29199,44895
152910,44895
117459,44895
62687,44894
175440,44894
48700,44894
240461,44894
260655,44894
273834,44894
280725,44894
290590,44894
270596,44893
94929,44893
234131,44893
137149,44893
253678,44893
241777,44893
237212,44893
270699,44893
154483,44892
250664,44892
282258,44892
259944,44892
65688,44892
202005,44892
187478,44892
219778,44892
14194,44892
3368,44892
131312,44892
148363,44891
214195,44891
106852,44891
267427,44891
272309,44891
251236,44891
168719,44891
201036,44891
145838,44891
120676,44891
266086,44891
165597,44890
7920,44890
10066,44890
28286,44890
218633,44890
8989,44890
281006,44890
183120,44890
269133,44890
267791,44890
73781,44889
227697,44889
25628,44889
191373,44889
280828,44889
235807,44889
286997,44889
212261,44889
227790,44888
156738,44888
71602,44888
249348,44888
197817,44888
5645,44888
267657,44888
269498,44888
150766,44888
99652,44888
285276,44888
231025,44888
157709,44888
247853,44888
273894,44888
270174,44888
3366,44888
273063,44887
156500,44887
243341,44887
114066,44887
123125,44887
288279,44887
193807,44887
229564,44887
266359,44887
75,44887
203641,44886
214015,44886
257743,44886
275521,44886
178098,44886
237850,44886
284602,44886
270057,44886
26356,44886
218899,44886
277869,44886
249988,44886
284237,44886
82721,44885
236907,44885
227933,44885
240444,44885
251558,44885
292375,44885
236709,44885
235621,44885
280796,44885
225570,44884
248370,44884
139398,44884
270360,44884
36405,44884
174617,44884
255692,44884
152267,44884
193099,44884
230798,44884
291914,44884
178897,44884
269569,44883
164185,44883
243445,44883
290078,44883
185550,44883
242344,44883
158372,44883
125851,44883
268551,44883
286276,44883
111679,44883
291110,44883
280995,44883
269706,44883
247989,44882
79896,44882
195248,44882
112326,44882
158594,44882
277650,44882
273751,44882
61752,44882
58822,44882
243496,44882
10204,44882
293285,44882
251682,44882
192126,44881
283192,44881
58864,44881
287079,44881
201285,44881
131784,44881
217958,44881
280844,44881
126919,44881
4417,44881
292337,44881
253018,44881
211663,44881
32554,44880
99970,44880
208297,44880
270020,44880
229645,44880
264770,44880
181845,44880
227384,44880
283134,44879
249379,44879
236513,44879
245182,44879
284186,44878
295935,44878
214678,44878
129694,44878
164510,44878
218687,44878
220551,44878
24282,44878
253991,44878
152574,44878
41553,44878
217053,44878
144845,44878
275,44877
1180,44877
109385,44877
283598,44877
270105,44877
61824,44877
200168,44877
258625,44877
151765,44877
83655,44877
148303,44877
271202,44877
92890,44876
218981,44876
55809,44876
182300,44876
44880,44876
24448,44876
56352,44876
151520,44876
223086,44876
244855,44876
228422,44875
6472,44875
9487,44875
202865,44875
241721,44875
51282,44875
158039,44875
7787,44875
236773,44875
146497,44875
189331,44874
61234,44874
285281,44874
263125,44874
286510,44874
276022,44874
218128,44874
77218,44874
1470,44874
289457,44874
285308,44874
225461,44874
277634,44874
266678,44874
148980,44874
39737,44874
252505,44873
268559,44873
157755,44873
218509,44873
287436,44873
219672,44873
6790,44873
221570,44873
145876,44873
237807,44873
291097,44873
278611,44872
236501,44872
257398,44872
111988,44872
238718,44872
250231,44872
84768,44871
63548,44871
177204,44871
263368,44871
292750,44871
99327,44871
178150,44871
879,44871
247807,44871
125549,44871
235457,44871
200043,44871
266343,44870
73109,44870
217011,44870
413,44870
166569,44870
46961,44869
225159,44869
144749,44869
163,44869
203382,44869
140061,44869
147766,44869
234736,44869
182135,44869
290226,44869
134642,44869
26594,44869
24999,44869
196935,44869
191811,44869
110875,44868
195844,44868
261161,44868
197558,44868
180672,44868
281403,44868
233466,44868
203210,44868
251397,44868
263925,44868
272542,44868
136845,44868
199694,44867
257099,44867
290428,44867
253792,44867
212947,44867
243701,44867
61245,44867
256570,44867
196041,44867
189962,44867
130281,44867
30330,44867
285097,44867
296502,44867
279503,44866
133353,44866
287459,44866
289286,44866
100738,44866
243946,44866
252972,44866
234262,44866
273136,44866
160009,44866
192843,44866
209783,44865
190036,44865
180352,44865
252360,44865
280032,44865
54709,44865
119634,44865
284718,44865
212679,44865
203675,44865
135005,44865
268575,44865
59514,44865
226207,44865
181578,44865
171153,44865
109210,44865
191597,44865
222652,44865
99943,44864
96071,44864
183043,44864
204970,44864
10446,44864
6614,44864
288674,44864
270168,44864
253727,44864
202098,44864
204475,44864
67857,44864
294886,44864
85253,44863
205459,44863
14536,44863
188666,44863
111757,44863
174442,44863
142861,44863
160334,44863
23,44862
270031,44862
150125,44862
293325,44862
286876,44862
251078,44861
278183,44861
291750,44861
3953,44861
216140,44861
228060,44861
266866,44861
149857,44861
3619,44861
248111,44861
104662,44861
293662,44861
77958,44861
185893,44861
173832,44861
200175,44861
270468,44860
293731,44860
152831,44860
261592,44860
238687,44860
277161,44860
168418,44860
133649,44860
183365,44860
270156,44860
261541,44859
172282,44859
186396,44859
245784,44859
213618,44859
254115,44859
265951,44859
6851,44859
222918,44859
251507,44859
249410,44858
17775,44858
254886,44858
258134,44858
295555,44858
133977,44858
206024,44858
213281,44858
146217,44858
252073,44858
26854,44858
196979,44858
163137,44857
111732,44857
237242,44857
201124,44857
278610,44857
223671,44857
45507,44857
254167,44857
127243,44857
137012,44857
194718,44857
192868,44857
195216,44857
271796,44856
218884,44856
14745,44856
246646,44856
247882,44856
187178,44856
10390,44856
115808,44856
231986,44856
28366,44856
138229,44856
249658,44856
149666,44855
246235,44855
58499,44855
243745,44855
248595,44855
771,44855
102714,44855
201350,44855
182672,44855
251003,44854
134269,44854
169345,44854
86865,44854
216115,44854
217371,44854
149045,44854
61803,44854
153730,44854
261372,44854
1286,44854
283707,44854
1204,44854
41173,44854
26331,44854
210525,44854
259137,44853
193872,44853
195457,44853
198156,44853
267322,44853
234086,44853
856,44853
187917,44853
110745,44853
257415,44853
249573,44853
215956,44853
257529,44853
15227,44853
235781,44853
231675,44853
284987,44853
3656,44852
131559,44852
129806,44852
292499,44852
281124,44852
281616,44852
295382,44852
276732,44852
22811,44852
235254,44851
155025,44851
197192,44851
178596,44851
64108,44851
177937,44851
272683,44851
274367,44851
7190,44851
7015,44851
85149,44850
206795,44850
288780,44850
108808,44850
204499,44850
217774,44850
288303,44850
250989,44850
283162,44850
268707,44850
293715,44850
294054,44849
198152,44849
278387,44849
206071,44849
287169,44849
200730,44849
3822,44849
18334,44849
112367,44849
221182,44849
232153,44849
230341,44849
15113,44848
103454,44848
110736,44848
112982,44848
266711,44848
253551,44848
53294,44848
267485,44848
176106,44848
45453,44848
190935,44848
188492,44848
285517,44848
268428,44847
227816,44847
235485,44847
4541,44847
143464,44847
223690,44847
147491,44847
3746,44847
270513,44847
261181,44847
1014,44847
295135,44847
271404,44847
190907,44847
190663,44846
73510,44846
118407,44846
99322,44846
275239,44846
59384,44846
204261,44846
175823,44846
45222,44846
179431,44846
170969,44846
191130,44846
236866,44846
262255,44846
75706,44846
51031,44846
235171,44845
270529,44845
255097,44845
285324,44845
39999,44845
229507,44845
292404,44845
100799,44845
162434,44845
258422,44845
214309,44845
142953,44845
268855,44845
195311,44845
271130,44844
238126,44844
286361,44844
199326,44844
237358,44844
199832,44844
250746,44844
282348,44844
126573,44844
162599,44844
225119,44844
284952,44844
137070,44844
284135,44843
274400,44843
223652,44843
177059,44843
209407,44843
664,44843
254213,44843
289305,44843
211770,44843
259846,44843
229758,44843
2012,44843
133002,44842
89349,44842
228456,44842
258517,44842
7415,44842
224839,44842
212279,44842
178741,44842
242654,44842
259920,44842
225146,44842
242330,44842
284153,44842
905,44842
41409,44842
262530,44841
207172,44841
273829,44841
59918,44841
22736,44841
185324,44841
296318,44841
293228,44840
234472,44840
118232,44840
267391,44840
147750,44840
3708,44840
142028,44840
153878,44840
179851,44840
227276,44840
275809,44840
