3519,100000
3525,80852
3327,77804
3455,77102
3676,76595
3248,75649
3579,75617
3768,75532
3298,75103
3183,74295
3835,73950
3840,73772
3684,73711
3055,73660
3706,72640
3177,72640
3068,72182
3125,71909
3745,71765
2801,71600
3064,69754
3941,69244
3593,68510
3307,67932
2912,66726
3028,66705
3752,66100
3669,65736
3047,65690
2947,64807
3758,64445
2887,64376
36146,63903
2730,63048
2803,62988
38662,62352
4349,62172
2545,62111
31694,61808
4128,61784
2560,61728
2532,61544
32020,61536
4546,61461
4392,60898
4800,60865
40356,60847
4373,60494
3646,60166
2099,60060
3115,60035
2342,59889
4729,59784
4133,59781
2479,59553
2365,59490
2402,59101
3179,58958
3312,58896
37525,58847
3238,58772
3167,58686
5195,58462
2435,58400
3954,58349
4459,58287
4956,58174
4979,57958
4754,57923
5629,57893
5492,57877
4709,57729
5315,57711
7146,57688
5275,57674
2201,57672
5311,57665
6940,57638
6857,57545
6222,57541
4715,57537
5926,57529
7101,57460
5215,57450
5445,57449
6656,57429
5110,57385
6084,57379
7255,57350
6457,57310
2020,57190
6186,57099
6500,57014
6763,56923
5888,56910
6331,56867
2155,56756
7061,56717
6336,56584
95302,56492
7320,56419
7387,56408
3878,56234
2162,56213
6514,56167
40348,56088
7878,56072
37593,56027
4990,56012
58592,55834
5362,55761
45079,55688
38444,55647
7080,55561
1949,55533
41185,55368
45525,55259
7459,55257
7568,55210
7010,55185
7288,55115
89631,55086
6992,55039
105869,54980
31249,54979
7697,54957
259714,54931
85106,54923
6797,54732
45812,54685
7117,54653
7687,54647
5866,54635
9747,54625
40420,54504
14013,54479
121933,54456
1778,54403
47467,54238
8943,54146
41305,54023
210293,53950
2010,53876
2027,53871
7900,53825
275259,53824
141032,53777
13509,53709
7680,53676
125642,53606
275529,53577
1964,53543
277372,53509
4984,53483
2042,53473
6837,53467
5962,53458
1920,53454
124838,53428
2019,53419
61139,53370
279104,53333
7302,53314
7216,53299
1937,53289
234373,53252
8226,53204
54508,53197
1910,53196
214402,53192
10168,53186
236666,53176
7366,53112
7471,53085
1729,53039
50918,53023
9800,53013
10030,53012
58925,52994
2034,52949
8881,52930
233459,52857
68833,52763
1642,52755
19676,52711
293346,52708
38862,52707
268956,52697
222530,52674
54796,52671
1821,52666
9398,52663
9203,52615
242644,52545
178495,52533
164893,52528
1759,52524
1835,52516
7236,52510
229355,52498
292403,52475
20960,52444
1938,52423
79414,52376
1706,52364
243647,52332
1867,52285
173399,52275
66307,52229
274561,52208
153662,52193
291526,52182
277336,52136
223096,52125
12137,52098
239809,52098
252485,52083
7633,52079
1733,52058
1686,52050
59485,52023
6867,51981
171397,51961
226788,51872
9918,51870
11474,51841
194294,51832
1557,51821
207434,51820
1803,51808
84205,51798
275109,51789
144287,51786
273963,51785
201866,51778
181383,51727
10053,51724
11614,51713
1907,51688
11840,51669
1372,51644
107766,51615
1621,51611
175463,51604
156583,51599
12577,51574
22289,51574
71103,51573
1496,51557
196178,51543
5139,51533
14455,51519
163011,51499
175991,51493
171811,51489
294338,51474
283135,51473
1471,51461
167179,51456
214330,51419
1609,51380
14932,51364
16059,51356
217057,51343
9534,51342
109690,51323
152405,51319
1467,51305
15330,51291
171543,51285
1551,51279
164342,51278
14358,51275
235435,51271
254337,51268
55316,51250
201635,51242
140763,51238
1448,51208
150603,51187
290990,51179
1439,51168
1363,51168
1357,51152
13129,51137
8249,51134
8389,51128
72536,51115
11380,51110
15356,51099
1316,51087
11950,51078
10241,51072
55796,51061
42635,51053
291569,51049
16938,51033
235132,51030
12515,51012
222960,51011
14334,51010
294534,51009
255236,50993
1368,50990
16478,50974
258527,50973
16671,50965
291429,50957
12260,50954
9801,50940
1387,50938
69999,50932
269402,50928
12292,50925
264843,50906
12291,50906
1284,50894
14987,50886
242422,50869
242199,50868
11165,50854
14616,50852
14333,50842
252248,50837
13811,50833
71559,50832
132409,50828
173791,50824
265165,50814
172008,50814
232691,50813
13095,50801
8565,50796
161369,50795
215603,50793
129252,50784
9277,50782
232056,50782
16196,50775
17342,50766
147543,50757
1330,50738
140820,50695
16225,50684
261784,50675
15456,50669
225447,50660
73521,50660
13833,50659
81278,50648
201241,50646
113466,50637
1311,50630
12812,50621
234488,50616
12473,50607
14179,50601
292484,50598
9538,50574
15952,50570
171425,50566
156947,50557
283982,50543
294224,50543
231219,50530
1313,50512
178141,50491
72573,50490
204747,50477
140289,50456
12154,50451
8952,50443
1359,50424
16942,50410
277652,50407
17298,50401
11900,50400
268489,50397
274244,50396
127229,50340
127722,50338
12659,50306
295267,50298
296252,50274
1238,50245
208848,50237
161665,50230
164767,50223
60315,50219
130003,50211
124245,50210
1312,50207
126661,50201
104599,50199
174836,50194
16723,50191
13206,50143
138477,50139
11813,50138
10895,50115
1167,50089
18218,50085
13559,50063
10604,50049
16149,50049
262346,50046
16048,50011
7132,50010
241351,49995
10518,49988
258749,49987
15933,49968
291184,49964
255722,49963
16605,49951
232420,49947
16567,49940
14171,49938
12694,49920
16021,49911
1233,49905
56963,49895
188123,49884
15737,49876
232139,49869
1275,49855
18098,49845
56037,49842
9985,49833
7564,49831
283760,49823
18699,49821
242108,49821
14688,49820
11199,49798
1343,49796
15916,49794
100603,49794
269061,49792
287010,49789
241122,49776
16782,49776
50103,49773
15156,49761
277675,49761
15255,49744
32715,49728
178283,49728
36642,49723
17750,49718
1136,49710
17680,49702
15525,49702
16886,49678
19405,49654
17486,49632
17168,49623
217935,49621
278582,49616
40769,49604
255765,49602
94211,49602
1098,49597
255737,49592
267063,49586
56289,49581
17819,49577
168518,49577
292228,49563
12994,49545
279707,49540
276207,49537
1162,49531
262294,49528
16091,49524
115471,49509
244952,49487
18341,49483
236845,49482
141620,49468
182156,49466
17897,49464
278392,49451
141857,49447
1046,49442
18479,49441
252119,49436
18178,49435
30625,49431
248985,49402
17133,49382
18385,49375
271758,49370
226660,49369
130958,49365
17106,49343
1138,49338
18003,49335
15938,49323
199491,49319
16039,49313
17264,49301
16989,49300
18161,49290
15929,49276
121580,49272
17994,49263
240916,49263
76604,49262
17761,49248
112693,49237
16189,49226
257858,49218
127272,49215
14430,49209
16815,49201
146544,49197
16051,49193
278504,49192
13956,49185
264846,49181
113573,49175
115316,49160
16442,49158
241599,49150
278631,49146
105098,49136
16229,49135
33215,49132
104522,49132
283784,49122
222154,49120
271741,49119
222169,49116
272466,49111
268395,49098
17223,49095
126673,49093
100921,49093
17245,49086
285782,49079
29916,49077
1021,49071
18159,49062
167826,49057
13917,49056
14460,49046
154092,49045
228795,49044
224947,49039
16200,49035
234674,49034
16016,49032
18469,49031
117172,49029
154625,49027
289328,49021
223566,49010
252311,48978
18920,48978
259648,48977
16076,48966
270719,48960
16550,48960
18112,48958
57844,48952
12907,48950
176278,48932
916,48926
128785,48909
147395,48904
45689,48902
15374,48902
127382,48899
271418,48896
966,48895
13835,48894
21883,48893
98834,48893
117268,48888
147781,48881
296507,48875
218806,48869
13594,48866
269653,48858
283674,48853
17015,48851
143158,48846
264715,48844
119970,48843
15760,48840
261085,48839
969,48836
14368,48833
198950,48826
235588,48821
210665,48815
15947,48814
15689,48802
16836,48802
14112,48801
199708,48800
109386,48799
45376,48798
243479,48796
190923,48790
282080,48788
156347,48780
134681,48773
12118,48760
15193,48760
200514,48757
244610,48755
268429,48753
1015,48744
241077,48742
266615,48738
16065,48735
130748,48734
16606,48732
242082,48728
140371,48720
15636,48718
291508,48713
146985,48712
16503,48710
259873,48704
17224,48704
291364,48693
17079,48689
143369,48685
50013,48680
226185,48678
187031,48663
18702,48657
279778,48656
235195,48655
260847,48654
110995,48653
16615,48653
18060,48644
14692,48639
16787,48639
17333,48638
18306,48632
166066,48629
17096,48618
63307,48617
143044,48617
206802,48615
135728,48614
264899,48613
224152,48610
16679,48606
113934,48602
286251,48601
17796,48599
220690,48597
142995,48595
114683,48591
247951,48590
17452,48587
81514,48586
16403,48586
18678,48579
203878,48576
216458,48575
228218,48572
127343,48571
218645,48568
271080,48559
15888,48554
95172,48553
220192,48550
146749,48549
191412,48548
234549,48547
228691,48541
17489,48530
17227,48530
142800,48521
87778,48518
256659,48515
235122,48507
103536,48503
16772,48503
20539,48500
18832,48499
241631,48498
17673,48495
135657,48490
220500,48490
233410,48487
175387,48485
238525,48485
17860,48483
235627,48482
102362,48480
104241,48479
9919,48478
287130,48478
213970,48476
18723,48476
220343,48473
146812,48470
291029,48470
259192,48452
275682,48446
139725,48443
233319,48443
14482,48442
290834,48439
262460,48439
160299,48439
221685,48431
197050,48431
14440,48430
221083,48425
211583,48423
235889,48420
210561,48411
269084,48409
263677,48398
267189,48394
16731,48392
290993,48379
236383,48379
160553,48377
293575,48368
226465,48367
242822,48366
203041,48366
12782,48365
224482,48360
146900,48360
14995,48357
20143,48355
68161,48354
79745,48353
58779,48351
247960,48350
229951,48348
122527,48333
232505,48333
289508,48326
107920,48323
68451,48322
55877,48316
16797,48313
262718,48309
141415,48302
94947,48300
14454,48296
222426,48294
163603,48291
17062,48287
222139,48287
233695,48285
252868,48283
19505,48282
291985,48281
268098,48281
11967,48280
233712,48278
181034,48275
246235,48273
236116,48273
272635,48271
252440,48270
20416,48268
242818,48268
244325,48267
22484,48267
39388,48265
27464,48264
17073,48264
16564,48263
10447,48263
239013,48262
37169,48262
259608,48262
204280,48262
21013,48261
124457,48261
66063,48258
262244,48257
275686,48256
76363,48254
265356,48251
14675,48249
189417,48247
191569,48246
270466,48245
13001,48245
166949,48242
189114,48240
286745,48239
277486,48235
17576,48234
187733,48230
270881,48228
82461,48228
228460,48226
19563,48226
225138,48222
30586,48218
17852,48217
220510,48217
267413,48215
261642,48213
26024,48212
295573,48211
281753,48211
273314,48210
295591,48209
146748,48207
14425,48205
177901,48204
25719,48204
249660,48202
249437,48201
16790,48199
34567,48197
211971,48196
274046,48196
167765,48194
272643,48194
269592,48190
144493,48189
197217,48189
224279,48188
9967,48188
204441,48187
22650,48186
145080,48183
16596,48183
288160,48182
43245,48179
145069,48177
19012,48173
202092,48172
130514,48171
47038,48171
186916,48166
99096,48164
293154,48164
113411,48161
294763,48161
169021,48160
19086,48159
20899,48156
222118,48155
186126,48155
251635,48154
152754,48153
196463,48153
259701,48144
224932,48143
242987,48140
113600,48138
211304,48138
257021,48138
272444,48138
193652,48137
241684,48134
260719,48133
193748,48132
147610,48132
185154,48131
132766,48128
200538,48126
280056,48124
219168,48124
244669,48119
265405,48112
20285,48112
274427,48105
274066,48104
264586,48104
206168,48103
22249,48096
215548,48095
259279,48092
100181,48092
276344,48090
213577,48084
230387,48084
64829,48083
157211,48082
22311,48081
290847,48081
188896,48080
126089,48078
258027,48077
267304,48075
264252,48073
68208,48072
260467,48072
89086,48069
117225,48069
251435,48068
180233,48068
217742,48064
265575,48063
245923,48060
288437,48057
170436,48056
243733,48054
244906,48053
23887,48048
240523,48046
15860,48045
124190,48045
21853,48044
148494,48044
243372,48044
136425,48044
244206,48041
284542,48037
20607,48032
246564,48030
996,48029
289518,48029
243718,48026
161522,48023
123972,48022
72094,48022
201658,48022
134376,48020
279751,48020
265202,48018
116578,48018
20378,48016
6044,48014
289609,48014
196962,48014
185528,48011
296200,48010
292209,48009
140234,48008
121243,48006
196958,48004
120715,47999
106699,47997
185185,47996
273187,47995
279224,47995
180909,47994
20962,47993
29976,47993
207032,47991
64924,47990
13410,47989
166038,47983
196399,47983
38784,47977
109812,47977
87386,47976
266436,47975
17747,47975
106582,47974
204020,47974
281957,47973
153944,47973
18217,47972
274624,47971
282158,47971
16029,47967
19410,47966
19239,47966
19064,47966
20324,47962
252149,47962
237748,47960
286393,47960
282210,47957
255594,47957
212178,47957
227435,47956
138533,47953
176538,47953
21876,47952
239349,47951
105908,47950
234334,47949
90358,47946
247677,47946
212485,47944
146869,47944
231445,47943
178628,47943
274923,47943
27218,47943
277648,47942
19197,47941
223159,47941
263670,47938
283533,47938
913,47937
295609,47935
139820,47935
273014,47934
275368,47933
142306,47931
167976,47931
114210,47931
197402,47930
285610,47929
176590,47928
261252,47928
276600,47927
218161,47926
176318,47926
140768,47925
939,47925
150667,47920
204092,47920
155600,47919
225926,47919
46999,47918
288331,47917
109335,47916
92959,47915
125407,47914
138269,47914
276116,47914
186187,47914
174862,47913
250811,47912
254809,47911
15534,47911
269168,47910
142225,47909
62937,47909
146805,47909
30085,47909
15747,47908
226481,47904
250375,47903
276951,47902
18339,47900
63340,47900
260632,47899
287618,47897
244625,47896
103918,47896
195952,47895
269961,47895
168680,47891
258893,47890
245497,47890
271803,47887
93792,47886
119797,47884
287960,47884
20950,47883
253136,47882
241040,47880
230859,47880
179445,47877
245617,47875
287332,47874
21835,47873
262498,47872
177846,47872
243387,47871
294038,47870
289747,47870
278387,47869
73872,47868
264523,47868
15088,47868
267302,47866
245485,47866
236477,47865
163984,47865
288701,47864
79048,47864
176724,47864
90233,47861
103566,47857
107881,47856
245253,47855
199760,47855
237287,47854
118901,47853
225792,47853
287202,47852
120567,47851
293753,47851
109813,47849
70209,47849
275726,47849
286202,47849
280582,47848
27899,47846
226927,47845
262237,47844
22822,47843
8040,47839
152881,47839
264603,47837
232146,47836
216232,47834
253390,47834
185684,47832
197393,47831
146921,47831
228518,47830
45896,47829
57068,47829
224052,47828
13824,47827
231800,47823
146715,47823
151433,47822
266025,47822
292354,47821
117004,47818
92059,47818
296300,47817
275621,47817
249237,47816
95332,47816
137151,47815
15870,47814
295788,47814
244077,47813
238871,47812
166931,47812
161738,47811
283856,47810
261580,47809
21774,47809
3866,47809
231945,47808
164218,47807
41451,47807
234326,47807
51320,47806
274892,47804
21091,47803
138335,47803
233326,47803
290290,47801
283835,47801
158670,47799
55211,47799
280674,47798
249275,47798
278023,47797
127606,47797
277420,47796
192167,47795
145028,47795
247851,47793
141792,47792
273616,47788
261760,47787
272655,47787
288193,47786
61888,47784
117200,47783
212615,47783
212232,47780
18464,47780
30080,47780
25206,47779
5611,47779
143652,47777
113773,47776
218789,47776
292697,47776
23047,47776
171684,47775
126705,47775
171253,47775
211694,47775
252372,47772
37047,47772
81535,47771
278532,47771
195164,47770
288930,47768
190702,47768
9943,47768
256282,47768
287019,47767
67337,47767
230761,47767
219553,47765
189902,47763
23067,47761
23321,47759
269480,47759
287875,47759
253792,47757
282425,47756
252738,47755
242133,47754
203570,47752
27338,47752
244809,47750
273494,47749
95697,47743
266044,47741
267244,47740
177237,47740
83703,47740
227303,47739
20254,47739
291715,47739
267152,47739
16275,47738
160006,47738
268220,47735
267741,47735
21485,47734
22883,47734
217830,47734
285866,47732
29041,47731
273244,47731
212546,47730
257429,47729
129758,47729
281913,47727
108472,47726
149935,47725
240794,47723
122415,47723
160982,47723
96065,47722
269306,47722
62952,47721
35127,47721
194337,47721
188287,47720
147406,47720
133609,47720
100024,47720
245072,47720
258970,47718
275934,47718
179093,47718
190682,47717
73702,47716
24984,47715
281148,47715
260192,47712
264129,47712
267539,47711
207922,47711
271040,47711
278472,47711
23152,47709
62663,47709
219656,47708
264783,47708
46158,47708
160170,47706
226951,47705
273424,47705
260727,47705
29191,47702
203981,47702
261515,47701
125062,47701
21260,47701
9933,47700
176517,47698
223110,47697
176156,47696
18704,47696
126865,47695
270135,47694
258418,47692
128936,47692
238761,47690
127248,47689
272325,47687
103452,47687
22620,47687
16202,47686
149425,47686
271283,47683
76940,47682
255645,47680
24246,47678
48377,47675
234793,47675
257851,47674
246179,47673
239190,47672
213107,47672
97034,47671
270342,47671
230130,47671
296483,47670
19208,47670
20658,47669
185183,47669
132299,47669
18436,47669
258513,47667
209875,47667
102880,47667
167582,47666
183222,47665
195106,47665
30097,47664
182385,47664
267905,47663
253795,47663
249707,47663
176321,47662
268374,47661
203330,47661
233101,47660
224809,47660
193704,47659
293784,47658
1904,47654
283844,47654
202806,47653
134508,47652
193014,47651
285410,47650
21362,47649
16303,47648
246899,47648
251407,47647
173908,47647
19283,47647
270161,47646
254965,47645
290330,47643
188388,47641
171601,47640
112074,47640
149714,47640
250025,47639
271278,47638
247873,47637
130562,47635
278711,47634
1099,47633
227059,47633
187085,47633
170048,47633
212227,47632
101984,47632
285864,47631
292584,47629
256707,47629
294989,47627
210130,47626
235933,47623
102118,47623
163519,47623
283003,47621
259358,47620
20536,47620
277278,47619
290355,47619
115541,47618
20834,47617
34358,47616
101596,47615
134928,47612
16982,47611
214665,47611
293430,47610
224893,47609
125541,47608
119567,47607
280079,47607
53958,47606
20932,47606
9456,47605
246885,47604
129688,47604
20634,47604
25352,47604
199779,47603
134993,47603
171109,47603
179717,47601
47428,47600
227123,47600
201677,47599
25744,47598
265343,47597
68293,47597
934,47597
232161,47596
100395,47593
212769,47592
244758,47592
84041,47590
124301,47589
248652,47589
231799,47589
282416,47588
219021,47588
151346,47587
48947,47586
127146,47586
204709,47586
219903,47586
160671,47586
206088,47585
239900,47585
128449,47585
291336,47584
179217,47584
178214,47583
18701,47582
269148,47582
20882,47582
257661,47581
149313,47581
98863,47580
50781,47579
219065,47577
100212,47575
147387,47574
17779,47573
271128,47573
226402,47571
287294,47571
295924,47571
251373,47570
209379,47569
205781,47568
238891,47567
116655,47566
194094,47565
249425,47564
293570,47564
232324,47563
148061,47563
295847,47560
185138,47560
243924,47559
259864,47556
158076,47554
106016,47554
156011,47553
253325,47553
202459,47549
962,47549
258411,47548
23885,47546
171885,47546
244183,47545
18491,47545
254676,47544
295675,47543
233457,47541
141589,47541
145037,47540
222579,47539
108127,47539
141985,47539
20431,47538
243035,47538
282373,47537
248183,47536
225022,47535
27319,47534
227045,47534
142185,47533
277900,47533
129336,47531
33758,47528
283601,47528
136107,47527
287135,47526
228043,47526
17256,47526
110515,47525
277639,47524
221488,47522
244732,47521
263742,47519
20310,47519
294988,47518
280494,47518
261695,47517
130067,47517
293292,47516
254004,47515
201790,47515
285356,47515
252408,47514
201094,47513
208451,47511
57877,47511
271406,47510
257572,47509
45598,47508
140850,47506
290062,47506
211965,47505
103268,47504
185835,47503
251016,47503
184632,47502
165886,47501
268488,47501
59193,47499
177092,47498
273576,47497
93470,47496
161242,47495
286029,47494
284348,47492
150382,47492
272823,47491
255309,47489
291818,47486
16236,47486
206356,47486
252708,47486
120510,47484
129398,47482
198575,47481
284074,47480
272917,47480
161121,47479
174961,47478
285308,47478
267615,47477
28534,47477
157233,47476
224578,47475
150326,47475
227527,47475
172733,47474
295647,47474
171837,47474
257446,47473
263521,47473
173949,47473
54970,47472
230973,47471
23645,47471
276597,47470
21926,47470
21394,47470
233981,47470
241246,47470
154613,47468
133303,47467
190414,47466
287378,47466
223067,47465
147206,47465
262280,47465
215954,47464
181156,47464
211705,47464
227140,47464
292984,47462
61948,47461
223994,47460
251127,47460
33912,47460
117575,47460
252730,47459
288166,47459
242575,47457
288329,47457
140610,47456
114552,47456
282414,47455
272092,47454
193244,47454
145712,47453
104676,47453
227487,47453
77964,47452
264945,47452
149079,47452
208040,47451
231896,47451
265569,47450
107805,47450
240975,47450
232662,47450
296360,47450
144515,47448
232490,47448
112936,47447
214939,47447
180775,47445
48084,47443
254065,47443
155593,47443
77920,47441
241436,47441
261162,47440
101393,47440
285521,47440
189927,47439
188846,47439
70198,47439
27545,47437
245090,47437
5556,47435
105269,47435
218946,47435
276188,47434
79823,47433
273953,47433
211029,47432
17635,47430
219196,47429
200139,47429
205205,47428
293335,47428
286301,47427
271091,47426
174612,47426
275050,47425
37725,47421
28750,47420
133209,47420
258008,47420
265948,47418
113140,47417
221215,47416
259540,47416
163941,47415
269586,47414
269649,47414
262704,47413
48716,47411
235202,47411
238764,47411
220328,47411
150593,47411
259547,47409
68282,47408
214575,47408
201116,47407
240958,47406
117982,47406
174095,47406
104120,47405
213946,47405
131534,47404
169292,47403
280315,47403
24471,47403
269174,47402
252126,47402
19558,47400
108329,47400
205093,47400
141680,47399
256691,47398
41510,47398
193593,47398
155026,47397
254593,47396
195695,47396
71813,47395
261552,47395
248299,47395
147361,47394
234730,47394
41913,47392
280087,47391
247519,47391
105256,47391
70795,47390
280345,47390
274850,47390
45704,47389
257382,47387
221629,47387
227854,47387
290448,47387
162807,47386
25000,47385
220430,47384
235303,47383
274409,47382
289436,47382
278550,47381
114983,47379
286730,47379
260513,47378
210730,47378
195697,47377
161312,47376
244174,47376
195972,47374
225691,47373
18344,47371
189307,47371
54376,47371
288060,47371
226150,47369
244145,47367
200729,47366
18975,47365
290681,47365
140120,47364
210465,47364
150788,47364
78859,47363
154971,47363
209095,47362
269190,47361
267708,47361
263975,47360
129486,47360
233447,47360
250736,47359
51772,47359
229276,47358
210584,47358
242631,47357
233869,47357
173318,47356
177932,47355
276010,47355
104556,47355
271562,47355
120825,47355
94449,47354
232974,47354
203359,47352
260181,47351
122853,47351
211879,47350
282604,47349
207098,47348
174629,47348
81145,47348
294815,47348
123308,47347
242014,47346
221665,47346
239066,47346
129736,47346
128103,47346
34870,47345
193316,47344
25494,47342
12555,47342
238656,47342
235463,47340
272671,47340
14006,47340
256790,47339
276047,47339
270500,47339
40704,47337
269516,47336
197706,47336
280542,47336
54518,47336
89394,47334
269117,47334
201949,47333
270680,47332
196000,47331
158225,47331
115588,47329
239722,47328
87907,47327
282947,47327
112745,47327
285210,47327
273984,47327
183414,47326
110882,47324
255813,47323
25802,47323
81390,47322
288959,47322
114757,47321
83233,47320
213895,47317
157203,47317
292947,47316
278559,47315
228201,47315
106414,47314
245269,47312
221496,47312
71993,47311
202946,47310
202054,47310
293691,47309
284703,47309
112055,47309
38513,47308
152586,47308
283818,47307
276479,47307
177722,47306
221461,47306
241665,47306
197428,47305
73394,47304
81587,47303
165679,47303
87714,47301
209954,47301
149579,47300
267060,47300
227484,47300
233835,47300
294917,47300
146045,47299
26905,47297
170524,47297
263708,47297
161834,47297
294962,47296
293516,47296
85750,47295
39776,47295
222041,47295
285237,47295
286264,47294
215985,47294
244935,47294
185456,47294
174646,47294
76725,47292
190775,47291
10965,47291
33127,47290
72293,47289
143260,47289
56111,47289
157351,47289
255344,47289
100879,47288
260105,47288
256737,47288
260469,47287
248186,47287
231603,47286
16614,47286
288213,47285
134037,47285
218022,47285
248064,47285
265926,47284
33225,47284
137374,47284
177212,47283
280695,47283
185113,47283
130407,47282
289956,47282
267172,47282
141601,47281
285032,47281
115569,47279
291827,47279
287028,47278
273696,47277
170281,47277
19766,47277
259286,47276
290718,47275
249709,47275
22503,47275
269855,47274
252687,47273
271524,47273
245775,47272
258814,47272
183070,47272
89675,47270
270963,47268
119184,47268
185581,47267
270458,47267
33136,47267
59708,47267
104087,47267
182390,47266
83247,47264
101820,47263
85325,47263
135871,47261
112189,47261
227215,47260
260382,47260
123430,47259
31967,47259
196946,47258
245686,47257
1001,47257
256458,47256
266579,47255
144454,47255
257226,47255
267476,47255
134186,47254
194327,47254
173469,47254
169428,47252
201614,47252
127868,47252
239589,47252
267797,47252
190750,47251
287062,47251
272680,47249
188094,47249
69229,47248
284980,47248
126680,47248
85548,47248
92176,47247
275214,47247
258118,47247
28979,47246
55136,47245
265172,47245
67120,47245
217054,47243
229959,47242
224386,47242
130722,47242
253543,47241
214009,47241
72320,47241
132831,47240
220735,47240
66960,47240
212800,47239
89938,47239
108621,47239
234806,47239
38782,47238
78011,47238
136557,47237
205311,47236
37472,47236
131812,47236
251381,47235
65370,47234
4394,47234
271336,47234
267581,47233
204055,47232
268000,47230
243685,47230
105656,47227
207214,47227
205803,47227
95474,47227
237461,47226
45906,47225
290728,47225
12835,47225
290695,47224
959,47224
49471,47223
177390,47222
131884,47222
253192,47222
261324,47221
148485,47221
162923,47220
136200,47220
222877,47220
20791,47219
289814,47219
266586,47218
59101,47218
216256,47218
244990,47217
217394,47217
260907,47217
121099,47216
129068,47216
125450,47216
44439,47215
220023,47214
79649,47213
134837,47213
284879,47212
77695,47212
181314,47212
140816,47211
177104,47211
125127,47211
195295,47211
267203,47210
40282,47210
125978,47209
205946,47209
183981,47208
36921,47208
162872,47208
244238,47208
201438,47207
213162,47207
294944,47207
265204,47207
211788,47206
24542,47206
119846,47206
220546,47205
60643,47203
267480,47203
199145,47203
252214,47202
220418,47202
215627,47202
181923,47202
280996,47201
153007,47201
148590,47201
286465,47201
28422,47200
91649,47200
197870,47199
132697,47199
216952,47199
18319,47199
40427,47199
145927,47199
178237,47198
242378,47198
153789,47198
22587,47197
266778,47197
15477,47196
244595,47194
118350,47193
171058,47193
243161,47192
204339,47190
274104,47189
228957,47189
270905,47188
189092,47188
166504,47187
294609,47187
26292,47187
276799,47187
75368,47187
252384,47186
126027,47186
239095,47185
174286,47184
211912,47184
28087,47183
245551,47183
239651,47183
272691,47183
271789,47183
206515,47182
249063,47182
143177,47182
200382,47181
255449,47181
242934,47181
100639,47181
212182,47181
30579,47180
53390,47180
87560,47180
272388,47179
247542,47177
182852,47177
137198,47176
220759,47176
181604,47175
191114,47175
195678,47175
210813,47174
226129,47174
66275,47174
208886,47174
211381,47174
176031,47173
288421,47173
290320,47172
8561,47170
222099,47170
48105,47170
202871,47170
165591,47170
27919,47169
257387,47168
208282,47168
95869,47167
255183,47167
55263,47166
169578,47166
16975,47165
273605,47164
231068,47164
95682,47162
199140,47162
272738,47162
170140,47161
248895,47161
261380,47160
213878,47160
273880,47158
239350,47158
266428,47157
274253,47157
260353,47156
272312,47155
234379,47155
293706,47153
225194,47153
81293,47152
293244,47152
281792,47152
25166,47152
170518,47151
180872,47151
217576,47148
231710,47147
213005,47147
271618,47147
294130,47147
177494,47147
264298,47146
211698,47144
163362,47143
292691,47142
244413,47142
110978,47141
295337,47141
277324,47141
295805,47141
151680,47140
56454,47140
194940,47140
243897,47139
175595,47138
202903,47137
67117,47136
564,47136
174890,47135
213779,47135
113823,47134
4861,47134
294966,47133
277994,47132
293491,47131
251983,47131
256305,47130
92382,47129
117263,47128
226378,47127
176028,47127
120628,47127
126712,47127
108761,47126
229809,47126
19569,47126
137216,47125
23958,47125
251851,47124
115769,47124
172158,47124
67272,47123
234648,47123
102580,47122
70020,47122
292194,47119
142009,47118
139556,47118
74873,47117
252346,47117
234136,47116
231208,47116
16727,47115
196048,47113
176827,47113
243207,47113
176306,47112
126772,47112
13528,47111
273614,47111
116625,47110
244948,47110
69057,47109
255032,47109
207023,47109
214332,47109
240677,47108
199289,47108
213966,47108
284162,47108
195113,47107
138640,47107
197560,47107
96576,47105
28418,47105
166513,47105
36680,47104
227706,47104
155913,47104
292877,47104
283808,47103
36249,47103
237457,47102
293075,47101
202795,47101
286502,47101
116246,47100
262305,47100
177575,47100
261207,47100
93670,47099
241157,47099
267368,47099
159267,47098
104929,47098
262302,47098
150552,47097
182574,47097
293716,47097
198807,47096
251051,47096
200224,47096
215493,47095
164081,47095
116456,47095
241429,47095
184692,47095
209180,47094
278973,47094
208984,47094
11241,47093
77226,47093
288755,47093
94730,47093
193548,47092
198567,47092
232092,47091
254618,47091
176722,47090
287088,47090
156337,47090
285103,47089
112026,47089
126217,47089
175997,47089
216402,47088
29095,47087
170882,47087
183383,47087
58132,47087
270461,47086
216896,47086
133536,47086
195638,47085
200986,47085
238003,47083
170463,47083
254430,47083
236525,47082
245335,47082
204527,47081
87300,47081
207600,47081
264149,47080
160934,47077
213200,47076
206637,47076
34547,47076
106168,47074
232523,47074
163429,47073
262606,47073
149466,47072
293165,47072
209861,47071
79821,47071
200665,47070
34921,47070
40549,47070
234430,47070
174710,47070
30914,47069
93118,47069
175008,47069
201674,47068
13680,47068
119429,47068
3287,47068
187537,47067
16650,47067
30205,47067
133956,47066
101712,47066
215540,47066
203770,47066
184651,47066
205131,47066
130597,47065
245721,47065
221302,47065
227368,47064
108648,47064
275066,47063
193639,47063
229111,47063
25619,47063
44961,47061
213084,47061
174585,47060
199213,47059
278861,47059
34131,47059
291935,47059
63641,47058
254630,47058
136250,47058
289652,47057
35191,47056
209347,47056
210800,47055
223885,47054
166020,47053
173442,47053
221790,47053
224589,47053
56227,47052
16927,47052
59546,47052
219264,47052
246261,47051
284170,47051
44114,47050
199580,47049
238016,47049
272297,47048
294217,47048
43819,47048
246771,47046
68247,47046
273632,47046
235260,47045
203406,47043
53380,47043
33559,47043
258682,47042
250805,47040
2219,47040
9174,47039
68589,47039
26290,47038
68748,47038
267550,47038
94861,47038
199879,47037
209407,47037
256453,47037
140912,47037
111671,47037
6866,47037
121828,47036
286233,47035
195263,47035
224601,47035
279052,47034
235680,47034
214555,47033
126074,47033
64682,47033
193689,47033
104440,47032
275285,47032
230782,47031
284831,47031
231124,47030
166802,47030
72634,47030
24171,47029
210196,47028
129177,47028
260817,47027
74378,47027
18459,47026
294553,47026
222907,47026
198770,47024
209854,47024
257289,47023
295423,47022
224980,47022
126517,47022
256808,47022
244989,47022
47086,47021
187444,47021
192937,47021
31927,47021
267564,47020
240525,47020
235538,47019
93529,47019
117605,47019
290750,47019
221315,47018
226621,47018
223001,47018
59411,47018
88611,47018
81286,47018
19486,47017
129709,47017
109341,47017
51098,47016
131703,47016
32811,47013
180032,47012
201519,47012
278165,47012
145777,47011
178226,47011
211878,47010
97402,47010
80348,47010
265552,47009
290214,47009
232772,47008
286056,47008
250610,47006
183560,47006
291545,47006
209549,47005
76786,47005
249336,47005
276245,47005
216507,47004
253235,47004
223585,47004
285447,47003
129641,47003
275830,47003
193533,47001
193481,47001
146115,47001
246745,46999
195151,46999
44632,46999
116978,46998
114362,46998
248312,46997
195887,46997
149101,46997
66502,46997
77981,46997
295584,46996
295109,46996
259090,46995
257863,46994
193967,46993
263945,46993
216399,46992
283152,46992
236577,46991
272501,46991
22197,46990
144380,46990
259560,46990
92600,46990
261442,46989
235846,46989
247801,46989
179218,46989
209059,46989
254969,46989
33036,46988
228815,46988
82955,46988
260811,46987
254575,46987
258861,46986
254864,46986
42001,46985
282681,46985
111704,46984
201611,46984
175832,46984
129126,46983
208440,46983
194177,46983
192206,46983
157851,46983
81002,46982
95072,46982
227688,46981
27878,46981
144704,46980
289760,46979
241912,46979
189266,46979
266821,46979
40765,46978
208431,46978
129113,46977
66105,46976
209182,46976
158701,46976
282749,46975
225785,46975
279246,46975
150828,46974
232605,46974
182173,46974
179495,46973
193411,46973
110019,46972
145758,46972
212806,46972
155466,46972
64680,46972
237328,46972
260885,46971
259446,46971
180899,46971
140605,46971
295873,46971
137734,46970
272248,46970
99985,46970
290256,46970
245631,46970
242308,46969
226476,46968
68429,46968
211098,46968
284693,46968
78243,46967
222338,46967
265359,46966
18988,46964
85324,46963
11490,46963
243638,46963
201665,46962
162948,46962
133012,46962
113248,46962
254127,46961
148068,46961
70263,46961
101881,46961
109681,46960
239399,46960
286112,46960
10114,46960
62045,46959
2593,46959
164869,46958
263552,46957
222580,46957
215884,46957
86291,46957
236493,46956
196571,46956
288007,46956
214025,46956
220894,46956
102855,46955
273422,46955
168194,46954
29765,46954
28877,46954
57741,46953
55460,46953
243604,46953
141341,46952
236562,46952
248059,46951
293560,46950
273275,46950
245473,46950
295952,46950
245235,46949
34240,46948
234946,46948
290252,46948
245097,46948
290337,46947
165937,46947
157739,46947
289930,46946
80974,46946
38453,46946
150218,46946
26575,46945
285200,46945
187777,46945
33618,46943
47101,46943
159290,46943
105449,46943
240695,46942
191136,46942
238687,46940
277653,46940
199804,46940
273138,46939
292167,46939
10087,46939
52236,46939
232896,46939
228537,46939
34441,46938
224142,46938
159724,46938
137404,46937
168828,46937
294469,46937
92236,46936
281803,46936
261155,46936
225332,46936
111986,46936
226987,46936
224592,46935
106161,46935
43507,46935
264990,46935
54674,46935
144896,46935
266388,46934
94130,46934
35116,46934
256465,46933
279889,46933
148716,46933
232539,46932
36550,46931
92291,46931
283280,46931
130305,46930
223726,46930
75384,46930
250958,46930
79763,46930
43739,46929
231366,46929
281052,46929
277305,46929
133882,46928
9340,46928
250922,46928
39300,46927
134574,46927
271788,46927
187334,46926
128576,46926
136676,46925
223844,46924
84789,46923
274234,46923
270616,46922
195476,46922
30007,46921
225415,46921
294442,46921
57194,46920
223160,46920
273009,46919
211887,46919
159654,46919
132169,46919
198980,46919
8727,46919
15214,46918
169321,46918
229449,46918
217157,46918
289430,46918
203183,46916
146485,46916
202470,46916
279378,46916
239028,46916
167558,46916
179482,46915
72010,46915
97301,46914
75137,46914
37358,46914
123840,46914
184697,46913
132336,46913
228277,46913
115651,46912
198225,46912
266269,46912
102322,46912
239505,46912
215351,46911
259664,46911
53320,46910
206178,46910
201107,46910
172251,46909
133307,46909
19721,46909
148107,46908
155171,46908
273407,46908
160786,46907
295516,46907
253381,46906
179261,46906
249192,46906
228048,46906
117049,46905
292114,46905
293261,46905
157009,46904
144802,46904
272094,46903
206443,46903
243492,46902
222219,46902
79966,46902
37644,46902
106492,46902
219682,46902
291099,46901
87397,46901
168714,46901
149201,46901
294209,46900
118995,46900
241399,46900
193465,46900
101391,46900
291773,46899
117398,46899
249205,46899
208202,46899
187358,46898
266549,46898
29251,46897
290115,46897
270900,46896
83189,46896
272672,46896
244645,46895
272997,46895
218631,46895
237001,46895
273602,46894
224941,46893
277381,46893
247386,46893
232734,46893
190186,46893
202522,46892
230407,46892
123083,46892
129800,46892
175860,46892
74893,46891
278367,46891
124896,46891
249621,46890
22174,46890
210269,46890
262768,46890
38093,46890
251952,46890
208347,46889
277519,46889
293381,46888
280687,46888
251939,46888
236839,46887
246727,46887
101262,46886
126527,46886
31821,46885
101722,46885
277389,46885
44736,46885
212931,46885
292535,46884
216954,46884
44707,46883
146754,46883
255562,46883
35384,46882
272686,46882
288241,46882
283763,46881
240445,46880
107734,46880
236394,46879
261119,46879
39341,46879
212889,46878
75469,46878
283845,46878
281971,46878
104563,46877
211546,46877
258343,46877
222938,46877
249528,46876
266278,46876
221417,46875
94327,46875
245398,46875
61351,46875
134447,46874
70539,46874
217008,46873
256986,46873
173638,46872
58090,46872
57994,46872
160624,46871
40949,46871
113918,46871
247155,46870
171394,46870
190540,46869
231730,46869
125108,46868
222920,46868
264796,46868
157327,46868
138812,46868
189817,46867
240597,46866
242287,46866
80292,46866
231040,46866
236204,46866
197436,46866
91136,46865
288173,46865
160459,46865
203031,46864
176988,46864
111938,46864
48039,46863
113007,46863
252858,46863
226612,46863
129549,46862
64577,46862
293727,46862
268302,46862
191563,46861
194026,46861
189610,46860
253540,46859
215614,46858
73749,46858
32030,46858
270339,46857
98170,46857
219797,46857
108813,46857
68799,46857
121585,46856
274821,46855
92601,46855
236548,46855
252077,46855
93695,46855
70648,46855
252095,46854
135014,46854
235162,46854
164810,46854
60281,46854
69288,46853
248940,46853
141420,46852
163851,46852
289383,46852
276215,46851
263287,46851
243203,46851
140966,46851
293708,46851
121378,46851
230321,46850
197317,46850
118739,46850
196298,46849
252429,46849
275311,46849
40971,46849
274937,46849
153671,46849
269936,46848
39219,46848
290336,46848
249424,46848
63496,46847
177649,46847
92066,46847
130207,46847
127488,46846
223373,46846
214900,46845
104624,46845
147780,46845
272517,46845
263308,46844
92857,46844
215980,46844
171206,46844
11207,46844
41954,46844
247277,46843
203412,46842
142974,46842
238777,46841
22943,46841
250575,46840
215651,46840
249064,46839
295672,46839
15668,46839
129650,46838
136934,46838
286931,46838
119765,46838
92837,46837
284109,46837
59006,46837
141579,46837
286928,46837
135936,46836
257670,46836
243475,46836
120226,46836
263062,46836
36205,46835
164890,46835
242963,46834
179696,46834
268476,46834
279981,46834
105811,46833
179638,46833
145496,46833
236170,46833
278565,46833
29806,46832
211277,46832
209365,46832
112507,46831
141315,46831
280632,46830
285775,46830
138488,46829
80971,46829
293695,46829
284468,46829
292424,46828
224644,46828
74220,46828
113379,46827
253116,46827
120539,46827
90846,46827
51570,46827
198792,46827
166575,46826
247038,46826
139533,46825
134539,46825
234875,46825
263349,46824
152698,46824
269960,46824
187950,46823
87882,46822
112250,46822
19111,46822
272191,46821
119303,46821
292990,46820
186523,46820
36709,46820
73396,46820
88416,46819
96145,46818
105605,46818
153208,46818
187609,46818
231064,46817
229860,46817
251707,46817
40233,46816
267114,46816
267463,46815
284015,46815
213923,46815
234427,46815
123481,46815
150220,46815
291400,46815
16158,46814
165790,46814
26210,46813
72328,46813
18492,46813
270412,46813
215897,46812
259914,46812
192789,46812
259176,46812
175710,46812
19468,46812
248563,46812
39209,46811
9560,46811
294679,46811
278927,46811
227607,46810
201048,46810
244708,46809
20933,46809
59072,46808
268973,46807
23373,46807
97612,46807
246283,46807
137096,46807
188233,46807
137627,46806
44801,46806
286380,46806
212733,46805
275148,46805
278900,46805
235545,46804
38131,46804
68368,46804
233316,46804
282410,46804
7537,46803
227715,46802
180245,46802
288571,46802
259706,46801
169753,46800
177267,46800
33346,46800
149431,46800
238017,46800
156781,46800
279074,46799
291157,46799
110446,46799
217343,46799
215687,46798
193616,46798
141486,46798
139377,46797
155448,46797
183632,46797
294708,46796
95264,46796
125414,46796
255214,46795
271659,46795
287192,46795
101715,46794
290545,46794
27645,46794
102123,46793
28799,46793
62451,46793
96206,46793
114676,46793
135175,46793
158881,46792
184990,46792
224012,46792
247617,46792
131725,46791
188089,46791
287363,46791
147072,46790
12381,46790
288968,46789
151712,46789
145036,46789
26140,46789
234446,46789
255282,46789
244772,46789
36994,46789
209639,46789
101224,46788
265462,46788
69294,46788
253471,46788
209473,46788
172269,46787
221028,46787
180414,46786
245908,46786
28172,46786
96394,46785
116066,46785
164461,46784
139331,46784
223718,46783
294306,46783
29271,46783
72809,46782
250664,46782
97827,46782
75927,46782
57390,46781
262422,46781
246622,46781
24129,46781
271843,46780
281835,46780
235979,46780
221110,46780
62867,46780
138289,46780
225623,46780
281310,46779
294952,46779
243309,46779
27660,46778
228012,46778
218652,46776
127055,46776
25563,46776
170161,46776
162324,46776
192880,46776
11057,46776
16237,46775
258845,46775
28882,46775
208729,46774
76550,46774
37260,46774
129710,46774
279452,46774
73371,46774
158237,46773
175747,46773
35685,46773
15175,46772
122291,46772
260370,46772
252421,46772
285698,46772
177567,46771
277513,46771
221590,46771
135023,46771
267770,46770
55633,46770
145922,46770
193804,46769
247752,46768
241647,46768
260364,46768
12966,46768
113907,46768
257329,46767
259000,46767
209273,46767
113497,46766
102696,46766
61705,46766
67410,46765
192254,46765
218277,46765
49157,46765
40578,46765
204394,46764
92187,46764
116735,46764
212189,46764
95522,46764
142332,46764
226085,46764
76395,46763
254046,46763
175460,46762
271200,46762
184686,46762
290047,46762
225105,46761
218281,46761
29322,46761
280964,46761
129405,46760
26830,46760
91157,46759
103636,46759
142728,46759
204242,46759
269023,46759
109637,46758
270393,46758
284369,46758
263651,46758
109615,46758
259822,46757
110917,46757
264238,46757
144664,46757
140969,46757
21566,46756
45780,46756
292526,46756
263024,46755
87833,46755
240402,46755
214341,46755
41825,46755
191824,46755
254323,46754
13185,46754
286805,46754
236706,46754
264058,46754
252658,46754
74688,46754
257767,46754
67660,46753
113,46753
148946,46753
65454,46753
84074,46752
277863,46752
34417,46751
130684,46751
144883,46751
107846,46751
114836,46750
186180,46750
121938,46750
67565,46750
246884,46750
264706,46750
120519,46749
92597,46749
181962,46748
162498,46748
197380,46748
280409,46747
131882,46747
26114,46746
205217,46746
148660,46746
52015,46746
289046,46746
270811,46745
105153,46745
235663,46745
65258,46744
250175,46744
230760,46744
38363,46744
246946,46743
245430,46743
268799,46743
158310,46742
206414,46742
72562,46741
197377,46741
159084,46741
97614,46740
194028,46740
34886,46740
37972,46740
125304,46739
247622,46739
284789,46739
194068,46739
255913,46738
159467,46738
244616,46738
102808,46738
165892,46738
253702,46738
158116,46738
86294,46737
75225,46737
164355,46737
267156,46737
190025,46737
145857,46737
132605,46737
159356,46737
263201,46736
285261,46736
186956,46736
170578,46736
36945,46736
198739,46735
174642,46735
247963,46735
106043,46735
8804,46734
18257,46734
276501,46734
169746,46734
6559,46734
135261,46733
245653,46733
254523,46732
106778,46732
162009,46732
28155,46732
77554,46732
252646,46732
116541,46732
174940,46731
183762,46731
125944,46729
245113,46729
186001,46728
229238,46728
230907,46727
282250,46727
289321,46726
59071,46725
280383,46725
231406,46725
135022,46725
26836,46725
11500,46725
49041,46725
107981,46724
249894,46724
134935,46724
29834,46723
54374,46723
244440,46723
232446,46723
285058,46723
293449,46723
261885,46722
163130,46722
141871,46722
241716,46721
232057,46721
266717,46721
46750,46720
266830,46720
65291,46720
267802,46720
287905,46720
213187,46720
278394,46719
193044,46719
30754,46718
3390,46718
248949,46717
207107,46717
243276,46716
220449,46716
25047,46716
69081,46716
286421,46716
224647,46716
168702,46715
261479,46715
283121,46715
89483,46714
97123,46714
282348,46714
155948,46714
29672,46714
161626,46714
60142,46713
13905,46712
201214,46712
181146,46712
195799,46712
90057,46712
259944,46712
233207,46712
188748,46711
227763,46711
100287,46711
69160,46711
50671,46710
296418,46710
189253,46710
265370,46709
46913,46709
184032,46709
233328,46709
165710,46708
77483,46708
250864,46708
277149,46707
245673,46707
60895,46707
265452,46707
227834,46707
208800,46706
101064,46705
228018,46705
193459,46705
80451,46705
179152,46705
154255,46705
164731,46705
264246,46704
36491,46704
296593,46704
132503,46704
20221,46704
269894,46703
199547,46703
185900,46703
229835,46703
293521,46703
86032,46703
231723,46702
152666,46702
192535,46701
132940,46701
249339,46701
236683,46701
197852,46701
255056,46701
140934,46701
286459,46699
276543,46699
251459,46699
81910,46699
262674,46699
255872,46699
71240,46699
274649,46699
64153,46698
165441,46698
195208,46698
95832,46696
280966,46696
83905,46696
167368,46696
23827,46695
195752,46695
211159,46695
61523,46695
104044,46695
30023,46695
109908,46695
122582,46695
73152,46695
251840,46695
143657,46694
173620,46694
242641,46693
135392,46693
272498,46693
294234,46692
167259,46691
151429,46691
221990,46691
38835,46691
173835,46690
286148,46689
285932,46689
279034,46688
222653,46688
162200,46688
289788,46687
37404,46687
225185,46687
172810,46686
248363,46686
236159,46686
201634,46686
12550,46686
250351,46686
197454,46686
289481,46686
261751,46685
37461,46685
186776,46685
285885,46685
109965,46685
239067,46685
257239,46685
176107,46685
218933,46685
17248,46685
210997,46684
272744,46684
228593,46683
130534,46683
9101,46683
36123,46682
249640,46682
222250,46682
174329,46682
241084,46682
84492,46682
229828,46682
206489,46681
274435,46680
242624,46680
54799,46680
95602,46680
270834,46680
256035,46680
179586,46679
241606,46679
255837,46679
184464,46678
209733,46678
101638,46677
296014,46677
90037,46677
159408,46677
146359,46676
170951,46676
125308,46676
33277,46676
204499,46676
15985,46676
89455,46676
67917,46676
275809,46675
245381,46675
123781,46675
83243,46675
35403,46675
106440,46674
151416,46674
165454,46674
903,46674
235623,46674
216284,46674
101793,46674
284697,46674
266744,46674
261435,46673
190338,46673
53510,46673
288662,46672
266455,46672
240279,46671
162412,46671
119021,46671
260968,46671
239011,46670
275936,46670
221385,46669
110494,46669
289550,46669
46302,46669
164036,46669
266560,46668
164861,46668
200158,46668
274912,46667
248945,46667
35897,46666
246931,46666
128058,46666
56373,46666
228664,46666
113121,46665
197012,46665
131661,46664
103774,46664
242782,46664
195637,46663
46925,46663
205415,46663
65513,46663
114250,46663
202257,46663
103128,46662
121041,46662
231489,46661
54444,46661
64556,46661
103216,46661
191134,46660
77557,46660
277100,46660
164302,46660
275449,46660
90145,46659
225906,46659
88941,46659
182278,46658
281513,46658
131859,46658
8147,46658
296614,46658
227832,46658
260380,46657
207531,46657
218304,46657
268269,46657
246838,46657
246853,46656
32047,46656
91124,46656
272954,46656
197281,46656
22610,46655
282041,46655
168599,46655
294968,46655
92124,46655
197431,46655
154064,46655
243231,46655
286671,46654
230035,46654
227084,46654
182133,46654
75164,46654
33692,46653
177795,46653
286328,46653
296281,46653
99396,46652
239821,46652
296540,46652
289501,46651
185355,46651
37490,46651
291627,46651
80756,46650
185645,46650
61359,46649
58594,46649
235085,46649
53483,46649
18790,46649
199936,46648
165941,46648
240547,46648
265020,46648
85559,46648
250356,46647
62620,46647
118424,46647
238951,46646
265794,46646
195357,46646
106273,46645
168860,46645
173272,46645
209398,46645
274983,46645
74921,46644
75574,46644
291605,46644
126410,46644
171479,46643
288148,46643
156715,46643
73192,46642
150438,46642
109860,46642
204793,46641
262982,46641
231715,46640
129042,46640
37533,46640
21528,46639
151444,46639
234186,46639
196467,46639
130946,46638
247034,46638
65786,46638
215358,46638
293312,46638
24344,46638
95074,46637
168481,46637
104642,46637
7588,46637
180989,46637
212601,46637
272026,46637
102093,46637
276276,46636
164138,46636
160961,46636
99178,46636
207234,46635
111981,46635
204743,46635
147378,46635
59128,46635
110386,46635
280282,46635
157115,46635
191036,46634
47938,46634
296213,46634
228749,46634
260227,46634
105016,46634
1410,46634
152072,46634
284546,46633
84055,46633
2651,46633
136182,46633
9838,46632
198944,46632
28056,46632
77762,46631
277897,46631
38409,46631
35894,46631
89562,46631
143058,46630
241291,46630
110413,46630
66302,46629
95783,46629
211302,46629
81686,46629
152465,46629
206031,46629
205143,46629
209239,46628
153763,46628
207944,46628
180130,46628
97864,46628
213157,46627
242656,46627
256618,46627
23165,46627
138489,46627
265834,46626
257736,46626
181697,46626
21165,46625
109438,46625
282091,46624
200560,46624
116169,46624
56902,46624
98054,46624
86649,46624
283542,46623
40766,46623
9974,46623
171364,46622
173650,46622
253219,46622
234553,46622
82400,46621
274640,46621
260136,46621
63576,46621
277451,46620
257764,46620
50745,46619
87816,46619
138922,46619
250776,46619
141500,46619
272377,46619
265734,46618
55496,46618
103737,46618
255467,46618
251709,46618
174467,46617
264634,46617
37583,46617
182910,46617
105100,46617
224791,46616
29405,46616
42529,46616
172426,46616
92759,46616
224150,46615
296227,46615
157027,46615
58566,46614
269681,46613
243743,46613
205277,46613
56412,46613
220432,46612
132577,46612
131399,46612
171072,46612
157927,46612
275388,46612
158110,46610
172457,46610
290517,46609
29828,46609
131897,46609
271495,46609
154981,46608
137649,46607
222957,46607
122191,46607
141844,46606
76219,46606
269422,46606
131481,46606
53133,46606
70028,46605
46943,46605
169629,46605
217893,46605
176141,46605
202977,46605
70341,46605
95639,46604
269810,46604
55025,46604
249438,46604
152553,46604
163966,46603
197191,46603
175906,46602
258522,46602
82849,46602
24703,46602
17562,46602
160601,46602
263417,46601
288855,46601
158687,46601
63806,46601
263926,46601
62122,46601
130075,46600
267336,46600
246257,46600
238839,46600
139470,46600
68803,46600
260132,46599
192991,46599
245587,46599
200482,46599
121753,46598
198665,46598
287079,46598
263263,46598
237662,46598
282820,46597
284446,46597
284081,46597
235793,46597
259119,46597
82911,46596
173558,46596
243704,46596
262799,46596
202131,46596
59598,46596
41792,46596
293074,46595
283715,46595
187356,46595
202761,46595
197800,46595
148574,46594
6497,46594
75824,46593
218476,46593
209427,46593
26820,46593
149237,46592
239819,46592
172201,46592
204953,46591
29305,46591
36763,46591
224512,46591
219647,46591
6361,46591
77289,46591
44900,46590
131171,46590
290798,46590
291375,46590
157601,46589
111975,46589
190713,46589
41425,46588
164776,46588
270180,46588
241202,46588
265211,46586
133943,46586
150956,46586
265093,46586
83829,46585
212659,46585
296303,46585
235738,46585
167872,46585
21644,46585
281350,46585
106847,46585
253129,46584
250573,46584
213698,46584
287926,46584
271192,46584
278978,46584
234657,46583
256463,46583
213963,46583
128051,46583
173958,46582
278104,46582
283274,46582
294820,46582
246338,46582
186409,46581
158549,46581
285229,46581
230700,46581
192233,46580
167377,46580
86616,46580
115263,46580
275230,46580
158263,46580
222271,46579
293576,46579
208748,46579
38193,46579
91008,46578
137513,46578
286678,46578
208645,46577
236164,46577
279159,46577
235196,46576
65637,46576
210721,46576
236847,46576
50394,46576
51729,46575
201354,46575
238523,46575
112956,46575
197904,46575
194055,46574
288775,46574
224042,46574
275282,46574
179351,46574
206114,46573
54075,46573
59615,46573
285617,46573
131231,46573
234600,46573
12837,46572
166804,46572
250223,46572
147308,46572
107337,46572
217447,46571
240954,46571
80309,46571
35349,46570
112994,46570
58298,46570
272074,46570
52682,46569
28463,46569
18874,46569
292513,46569
271030,46568
232551,46568
167272,46568
295497,46568
296082,46568
106844,46568
189438,46567
827,46567
256088,46567
283199,46567
95791,46566
49523,46566
139940,46566
99656,46566
252579,46566
244307,46566
158742,46566
21789,46565
69730,46565
296439,46565
268281,46565
38765,46564
262490,46564
11280,46564
170496,46563
43986,46563
213717,46563
165865,46563
242428,46563
49034,46562
178670,46562
188467,46562
270174,46562
195996,46562
241008,46562
208077,46562
97960,46561
194182,46561
53446,46560
214393,46560
135165,46559
237769,46559
53040,46559
160592,46559
43894,46558
246497,46558
196486,46558
270984,46558
280952,46558
133066,46558
171786,46558
295063,46558
66211,46558
267600,46558
255046,46557
254362,46557
192419,46557
124893,46557
236062,46557
4058,46556
37293,46556
6678,46556
294267,46556
37947,46556
24449,46556
39258,46556
283194,46556
293315,46555
182109,46555
44187,46555
52103,46555
227830,46555
256029,46555
10333,46555
261014,46555
106750,46554
190273,46554
252660,46553
281950,46553
66314,46553
239249,46553
295973,46553
231422,46553
279616,46553
39234,46553
38502,46552
189673,46552
62074,46552
77551,46552
206645,46552
173086,46551
76824,46551
123111,46551
259063,46551
161946,46551
234646,46551
272722,46550
206124,46550
34287,46550
18840,46550
160076,46550
115019,46550
165226,46550
183211,46549
107006,46549
53335,46549
176297,46549
249031,46549
273226,46548
31691,46548
269000,46548
214069,46548
226252,46548
229604,46548
58239,46548
218195,46547
61441,46547
121985,46547
205891,46547
235890,46546
269537,46546
9279,46545
187052,46545
869,46545
34774,46545
175604,46545
194732,46544
197836,46544
252055,46544
293913,46544
97014,46544
199654,46544
275341,46543
246173,46543
163155,46543
202779,46543
277374,46543
278619,46543
272566,46543
184625,46542
64693,46542
291236,46542
127340,46542
167554,46541
206938,46541
153127,46541
75653,46541
102457,46540
265709,46540
64804,46539
154245,46539
29499,46539
281294,46538
253583,46538
292802,46538
60064,46538
181427,46537
190461,46537
263900,46537
24578,46537
36128,46537
279743,46537
198359,46537
295580,46536
68971,46536
148220,46536
283787,46536
258839,46536
119175,46536
188354,46536
255052,46536
290514,46535
180368,46535
183282,46535
248698,46535
251221,46535
204494,46534
287779,46534
4488,46534
61394,46534
193758,46534
294738,46534
169441,46534
97229,46533
124263,46533
286181,46533
198611,46533
931,46533
133836,46533
114930,46533
208738,46532
26556,46532
94484,46532
169509,46532
198766,46531
156753,46531
125028,46530
287454,46530
37100,46530
139303,46530
48171,46529
60421,46529
279713,46528
246079,46528
215760,46528
132196,46527
181688,46527
132389,46527
200578,46527
280891,46527
196879,46527
54261,46527
224624,46526
279318,46526
123359,46526
292458,46525
65245,46525
98315,46525
71435,46525
118151,46525
57532,46525
267807,46524
93723,46524
218492,46524
268291,46523
103222,46523
149259,46523
287688,46523
232444,46523
159091,46523
124326,46522
122599,46522
262623,46522
233363,46522
105220,46521
108896,46521
144398,46521
242804,46521
246604,46520
257711,46520
106105,46520
119045,46520
30496,46520
251596,46520
107325,46520
275441,46520
163824,46519
295989,46519
243855,46519
72478,46519
284077,46519
280746,46519
197394,46519
87199,46519
167134,46519
253727,46519
195097,46519
35660,46518
190006,46518
256104,46518
269548,46518
245828,46518
259713,46517
234247,46517
267968,46517
74139,46517
83807,46516
4368,46516
230864,46516
180166,46516
178381,46516
133801,46516
253110,46516
252129,46516
282319,46516
194341,46515
95288,46515
35065,46515
289872,46515
266624,46515
140300,46514
292024,46514
8023,46514
231394,46514
256909,46514
209242,46513
25434,46513
169478,46513
115075,46512
245901,46512
202363,46512
40248,46512
62789,46511
229532,46511
275655,46511
194897,46511
34516,46511
31525,46511
37249,46510
282536,46510
265098,46510
131310,46510
276200,46510
214503,46510
170523,46510
272440,46509
233053,46509
226126,46509
170133,46509
270555,46509
172725,46508
289798,46508
9226,46508
34759,46508
176457,46508
129381,46508
252921,46508
238897,46507
284125,46507
223030,46507
166869,46507
256697,46507
25934,46507
221376,46507
289712,46507
85355,46506
203708,46506
78452,46506
61935,46506
178593,46506
133728,46506
102371,46506
65925,46506
172161,46506
268806,46505
123401,46505
161674,46504
163617,46504
160134,46504
39560,46504
168990,46504
287638,46503
126386,46503
216363,46502
281711,46502
68278,46502
40434,46502
164361,46502
255423,46501
223290,46501
287397,46501
265421,46501
140438,46500
115164,46500
123428,46500
287917,46500
289674,46500
66568,46500
26472,46500
10423,46500
27450,46500
84155,46500
187185,46499
260187,46499
154025,46499
224256,46499
182077,46499
293101,46499
192746,46499
41812,46498
231899,46498
26419,46497
105522,46496
145685,46496
260809,46496
58372,46496
145590,46496
170412,46495
155473,46495
39080,46495
260596,46494
34241,46494
242325,46494
291756,46493
131066,46493
241900,46493
165579,46493
282791,46492
196207,46492
239960,46492
42990,46492
142659,46492
264571,46492
268271,46491
154795,46491
143880,46490
296313,46490
137744,46490
257906,46490
181714,46490
157536,46490
167722,46490
272404,46489
21457,46489
236427,46489
276184,46489
166139,46489
102513,46489
264565,46489
116741,46488
252776,46488
150894,46487
288711,46487
57611,46487
228408,46487
287428,46486
276924,46486
24081,46486
78654,46485
138604,46485
118925,46484
195275,46484
290857,46484
115373,46484
271585,46484
261996,46484
172901,46483
295563,46482
167067,46482
224924,46482
19641,46482
135892,46481
34473,46481
209830,46481
238647,46481
38079,46481
42298,46481
217842,46480
288121,46480
106846,46480
246735,46480
193635,46480
181348,46480
144506,46480
200361,46480
168456,46480
175767,46480
276255,46480
240800,46479
167912,46479
102239,46478
175282,46478
234660,46478
132047,46478
67601,46477
94065,46477
245544,46476
39143,46476
118479,46476
240007,46476
127212,46475
231980,46475
288790,46475
123171,46475
251061,46475
238108,46475
126055,46474
24904,46474
294992,46474
105279,46473
9577,46473
18231,46473
263831,46473
246616,46473
254728,46473
108825,46473
288961,46473
261218,46472
40694,46472
244070,46472
52700,46472
155235,46471
285100,46471
257318,46471
273685,46471
249748,46471
108921,46471
207703,46471
44264,46471
236560,46471
234059,46470
292031,46470
183746,46470
25011,46470
269965,46470
171631,46470
286779,46470
180821,46470
174364,46470
253791,46469
157963,46469
236194,46469
241960,46469
275031,46468
284717,46468
145433,46468
100205,46468
177767,46468
104994,46468
246324,46468
70841,46467
79488,46467
265164,46467
213638,46467
261975,46467
96418,46467
108474,46467
184054,46467
44840,46466
153475,46466
177889,46466
37816,46465
31582,46465
266844,46465
205625,46465
55354,46465
113845,46465
188741,46465
38932,46465
189825,46465
44319,46465
32988,46464
223829,46464
286232,46464
134672,46464
69982,46464
114162,46464
82978,46464
127460,46464
28762,46463
280347,46463
296304,46463
206196,46462
114798,46462
206706,46462
186202,46462
154108,46462
50373,46461
109273,46461
202929,46460
224814,46460
279076,46460
205840,46460
150698,46460
273560,46459
266650,46459
97271,46459
99470,46459
222780,46459
288719,46458
60757,46458
234736,46458
212451,46458
152125,46458
177044,46457
292705,46457
142183,46457
180429,46457
245657,46457
105744,46457
49855,46457
270261,46457
167157,46456
222500,46456
254409,46456
168050,46456
145567,46456
211088,46456
224672,46456
202042,46455
78019,46455
79380,46455
50720,46454
51827,46454
275667,46454
269608,46453
168167,46453
258327,46453
76000,46453
253084,46453
267886,46453
284764,46453
40533,46453
32778,46453
251642,46453
269238,46453
139021,46452
136917,46452
232670,46452
173033,46452
45544,46451
263591,46451
199989,46451
226952,46451
286168,46451
126754,46450
254581,46450
204946,46450
38803,46450
55052,46450
139772,46450
36129,46450
226633,46450
141922,46449
295146,46449
278443,46449
186151,46449
293554,46449
289907,46448
136153,46448
233056,46448
109256,46448
122517,46448
242637,46447
35258,46447
224075,46446
228714,46446
27829,46446
126335,46446
250145,46446
249193,46446
145616,46446
208844,46445
135959,46445
99649,46445
218712,46445
295790,46445
262528,46445
89180,46445
205722,46444
227831,46444
206453,46444
267684,46444
278920,46444
244187,46443
159153,46443
115073,46443
78632,46443
159232,46443
278961,46443
109403,46442
204640,46442
214567,46442
291837,46441
274407,46441
280524,46441
211095,46441
282432,46441
276372,46441
134532,46441
27186,46441
152634,46440
140157,46440
13953,46440
280194,46440
31378,46440
255244,46440
278850,46440
46372,46440
164832,46440
295429,46440
206010,46440
143820,46439
285730,46439
176068,46439
233188,46439
256568,46439
193141,46438
284666,46438
129217,46438
141209,46438
212848,46438
294651,46438
237446,46437
136391,46437
36851,46437
118127,46437
231863,46437
55874,46437
270766,46437
240383,46436
201845,46435
126206,46435
113344,46435
178166,46435
189899,46435
49198,46435
144483,46434
241894,46434
280375,46434
164913,46434
16711,46434
36872,46433
234454,46433
13900,46433
95469,46433
195978,46433
293589,46433
139652,46433
228690,46433
251485,46433
7789,46433
197807,46432
88099,46432
191081,46432
35652,46432
245426,46432
231384,46432
11563,46432
265876,46432
285798,46431
291707,46431
198074,46431
89962,46431
226034,46430
206752,46430
271068,46430
181944,46430
57091,46430
173913,46430
74578,46429
265822,46429
82163,46429
39034,46429
280608,46429
271199,46429
98621,46429
31507,46429
291670,46428
238954,46428
171231,46428
117654,46428
104777,46428
82794,46428
35002,46428
275668,46427
46400,46427
179701,46427
177920,46427
225888,46427
283505,46427
145329,46427
32398,46426
250210,46426
96949,46426
33460,46426
186147,46425
105129,46425
244765,46425
173131,46425
83294,46425
92659,46425
130854,46424
210083,46424
25667,46424
55724,46424
280994,46424
200558,46424
275958,46423
121121,46423
234479,46423
287372,46423
153115,46422
91706,46422
47712,46422
144259,46422
267147,46422
147408,46422
224653,46422
98741,46422
160594,46422
125285,46422
254233,46421
209527,46421
43756,46421
262739,46421
196061,46421
295374,46421
25616,46420
16024,46420
176921,46419
266267,46419
203573,46419
84536,46419
187413,46419
73593,46419
230603,46419
269842,46419
88991,46419
267529,46418
259893,46418
253100,46418
106891,46418
202605,46418
205998,46418
131936,46418
263042,46417
136184,46417
243509,46417
160128,46416
104632,46416
244483,46416
240804,46415
78097,46415
17585,46415
243345,46415
190704,46415
9586,46415
248839,46415
242858,46415
67608,46414
87239,46414
287532,46414
255524,46414
276170,46414
67913,46414
281917,46414
65212,46413
169069,46413
178898,46413
279962,46412
69178,46412
178591,46412
138980,46412
226104,46411
264963,46411
269266,46411
235315,46411
178846,46411
264340,46411
244109,46411
244692,46411
40281,46411
155197,46411
248231,46411
153652,46411
121579,46411
266733,46410
126650,46410
137359,46410
232132,46409
191770,46409
285660,46408
253655,46408
120052,46408
111900,46408
177287,46407
183629,46407
271244,46407
263074,46407
212321,46406
128197,46406
4339,46406
207311,46405
296369,46405
268701,46405
121059,46405
232336,46405
265454,46405
151256,46405
216321,46405
201439,46404
77243,46404
263205,46404
294495,46404
184495,46404
233667,46403
205598,46403
96958,46403
294754,46403
92592,46403
180326,46403
180952,46403
40149,46402
67521,46402
240734,46402
183337,46402
184301,46402
160623,46402
264073,46401
76930,46400
203448,46400
97253,46400
59614,46400
54377,46400
203525,46400
214413,46400
109822,46400
224199,46399
47842,46399
229816,46399
160667,46399
68993,46399
63368,46399
208222,46399
63638,46399
142379,46399
198231,46398
279499,46398
130273,46398
180743,46398
204507,46398
225216,46398
43603,46398
242619,46398
232352,46397
285227,46397
296144,46397
60527,46396
274073,46396
40143,46396
173613,46396
10929,46396
259346,46395
62332,46395
279523,46395
221529,46395
14393,46395
286493,46395
282645,46394
178571,46394
93353,46394
53234,46394
106968,46394
276052,46394
115752,46394
118405,46394
219366,46394
38525,46393
118554,46393
243181,46393
201957,46393
175124,46393
263457,46393
187603,46393
60043,46393
170570,46393
48791,46393
193402,46393
133170,46393
40789,46393
242573,46392
31309,46392
42772,46392
181255,46392
269547,46392
229417,46392
256242,46392
256230,46391
146545,46391
271146,46391
78881,46391
81821,46391
48041,46391
180616,46390
181590,46390
239366,46390
164726,46390
27842,46390
38902,46390
176838,46390
23769,46390
243669,46389
156412,46389
134472,46389
293262,46388
44795,46388
181112,46388
113420,46388
222402,46388
151344,46388
139186,46388
181773,46388
120201,46387
105859,46387
15162,46387
252964,46387
292011,46387
286157,46387
210392,46386
92521,46386
256662,46386
59821,46386
76217,46386
227516,46386
