3629,100000
32263,54384
41375,54358
1389,54036
5020,53303
234415,52828
182894,52428
14383,51281
49580,51265
57739,51243
17366,51022
70745,50755
285,50609
58948,50571
61095,50510
148523,50471
201897,50398
11492,50350
257634,50325
161977,50248
82078,50163
105036,50112
210286,50097
35695,50049
271087,49940
203728,49919
294513,49889
115946,49883
273437,49867
94930,49857
74556,49813
71514,49783
225014,49765
74864,49745
4513,49573
24844,49509
102827,49494
44522,49438
11224,49398
121889,49393
41586,49392
26880,49271
243520,49207
275699,49186
10691,49160
33269,49151
52664,49149
2959,49148
77630,49133
281025,49119
106589,49109
266478,49094
189937,49081
238209,49065
193823,49045
110481,49039
129957,49037
247999,49017
29799,48979
221882,48968
256276,48966
89271,48957
252655,48942
272971,48937
60809,48920
162827,48895
116687,48878
27433,48846
277296,48843
24457,48836
41450,48833
266349,48831
57604,48825
216211,48810
40353,48792
254778,48783
70876,48778
338,48767
103887,48756
232154,48748
207268,48743
138485,48723
140708,48697
167480,48696
32532,48688
262008,48676
6653,48673
205017,48667
34860,48664
256946,48660
54392,48657
136267,48655
295096,48649
156727,48645
245751,48632
107529,48627
218747,48625
122303,48609
162767,48605
50483,48603
116702,48592
272079,48578
138408,48562
173375,48557
154268,48546
27904,48545
102743,48544
248113,48535
10747,48533
161001,48519
280742,48512
31566,48511
219472,48506
17963,48504
5328,48500
259005,48491
127920,48481
31425,48475
258071,48465
36360,48464
38240,48463
131128,48455
279258,48455
261643,48454
30377,48454
85753,48454
23463,48453
40762,48453
111509,48452
228822,48448
141186,48441
236716,48441
188398,48434
46130,48425
207244,48421
269755,48420
231291,48419
29800,48417
62194,48410
46218,48410
524,48402
227361,48399
172886,48398
275639,48395
37659,48394
269210,48392
104952,48391
37663,48377
278494,48375
289560,48362
209676,48361
260302,48358
123807,48352
14443,48347
66926,48342
86013,48340
66324,48338
215165,48333
173467,48329
113856,48323
201941,48320
68906,48319
206421,48319
72766,48317
146317,48311
204805,48309
32603,48299
278465,48298
190196,48296
178325,48295
22693,48291
136847,48289
246320,48288
33676,48279
289194,48277
251573,48276
18056,48266
103188,48262
30216,48259
55232,48258
17009,48255
40604,48253
254862,48238
279463,48233
17,48232
22656,48231
124827,48230
192636,48229
21630,48225
109433,48222
22158,48215
257281,48214
24181,48214
259007,48211
127038,48206
107895,48202
169565,48193
177438,48192
251222,48185
254122,48185
259484,48183
121333,48178
115325,48173
243188,48169
248560,48166
38025,48164
121128,48151
130506,48150
256678,48148
210576,48139
37527,48138
167217,48131
225133,48125
283151,48124
115215,48119
48166,48119
255222,48118
196740,48117
15635,48114
193123,48111
184784,48105
220467,48104
275898,48094
112547,48092
189707,48091
229595,48087
264986,48087
14943,48086
183793,48082
110260,48078
12564,48077
167594,48074
21410,48071
107579,48068
94768,48066
113857,48061
46102,48058
254530,48057
280798,48056
254853,48044
36623,48043
33585,48042
4928,48040
135,48027
264615,48024
248094,48018
122358,48017
104955,48016
230266,48014
132651,48009
236206,48005
12883,48002
19575,48001
120174,48000
19404,47999
108075,47995
69379,47994
32188,47989
22774,47988
57944,47986
73928,47985
228349,47977
143925,47976
210187,47976
23507,47975
81916,47974
5017,47974
248925,47971
230294,47967
244823,47966
34648,47966
271272,47961
200702,47960
233736,47959
126878,47959
218308,47956
245134,47955
104485,47955
111166,47953
155933,47951
24763,47947
44945,47943
118525,47940
20215,47933
29978,47932
294993,47930
137483,47928
209649,47923
163091,47923
202580,47921
285451,47920
262400,47919
124846,47911
168787,47907
255146,47905
280496,47904
89046,47903
21371,47900
47877,47891
91826,47888
115446,47885
94002,47882
51470,47880
270164,47879
88740,47877
138042,47869
211401,47867
12280,47867
28493,47866
21250,47861
231173,47853
22476,47853
154386,47848
256717,47846
104932,47845
99688,47842
23395,47841
13078,47840
26046,47838
215994,47837
20939,47836
113774,47836
54717,47836
191097,47835
97663,47835
129359,47834
57693,47832
131887,47831
257279,47830
25074,47830
13384,47829
273006,47829
70105,47828
287076,47828
226774,47827
228876,47826
137436,47826
277905,47823
173573,47823
239304,47822
1302,47822
250283,47816
270049,47815
112645,47814
183927,47810
12217,47807
168386,47807
4682,47807
109498,47806
37493,47805
159639,47804
235071,47803
279487,47802
239657,47800
139945,47799
280200,47794
126507,47786
36322,47785
87668,47784
121840,47784
20142,47781
118812,47779
158532,47777
271473,47775
212734,47774
165100,47773
131915,47772
102802,47771
37188,47770
132290,47769
282695,47766
91907,47765
19305,47764
24544,47764
22973,47763
203818,47763
238320,47762
229250,47760
139226,47755
35413,47754
19868,47754
159252,47753
214293,47753
43143,47749
118262,47747
126643,47746
215377,47744
56296,47741
213643,47737
118589,47731
158016,47729
170369,47727
161271,47725
170637,47722
210379,47720
183275,47720
72616,47719
796,47718
126397,47715
211084,47715
133230,47715
22336,47714
66760,47704
11392,47702
19421,47701
18111,47700
189501,47700
202078,47699
32960,47698
111460,47695
25405,47694
281602,47688
152089,47686
1918,47685
30432,47683
123110,47680
20405,47680
30166,47673
97363,47672
26391,47670
277339,47666
134864,47659
237056,47652
16387,47651
253952,47650
146126,47648
24614,47647
83185,47646
273486,47644
167804,47644
2691,47643
177439,47643
148926,47642
280127,47640
184231,47640
257924,47636
264428,47630
13369,47629
22867,47629
19597,47628
113454,47626
145448,47626
15914,47624
147728,47624
200635,47624
121112,47623
197626,47622
26548,47621
257621,47619
34966,47619
112324,47617
34773,47617
101063,47617
23102,47616
255988,47613
16302,47611
106412,47611
238495,47609
146815,47606
26019,47606
201688,47605
270813,47604
92677,47602
86970,47602
271982,47601
221397,47600
121048,47600
199077,47599
77067,47598
12467,47598
177506,47597
274791,47597
241796,47591
229125,47586
237921,47585
230617,47583
72980,47581
198970,47577
37448,47574
78829,47573
197660,47573
71848,47573
10275,47573
217277,47573
119955,47572
185515,47572
20569,47572
24085,47571
19396,47570
24477,47567
113727,47567
156846,47566
16822,47566
118182,47565
237417,47565
196758,47565
272197,47563
138506,47562
8714,47562
258534,47561
172534,47560
30751,47559
42703,47558
13291,47558
26711,47558
72248,47557
270828,47557
121948,47557
19714,47556
262889,47555
145255,47554
22619,47554
37259,47549
139150,47548
13588,47547
20113,47546
13124,47545
131011,47544
20503,47544
50715,47543
270715,47542
209174,47542
30714,47542
267691,47541
259638,47541
154998,47539
230941,47538
248804,47535
275689,47535
23470,47534
160112,47530
158483,47530
81306,47530
101771,47525
243219,47525
69306,47522
23175,47522
162799,47520
49887,47517
238962,47516
271937,47515
118361,47514
123372,47514
11217,47513
256766,47512
91333,47512
20388,47508
257348,47507
139295,47507
206389,47505
24296,47504
195980,47503
261227,47502
22061,47501
13703,47499
14890,47498
94556,47497
27132,47494
246379,47492
231553,47491
101870,47490
269090,47490
8867,47489
12663,47489
26972,47488
12685,47488
130089,47487
10318,47485
152323,47484
282376,47481
286716,47481
184262,47481
246799,47481
247373,47480
17496,47479
162631,47478
284604,47477
11110,47477
157648,47476
207575,47473
21421,47472
35613,47472
25937,47471
17271,47470
129962,47469
27203,47468
194531,47466
264004,47464
25770,47464
250604,47462
18945,47461
283926,47461
10830,47461
122247,47461
92035,47460
16696,47460
171535,47460
122335,47457
135367,47457
194053,47457
13607,47457
124869,47455
152834,47455
30510,47453
24235,47450
27799,47449
13174,47449
78548,47449
266020,47448
296458,47448
23197,47448
191306,47447
175874,47446
118369,47445
243930,47444
188842,47443
282289,47442
26092,47439
268931,47438
24243,47436
187880,47434
12552,47432
229323,47432
14998,47430
506,47430
179012,47430
280491,47430
147811,47430
25727,47429
101753,47429
25414,47428
247262,47426
261623,47423
13611,47422
221798,47422
26627,47421
277921,47421
169394,47420
36382,47420
139200,47420
23605,47419
292052,47418
205361,47418
281825,47417
124554,47415
208560,47414
8544,47414
170229,47410
67214,47408
91334,47407
26248,47407
19895,47407
109343,47406
249705,47403
20062,47402
50774,47402
218127,47402
145146,47399
125268,47398
11020,47398
212554,47396
24489,47396
21285,47396
277488,47395
42842,47394
112210,47392
295506,47391
248117,47390
182339,47390
266480,47389
236917,47388
269317,47387
25500,47387
127714,47387
18267,47386
13664,47386
218214,47386
26096,47386
23168,47386
17996,47385
243102,47385
140444,47385
8598,47383
215388,47381
216621,47377
16406,47377
243090,47377
24615,47376
289927,47376
18508,47373
272730,47373
8752,47373
25576,47372
253692,47372
193255,47370
154947,47370
159230,47369
25654,47369
113932,47368
226149,47368
239619,47367
84587,47367
159835,47367
241063,47366
159202,47365
14096,47365
278097,47364
18094,47362
291410,47361
210563,47357
238094,47357
113089,47356
86519,47356
16017,47354
225760,47354
92766,47354
23361,47353
21641,47353
53568,47351
169038,47350
192679,47349
26121,47348
5080,47348
222509,47348
233755,47347
173934,47345
20734,47343
84681,47343
229690,47342
23461,47342
132383,47340
214759,47340
212707,47338
244968,47337
63744,47336
273265,47335
206981,47334
252295,47331
69566,47330
124172,47330
9524,47330
202565,47330
38794,47330
167099,47329
102809,47327
245476,47327
239053,47325
25357,47324
12196,47322
179822,47321
154522,47320
7896,47319
96226,47319
10094,47318
241275,47316
128806,47315
105748,47314
210911,47313
22187,47313
23737,47309
225422,47308
28630,47308
26686,47307
20561,47305
211768,47304
181159,47303
18611,47303
25052,47302
137108,47301
25096,47299
10052,47298
236639,47297
13265,47297
284056,47297
149116,47294
121260,47294
15402,47293
272780,47293
108416,47292
253715,47291
263920,47290
122288,47288
281778,47287
216291,47287
257296,47287
219735,47285
198232,47284
273272,47283
13886,47282
268195,47282
257673,47281
194684,47281
268388,47277
107360,47277
258791,47275
267347,47273
16180,47273
194476,47271
201887,47269
280589,47268
223244,47267
126130,47266
127077,47265
171258,47265
107473,47265
215574,47264
276996,47264
24589,47263
208437,47262
180364,47259
273267,47257
19362,47255
22799,47255
103264,47253
26881,47253
290773,47253
169644,47252
139136,47251
254473,47251
11683,47251
188056,47250
229306,47250
134265,47247
144235,47246
6058,47245
247616,47244
47168,47243
268240,47242
151104,47242
6772,47242
105159,47242
288010,47241
143656,47241
133486,47240
15830,47240
145500,47239
238971,47239
12766,47238
174906,47238
205524,47237
22901,47237
25877,47236
118731,47235
25829,47234
3794,47232
55193,47230
29345,47230
276727,47229
285163,47226
256337,47225
194297,47221
293660,47218
23072,47217
26228,47216
242867,47214
229544,47213
23234,47213
200064,47213
150033,47212
125110,47212
271045,47211
235978,47211
14408,47209
222610,47208
10632,47207
214519,47207
124593,47206
185320,47206
5127,47206
73859,47206
278884,47204
159551,47203
47600,47201
114326,47201
191052,47200
257565,47199
12323,47198
163781,47198
277927,47198
24230,47197
202503,47196
27335,47196
271191,47194
127514,47193
188377,47192
1030,47191
100251,47190
27232,47190
23874,47190
264193,47189
26212,47187
68350,47186
247805,47185
7583,47185
25738,47184
12760,47184
24264,47184
194230,47181
227278,47181
205771,47179
118869,47179
25553,47179
22479,47178
5191,47177
130372,47177
18901,47177
285993,47175
249347,47174
1862,47173
276611,47173
215701,47168
103242,47168
282673,47167
26191,47167
249319,47167
168180,47166
29579,47165
228960,47164
238399,47163
281495,47162
240503,47162
11682,47161
23036,47161
272479,47161
290198,47159
28856,47159
25216,47159
274487,47158
119313,47157
129752,47156
201177,47155
82628,47155
53158,47155
49042,47154
144029,47153
14147,47153
9792,47153
12273,47150
231650,47150
291015,47149
10954,47149
63822,47148
126596,47148
30504,47147
144113,47145
161851,47144
22181,47144
10223,47143
182087,47143
25914,47142
195170,47141
291663,47140
24096,47140
177309,47139
292492,47138
192275,47138
72261,47138
284260,47138
174187,47136
33226,47135
25479,47135
244859,47135
25457,47134
198882,47132
217071,47132
35282,47130
202852,47129
25690,47127
288390,47127
28102,47125
26786,47124
30116,47124
44523,47123
280062,47122
229764,47122
25504,47120
247770,47118
117437,47115
237544,47115
230380,47115
154707,47113
232148,47113
93966,47111
210470,47111
132476,47110
165066,47109
265724,47109
17729,47109
225887,47109
234668,47107
192938,47107
256020,47106
17594,47105
170290,47104
272884,47103
208805,47102
119336,47102
249041,47101
24560,47100
1113,47099
271125,47097
11776,47097
18595,47095
167983,47095
20370,47094
100128,47093
142461,47093
228477,47092
186961,47092
90535,47088
256092,47087
241409,47085
133580,47085
169493,47085
209517,47085
176234,47084
247076,47082
57626,47082
38550,47082
251638,47082
42841,47081
24805,47080
68366,47080
65350,47079
11654,47079
259266,47076
224196,47072
218318,47071
262108,47071
269614,47071
116089,47068
107555,47066
155665,47066
61228,47066
103814,47066
128808,47065
271306,47063
120750,47063
203444,47062
103470,47062
187837,47061
56833,47061
245443,47060
105884,47059
49125,47059
292146,47058
190473,47058
1050,47058
26970,47057
116234,47057
187470,47056
184403,47056
167058,47055
173985,47055
289868,47054
264167,47051
204550,47051
97072,47050
246647,47050
153496,47049
240269,47048
104273,47048
186479,47047
205072,47046
135648,47046
12525,47045
177593,47045
24810,47045
220989,47044
25456,47044
144147,47044
179279,47044
211121,47042
215835,47040
169162,47039
30052,47039
201577,47038
31394,47038
24669,47038
130507,47038
13592,47038
157440,47037
167323,47035
267790,47034
140341,47034
140077,47033
178399,47032
185712,47032
220382,47031
38584,47031
18017,47028
247815,47027
227068,47025
196873,47023
256251,47023
12299,47021
39191,47021
106194,47020
109534,47020
56106,47020
164668,47019
284997,47017
25844,47017
246642,47016
12162,47016
36557,47016
254216,47015
27307,47015
178984,47014
131268,47013
26155,47013
18765,47012
239555,47012
20861,47012
215757,47008
265829,47008
24931,47008
290822,47006
142127,47005
212342,47004
215849,47004
194118,47004
25786,47002
134456,47001
261237,47000
16997,46999
13374,46997
171007,46997
260841,46996
211268,46996
185158,46994
165789,46994
105363,46993
169051,46991
148007,46991
227818,46990
103900,46989
162408,46987
255122,46987
265258,46986
288497,46984
189623,46984
106041,46984
284432,46984
252726,46983
26581,46983
116263,46982
193760,46982
272605,46981
188504,46981
22279,46980
257883,46980
150740,46979
9755,46979
211661,46978
31020,46977
16899,46977
6761,46976
266406,46975
220234,46975
76315,46975
220310,46975
132437,46974
175917,46974
232429,46974
152554,46972
91032,46970
274615,46970
16947,46970
283646,46969
10623,46968
134721,46968
168640,46967
24833,46967
274560,46966
197321,46966
65066,46965
205642,46965
271089,46964
268400,46964
284046,46963
6102,46963
44746,46962
30663,46962
69869,46961
247303,46960
163081,46959
24123,46959
242717,46958
15752,46958
261909,46958
253081,46957
237892,46956
294876,46955
257103,46953
244651,46953
112924,46952
219668,46951
243076,46951
182388,46950
201684,46949
268070,46948
284488,46947
18808,46945
174156,46945
179207,46944
24950,46943
231617,46943
194693,46943
256706,46942
146096,46942
281968,46941
6360,46940
8111,46939
194747,46939
204411,46938
254168,46937
273150,46937
15695,46936
278553,46936
29017,46936
237732,46936
170551,46935
266810,46935
269739,46934
11258,46933
293422,46933
39266,46933
226775,46933
292709,46932
219312,46930
150633,46930
200757,46929
228708,46929
261023,46929
141531,46928
25769,46928
234695,46927
218173,46926
110377,46925
288704,46925
24358,46924
94508,46924
240416,46924
236040,46921
143456,46921
243900,46921
185795,46920
166905,46919
47127,46919
177025,46918
266360,46916
235857,46915
237637,46915
108907,46913
253800,46913
275923,46909
9950,46909
234529,46908
63832,46907
182081,46905
240701,46904
111710,46904
247092,46904
240024,46903
184337,46902
116110,46902
200673,46902
105151,46901
246592,46901
285821,46900
161696,46900
13468,46900
284449,46899
32344,46898
173744,46898
85039,46897
1779,46897
199994,46896
20961,46893
202974,46892
165965,46892
8858,46892
121429,46890
82328,46889
14158,46889
44518,46888
251948,46888
194447,46888
25815,46888
7437,46887
191230,46887
232774,46886
214711,46886
12814,46885
292132,46885
226115,46884
208607,46884
190968,46883
37337,46881
182478,46881
39309,46880
19066,46879
114666,46879
198813,46879
251099,46879
112823,46877
254777,46877
155827,46877
293874,46874
224280,46871
281657,46871
273326,46870
51895,46869
127987,46869
152050,46869
186460,46868
72035,46867
20742,46867
73010,46866
268447,46866
217270,46862
175430,46862
280863,46861
259040,46860
130253,46860
38500,46858
7223,46858
15363,46858
126759,46856
258691,46856
187123,46850
24255,46847
232828,46846
207984,46845
159874,46845
252880,46844
24509,46843
216255,46843
195124,46842
207069,46842
124141,46841
53345,46841
550,46840
295576,46840
232138,46839
234314,46839
26643,46839
199438,46839
176020,46838
134662,46838
105137,46837
37323,46837
277524,46836
163702,46835
93766,46835
25124,46835
296506,46834
277396,46833
217833,46833
257488,46833
162508,46832
17707,46832
222378,46832
274249,46831
25157,46831
291179,46831
295524,46830
206859,46827
21070,46827
36543,46827
94037,46826
241032,46826
162992,46825
127491,46825
142084,46825
115664,46823
101008,46822
23884,46822
168568,46821
194425,46821
116518,46819
295184,46819
199947,46819
119024,46819
225481,46818
119555,46818
193782,46817
166549,46817
231798,46816
161880,46816
171143,46815
113994,46815
54500,46815
224676,46815
196932,46814
184555,46814
1294,46814
30105,46814
130585,46813
173088,46813
272742,46811
15783,46811
107800,46811
272234,46810
221292,46810
254302,46809
167450,46809
212794,46807
214608,46807
291564,46807
122080,46806
174945,46805
151408,46804
201414,46804
84351,46804
109448,46804
256931,46803
142907,46803
93123,46802
29756,46802
24407,46801
12645,46801
30733,46800
242578,46798
272914,46798
260919,46797
20786,46797
54776,46796
241890,46794
29601,46794
283240,46794
205376,46794
54711,46793
197030,46793
230820,46792
155122,46792
136413,46792
7531,46791
24698,46791
242363,46789
262882,46789
26965,46789
219014,46788
37575,46788
55049,46788
28853,46787
22572,46787
150385,46787
25466,46786
81601,46784
228653,46784
272456,46784
150608,46784
219349,46783
263146,46783
27092,46783
257962,46783
208306,46779
69868,46779
266775,46778
257966,46777
211497,46777
220156,46777
277203,46776
288566,46776
8842,46775
250268,46775
165928,46773
15232,46773
295872,46772
111167,46770
40768,46768
290191,46767
135037,46766
214639,46766
19454,46765
26238,46765
89538,46765
4414,46764
14845,46764
242336,46764
274049,46763
99411,46763
256312,46763
83043,46763
115203,46761
26224,46761
271334,46761
231837,46759
244019,46759
144225,46758
96778,46757
271948,46756
233541,46756
4209,46756
195294,46756
157451,46754
66103,46754
24454,46753
188002,46753
26487,46753
272157,46753
94988,46753
211602,46752
195640,46752
233703,46751
148791,46751
8728,46750
20306,46750
266237,46749
109248,46748
290973,46748
65937,46747
248428,46747
11211,46747
286073,46746
291086,46746
151678,46746
277124,46744
237398,46744
254195,46744
205824,46744
9566,46744
186753,46744
15582,46744
237985,46743
43078,46741
286420,46741
250590,46741
237149,46741
207863,46741
258585,46740
268958,46740
5549,46739
296087,46739
283629,46738
1690,46737
244992,46737
56219,46736
249322,46735
276358,46734
237424,46733
270833,46732
287982,46732
40953,46730
144460,46729
27451,46728
46041,46727
93185,46725
161611,46725
208339,46724
182638,46724
227687,46723
219598,46721
169699,46720
188463,46719
183559,46719
275305,46719
235771,46719
287298,46719
138290,46719
136621,46718
117115,46718
148210,46717
14033,46715
231088,46715
58598,46714
183615,46714
273253,46713
41816,46713
103954,46713
168690,46713
2567,46711
12793,46711
228551,46711
219338,46711
156542,46710
203268,46710
180371,46709
116157,46707
108685,46707
255803,46706
203266,46704
23180,46704
3265,46703
217233,46703
245316,46703
283435,46703
293626,46701
282875,46701
187130,46700
180343,46700
210686,46700
266315,46699
273311,46698
78394,46698
56892,46697
265377,46697
255612,46697
155760,46697
253316,46697
216836,46696
195856,46696
269652,46696
30095,46695
285178,46692
114694,46691
274145,46690
148521,46690
197762,46690
10512,46690
183760,46689
268721,46689
54429,46689
166812,46689
8273,46688
125516,46688
148593,46688
4044,46688
223141,46688
234156,46687
190145,46687
200359,46687
17799,46686
92580,46686
37853,46685
289490,46684
264353,46683
225228,46683
117917,46682
4300,46682
108536,46681
7105,46680
172644,46680
283051,46678
268146,46678
127039,46675
99694,46675
117846,46674
198419,46674
266543,46673
153593,46673
295295,46672
100725,46671
279524,46671
266351,46670
4570,46669
243072,46669
288820,46668
14510,46668
244141,46668
107770,46667
181411,46667
146948,46667
147057,46666
283655,46665
256060,46665
144390,46665
155899,46665
205978,46664
26026,46664
68716,46663
99135,46663
209697,46663
270366,46662
2630,46661
228786,46661
296019,46661
117347,46659
232472,46659
282405,46657
193606,46656
231162,46656
102235,46655
171976,46654
234303,46653
104704,46653
245712,46653
168887,46653
256342,46652
30580,46652
143198,46652
292285,46652
206024,46652
114441,46652
21744,46651
193842,46651
142719,46651
145634,46650
114340,46650
261212,46649
242001,46648
213363,46647
220347,46647
24558,46646
15671,46645
23971,46645
144369,46645
265137,46644
216593,46643
194687,46642
265627,46642
18000,46642
250328,46641
20984,46640
217706,46640
24006,46640
1235,46639
142384,46639
137509,46639
161903,46638
153038,46638
140722,46637
24376,46636
95017,46635
212475,46635
228854,46635
170248,46635
263774,46633
13231,46633
88117,46632
31577,46630
206798,46629
243051,46629
56759,46628
260780,46628
216617,46626
53144,46626
56353,46624
271842,46624
4771,46624
24975,46623
210137,46622
162031,46622
120113,46622
96419,46622
130183,46621
172782,46621
21754,46620
262591,46620
201268,46619
26443,46619
260365,46619
189944,46619
256915,46618
30788,46617
24766,46617
245138,46617
29768,46617
282699,46616
58246,46616
185437,46615
27811,46615
953,46615
172914,46614
149711,46613
282884,46613
242370,46612
186628,46611
62199,46610
253881,46610
9750,46610
2058,46610
163753,46610
150774,46610
192888,46610
112457,46609
142731,46609
166642,46609
200698,46608
249521,46606
9091,46605
142419,46605
89893,46605
267777,46605
42613,46604
212133,46604
206019,46604
3107,46604
42644,46602
58072,46602
6579,46602
193684,46600
169932,46599
287775,46599
85471,46597
282191,46596
177028,46595
276246,46595
41549,46594
171939,46594
288233,46594
234329,46594
114653,46593
246163,46592
170243,46592
220021,46592
266833,46591
203787,46591
43176,46591
75975,46589
202208,46589
52269,46589
260824,46588
285500,46587
30279,46587
254118,46587
12717,46587
24141,46587
202865,46586
42204,46586
269202,46586
230998,46585
167407,46585
195081,46585
283346,46584
113847,46583
290597,46582
280258,46582
144,46582
11156,46582
295446,46581
139369,46581
216197,46581
287906,46580
220684,46579
182953,46579
15103,46579
82348,46579
25205,46577
200959,46577
65096,46576
288016,46575
204779,46575
245300,46575
294451,46575
145240,46574
166378,46573
247261,46572
1820,46572
46934,46572
226892,46572
192718,46572
150554,46572
4802,46571
283247,46571
279583,46570
190886,46570
116600,46569
140413,46569
138318,46569
17438,46569
291139,46568
57865,46567
176823,46567
291152,46566
284581,46566
256099,46566
22844,46566
11838,46565
232062,46565
231211,46563
96288,46563
222995,46563
26829,46562
212312,46562
211734,46562
218135,46562
212713,46562
91599,46561
137092,46561
126101,46561
226304,46561
286424,46560
168768,46559
21171,46559
94762,46559
205268,46559
60550,46559
245506,46559
162877,46558
268133,46558
239085,46558
152407,46556
82275,46556
30066,46555
8178,46555
28042,46554
103905,46553
58724,46552
220924,46552
3383,46551
89333,46551
256052,46550
189918,46550
129917,46550
230171,46550
270100,46549
199483,46548
187655,46548
26332,46548
139489,46548
23539,46548
174788,46548
171059,46546
285588,46546
115560,46546
45117,46545
287317,46545
19286,46545
251146,46545
226460,46543
20585,46543
256167,46542
162358,46542
201251,46541
227535,46541
123477,46541
49092,46541
254214,46540
54800,46540
268010,46539
32614,46538
57997,46538
213423,46538
172689,46537
257266,46537
219561,46536
144844,46536
245778,46536
33564,46535
284205,46535
112113,46535
126812,46535
234331,46535
25484,46534
29724,46533
29166,46533
282486,46533
61985,46532
230804,46530
15495,46529
238817,46529
213492,46528
128933,46528
137656,46528
257724,46527
164499,46527
49189,46527
67280,46526
7555,46526
1376,46526
234030,46526
9713,46526
283107,46525
49555,46524
221906,46524
106570,46524
223596,46524
79905,46523
233651,46522
42300,46522
160103,46522
294930,46520
9870,46520
128755,46520
121850,46519
45243,46519
248254,46519
125077,46519
230041,46519
117948,46519
151966,46518
219148,46518
51715,46518
123640,46518
49787,46517
12210,46517
203911,46516
181012,46516
277267,46515
25469,46515
28198,46515
24782,46515
219996,46514
5151,46513
222602,46513
261946,46512
234438,46512
178704,46512
141125,46511
237190,46511
172842,46510
136495,46510
157395,46509
109120,46509
190154,46508
216774,46506
139618,46506
19853,46506
228639,46504
241283,46503
180494,46503
101639,46503
222788,46503
42916,46503
189443,46502
41083,46502
82613,46502
288758,46502
249669,46501
115685,46501
293831,46500
256818,46500
250456,46498
77971,46498
282224,46498
6563,46498
26,46498
211548,46498
226438,46496
16319,46495
279550,46495
8091,46494
74742,46494
50792,46494
2910,46493
12569,46493
32048,46493
128303,46493
286220,46493
44506,46492
208692,46491
209198,46491
135908,46491
105735,46491
292106,46490
102161,46490
232100,46490
221922,46489
228063,46489
223242,46489
194197,46488
198341,46488
112016,46488
30530,46487
28934,46487
125847,46486
279708,46486
54739,46486
250100,46486
210292,46485
164727,46484
281477,46484
3097,46484
160313,46484
225693,46483
271365,46483
71209,46483
31504,46483
248136,46483
198637,46482
236492,46482
10987,46482
260633,46481
37793,46481
136787,46480
265566,46480
273625,46480
268946,46480
108613,46480
234559,46479
191131,46478
88174,46478
174863,46478
118584,46478
123317,46477
248000,46477
274461,46477
164701,46476
199773,46476
199044,46476
5438,46475
279013,46475
236662,46474
34556,46474
271687,46473
157439,46473
89420,46473
3508,46473
5183,46473
282107,46473
130698,46472
264646,46472
284691,46472
293162,46472
135270,46470
25137,46470
160179,46470
220394,46469
235962,46469
236187,46468
217179,46468
34781,46467
273322,46466
6380,46465
81321,46465
218323,46464
258641,46464
240992,46464
64158,46463
28369,46463
44276,46463
136954,46463
127370,46462
112526,46462
225431,46462
285989,46462
162591,46462
237084,46462
256473,46462
23994,46462
149041,46461
113215,46461
140778,46461
72182,46461
26495,46461
207561,46460
262434,46459
232391,46459
293514,46459
108990,46459
120587,46459
15002,46458
77186,46458
265981,46458
59251,46458
286249,46458
142924,46457
114471,46457
242309,46456
100818,46456
238543,46456
233887,46456
159075,46456
7749,46456
93446,46455
199049,46455
272855,46454
20192,46454
183190,46454
267710,46454
160977,46454
148486,46453
275012,46453
209455,46452
280077,46452
122953,46452
143953,46452
96217,46452
204882,46451
55999,46451
256588,46451
140290,46451
201855,46450
25264,46448
293177,46448
178106,46448
276390,46448
177290,46448
256134,46447
132655,46447
98633,46447
231503,46446
10473,46446
8092,46444
90862,46443
231482,46443
239702,46443
280318,46443
206606,46443
258058,46443
110064,46442
273568,46442
184428,46442
179416,46440
125744,46439
80695,46439
203597,46438
141953,46438
13883,46437
266526,46437
13096,46437
83363,46437
247967,46437
213925,46436
27981,46435
174979,46435
177319,46435
242613,46435
205215,46435
231613,46435
193703,46435
122513,46435
214915,46434
114577,46434
223624,46434
91873,46434
9923,46433
252489,46433
208948,46433
163335,46433
262011,46433
135155,46432
156575,46432
54002,46432
128390,46431
157672,46431
182186,46431
216681,46431
270733,46430
199605,46430
181728,46430
53559,46430
200767,46430
250222,46429
189803,46429
47125,46429
191748,46429
13834,46429
204123,46428
55665,46428
170231,46427
260865,46426
198789,46426
78344,46425
281357,46425
243170,46425
226287,46424
145681,46424
16537,46424
290745,46423
192470,46423
185946,46423
1134,46423
100055,46423
93269,46421
239118,46421
236846,46421
83729,46418
277756,46418
34199,46417
163708,46417
3163,46417
81351,46416
279859,46416
222589,46415
275436,46414
177822,46414
147093,46414
269918,46414
101484,46414
234305,46413
199072,46412
115944,46411
254733,46410
163446,46410
43121,46410
61970,46410
10766,46410
224523,46409
244917,46409
136367,46408
194308,46408
295776,46407
26150,46407
285042,46407
178294,46407
230191,46407
13866,46406
18771,46406
235190,46406
150643,46405
9354,46405
155254,46405
120148,46405
196806,46405
238207,46404
246579,46404
249167,46404
65941,46403
74973,46401
286561,46401
40200,46401
207035,46400
117315,46400
158758,46400
267246,46399
231813,46399
271964,46399
147890,46398
28649,46398
112336,46397
106575,46396
30113,46396
286237,46396
163518,46396
22340,46395
63849,46395
1749,46395
186691,46394
164909,46394
27993,46394
31919,46393
141451,46393
164462,46393
254857,46393
38548,46392
127555,46392
230675,46392
176285,46392
251044,46391
268780,46391
52111,46391
190974,46390
210562,46389
122465,46389
208157,46388
6499,46388
159418,46388
281194,46387
166993,46387
233850,46387
51856,46387
269549,46387
156115,46386
25175,46386
242255,46385
16428,46385
9854,46385
43241,46385
247886,46385
113400,46385
264518,46384
64524,46384
239537,46384
98081,46384
244454,46384
98451,46384
15386,46383
142450,46382
270647,46382
78793,46382
32418,46381
103886,46380
172305,46380
51810,46379
215048,46379
221726,46378
10503,46377
250861,46376
270615,46376
227917,46375
234714,46375
63127,46375
227478,46374
11525,46374
110511,46374
192051,46374
36023,46374
134369,46373
229836,46373
215096,46373
99522,46372
265160,46372
258431,46371
114859,46371
285212,46371
267,46370
293684,46370
237827,46370
292532,46369
278498,46369
37059,46369
39042,46369
68425,46369
206773,46369
213386,46369
10090,46368
193021,46368
186562,46368
207120,46368
174300,46367
237146,46366
236734,46366
229225,46366
91092,46366
245533,46365
229659,46364
1153,46364
24059,46363
124171,46363
117571,46363
200141,46363
107314,46362
187769,46362
172368,46361
25311,46361
120865,46361
277103,46361
8979,46361
229497,46360
99749,46360
226422,46359
231972,46358
200995,46358
42350,46358
1960,46358
76088,46358
10342,46357
149105,46357
245469,46357
50273,46357
223213,46357
290299,46357
241244,46357
289427,46356
209323,46356
271390,46356
207661,46356
37209,46356
143544,46356
42358,46356
196026,46355
185961,46355
45836,46355
181059,46354
187439,46354
195348,46354
23147,46354
259565,46354
253458,46353
259321,46353
29843,46353
217285,46352
172762,46352
292022,46351
134998,46351
283672,46351
31883,46350
225080,46350
2050,46350
289380,46349
292156,46349
190276,46348
289496,46348
242525,46347
250618,46347
40366,46347
168116,46346
250878,46346
223254,46346
30068,46345
260094,46344
12946,46344
27134,46344
255184,46344
61230,46344
90414,46343
250357,46343
113130,46343
27045,46343
143970,46342
32919,46342
113770,46341
233419,46340
229976,46340
40021,46339
274074,46339
118491,46339
242383,46338
185234,46338
160693,46338
201185,46338
284563,46338
249562,46337
67215,46337
54460,46337
67086,46337
128669,46336
17624,46336
122958,46335
85735,46335
49816,46334
196530,46333
268778,46333
225400,46332
259628,46332
187528,46332
200955,46332
196723,46332
178892,46332
282976,46332
198585,46331
225846,46331
62619,46331
294358,46331
254824,46330
142142,46330
4865,46330
200965,46329
244265,46329
42361,46329
44194,46329
292810,46328
4059,46328
226073,46328
9208,46327
180954,46327
220159,46326
217541,46326
125822,46326
37042,46326
173661,46325
135097,46325
65103,46325
8559,46325
24564,46324
191522,46324
114852,46324
120350,46324
48671,46323
152975,46323
46509,46323
80395,46322
199688,46322
216604,46320
118836,46320
117566,46319
135777,46319
244352,46319
2773,46318
18737,46318
540,46318
37674,46318
160036,46318
3965,46317
88584,46317
168142,46317
242667,46317
165434,46317
235104,46317
214347,46316
207955,46315
18714,46315
95404,46315
227294,46314
289405,46314
86376,46313
164851,46313
242252,46313
272856,46312
133447,46312
282833,46311
221176,46311
84848,46311
186294,46310
240206,46310
185425,46309
143808,46309
284404,46308
150771,46307
117521,46307
35475,46307
227864,46307
241810,46307
293371,46307
62557,46306
86531,46306
247232,46306
11132,46305
242111,46304
189484,46304
185539,46304
117440,46303
75504,46303
77694,46302
127846,46302
201974,46301
217501,46301
210103,46301
165487,46301
162179,46301
274532,46300
2955,46300
238568,46299
164233,46299
248545,46299
144927,46299
251210,46299
46020,46298
251659,46298
163591,46298
216908,46298
207519,46298
114434,46297
232141,46297
116726,46297
205909,46297
136589,46297
280136,46297
122503,46296
192412,46296
236982,46296
201652,46296
149267,46295
117146,46294
77277,46294
10089,46294
181442,46293
169471,46293
65915,46293
281022,46293
205586,46293
240546,46293
136554,46293
77508,46292
215910,46292
12427,46292
78012,46292
255875,46292
230947,46291
103702,46291
252973,46290
28759,46290
135004,46290
109551,46289
42465,46289
157421,46288
118541,46288
232343,46288
210910,46288
295806,46288
239031,46287
211504,46287
187530,46287
204654,46287
268977,46286
227564,46285
71066,46285
171000,46284
201315,46284
212599,46284
183489,46284
238721,46284
247702,46283
186856,46283
144694,46283
295138,46283
15790,46282
85881,46282
229524,46282
187353,46282
51660,46282
160495,46282
243917,46282
170084,46281
112887,46280
235877,46280
260708,46280
35827,46279
218462,46279
2185,46279
215497,46278
154308,46278
154810,46278
227575,46278
156504,46278
262027,46277
250859,46277
176171,46277
43744,46276
271882,46276
272337,46276
3565,46275
193089,46275
148952,46275
277855,46275
259590,46274
155810,46274
71110,46274
3959,46273
150224,46273
268678,46273
113837,46273
212276,46272
281179,46272
21041,46271
242658,46271
4639,46271
281155,46270
110532,46270
3517,46270
204243,46270
202699,46269
233899,46269
193917,46269
179236,46269
231566,46268
274102,46268
13116,46268
69793,46267
161944,46267
253581,46267
51543,46267
250390,46266
45306,46265
280012,46265
126888,46265
155888,46264
53562,46264
281386,46264
85659,46264
242136,46263
27041,46263
34469,46262
41900,46261
163330,46261
151496,46261
223457,46260
245861,46260
259940,46260
156861,46260
4345,46259
145666,46258
154755,46258
222375,46257
284683,46257
263898,46257
195067,46257
31242,46256
229750,46256
31488,46256
262710,46255
223235,46255
21288,46255
106102,46255
251442,46254
7004,46252
26034,46252
240652,46252
280412,46251
108744,46250
249400,46250
239083,46250
70929,46249
210207,46249
5970,46248
120162,46248
154199,46248
19935,46248
62948,46248
238653,46248
72663,46247
213899,46247
32064,46247
150014,46247
31277,46247
60292,46246
2442,46246
98959,46246
236140,46245
207393,46245
106455,46245
189844,46245
151677,46245
226773,46245
186055,46244
124209,46244
146694,46243
199363,46243
105094,46243
211046,46242
169780,46242
202589,46242
161452,46242
46145,46241
156617,46241
257762,46241
253992,46241
159651,46240
273755,46240
61656,46240
241347,46240
214394,46240
123154,46240
146351,46240
283794,46239
2318,46239
104219,46239
257394,46239
681,46239
15429,46239
196860,46238
185552,46238
240998,46238
46143,46238
179671,46236
262531,46236
244957,46236
56252,46235
200051,46235
42741,46235
105677,46234
186878,46234
246016,46234
280176,46234
282208,46233
148656,46233
213509,46233
203935,46233
9134,46233
112385,46233
87961,46233
123544,46232
149931,46232
2451,46230
115758,46230
152384,46229
214906,46228
152644,46228
29325,46228
296587,46227
165939,46227
212201,46227
143955,46226
274622,46226
29425,46226
74113,46226
3295,46226
181775,46226
272136,46226
33863,46225
259566,46225
25808,46225
226057,46224
286432,46224
220155,46224
287247,46224
149549,46223
35854,46223
10257,46223
55070,46223
247278,46223
65848,46222
147058,46222
295636,46222
255463,46222
180345,46222
261933,46222
51117,46222
231158,46221
161519,46221
36636,46220
141067,46220
265198,46220
16285,46220
140251,46219
241175,46219
110508,46218
217543,46218
279289,46218
3855,46218
105404,46218
231342,46217
189872,46217
134087,46217
151893,46216
153569,46216
158414,46215
198949,46215
216397,46215
34103,46214
104856,46214
254437,46214
16040,46214
250265,46213
198208,46212
76819,46212
198645,46211
251897,46211
168065,46211
24229,46211
206935,46211
114423,46211
176774,46211
111685,46210
264692,46209
157033,46208
160816,46208
235784,46208
52186,46208
158750,46207
224350,46207
220598,46207
97102,46207
6392,46207
170123,46207
202227,46207
165569,46206
218122,46206
54662,46206
26376,46206
262423,46205
100848,46205
152159,46205
205747,46205
154820,46205
129001,46204
179719,46204
248056,46204
51254,46204
69403,46204
184302,46203
115261,46203
188565,46203
80601,46203
264446,46202
247690,46202
178223,46201
27619,46201
33650,46201
202749,46201
153699,46201
149445,46200
273152,46200
263499,46200
37938,46200
3981,46199
152319,46199
2840,46199
264086,46199
109249,46199
278128,46198
194417,46198
118877,46198
3783,46197
141930,46197
275470,46197
216920,46197
276680,46197
139341,46196
287759,46196
221542,46196
82307,46196
227783,46196
241115,46196
231119,46196
140810,46195
112560,46195
143678,46194
61445,46194
256022,46194
47944,46193
288162,46193
296347,46193
44292,46192
256858,46192
218926,46191
246189,46191
126866,46190
53605,46190
12331,46190
191898,46190
78532,46189
197572,46189
242379,46189
33574,46189
156703,46189
253428,46189
62852,46188
82919,46188
135433,46188
274931,46188
238920,46188
29915,46188
269392,46187
58585,46187
41490,46187
4893,46187
10261,46186
33831,46186
145973,46186
189563,46186
276788,46185
96579,46185
292579,46185
222266,46184
74431,46184
79429,46183
117184,46183
172977,46183
142479,46183
174057,46182
19809,46182
286782,46182
153638,46182
100615,46182
167946,46182
23077,46182
1641,46181
15111,46181
85299,46181
247518,46181
280050,46181
261806,46181
173774,46181
27448,46180
162166,46180
259916,46180
152818,46179
201090,46179
115672,46179
30033,46179
5061,46178
146425,46178
103064,46178
2426,46178
223330,46177
287033,46177
273018,46177
177257,46177
263799,46176
20884,46176
292037,46176
13743,46175
212130,46175
13050,46175
1013,46174
216640,46174
96201,46174
196747,46174
285845,46174
248260,46173
259448,46173
31243,46173
74706,46173
289644,46173
21983,46173
244332,46172
220806,46172
100222,46172
107237,46172
4522,46171
46655,46171
204615,46171
272202,46171
248691,46171
236439,46170
13931,46170
210944,46169
272132,46169
218588,46169
1651,46169
118249,46169
177155,46168
236443,46168
8584,46168
247759,46168
23336,46167
144999,46167
218225,46167
46501,46166
174523,46166
133627,46166
182851,46166
261152,46166
250197,46165
160950,46165
202687,46165
219540,46165
278482,46165
93585,46164
117820,46164
244383,46164
25617,46164
139024,46163
169520,46163
130049,46162
123358,46162
185695,46162
24747,46162
259379,46161
198989,46161
128620,46161
226513,46161
13885,46161
206634,46160
146801,46160
292368,46160
275638,46160
17557,46160
184141,46159
157508,46159
258690,46159
293591,46159
101136,46159
162287,46159
28473,46158
160633,46158
153006,46158
39957,46158
284780,46158
283728,46157
161168,46157
124722,46157
152113,46157
54180,46157
192638,46157
176430,46156
32748,46155
256182,46155
281847,46155
194904,46155
276123,46155
58259,46155
190388,46155
54010,46154
179773,46154
19835,46154
175127,46154
188316,46154
214957,46154
197888,46154
276910,46153
177037,46152
218483,46152
245970,46152
294918,46151
24530,46151
188589,46151
241877,46151
269807,46151
39811,46150
225550,46150
197992,46149
11501,46149
141600,46149
216205,46148
199093,46148
209158,46148
179252,46148
276792,46148
112332,46147
105529,46147
171418,46147
41640,46147
93558,46147
144210,46146
98043,46146
2406,46145
18938,46145
278931,46144
227154,46144
34669,46144
278596,46144
242698,46144
158374,46144
7611,46144
252962,46144
133195,46144
272378,46143
209483,46143
65261,46143
223631,46142
46889,46142
250003,46142
50090,46141
263236,46141
92989,46141
242974,46141
20193,46141
180801,46140
191266,46140
100995,46140
144762,46140
163027,46140
249582,46139
228379,46139
2038,46139
243909,46139
19730,46139
20622,46138
267983,46138
66406,46138
264017,46138
211470,46138
50289,46138
192133,46137
219641,46137
258155,46137
109829,46137
30554,46137
53578,46137
43540,46137
75451,46137
158673,46136
68989,46136
217868,46136
169117,46136
220969,46135
21959,46135
212560,46135
108441,46134
195427,46134
23484,46134
264207,46134
249371,46134
72500,46133
90141,46133
253867,46132
103870,46132
180083,46132
126363,46132
169973,46132
181019,46131
39397,46131
218816,46130
190216,46130
208654,46129
133171,46129
253063,46129
241325,46128
201091,46128
237524,46127
256954,46127
65190,46127
276493,46126
268008,46126
110596,46126
62331,46126
112129,46125
132763,46125
3686,46124
128012,46124
123839,46124
192519,46124
183538,46123
151601,46123
8585,46123
141401,46123
278716,46123
207133,46123
215406,46123
195540,46122
221482,46122
267472,46121
291750,46121
144139,46120
173080,46119
269645,46119
261649,46119
204987,46119
96035,46119
159962,46118
251968,46118
251231,46118
51926,46118
203515,46117
224232,46117
251779,46116
42098,46116
9331,46116
217938,46116
224325,46116
10633,46116
218632,46116
54211,46115
125537,46115
108634,46115
189324,46114
164544,46114
293006,46114
31758,46114
17991,46114
101893,46114
122059,46113
2499,46113
257129,46113
212209,46113
113495,46113
50702,46112
204663,46112
118949,46112
262025,46111
148627,46111
243820,46111
172229,46111
183696,46111
241980,46110
257927,46110
59163,46110
28342,46110
233081,46110
205870,46110
282796,46110
10445,46110
89137,46110
127910,46109
240439,46109
19081,46109
55517,46109
126821,46109
254462,46109
58684,46109
57756,46109
27639,46109
209204,46109
39950,46108
133896,46108
24434,46108
294098,46108
195342,46108
162436,46107
207060,46107
157222,46107
259390,46106
23667,46106
164070,46106
237303,46106
9461,46106
176397,46105
177144,46105
75822,46105
28258,46105
34125,46104
193862,46104
286518,46104
157770,46104
282567,46103
49903,46102
233157,46102
165471,46102
153899,46102
227784,46101
79423,46101
76057,46101
58891,46101
58001,46101
139877,46101
75150,46100
250377,46100
220127,46100
111117,46100
218967,46100
215898,46100
251995,46099
196857,46099
230085,46098
7113,46098
81541,46098
107485,46097
140570,46097
56560,46097
223887,46096
143080,46096
82094,46096
131240,46096
254315,46095
215294,46095
269282,46095
271756,46095
57561,46095
11746,46095
88564,46095
185303,46094
196052,46094
258921,46094
278897,46094
46171,46094
207194,46094
208184,46093
34828,46093
154053,46092
35417,46092
92817,46092
114407,46092
140879,46091
211186,46091
38179,46091
290524,46091
289288,46091
264282,46090
124138,46090
41186,46090
174133,46090
197957,46090
227,46090
240761,46089
55044,46089
144045,46088
268692,46088
96281,46088
237300,46087
255330,46087
189775,46087
3297,46087
262861,46087
140495,46087
131255,46086
274139,46086
55793,46086
293880,46086
231519,46086
118207,46086
276637,46085
235034,46085
255816,46085
294421,46085
140134,46084
50785,46084
244167,46084
116094,46084
68657,46083
281818,46083
23176,46083
91698,46083
216721,46082
208336,46082
245593,46082
178365,46082
107532,46081
117412,46081
230596,46081
138890,46081
245744,46080
223721,46080
206018,46080
260036,46080
22510,46079
43283,46079
212627,46079
287198,46078
295103,46078
206106,46078
269972,46078
167549,46078
202686,46078
272271,46077
275002,46077
23434,46077
288692,46076
30411,46076
40790,46076
112252,46075
61909,46075
249415,46075
3738,46075
45021,46075
154219,46075
64441,46074
258111,46074
42211,46074
208058,46074
292988,46074
202024,46074
275231,46073
64519,46073
237516,46073
166310,46073
149603,46073
122447,46073
7908,46072
65803,46072
177311,46072
207838,46071
61208,46071
286672,46071
91782,46070
124050,46070
256032,46070
26469,46070
280576,46070
184089,46070
281020,46070
156569,46070
147892,46069
200633,46068
207737,46068
21406,46067
256317,46067
57682,46067
289949,46067
94018,46067
180842,46066
194512,46066
130100,46065
258121,46065
100036,46065
32750,46064
243818,46064
291983,46064
212027,46063
14344,46063
80497,46063
186841,46063
262986,46062
88115,46062
185709,46061
217976,46061
202010,46061
115029,46061
245938,46061
166456,46061
2102,46061
13571,46061
117181,46061
210733,46060
53156,46060
200743,46060
47220,46060
281278,46060
249308,46059
62329,46058
166760,46058
6171,46058
171403,46058
277541,46058
210832,46058
191916,46058
274994,46058
246821,46057
20514,46057
97678,46057
199569,46057
1793,46056
21663,46056
150183,46056
249577,46056
54673,46056
37368,46056
129927,46056
130087,46055
289164,46055
30127,46055
37011,46055
171571,46055
231754,46054
24292,46054
218275,46054
38399,46053
257733,46053
16033,46053
279323,46053
237444,46053
111233,46053
128155,46053
186937,46053
114809,46052
255331,46052
2862,46052
217322,46052
219147,46052
232640,46052
279646,46052
193584,46052
242067,46051
246576,46051
205643,46051
244020,46051
26300,46051
282950,46050
210017,46050
179155,46050
258210,46049
12142,46049
137328,46049
82100,46049
111721,46049
248159,46049
153861,46049
57113,46048
145833,46048
155848,46048
28460,46047
135313,46047
147085,46047
226970,46047
21352,46046
233722,46046
197508,46046
266519,46046
247466,46046
208115,46046
272309,46046
295939,46046
276658,46045
285029,46045
287705,46045
57658,46044
141952,46044
220593,46044
1132,46044
180440,46044
231416,46044
160492,46044
162360,46043
80687,46043
147171,46043
7081,46043
8965,46043
15708,46043
56898,46043
54789,46043
109941,46042
133203,46042
55788,46042
287835,46041
274333,46041
2923,46041
12544,46041
242777,46041
281468,46040
19071,46040
290912,46040
198552,46040
95241,46039
206778,46039
115095,46039
135899,46039
197084,46038
269853,46038
264334,46037
212,46037
237889,46037
168273,46037
261558,46037
240724,46036
290288,46036
220604,46036
138500,46035
224270,46035
288374,46035
29781,46035
235740,46035
31624,46035
26410,46035
197667,46034
123038,46034
104268,46034
181250,46034
135259,46034
252483,46034
295779,46034
47116,46034
109976,46033
627,46033
417,46033
186047,46032
68869,46032
169483,46032
284975,46032
271498,46032
82447,46032
142016,46031
294467,46031
252553,46031
257030,46031
160353,46031
139821,46030
88474,46030
273193,46030
162822,46030
198578,46029
288222,46029
194974,46029
232034,46028
10393,46028
13392,46027
235394,46027
271239,46027
232175,46027
224820,46026
36381,46026
178996,46026
85866,46025
50092,46025
169976,46025
5389,46025
179227,46025
220896,46025
162820,46025
210779,46024
116760,46024
53796,46024
276317,46024
167781,46024
30269,46023
156678,46023
42463,46023
55462,46022
2471,46022
4636,46021
173371,46021
143033,46021
265440,46021
186990,46021
145353,46020
10948,46020
260850,46020
186424,46020
96084,46020
111210,46020
8032,46020
90330,46020
146252,46020
214645,46020
139005,46020
83022,46019
210484,46019
79839,46019
3439,46019
267497,46018
12085,46018
177461,46018
284214,46017
213911,46017
148332,46017
214377,46017
87359,46017
14973,46016
213047,46016
106672,46016
280807,46015
237438,46015
114801,46015
162674,46015
249931,46015
171843,46015
131727,46015
48527,46015
138678,46015
23083,46014
151743,46014
257099,46014
143608,46014
110966,46014
165001,46013
211472,46013
105598,46013
153361,46013
136373,46012
191635,46012
87303,46011
45852,46010
196665,46010
183212,46009
222483,46009
67623,46009
154057,46009
42671,46009
191551,46009
212908,46009
236719,46009
165383,46008
190224,46007
180706,46007
75420,46007
224410,46007
92646,46007
171266,46006
182297,46006
13011,46006
115492,46006
279897,46006
26955,46006
161204,46006
106228,46005
214466,46005
237330,46005
124489,46005
226162,46005
135947,46004
284409,46004
203648,46004
138271,46004
47532,46004
207103,46004
264902,46003
52675,46003
175989,46003
243525,46003
88892,46002
137358,46002
249695,46002
11897,46002
32519,46002
891,46001
174765,46001
150081,46001
186522,46000
278035,46000
167774,46000
74710,45999
274683,45999
5089,45999
165913,45999
291558,45999
25429,45998
244330,45998
81495,45998
281269,45997
269847,45997
223367,45997
46690,45997
62407,45997
154739,45997
198354,45997
269014,45996
139133,45996
82642,45995
6976,45995
75153,45995
5240,45995
144645,45995
222326,45995
4654,45995
133453,45994
142716,45994
13393,45994
12785,45994
162320,45994
143151,45994
208055,45993
206312,45993
32914,45993
208608,45993
268411,45992
255768,45992
215205,45992
83414,45991
258616,45991
197699,45991
279763,45990
273885,45990
277539,45990
146711,45989
291111,45989
193054,45989
247168,45989
158455,45989
280732,45989
189261,45988
222878,45988
128967,45987
234384,45987
126532,45987
36228,45987
4913,45987
255700,45987
57803,45987
3171,45987
50862,45986
161139,45986
176140,45986
292922,45986
824,45986
260861,45986
182121,45986
224245,45986
193016,45986
230510,45986
44379,45986
66114,45985
238248,45985
70651,45985
128026,45985
93039,45985
223527,45985
152705,45984
7498,45984
221680,45984
165986,45984
288019,45984
290607,45984
157142,45983
223876,45983
130387,45983
140870,45983
35995,45982
170108,45982
155662,45982
59331,45982
63533,45982
59913,45982
277549,45982
236780,45981
141817,45981
296450,45981
255111,45981
233233,45981
39387,45981
26343,45981
237557,45980
2874,45980
109880,45980
16810,45980
190922,45979
47545,45979
203615,45978
10704,45978
77967,45978
227925,45978
189424,45978
8751,45978
158349,45978
195196,45978
134208,45977
115280,45977
243687,45976
200722,45975
6246,45975
247835,45975
145470,45974
97450,45974
182866,45974
289174,45974
256259,45973
234313,45973
271373,45973
177188,45973
243749,45973
196220,45972
150226,45972
203010,45972
277976,45971
29280,45971
8296,45971
91254,45971
164002,45970
293814,45970
121698,45970
198289,45969
14892,45969
147429,45968
66781,45968
276534,45968
8201,45967
12608,45967
211138,45967
198554,45967
109210,45967
138438,45966
107838,45966
4556,45966
265498,45966
231580,45966
254266,45965
270742,45965
286337,45965
292205,45964
206273,45964
16900,45964
233817,45964
108878,45964
4922,45963
63214,45963
84446,45963
195281,45963
155836,45962
247897,45962
214409,45962
37985,45962
188202,45961
769,45961
140214,45961
125722,45961
108168,45961
184152,45961
184580,45960
254183,45960
193727,45960
280055,45960
252686,45960
145088,45960
255105,45960
170875,45959
207485,45959
84097,45959
32864,45959
283698,45959
163188,45959
132043,45959
284155,45958
115137,45958
181859,45958
217875,45958
267780,45958
237913,45958
172430,45958
163090,45958
40866,45958
194432,45958
91285,45957
161972,45957
5212,45957
14541,45957
35462,45956
165565,45956
145937,45956
266247,45956
31407,45955
57655,45955
37064,45955
159094,45955
91648,45955
260582,45955
175386,45954
99016,45954
236107,45954
20253,45954
242035,45954
126365,45953
168312,45953
155950,45953
27705,45953
248433,45953
268007,45952
185463,45952
37214,45952
221645,45952
285445,45952
282522,45952
210939,45952
160742,45951
263946,45951
269228,45951
185511,45951
244525,45951
98473,45951
204251,45951
235631,45950
275880,45950
286312,45950
237947,45949
78480,45949
86941,45949
208424,45948
279412,45948
259311,45948
245258,45948
219336,45947
233790,45947
211051,45947
37085,45947
99382,45946
111375,45946
50094,45945
189543,45945
237004,45945
120021,45945
268158,45945
82909,45944
215828,45944
155364,45944
282800,45944
197263,45944
141126,45944
101219,45944
206076,45943
169011,45943
277054,45943
38946,45943
184543,45943
96495,45943
206147,45942
46634,45942
28005,45942
41387,45942
226900,45942
247357,45942
151690,45941
284769,45941
257015,45941
207900,45941
288029,45941
118760,45941
168074,45940
268279,45940
151660,45940
279012,45940
151973,45940
216300,45939
35469,45939
126095,45939
138969,45939
126540,45939
142387,45939
234,45939
166722,45938
261547,45938
54482,45938
244569,45938
138051,45938
29185,45937
260692,45937
291515,45937
162106,45937
220250,45937
5042,45937
268971,45936
78221,45936
11579,45936
272863,45935
241224,45935
41555,45934
100192,45934
154911,45934
103172,45934
17375,45933
41986,45933
99072,45933
267277,45933
285679,45932
259715,45932
34291,45932
244461,45932
11675,45931
272737,45931
178659,45931
137066,45931
100193,45931
116119,45930
223374,45930
192070,45930
118315,45930
295246,45929
91545,45929
114228,45929
69161,45929
288337,45929
52760,45929
204536,45929
55756,45929
274298,45928
291350,45928
43272,45928
140471,45928
94137,45928
72885,45928
202952,45928
275228,45928
45359,45927
239862,45927
27970,45927
268438,45927
281312,45927
145389,45927
60600,45927
200490,45927
240927,45926
190698,45926
135729,45926
273628,45926
292609,45925
51223,45925
146328,45925
214751,45925
281802,45924
162614,45924
230020,45924
234884,45924
233796,45924
200341,45924
208375,45924
176958,45923
142365,45923
180149,45923
196820,45923
282290,45923
129284,45922
278246,45922
5429,45922
269753,45922
34814,45921
107298,45921
213516,45921
134870,45921
248480,45921
52120,45921
147411,45921
98347,45920
229636,45920
180219,45920
245042,45920
269144,45920
125951,45920
294650,45919
80480,45919
152879,45919
41946,45919
194921,45919
232690,45919
100659,45919
59759,45918
5132,45918
192866,45918
52231,45918
275561,45918
208741,45918
115654,45918
260125,45918
64319,45918
188623,45917
149216,45917
284197,45917
169058,45917
111238,45916
62141,45916
268522,45916
289456,45916
76181,45916
240505,45915
137857,45915
143009,45915
26256,45914
275075,45914
173263,45914
25631,45914
179280,45914
181935,45914
16216,45912
35107,45912
3935,45912
257748,45912
252466,45912
72452,45911
148721,45911
42293,45911
248593,45911
286115,45911
145411,45910
171321,45910
33948,45910
53209,45910
273785,45910
254032,45910
63210,45910
124189,45910
181867,45910
199184,45909
221216,45909
296415,45909
197770,45908
139058,45908
243205,45908
123048,45908
39704,45908
4611,45908
95410,45908
136720,45908
293794,45908
268056,45907
157267,45907
132646,45907
296060,45907
276275,45907
222764,45907
167454,45907
47373,45907
183922,45907
99709,45906
61711,45906
44046,45906
221609,45906
187322,45906
109846,45905
205842,45905
147768,45905
57110,45905
238177,45905
30239,45905
108984,45905
196618,45904
254050,45904
221151,45904
296080,45904
270508,45904
259637,45904
206066,45904
200028,45904
182491,45904
149456,45903
181794,45903
138153,45903
255605,45903
15826,45903
44346,45903
50601,45903
22567,45903
264714,45903
152998,45903
169443,45902
2003,45902
224728,45902
261777,45902
131418,45902
50897,45902
158099,45902
272925,45901
184170,45901
216859,45901
248781,45901
136277,45900
232547,45900
97958,45900
222070,45900
267743,45900
22357,45900
178820,45899
30617,45899
67535,45899
171157,45899
132340,45899
291401,45898
264026,45898
272262,45898
177605,45898
185703,45898
65785,45897
146374,45897
124782,45897
60037,45896
45284,45895
157369,45895
190533,45895
55380,45895
149613,45895
210248,45895
35814,45894
51344,45894
129861,45894
204597,45894
155847,45894
45830,45893
113443,45893
2967,45893
161987,45893
174662,45892
237648,45892
9564,45892
81748,45892
123435,45892
59780,45892
146846,45892
126548,45891
285355,45891
227245,45891
97926,45891
144731,45890
233748,45890
255895,45890
82637,45890
54420,45890
78634,45890
178961,45890
95381,45890
33949,45889
32052,45889
8348,45889
175836,45889
226414,45889
113493,45889
226218,45888
169242,45888
184077,45888
259316,45888
8439,45888
34993,45888
148634,45888
148227,45887
80111,45887
149479,45887
260117,45887
130686,45887
142167,45887
50233,45886
165264,45886
33292,45886
167756,45886
228507,45886
85624,45885
94143,45885
256533,45885
207589,45885
160939,45885
252712,45885
32422,45884
253314,45884
165072,45884
242152,45884
135895,45883
123017,45883
290116,45883
192925,45883
10905,45883
293055,45882
255593,45882
3520,45882
200488,45882
134675,45882
18460,45882
186934,45882
80430,45882
43581,45881
290789,45881
239119,45881
165273,45881
277050,45881
214826,45881
153808,45881
10519,45881
2460,45881
106517,45880
258988,45880
50262,45880
170343,45880
286164,45879
49169,45879
252498,45879
206853,45879
270358,45879
203315,45878
106243,45878
273726,45878
179632,45878
261130,45877
119619,45877
61382,45877
210139,45877
194906,45877
271516,45877
187614,45876
72163,45876
254573,45876
18952,45876
262845,45876
137402,45875
113676,45875
263077,45875
87105,45874
264103,45874
193923,45874
246319,45873
159493,45873
146076,45873
247592,45873
10727,45873
135084,45873
175783,45872
172311,45872
64832,45872
42511,45872
65759,45872
229893,45872
198219,45871
279719,45871
221954,45871
215894,45871
140453,45871
281156,45871
46136,45870
216842,45870
163522,45870
118547,45870
76397,45870
170011,45870
69883,45869
239967,45869
287241,45869
177479,45868
239065,45868
48657,45868
251894,45868
128337,45868
161930,45868
94391,45867
39953,45867
244780,45867
132164,45866
114405,45866
269743,45866
160654,45866
291667,45866
258242,45866
244667,45866
3790,45865
265824,45865
209959,45865
288139,45865
294541,45865
293005,45864
246029,45864
269321,45864
116207,45864
58914,45864
44086,45864
77752,45863
169533,45863
152537,45863
212298,45863
2502,45863
133085,45862
277029,45862
82936,45861
122550,45861
153590,45861
31910,45861
28142,45860
71429,45860
61810,45860
37393,45860
53588,45859
223916,45859
645,45859
88013,45859
247215,45859
88393,45859
201310,45859
26918,45859
207836,45859
288893,45859
102540,45859
217345,45858
220060,45858
284212,45858
279654,45858
264031,45858
240700,45857
247737,45857
33420,45856
674,45856
137891,45856
45652,45855
101113,45855
276667,45855
93946,45855
164301,45855
286884,45854
6104,45854
143642,45854
43826,45854
193245,45854
144628,45854
261356,45854
270998,45853
81375,45853
191694,45853
274069,45853
200569,45853
125021,45853
134554,45853
207446,45853
251681,45853
124682,45853
236100,45853
195879,45853
225927,45852
186587,45852
271455,45852
151039,45852
186667,45851
171044,45851
62394,45851
37421,45851
34247,45851
249539,45851
279122,45851
34959,45851
131808,45850
209866,45850
212675,45850
250515,45850
120361,45850
14730,45849
205499,45849
224359,45849
132962,45849
35052,45849
232209,45848
11799,45848
199607,45847
42436,45847
154004,45847
49758,45847
182899,45847
141397,45846
163475,45846
251598,45846
237348,45846
29211,45846
36242,45846
151002,45845
111434,45845
18200,45845
50177,45845
263319,45845
254104,45845
18461,45845
24859,45845
57794,45845
197773,45844
157694,45844
289737,45844
221670,45844
106176,45844
163445,45844
278302,45844
280081,45844
179444,45843
286404,45843
279325,45843
166531,45843
232432,45842
250950,45842
215288,45842
179711,45842
6301,45841
8442,45841
5135,45841
88992,45841
29861,45840
243898,45840
245594,45840
233242,45840
124014,45840
244445,45840
259384,45839
234139,45839
147987,45839
262847,45839
276520,45839
93751,45838
65042,45838
196124,45838
191537,45838
234319,45838
175588,45837
124178,45837
263339,45837
120146,45837
208546,45837
16588,45836
283228,45836
287450,45836
75601,45836
141663,45836
295838,45835
146673,45835
33522,45835
122407,45835
134669,45834
70552,45834
51762,45834
104722,45834
272305,45833
96467,45833
225972,45833
293513,45832
29270,45832
193143,45832
295590,45831
99866,45831
27299,45831
91384,45831
253730,45831
276857,45830
47773,45830
24302,45830
203707,45830
184358,45830
282000,45830
159721,45830
4614,45830
168535,45829
44097,45829
274347,45829
274225,45829
147930,45828
195382,45828
294141,45828
192112,45828
87580,45828
280178,45828
197794,45828
135364,45828
199386,45828
196903,45827
166952,45827
38261,45827
100426,45827
135827,45826
198129,45826
171797,45826
221687,45826
207018,45826
159904,45826
14230,45826
96309,45825
1845,45825
117900,45825
193948,45825
164837,45825
238541,45825
72429,45825
277802,45824
283196,45824
261292,45824
219558,45824
47915,45823
61611,45823
54952,45823
206087,45822
155748,45822
125701,45822
11987,45822
294834,45822
56779,45822
200720,45822
231845,45822
3787,45822
103017,45822
27908,45821
81844,45821
53115,45821
243469,45821
183988,45821
206241,45821
285432,45820
208877,45820
218111,45820
248879,45820
3872,45820
205636,45820
212473,45820
141358,45819
15240,45819
15518,45819
199390,45819
221021,45819
181412,45819
49187,45818
199069,45818
4353,45818
275733,45818
101354,45818
227640,45818
236788,45818
1827,45818
23390,45817
240580,45817
270842,45817
164405,45817
243168,45816
158748,45816
54784,45816
56303,45816
104281,45816
142793,45816
213192,45815
14505,45815
142169,45815
207254,45815
228340,45815
265109,45815
200090,45815
139621,45815
85259,45814
222604,45814
76749,45814
52934,45813
154295,45813
129649,45813
46840,45813
268698,45812
162276,45812
82299,45811
48401,45811
295702,45811
8843,45811
139919,45811
91352,45810
15396,45810
131779,45810
74631,45810
10043,45809
119516,45809
83868,45809
210290,45809
180667,45809
269275,45809
150466,45808
205113,45808
261496,45808
241492,45808
217655,45808
238123,45808
96993,45807
18313,45807
255438,45807
209301,45807
179264,45807
192934,45807
278471,45806
3749,45806
44712,45806
73191,45806
65298,45806
55506,45806
60796,45806
154902,45806
62718,45805
294066,45805
147078,45805
90104,45805
172709,45805
180325,45805
289033,45805
183033,45804
180404,45804
23481,45804
120679,45804
220861,45804
124158,45804
113199,45804
12730,45804
153821,45804
73945,45803
265955,45803
218138,45803
152238,45803
48945,45803
205193,45802
81562,45802
203045,45802
146459,45801
49112,45801
116173,45801
263428,45801
170778,45800
787,45800
10074,45800
6273,45800
8323,45800
120024,45800
90317,45800
226880,45800
185682,45800
265039,45799
66970,45799
10528,45799
172896,45799
81207,45799
175368,45799
92308,45799
295141,45799
94099,45799
52554,45799
300,45799
123907,45799
287780,45799
291259,45798
46127,45798
197251,45798
57473,45798
180449,45798
256234,45797
109400,45797
150846,45797
288150,45797
282032,45797
97537,45797
156220,45797
229124,45796
11511,45796
65189,45796
253194,45796
186091,45796
212360,45795
186573,45795
149884,45795
269216,45795
79690,45795
134860,45795
11843,45794
390,45794
75453,45794
47764,45794
206368,45793
6358,45793
46635,45793
53336,45793
81212,45793
83775,45793
64397,45793
230463,45793
18862,45793
231076,45793
94685,45792
149390,45792
16656,45792
2353,45791
15739,45791
240861,45791
68090,45791
173379,45790
159619,45790
246186,45790
267134,45790
76822,45789
282123,45789
255253,45789
88321,45788
286549,45788
5891,45788
290934,45788
223162,45788
51572,45788
233181,45787
236461,45787
95371,45787
212745,45787
223020,45786
161218,45786
118235,45786
9825,45786
38899,45786
289879,45786
238252,45785
41295,45785
255801,45785
52454,45784
50048,45784
268376,45784
267635,45784
159444,45784
290717,45783
238801,45783
65970,45783
281275,45783
86067,45783
250847,45783
144618,45783
270883,45782
157727,45782
283361,45782
229342,45782
133030,45782
211507,45782
216498,45782
197131,45781
99164,45781
191276,45781
48585,45781
112298,45781
287326,45781
205090,45781
223954,45781
35374,45781
203362,45781
223428,45780
250699,45780
57888,45780
250835,45780
49361,45780
46405,45780
126832,45780
24928,45780
247480,45780
262539,45779
157570,45779
271217,45779
21491,45779
181741,45779
73074,45778
188547,45778
38005,45778
88246,45778
292063,45778
205603,45777
226859,45777
51713,45777
188638,45777
16,45776
179057,45776
151949,45776
257482,45776
248872,45776
212911,45776
