37,100000
5343,54410
154,52680
3781,51739
14,51254
4046,51149
3166,50942
89,50776
181,50558
3740,50259
7404,50145
1355,49996
11818,49777
216,49664
58,49410
1306,49358
2660,49334
20340,49129
13340,49071
10602,48951
557,48845
35812,48746
2802,48712
133964,48711
5243,48704
357,48699
22411,48697
11718,48654
3550,48636
464,48571
37266,48521
45400,48520
9554,48514
202623,48469
4268,48463
270237,48458
30874,48430
4447,48408
305,48389
188180,48386
11230,48382
2559,48340
58386,48318
184911,48312
13066,48311
261549,48305
3315,48241
265715,48241
1287,48225
761,48221
138,48212
39394,48172
36741,48152
1418,48111
181646,48075
3203,48073
5337,48063
23659,48059
5847,48040
5965,47999
3241,47995
192025,47977
31008,47972
186499,47911
67927,47881
77297,47876
9342,47871
118495,47864
80431,47846
888,47846
171043,47799
2746,47789
111151,47774
237850,47770
274304,47767
157529,47764
270456,47749
242207,47706
249117,47703
253313,47703
40711,47702
254533,47674
251302,47655
275855,47653
63053,47646
278059,47627
31281,47624
83207,47620
287459,47613
53402,47612
282903,47605
251150,47586
131233,47571
6875,47553
207655,47541
261372,47531
8990,47524
10953,47516
287032,47504
289250,47504
572,47501
27009,47491
7587,47489
253503,47477
180156,47465
254794,47465
246700,47463
268855,47459
388,47437
245976,47434
81734,47430
6365,47427
7476,47424
33900,47419
8666,47414
9144,47411
223800,47408
189588,47407
277807,47399
116,47397
105429,47389
249787,47387
20146,47387
225992,47385
253324,47384
156880,47380
181276,47378
293107,47372
136993,47365
190907,47364
14195,47357
178532,47355
31,47349
277030,47349
276855,47348
158079,47346
209899,47345
252594,47343
206575,47341
180236,47334
234739,47327
198422,47324
189126,47319
202089,47318
2223,47315
194718,47314
141297,47313
21145,47308
6064,47304
156818,47297
512,47296
267352,47295
263022,47295
68595,47294
109854,47293
96211,47292
201226,47292
212126,47290
63293,47283
246588,47282
27746,47281
260655,47280
27776,47276
208229,47275
242910,47274
296399,47271
264048,47271
189346,47267
224707,47264
261809,47263
179709,47259
36,47254
262890,47254
156825,47249
293102,47248
241150,47247
65854,47245
224508,47236
159746,47231
227903,47229
285097,47223
248524,47220
285461,47219
266413,47217
152717,47216
290723,47214
186312,47209
294404,47206
230419,47205
1241,47203
194778,47202
262860,47199
170296,47195
286876,47194
295260,47194
180033,47194
272194,47191
2279,47189
258446,47186
219745,47184
191059,47183
278743,47182
286342,47175
251677,47175
271264,47174
7,47173
276048,47169
3537,47169
197255,47165
96101,47163
273447,47159
249714,47157
102171,47156
17661,47155
5783,47151
192875,47151
15658,47150
88127,47149
14514,47148
11176,47147
272437,47144
292943,47143
201948,47142
183120,47141
292550,47141
184702,47135
200794,47132
56208,47132
270056,47131
160700,47128
248817,47126
208280,47123
193272,47123
276221,47122
226654,47120
154254,47119
217958,47116
264641,47113
173206,47109
121808,47102
31063,47102
239268,47100
227800,47093
2551,47086
159984,47085
107694,47081
280051,47080
385,47079
182065,47079
3030,47076
9487,47075
274748,47074
9458,47073
251224,47073
224905,47070
4734,47069
100968,47066
291055,47066
225337,47066
4341,47066
283621,47065
260624,47065
204147,47065
233385,47064
106713,47060
227847,47059
253249,47059
40518,47058
32859,47058
293662,47057
231574,47056
278746,47054
226299,47052
270695,47050
256880,47049
160831,47048
240194,47048
156274,47048
62209,47046
278322,47045
146505,47044
278338,47040
260986,47037
123225,47037
248731,47036
30,47031
262568,47026
1445,47023
286071,47020
111130,47019
236535,47018
205855,47018
123752,47018
44914,47017
45350,47015
220638,47015
102899,47015
182135,47014
202098,47012
225319,47011
157259,47011
143857,47010
114290,47009
45472,47007
73531,47006
55,47004
287302,47004
4221,47003
137061,47001
179487,46999
261541,46998
254940,46996
115714,46995
125425,46994
271730,46993
1857,46992
1180,46991
282374,46990
286652,46990
230880,46989
189962,46988
24726,46988
1510,46987
81568,46986
106246,46985
7463,46982
113510,46982
268150,46982
183601,46980
156197,46979
65895,46977
242248,46975
200789,46974
161647,46974
108032,46973
40318,46972
6495,46971
269133,46971
291885,46971
755,46971
97162,46970
177,46970
249349,46970
93083,46968
283598,46965
270560,46964
226750,46964
277071,46963
124078,46963
6807,46962
295522,46961
203387,46960
204787,46960
233636,46958
7499,46957
240485,46957
327,46956
428,46953
195946,46952
4210,46952
114848,46951
76200,46948
293731,46946
229564,46943
231446,46940
197,46938
239729,46937
167593,46937
33578,46935
228750,46934
217207,46931
124892,46931
90251,46930
222732,46930
106351,46928
209803,46928
239149,46927
238945,46923
165597,46923
221175,46920
178266,46919
283049,46917
7125,46915
272442,46914
6473,46913
203098,46910
205252,46909
138106,46906
12708,46905
132934,46904
242915,46904
165409,46902
174476,46902
273894,46901
251861,46901
158859,46900
258359,46899
277869,46896
294896,46895
10567,46893
218725,46892
170994,46891
2620,46890
340,46889
91707,46887
226319,46887
148363,46887
652,46885
262468,46884
246117,46884
292996,46883
153947,46883
248504,46882
188404,46882
203807,46882
285170,46882
213579,46882
248314,46881
275414,46877
7934,46876
183913,46876
13285,46876
252357,46875
296542,46873
257708,46873
190588,46871
255692,46869
136,46868
205294,46866
20318,46866
200774,46866
223943,46865
105146,46864
126378,46863
231056,46863
254190,46861
187800,46859
168450,46859
14577,46856
277634,46856
250756,46855
158580,46855
191300,46854
248982,46854
170718,46853
199634,46850
112444,46849
272940,46848
239334,46848
248,46846
267067,46846
258584,46844
233673,46844
151503,46844
265922,46843
185280,46842
1004,46842
265127,46842
3637,46841
208117,46841
119587,46840
109999,46837
472,46837
256286,46836
239758,46836
263554,46835
109051,46835
140959,46834
159866,46833
229833,46833
113913,46833
177119,46832
277041,46832
250524,46832
124409,46829
277012,46827
18149,46827
263630,46826
199082,46826
228456,46824
213001,46823
135154,46822
245220,46822
46766,46819
246803,46818
249620,46817
1970,46817
221191,46817
292333,46815
278634,46814
260460,46813
276117,46810
230694,46810
210173,46809
177081,46808
247710,46807
1,46805
222248,46805
281692,46803
271441,46803
277286,46801
608,46801
129694,46799
275336,46798
11272,46797
272293,46795
171042,46795
215956,46794
191769,46793
238813,46791
204966,46790
258443,46789
31347,46789
226665,46788
262408,46787
190057,46786
282156,46785
248319,46784
224019,46784
186433,46784
860,46783
60029,46782
1866,46782
238220,46781
201075,46776
204673,46776
7807,46775
250750,46775
293167,46773
241304,46771
12126,46769
254698,46767
144827,46767
190030,46766
231675,46766
5946,46765
209778,46764
273876,46762
239267,46761
238432,46760
240735,46758
16127,46757
283910,46757
233753,46756
254167,46755
226483,46754
24369,46754
258460,46754
1965,46753
233701,46752
249573,46752
197674,46751
2422,46751
232555,46750
4197,46750
268719,46749
108134,46749
163900,46749
229339,46748
173896,46748
242975,46747
256601,46746
1158,46746
272328,46745
242954,46744
238548,46744
20604,46744
66434,46743
7693,46743
173233,46742
198454,46742
24718,46741
264918,46741
122800,46741
219353,46739
275566,46739
192865,46739
228252,46739
229197,46737
234366,46736
135193,46735
198179,46732
224175,46732
18221,46732
8269,46731
190674,46730
246166,46730
1047,46729
209792,46728
282802,46728
278652,46728
157520,46728
209163,46727
188666,46725
125776,46723
249058,46722
91651,46722
155174,46722
240953,46721
870,46720
279753,46720
226692,46719
191813,46719
273798,46714
260793,46712
200006,46711
291972,46710
123794,46710
93471,46709
248509,46709
234457,46709
171647,46708
1563,46708
285676,46707
53078,46707
1861,46706
177433,46705
286189,46704
2478,46703
247817,46703
289339,46703
102,46701
235212,46701
273600,46701
176298,46701
240566,46700
246305,46700
218469,46698
70555,46697
0,46696
193632,46696
251558,46696
213112,46695
37537,46695
244164,46694
279870,46691
175473,46691
272177,46691
268067,46691
213405,46690
162919,46690
241540,46689
184892,46689
269081,46689
1697,46686
208001,46686
270716,46685
293843,46683
285000,46682
247656,46682
281547,46681
187953,46681
270093,46679
240204,46677
262911,46676
266693,46676
230798,46675
291198,46674
166143,46673
286278,46671
249962,46671
169987,46670
51999,46670
27022,46669
103923,46668
278348,46666
148217,46665
49450,46665
262170,46665
258142,46665
245784,46664
196548,46664
276500,46663
177583,46663
187853,46663
282911,46662
199247,46662
256198,46662
17407,46662
288261,46662
144115,46662
502,46662
38786,46661
231305,46660
261699,46659
242242,46658
31320,46658
393,46657
200018,46657
86549,46655
166569,46655
15881,46655
261554,46654
239804,46654
243132,46654
266843,46654
206572,46653
287671,46652
10752,46652
296306,46651
171237,46651
186799,46650
275860,46647
212107,46647
179739,46646
235223,46646
36859,46646
201828,46645
230758,46645
220678,46644
2179,46643
265347,46642
162344,46641
5494,46641
31345,46641
177226,46640
246043,46640
204920,46636
204240,46636
274722,46635
237389,46634
117010,46634
217333,46633
148914,46633
142978,46633
4564,46632
286204,46632
124628,46631
280096,46631
239524,46631
181029,46631
232134,46629
208912,46629
264089,46629
12417,46628
208211,46627
274771,46627
257703,46627
237621,46627
52950,46626
280814,46625
236081,46625
38223,46624
209239,46624
32,46623
266380,46620
293002,46619
258037,46618
284773,46618
289020,46617
284427,46616
212301,46616
211286,46615
205004,46614
293191,46614
1304,46613
244270,46612
65193,46611
259228,46611
4225,46611
207482,46610
285662,46610
915,46609
215759,46608
201530,46607
282040,46607
8963,46606
197793,46606
231926,46606
51565,46606
291106,46603
270199,46603
157353,46602
139340,46602
83075,46602
276622,46601
169268,46601
295842,46600
96617,46598
273756,46597
222806,46596
253861,46596
261778,46594
202038,46592
224382,46591
266964,46590
261021,46590
283848,46590
255575,46590
163137,46588
202948,46587
9632,46587
195216,46587
221789,46585
262979,46584
16371,46583
146179,46583
268923,46583
264360,46583
120010,46582
286554,46582
270994,46581
4535,46581
190230,46580
289742,46579
292245,46578
201036,46578
295811,46577
7535,46577
116400,46576
185625,46576
163241,46575
272930,46575
239403,46575
260583,46574
198605,46573
127098,46573
270713,46572
1626,46572
29392,46571
66194,46570
214834,46570
244154,46569
121898,46568
214457,46568
207287,46568
264638,46568
3264,46567
200285,46567
257500,46566
263012,46566
198769,46565
290312,46564
171024,46563
191597,46563
156983,46563
211653,46563
227578,46562
181538,46562
259994,46561
1380,46561
277568,46561
7516,46560
105855,46560
157944,46559
114176,46559
87251,46559
293739,46559
33391,46558
236709,46558
23588,46558
19250,46557
251131,46557
45688,46557
264269,46556
198337,46555
296137,46554
254005,46554
219369,46554
254095,46553
274137,46553
145876,46553
178436,46553
277578,46553
251390,46552
163220,46552
79857,46552
8783,46551
142378,46551
293285,46551
203256,46550
246962,46549
15252,46549
222949,46548
1786,46547
293137,46546
89865,46546
124758,46546
250669,46545
292805,46545
232499,46545
29514,46545
291850,46544
294410,46543
11383,46542
56277,46542
69549,46540
263655,46539
153352,46538
225335,46538
127432,46538
228991,46538
287444,46537
260406,46537
16620,46536
253420,46536
2319,46536
171625,46534
293902,46534
13288,46533
195513,46533
218884,46533
136085,46533
133031,46531
263157,46531
111757,46530
256281,46529
266359,46529
266494,46528
247120,46527
238139,46527
111191,46527
3193,46526
74596,46526
291004,46526
259454,46525
282632,46525
114095,46524
1248,46524
243698,46524
261168,46523
92606,46523
259243,46522
105698,46522
267791,46521
287127,46521
289293,46520
249678,46520
253083,46519
138218,46519
127385,46518
224562,46518
2116,46518
272510,46517
235726,46517
291762,46516
285294,46516
29557,46515
141264,46515
192188,46514
109658,46513
101,46513
92309,46513
57647,46513
162894,46513
2860,46512
88193,46512
259187,46512
176947,46511
161126,46509
117459,46509
1648,46509
212685,46509
1012,46507
291168,46507
609,46507
574,46507
7991,46506
159234,46506
177297,46505
170359,46505
2470,46505
257114,46505
6686,46505
132563,46505
1753,46504
99153,46504
31189,46504
114740,46504
6199,46504
175629,46503
188660,46503
140013,46502
229341,46502
294268,46501
136541,46501
182672,46500
281173,46500
198174,46500
288303,46500
283690,46499
281084,46499
295070,46497
155469,46497
169828,46496
220529,46496
106206,46495
268428,46495
291780,46495
189905,46495
135598,46495
250237,46494
51575,46494
229928,46493
259068,46493
208528,46493
143388,46492
224591,46491
109364,46490
70297,46489
239840,46489
209891,46488
61811,46487
212611,46486
179105,46486
8286,46485
284573,46485
301,46485
143464,46485
293026,46483
290338,46483
101770,46482
276532,46482
259767,46481
17697,46481
2806,46481
182354,46481
203142,46479
285001,46479
218633,46479
971,46478
241002,46477
10886,46477
171788,46476
289348,46476
273123,46476
4202,46475
3871,46474
250882,46474
229028,46474
84196,46474
270313,46474
123902,46474
1687,46473
60676,46473
162288,46472
269366,46472
239778,46471
245213,46471
162808,46470
9376,46470
194169,46468
142597,46467
166493,46466
245990,46466
6278,46464
259299,46464
125181,46464
245132,46463
295029,46463
263833,46461
295935,46460
240660,46460
151552,46460
290927,46460
222742,46459
271589,46459
247327,46456
273207,46456
98848,46454
290511,46453
272473,46453
45431,46453
265320,46452
26827,46451
276881,46451
185580,46451
242690,46451
265027,46449
253838,46448
243619,46448
268078,46447
185481,46446
229861,46446
215476,46445
278739,46445
181391,46444
213434,46443
230051,46441
176069,46440
203023,46440
207888,46440
293767,46438
244436,46438
34383,46438
144367,46438
237864,46438
165388,46438
240088,46437
224070,46435
169887,46435
189684,46435
265457,46434
160639,46433
219110,46433
216150,46433
233982,46433
9251,46433
700,46432
168605,46432
194058,46432
259307,46432
186195,46432
185685,46431
255336,46431
152198,46429
23867,46429
265303,46429
117551,46428
239706,46428
288739,46428
228211,46428
152267,46428
6283,46427
142528,46427
296348,46426
290496,46426
125259,46425
10900,46424
92724,46424
200613,46423
144845,46423
254529,46422
41958,46422
181984,46421
291868,46421
279686,46420
279366,46419
10170,46419
239455,46419
199244,46418
50365,46417
120902,46417
225476,46416
130475,46415
223818,46415
134274,46414
167896,46413
273608,46413
22055,46413
134128,46413
4731,46413
174062,46412
258656,46412
1075,46412
284574,46411
277161,46411
269185,46411
283342,46410
192077,46410
255138,46409
47185,46409
151340,46409
7843,46409
270218,46408
251984,46408
141504,46408
179396,46407
296552,46407
1411,46406
272302,46406
275620,46406
14972,46405
82635,46405
1000,46404
104276,46404
294095,46404
237762,46404
289440,46403
182365,46403
296554,46403
153896,46403
66949,46403
255535,46401
8392,46401
145880,46400
1671,46400
100108,46400
292016,46400
280513,46399
210889,46399
295005,46398
293508,46398
210670,46398
22036,46397
175006,46397
110251,46397
85217,46397
246115,46396
281599,46396
291143,46396
209243,46395
90834,46395
287392,46395
259921,46394
921,46393
292318,46393
6013,46393
191743,46393
199879,46393
83508,46392
11365,46392
211458,46391
205633,46391
965,46391
1084,46391
257844,46390
270630,46390
15258,46389
262764,46388
210836,46388
183215,46388
162476,46388
278576,46388
259979,46388
103403,46387
251049,46387
2825,46387
205033,46386
147401,46386
240481,46386
1236,46385
293092,46384
10940,46384
291049,46384
39932,46384
148382,46383
163380,46381
249151,46380
137456,46380
194956,46379
245009,46379
215600,46379
135309,46379
7122,46379
80676,46377
291807,46376
184694,46376
221199,46375
145568,46375
127176,46374
64901,46374
169127,46373
234131,46373
176920,46372
196792,46372
118669,46372
195171,46372
227994,46371
253635,46371
14708,46371
243296,46370
235810,46370
254756,46370
248004,46370
230431,46370
162547,46369
250600,46369
52903,46369
246425,46369
36515,46369
187456,46368
272675,46368
2677,46368
230978,46368
139714,46368
132454,46367
212947,46367
291045,46367
227900,46366
252122,46366
279959,46366
1761,46366
223635,46365
280084,46365
3823,46365
186214,46364
815,46363
38599,46363
3384,46361
263222,46361
197966,46361
110877,46360
191348,46360
292898,46359
4669,46359
291562,46359
141338,46359
276723,46358
282896,46357
252734,46356
255099,46356
136932,46356
291353,46356
281790,46356
171536,46355
98197,46355
129830,46355
97651,46354
238264,46353
280160,46353
221961,46353
122497,46352
231690,46352
260948,46352
213114,46351
289324,46351
204089,46351
238193,46351
164485,46350
2519,46349
202188,46349
271093,46349
260668,46348
236473,46348
109626,46348
221694,46348
281809,46345
264911,46345
31903,46344
175440,46344
27361,46344
135785,46343
157578,46342
6955,46341
118559,46340
172724,46340
284100,46340
215911,46340
281729,46339
229173,46339
4757,46339
126770,46339
88145,46339
217858,46339
165149,46338
2865,46337
223614,46337
243419,46337
284186,46336
291566,46336
135373,46335
291187,46335
8865,46335
17220,46335
102339,46335
261537,46334
204428,46333
155716,46333
53870,46333
264882,46333
164119,46332
97430,46331
228,46331
14630,46331
247929,46330
139398,46330
137631,46329
61002,46329
16174,46329
12461,46328
14159,46327
258360,46327
277750,46326
21193,46324
72880,46324
548,46324
28769,46324
148980,46323
269492,46323
274970,46323
22144,46323
148,46322
249132,46322
203213,46322
213007,46322
290304,46320
5850,46320
1177,46320
169848,46319
123678,46318
193800,46318
212391,46318
200520,46317
235781,46317
160253,46317
58759,46316
91985,46316
289655,46316
289138,46315
249989,46314
192243,46314
208421,46314
23956,46314
246964,46314
127052,46314
168203,46313
259127,46311
288107,46311
292536,46310
261670,46310
252896,46309
255862,46308
287140,46308
294539,46307
175826,46307
203594,46307
256640,46307
125504,46307
248008,46306
13114,46305
234932,46305
257787,46304
287802,46304
218326,46304
5890,46304
291722,46303
239944,46303
132526,46303
4770,46302
138651,46302
228528,46301
186238,46301
146592,46301
158097,46301
289239,46301
192700,46300
260357,46300
15149,46300
203130,46300
36229,46299
259171,46299
222624,46299
181963,46298
230454,46298
279055,46298
147750,46298
285381,46297
242812,46297
278314,46297
29705,46297
271748,46297
169778,46297
272771,46297
42718,46296
268307,46296
1502,46296
229638,46296
78145,46296
279297,46295
264888,46295
279892,46295
249778,46294
223870,46294
278793,46292
285180,46292
262729,46291
284540,46291
7420,46291
250358,46291
175998,46290
179552,46290
1420,46289
97150,46288
59174,46288
196537,46288
173411,46288
80910,46288
284280,46287
129711,46287
219905,46286
153324,46286
155251,46285
114147,46285
232650,46285
296136,46284
193154,46284
162979,46283
275082,46283
10561,46283
47834,46283
3396,46282
88703,46282
223755,46281
275832,46281
236634,46281
208975,46281
95891,46280
293230,46280
25640,46280
294307,46279
270035,46279
17677,46279
294143,46278
246761,46276
187354,46276
220862,46276
276823,46276
159924,46276
178187,46275
179932,46275
67027,46275
292865,46273
1978,46272
235946,46272
236049,46272
247560,46271
163628,46271
271747,46271
278657,46271
292262,46270
11166,46270
225908,46270
110611,46269
25603,46269
96977,46269
278076,46269
16374,46268
169308,46268
292891,46268
213379,46267
276072,46266
3567,46266
242738,46266
200247,46265
182797,46265
68571,46265
284991,46265
227957,46264
131696,46264
236848,46264
268480,46264
271612,46263
249557,46263
233006,46263
210422,46263
77772,46263
245551,46262
170459,46262
265339,46262
285817,46261
284557,46261
210545,46261
45453,46261
10432,46261
167851,46260
179377,46260
151604,46260
52328,46260
152,46260
99005,46259
256552,46259
27668,46258
288669,46258
290000,46257
116545,46257
192657,46256
7967,46256
254213,46256
130156,46255
277419,46255
185579,46255
252320,46255
13412,46255
87081,46255
259920,46255
98068,46254
282982,46254
8094,46253
266367,46253
282541,46253
120630,46253
22391,46253
116930,46253
178098,46252
101996,46251
2213,46250
245842,46250
45794,46250
107183,46250
119267,46249
158978,46249
196312,46248
285759,46247
218171,46246
283316,46246
295560,46245
209608,46245
164529,46245
273548,46245
277236,46245
222152,46244
257788,46244
123918,46243
120974,46243
181524,46242
56558,46242
22530,46242
114598,46242
165260,46241
248987,46241
2634,46240
183513,46240
425,46239
129287,46239
280447,46238
197336,46237
289530,46237
203499,46237
129896,46237
288369,46237
224068,46236
214779,46235
213892,46235
192187,46235
11944,46234
180011,46233
186031,46232
129713,46232
94464,46232
230212,46232
141747,46230
281069,46230
20519,46230
252665,46229
242049,46229
294068,46229
277789,46229
259028,46228
58303,46228
196476,46227
272181,46227
68780,46227
37186,46227
253486,46227
97341,46227
220014,46227
272345,46226
124652,46226
186441,46226
88452,46226
280764,46226
288601,46225
168620,46225
211983,46225
216704,46225
245474,46224
273985,46224
243445,46224
113095,46223
261764,46223
121446,46223
186395,46223
240482,46223
139488,46222
212758,46222
20019,46222
50531,46222
235333,46222
144749,46222
192229,46222
270956,46222
133559,46221
253012,46221
193690,46221
266529,46221
293850,46221
4360,46220
73306,46219
206498,46219
152400,46219
719,46219
284285,46219
133977,46219
252437,46218
218513,46218
296408,46218
260939,46217
265068,46216
207920,46216
203723,46215
261577,46215
249144,46215
272041,46214
71712,46214
249053,46214
2294,46213
1255,46213
74461,46213
281186,46213
13940,46213
251078,46212
247566,46211
290605,46210
164993,46210
221654,46210
250996,46210
121931,46209
132435,46209
181229,46209
213350,46209
211544,46209
227767,46209
222019,46209
198105,46209
161994,46208
957,46208
184669,46208
33389,46208
252624,46207
3809,46207
242089,46207
214285,46206
278476,46206
45504,46205
246444,46204
1427,46204
271979,46202
261017,46202
6935,46202
252789,46201
191732,46201
270967,46201
15120,46200
236676,46200
44006,46199
170593,46199
29848,46199
258237,46199
7103,46198
263988,46198
16383,46198
233556,46198
237010,46197
155345,46197
106670,46196
126028,46196
828,46195
186013,46195
231547,46195
290906,46194
91909,46194
25552,46194
282234,46193
286522,46193
294044,46193
277724,46192
229424,46191
181860,46191
288580,46191
14049,46190
197919,46189
17426,46189
14603,46189
296116,46188
278155,46188
54526,46188
288658,46188
73831,46188
14516,46187
207465,46187
269929,46187
224564,46186
16940,46186
287963,46186
205302,46186
834,46186
253689,46185
224383,46185
246675,46185
3105,46185
284481,46184
267104,46184
207000,46184
162662,46183
264661,46183
77982,46183
223086,46182
259829,46182
284067,46181
139326,46181
229529,46181
9310,46181
122038,46181
235691,46181
252196,46181
171987,46180
211652,46180
254034,46180
226508,46180
151013,46179
196646,46179
223077,46178
64254,46178
148324,46178
268943,46178
70716,46178
232093,46177
215967,46177
163493,46176
262534,46176
14140,46176
246489,46175
6311,46175
144276,46174
290036,46174
205936,46173
253254,46173
174404,46173
226445,46173
130845,46173
284030,46173
289429,46172
249149,46172
2364,46172
238419,46172
280925,46172
219953,46171
14201,46171
229880,46171
284874,46170
84665,46169
107275,46169
211663,46168
273946,46168
15714,46168
4774,46168
267850,46167
247494,46166
189950,46166
36650,46165
236061,46165
227439,46164
21675,46164
261870,46164
55283,46164
226177,46164
294979,46164
124993,46163
219198,46163
239661,46163
90907,46163
19235,46163
251846,46163
78608,46163
4371,46161
289701,46160
248623,46160
294899,46159
103792,46159
127664,46159
213720,46158
236862,46157
245701,46157
205644,46157
3572,46157
24312,46156
278890,46156
258991,46156
245919,46156
271270,46155
85036,46155
288983,46155
249413,46155
220895,46154
2907,46154
269868,46153
259418,46153
10607,46153
209086,46153
282381,46152
273284,46152
239002,46151
29893,46151
191811,46151
12152,46151
290638,46151
130835,46150
52285,46150
283866,46150
182805,46150
295660,46149
277826,46148
294027,46148
124630,46148
5807,46148
241535,46148
196874,46148
159251,46147
152388,46147
246527,46147
162777,46147
100038,46147
10021,46146
255728,46146
137836,46146
44943,46146
242799,46145
13188,46145
267373,46145
236211,46145
128884,46144
255232,46143
61644,46143
91377,46143
79944,46143
31348,46143
186378,46142
221818,46142
39918,46142
252663,46142
250111,46141
27674,46141
245546,46141
1382,46140
204437,46140
192060,46140
73299,46140
135511,46139
276396,46139
11493,46139
280151,46139
217731,46139
245801,46139
295929,46138
214613,46138
207406,46137
197963,46137
27788,46137
19109,46137
75611,46137
98679,46136
239994,46136
206516,46136
13360,46136
250984,46135
94600,46135
109630,46134
265100,46134
77572,46134
251634,46133
294784,46133
206340,46133
158202,46133
180487,46132
131312,46132
167037,46132
279080,46131
281794,46131
286615,46130
167420,46130
232820,46130
245912,46130
11275,46129
199722,46129
198607,46129
275034,46129
265114,46129
131784,46128
210282,46127
106901,46127
177771,46127
286378,46127
281207,46126
288679,46125
207545,46125
246325,46125
232654,46125
240841,46124
44068,46124
221929,46123
245487,46123
252194,46123
129661,46123
210859,46122
35456,46122
263551,46122
20092,46122
140233,46121
296073,46121
272833,46121
249884,46121
236518,46120
261564,46120
277403,46119
281772,46119
212520,46119
85672,46118
262902,46118
4,46118
265617,46118
141053,46118
271053,46117
70270,46117
23518,46117
206651,46117
5163,46117
156788,46116
275302,46116
281893,46116
149055,46116
3545,46115
50161,46115
286316,46115
246290,46115
209903,46114
210054,46114
95868,46114
261773,46114
188569,46114
288419,46114
144954,46114
254115,46114
237242,46113
258115,46113
135222,46112
218905,46112
212832,46111
77270,46111
132084,46111
287662,46111
210015,46111
114077,46110
8367,46110
277345,46109
80492,46109
166302,46109
243657,46109
214047,46109
176383,46109
55176,46109
54566,46108
240115,46108
241555,46108
97209,46108
228506,46108
99421,46107
272999,46107
295725,46107
88125,46107
269225,46107
22730,46106
1222,46106
6873,46105
260711,46105
17044,46105
270897,46104
260417,46104
282468,46104
183820,46104
289400,46104
181477,46104
97338,46104
187657,46103
285874,46103
171574,46103
209098,46102
141301,46102
77060,46102
233115,46101
7283,46101
27733,46101
197594,46101
280174,46100
26528,46100
171387,46100
28484,46100
40800,46100
294300,46099
283474,46099
28257,46099
262554,46099
19626,46098
264439,46098
22327,46098
193222,46098
35933,46098
137572,46098
199340,46098
249422,46097
1276,46097
274743,46097
288279,46097
291748,46096
184382,46096
188879,46096
245027,46096
275257,46096
244251,46096
246711,46095
17808,46095
270657,46095
263637,46095
281164,46095
193494,46095
2450,46095
208641,46095
129261,46095
289881,46094
150644,46094
213000,46093
24440,46093
179667,46092
228329,46092
247028,46091
267395,46091
159277,46091
293390,46091
290030,46091
259887,46091
231154,46091
274587,46090
66467,46090
9072,46090
173149,46089
129388,46089
48831,46089
190567,46089
272608,46089
191490,46088
199159,46088
52937,46088
271376,46088
11980,46088
284909,46088
290383,46088
2136,46087
271234,46087
208028,46087
274747,46087
8518,46087
191287,46086
14083,46086
272415,46086
8900,46086
233625,46086
25455,46086
196247,46085
81185,46085
289047,46085
253069,46084
202583,46084
773,46083
255581,46083
226017,46083
139738,46082
244490,46082
154895,46081
257758,46081
29785,46080
64711,46080
99825,46080
73450,46080
9997,46080
280765,46080
134081,46080
264127,46080
273867,46079
215425,46079
266633,46079
193450,46079
217966,46078
267876,46078
2851,46077
238740,46076
227542,46076
83825,46076
186325,46075
37683,46074
150813,46074
278881,46073
140042,46073
296411,46073
82727,46073
93706,46072
223944,46071
249326,46071
5648,46071
131195,46071
180123,46071
367,46070
8961,46070
62151,46070
219323,46069
226248,46069
265178,46069
17553,46068
274770,46068
77276,46067
241723,46067
136090,46067
210901,46067
87751,46067
165219,46067
257124,46066
112218,46066
216845,46066
263262,46066
242278,46065
292907,46065
104396,46065
84780,46065
231704,46065
258136,46065
812,46064
11486,46064
282101,46063
14926,46063
270448,46063
241979,46063
160986,46062
179928,46062
285174,46062
248229,46062
98540,46062
196676,46062
228032,46061
5066,46061
182738,46061
21355,46060
282339,46060
226300,46059
225673,46059
292912,46059
267351,46059
228103,46058
253781,46058
278764,46058
239461,46058
250382,46058
10593,46057
167598,46057
284137,46056
85247,46056
67340,46056
291819,46055
140194,46055
40135,46054
253396,46054
3403,46054
47685,46054
169723,46054
320,46053
231099,46053
293608,46053
191367,46053
210577,46053
180402,46052
24930,46051
66491,46051
251774,46051
135865,46051
252934,46051
33698,46050
251925,46050
166390,46050
3614,46050
62898,46049
271225,46048
233302,46048
60982,46048
125272,46048
209129,46048
19,46047
183840,46047
21776,46047
80014,46047
160030,46047
237904,46047
27591,46046
123214,46046
13,46046
234418,46046
237582,46045
93108,46045
218687,46045
288763,46045
251702,46044
238908,46044
293624,46044
269559,46043
227391,46042
218643,46042
261338,46042
82137,46041
226305,46041
281170,46040
234900,46040
210102,46040
293587,46040
253214,46039
266108,46039
237123,46039
1105,46039
277095,46038
135343,46038
255127,46038
97040,46038
4176,46038
213744,46037
252243,46037
287254,46037
200163,46036
150623,46036
16482,46036
246323,46035
267633,46035
280148,46035
2976,46035
186655,46035
279857,46035
269217,46035
25798,46035
226116,46034
15562,46034
255627,46034
163937,46034
236469,46033
123590,46033
209912,46033
22688,46032
1320,46032
220992,46032
253539,46032
36966,46032
258389,46032
216431,46031
285288,46031
274685,46031
64106,46031
203404,46031
165600,46031
201737,46031
161594,46030
288713,46030
247178,46029
189659,46028
153960,46027
260683,46027
4806,46027
16064,46027
259964,46027
91348,46027
208746,46026
287781,46026
256324,46026
278217,46026
4638,46026
1239,46025
125286,46025
196196,46025
216530,46024
37666,46024
128961,46024
263216,46023
192512,46023
65826,46023
219532,46023
3470,46023
247,46023
196352,46023
198086,46022
296509,46022
92834,46022
184576,46022
230131,46021
267340,46021
236828,46021
223832,46021
81598,46020
193680,46020
182911,46020
221102,46020
102286,46020
271528,46019
223195,46019
227978,46019
290270,46019
265488,46019
158108,46018
98385,46018
210285,46018
237106,46017
252,46017
76781,46016
287443,46016
225794,46016
112570,46016
228416,46016
75867,46015
220109,46015
95637,46015
269811,46015
182466,46014
208472,46014
193172,46014
172719,46014
52218,46014
283249,46014
208014,46013
149938,46013
179076,46013
131743,46013
286541,46013
274016,46013
47313,46013
241558,46012
230105,46012
286140,46012
161983,46012
293742,46012
198029,46012
66353,46012
240609,46011
283110,46011
282173,46011
251000,46011
172214,46011
247144,46011
290238,46010
156891,46010
271316,46009
260205,46009
287933,46009
245141,46008
34023,46008
213550,46008
38123,46008
204420,46008
237081,46007
155689,46007
292491,46007
179486,46007
238457,46007
213121,46006
11908,46006
40753,46006
69596,46005
196580,46005
50592,46005
290746,46005
203208,46005
146837,46004
280880,46004
288765,46004
268593,46003
225009,46003
249509,46002
129903,46002
212723,46002
237706,46002
6532,46002
190841,46001
33669,46001
288300,46000
22385,46000
174725,46000
10345,46000
184560,45999
101385,45999
192957,45999
54412,45999
266523,45999
170354,45998
251616,45998
183759,45998
283801,45998
240486,45997
279470,45997
253894,45997
127180,45997
204348,45996
277013,45996
216827,45996
181083,45996
230230,45996
217149,45996
113370,45996
54,45995
282873,45995
1314,45995
223952,45995
20208,45995
184,45995
207289,45994
119469,45994
184813,45993
37166,45993
292855,45993
167690,45993
270787,45993
292134,45993
453,45993
281980,45993
195794,45992
250022,45992
161274,45992
274374,45992
260371,45991
213268,45991
285895,45990
112988,45990
40162,45990
187373,45990
190037,45990
259645,45990
298,45990
256464,45989
104015,45989
4231,45989
258200,45988
281185,45988
201281,45987
228013,45986
213490,45986
183571,45986
209931,45986
133869,45986
146077,45986
110745,45986
214518,45985
68136,45985
46665,45984
125746,45984
26543,45984
165688,45984
202918,45984
142676,45983
187598,45983
177965,45983
196995,45983
152027,45983
221686,45982
7203,45982
55215,45982
260301,45982
292130,45982
237430,45982
191307,45981
251630,45981
49920,45981
296186,45981
16243,45981
185228,45981
276924,45980
280778,45980
233347,45980
50360,45980
285188,45980
45902,45979
203493,45979
267532,45979
283971,45979
47219,45979
2321,45978
242084,45978
249477,45978
181371,45978
269211,45978
218291,45978
150927,45978
51015,45978
186892,45977
110763,45977
274335,45977
264164,45977
287856,45977
260080,45977
251223,45977
238903,45977
8654,45976
277974,45976
195491,45976
241487,45976
274004,45975
73981,45975
224853,45975
236358,45975
553,45975
142391,45975
292890,45974
192869,45974
130982,45974
257323,45973
162,45973
258697,45973
234991,45973
15253,45973
223480,45973
2800,45973
238527,45972
266131,45972
274436,45972
196151,45972
223327,45971
286361,45971
21624,45971
205827,45970
246232,45970
48960,45970
288895,45970
252442,45970
6984,45970
251772,45969
12711,45969
8617,45968
72731,45968
162459,45968
161649,45968
23630,45967
2986,45967
156345,45967
296029,45967
59925,45967
224246,45966
284824,45966
250579,45966
174410,45966
118737,45965
224324,45965
111173,45965
122993,45965
135334,45965
52909,45965
295735,45964
234753,45963
213480,45963
55494,45963
200953,45962
149050,45962
66039,45962
150992,45962
123172,45962
184473,45961
288879,45961
213982,45961
191066,45961
206986,45961
285120,45961
235811,45960
151265,45960
197345,45960
244852,45960
50529,45959
205733,45959
267939,45959
292561,45959
179133,45959
260316,45959
35801,45959
231316,45958
237373,45958
213556,45958
137532,45958
106367,45957
126599,45957
262734,45957
214988,45957
34706,45957
38004,45957
1083,45957
267720,45957
174307,45956
31158,45956
255979,45956
219544,45956
189773,45956
264702,45956
257306,45956
213435,45955
104696,45954
66937,45954
219768,45954
261337,45953
236312,45953
35446,45953
253147,45953
27836,45952
230623,45951
253049,45951
30588,45951
197509,45951
203921,45951
88160,45951
12624,45950
215117,45950
279395,45950
7738,45950
1104,45950
258397,45950
289797,45950
38304,45950
287044,45949
260050,45949
280189,45949
258469,45949
119919,45949
3893,45949
206809,45949
227017,45948
78661,45948
280103,45948
264478,45948
41570,45947
270525,45947
245808,45947
32931,45947
7784,45947
67803,45946
200596,45946
63925,45946
202861,45945
284968,45945
259585,45944
191310,45944
25681,45944
145843,45944
54025,45944
229113,45944
27883,45943
153270,45943
76456,45943
34021,45943
13326,45943
62878,45943
105385,45942
191043,45942
178262,45942
240756,45942
217504,45941
211228,45941
976,45941
269707,45941
215783,45941
277231,45941
240368,45941
141478,45941
290493,45941
235750,45941
25613,45940
281680,45940
64643,45940
291809,45940
280792,45939
12414,45939
185859,45939
22760,45939
158460,45939
22152,45939
54652,45938
214226,45938
292775,45937
252753,45937
12606,45937
202866,45937
330,45937
294863,45937
198221,45936
288967,45936
150210,45936
256791,45936
241997,45936
265331,45935
251863,45935
210955,45935
7818,45935
268084,45935
250504,45935
8024,45935
105749,45935
224496,45935
32653,45935
164648,45934
711,45934
221046,45934
74744,45934
60136,45934
143896,45934
263467,45933
296189,45933
256373,45933
238352,45933
70206,45933
287913,45933
205117,45933
262491,45933
5512,45933
177939,45932
260399,45932
290562,45932
227119,45932
9132,45931
269029,45931
240213,45930
285358,45930
279328,45930
292374,45929
131926,45929
173695,45929
578,45929
240380,45929
128899,45928
265089,45927
217580,45927
6175,45927
257261,45927
109725,45927
22594,45926
196140,45926
12186,45926
190192,45926
189194,45926
93940,45925
213654,45925
223300,45925
294221,45925
66390,45925
188556,45924
191704,45924
226390,45924
109333,45924
266001,45924
113583,45923
220238,45923
153618,45923
260418,45923
32808,45923
143871,45923
266124,45923
274476,45923
182666,45923
295062,45923
213111,45923
295055,45922
240270,45922
289472,45922
110147,45922
291269,45922
209023,45922
209657,45921
201290,45921
265219,45921
54657,45921
12116,45921
128312,45921
12194,45921
232363,45921
186736,45920
241876,45920
263113,45920
197956,45920
90588,45919
89679,45919
234667,45919
193273,45919
50515,45919
240759,45918
269460,45918
209114,45918
245921,45918
215938,45918
265479,45917
39703,45917
290547,45917
122092,45917
292220,45916
281610,45916
141405,45916
15151,45916
236467,45916
93613,45916
202050,45916
145074,45915
274151,45915
295436,45915
147876,45915
273939,45915
121218,45915
218433,45915
231374,45915
19574,45915
203634,45914
286543,45914
273512,45914
214144,45914
246695,45913
90665,45913
13522,45913
139468,45913
230515,45913
1245,45913
278131,45913
19918,45912
288947,45912
252177,45912
290255,45912
284832,45912
134338,45912
251238,45912
96523,45912
139996,45911
184668,45911
280107,45911
250946,45911
30670,45910
251553,45910
234392,45910
235043,45910
146306,45910
229282,45910
158939,45909
197216,45909
213799,45909
198283,45909
167296,45908
157490,45908
108753,45908
254525,45908
250714,45908
165361,45908
243775,45908
218669,45908
237247,45908
167638,45907
30658,45907
15898,45907
249891,45907
7667,45907
190500,45907
146572,45907
287315,45906
166077,45906
21164,45906
288687,45906
83315,45906
271531,45906
4541,45906
14011,45905
41,45905
174622,45905
276779,45905
144750,45905
36396,45905
275787,45904
2305,45904
238499,45904
143831,45904
272028,45904
149268,45904
93988,45904
128488,45904
198848,45903
35530,45903
26011,45903
229714,45903
237299,45903
275346,45903
189189,45902
212830,45902
273416,45902
1337,45902
81826,45902
26732,45901
230393,45901
188893,45901
851,45901
71325,45901
262905,45900
182560,45900
257506,45900
289443,45900
275637,45900
284973,45900
228920,45899
195707,45899
214088,45899
49868,45898
190812,45898
242513,45898
253544,45898
105292,45898
13645,45898
202618,45898
234182,45898
250080,45898
15053,45897
89954,45897
208594,45897
277620,45897
233863,45897
14741,45896
231549,45896
159771,45896
226261,45896
291587,45896
152605,45896
292486,45896
171,45895
264688,45895
236375,45894
228885,45894
267990,45894
271018,45894
274094,45894
241727,45894
2506,45894
199603,45894
283245,45894
13391,45894
77759,45894
283409,45893
137309,45893
13711,45893
237833,45892
2611,45892
52346,45892
291405,45892
227250,45892
251786,45892
91181,45892
972,45892
225715,45892
213645,45892
283968,45892
178476,45892
973,45892
10920,45891
8734,45891
53292,45891
233409,45891
241060,45891
10077,45891
190895,45890
152853,45890
198097,45890
155987,45890
231289,45890
222819,45889
145217,45889
223287,45889
189970,45889
195383,45889
163363,45889
46810,45889
194801,45888
83435,45888
290916,45888
260422,45887
184643,45887
77213,45887
3911,45886
181357,45886
189145,45886
266206,45886
288998,45886
19425,45886
269027,45885
236739,45885
247600,45885
188245,45885
106686,45884
91978,45884
230459,45884
288277,45884
110158,45884
46220,45883
158252,45883
239006,45883
201133,45882
115985,45882
205494,45882
6902,45882
220012,45882
286507,45882
51,45882
123841,45881
291901,45881
216536,45881
166495,45881
292531,45881
138001,45881
254962,45881
236294,45880
17332,45880
213045,45880
267824,45880
278198,45880
257270,45880
96095,45880
223028,45879
295709,45879
198604,45879
251684,45879
286300,45879
250500,45878
36107,45878
21889,45878
183208,45878
155570,45878
116646,45878
146693,45877
187294,45877
244544,45877
194580,45877
194560,45877
12020,45877
139449,45877
17380,45876
255918,45876
251864,45876
20614,45876
123986,45876
257710,45876
172665,45875
233847,45875
247453,45875
279194,45875
187261,45875
157749,45874
159010,45874
84823,45874
160571,45874
123988,45874
286233,45873
279672,45873
152438,45873
229357,45873
250687,45873
55777,45873
127483,45873
184175,45872
87099,45872
213939,45872
73877,45872
288242,45872
277056,45872
158882,45872
254561,45871
292834,45871
3612,45871
113065,45871
134936,45870
10290,45870
51981,45870
271932,45870
1464,45870
180608,45870
222510,45869
205962,45869
202318,45869
254368,45869
277393,45869
250261,45868
6739,45868
178058,45868
241379,45868
140061,45867
109757,45867
11063,45867
283908,45867
108093,45867
268051,45867
205653,45867
156314,45867
137746,45866
269390,45866
2346,45866
197502,45866
56322,45866
133200,45866
288784,45866
144466,45866
265594,45866
243532,45865
200268,45865
242958,45865
258875,45865
193183,45865
181491,45865
188034,45864
245071,45863
247039,45863
266297,45863
273066,45863
113269,45863
199663,45863
284846,45863
272531,45863
255711,45863
228305,45863
165024,45863
293972,45863
259503,45862
134565,45862
291737,45862
157416,45862
254815,45862
165500,45862
255631,45862
267681,45862
255721,45862
157733,45862
11891,45862
218510,45861
267854,45861
267292,45861
180415,45861
199629,45861
6877,45861
17419,45861
115189,45861
221564,45860
230492,45860
281666,45860
223733,45860
8994,45859
174666,45859
57742,45859
232508,45859
80421,45859
269106,45859
150484,45859
290951,45859
283340,45858
2288,45858
210933,45858
218629,45858
69428,45858
170394,45858
248215,45858
292540,45857
268144,45857
121969,45857
66295,45857
133790,45857
115347,45856
124057,45856
6540,45856
1145,45856
179362,45856
118883,45856
223780,45856
274188,45856
268379,45856
8897,45856
250794,45856
249641,45856
232726,45856
168170,45855
11706,45855
142921,45855
246882,45855
293672,45855
52199,45855
255821,45855
144024,45855
57586,45855
210394,45855
268679,45854
192232,45854
30999,45854
134543,45854
11161,45854
281937,45854
224367,45853
265392,45853
294340,45853
272222,45853
167366,45853
268289,45852
29206,45852
246607,45852
252684,45852
188013,45852
264191,45851
250093,45851
193313,45850
2443,45850
195875,45850
209110,45850
86030,45850
179695,45850
225145,45850
289947,45850
96124,45850
212502,45849
194984,45849
185174,45849
92121,45849
264983,45849
237663,45849
293325,45849
170660,45849
285564,45849
226996,45848
250746,45848
161034,45848
269467,45848
11343,45848
274393,45847
162742,45847
251882,45847
5683,45847
242643,45847
247553,45847
288645,45846
27937,45846
158325,45846
292437,45846
199161,45846
279832,45846
205562,45846
246766,45845
132942,45844
246935,45844
118909,45844
294851,45844
258790,45843
6753,45843
284480,45842
290449,45842
101273,45842
211232,45842
52848,45842
53226,45841
222468,45841
212930,45841
173242,45841
293022,45841
295,45840
131575,45840
182123,45840
8891,45840
37840,45840
164383,45840
1682,45840
222844,45840
286922,45840
113754,45840
276604,45839
271266,45839
265640,45839
282880,45839
100441,45839
216551,45839
232599,45839
190719,45838
258530,45838
58042,45838
123592,45838
221233,45838
117445,45838
191218,45837
282984,45837
255628,45837
19987,45837
172130,45837
283359,45837
272273,45837
251484,45837
2103,45836
250978,45836
199171,45836
274253,45836
175798,45836
235825,45836
590,45835
1036,45835
211209,45835
41102,45835
246349,45835
189311,45835
146526,45835
4427,45835
23914,45834
156175,45834
286319,45834
268367,45834
275028,45834
122005,45834
68323,45834
6363,45833
208940,45833
225298,45833
4060,45833
82011,45832
264291,45832
201553,45832
93032,45832
39840,45832
173121,45832
35288,45832
204710,45832
273991,45832
238918,45832
266105,45831
267264,45831
62506,45831
233220,45831
249500,45831
66466,45830
107823,45830
284535,45830
224894,45830
263270,45830
215920,45830
235612,45830
263047,45830
180266,45830
85253,45830
193868,45830
262249,45830
131598,45829
176030,45829
268630,45829
231968,45829
289450,45829
268627,45828
162192,45828
223170,45828
35754,45828
196197,45827
39738,45827
36007,45827
74312,45827
339,45827
242266,45827
67630,45826
288246,45826
167588,45826
227897,45826
239634,45826
279364,45825
238822,45825
234443,45825
259543,45825
199578,45825
227047,45825
148502,45824
69717,45824
220506,45824
3200,45824
149315,45824
158153,45824
7873,45823
222661,45823
282048,45823
125893,45823
276435,45823
43833,45823
209770,45823
267935,45823
7092,45822
11863,45822
285992,45822
156101,45822
261421,45822
289944,45821
241922,45821
284818,45821
278408,45821
222064,45821
227849,45820
205915,45820
172399,45820
171134,45820
8768,45820
281649,45820
63682,45820
192401,45820
293145,45819
264896,45819
105154,45819
249862,45819
289028,45819
32296,45819
284923,45819
27680,45819
248062,45819
280038,45818
166080,45818
239714,45818
281307,45818
260445,45818
227093,45817
164050,45817
295286,45817
279221,45817
18411,45817
185996,45817
196058,45817
162208,45816
96442,45816
259156,45815
236703,45815
275888,45815
33826,45815
36040,45815
243559,45815
227323,45815
175471,45815
271393,45815
4462,45814
288524,45814
224039,45813
234897,45813
1819,45813
14275,45813
293361,45813
261869,45813
188249,45812
245292,45812
183738,45812
293250,45811
291058,45811
273981,45811
20804,45811
160324,45811
4412,45811
86833,45811
18640,45811
96268,45811
12132,45810
4573,45810
230309,45810
210588,45810
76386,45810
7728,45810
270324,45809
261868,45809
176459,45809
38059,45809
233576,45809
223278,45809
122915,45809
16962,45809
132998,45809
64027,45809
36095,45809
225482,45809
188062,45809
1641,45808
283090,45808
15266,45808
293479,45808
78256,45808
263078,45807
270985,45807
288224,45807
217632,45807
284456,45806
62128,45806
266061,45806
264095,45806
201430,45806
232388,45806
258540,45806
266714,45805
245574,45805
266009,45805
182677,45805
217358,45805
282667,45805
213282,45805
268142,45805
166755,45805
199554,45805
4598,45805
55235,45805
14806,45804
269816,45804
285156,45804
247292,45804
263681,45804
156737,45804
268611,45804
168495,45804
22638,45804
270841,45804
230630,45803
201994,45803
232036,45803
131196,45803
188960,45803
1765,45802
76,45802
289,45802
22064,45802
280793,45801
175665,45801
3475,45801
105943,45801
265545,45801
295742,45801
216420,45801
49118,45801
32460,45801
254667,45801
285897,45800
228354,45800
289890,45800
253493,45800
194285,45800
59053,45800
249990,45800
129390,45800
151838,45800
273958,45800
281936,45800
230566,45800
157690,45800
256535,45799
290856,45799
265789,45799
207643,45799
204738,45799
228692,45799
193695,45799
243828,45798
70859,45798
154323,45798
153347,45798
21530,45798
246004,45798
161716,45798
249909,45798
233149,45797
125128,45797
149667,45797
23305,45797
84864,45797
142326,45797
39763,45797
214905,45797
284919,45796
263586,45796
275128,45796
38999,45796
155572,45796
208870,45796
295640,45796
12562,45796
134679,45796
294619,45795
287454,45795
276702,45795
250719,45795
240881,45795
78108,45795
286035,45794
280302,45794
261941,45794
193268,45794
32970,45794
62316,45794
3029,45794
263479,45793
253061,45793
296566,45792
120670,45792
158954,45792
261071,45792
111133,45792
287567,45791
128296,45791
275032,45791
254240,45791
241149,45791
100831,45791
257229,45791
259091,45791
199241,45790
255782,45790
95579,45790
294028,45790
270162,45790
264406,45790
23626,45789
225767,45789
194299,45789
5785,45789
199038,45789
253665,45789
258380,45789
129818,45789
183014,45788
281082,45788
2184,45788
271273,45788
293612,45788
276337,45788
138028,45788
272646,45788
287053,45788
5037,45788
227879,45788
256218,45787
254807,45787
181896,45787
258063,45787
215834,45787
190611,45787
225220,45787
44763,45787
270966,45787
27578,45787
212805,45787
274965,45786
218240,45786
8930,45786
257425,45786
139101,45786
248726,45786
286297,45786
113326,45785
203811,45785
231399,45785
118807,45785
15459,45785
265044,45784
278148,45784
198694,45784
247468,45784
26551,45784
186787,45784
241230,45784
195040,45784
250872,45783
66436,45783
141840,45783
281552,45783
7088,45783
38577,45783
82573,45783
11849,45783
271073,45783
110169,45783
7996,45783
245135,45783
10496,45782
120807,45782
180755,45782
160543,45782
72632,45782
220063,45781
254540,45781
1110,45781
62806,45781
285440,45781
286753,45781
240891,45781
280182,45781
83341,45781
286106,45781
113597,45781
137696,45780
210204,45780
283578,45780
198985,45780
267254,45780
251593,45779
234046,45779
209463,45779
209297,45779
283013,45779
179538,45779
244258,45778
231136,45778
19096,45778
67846,45778
81939,45778
275559,45778
294916,45778
261998,45778
290158,45778
161283,45778
137204,45778
171408,45778
175922,45777
255318,45777
195760,45777
152290,45777
122478,45776
102343,45776
7754,45776
241552,45776
230218,45776
201186,45776
184665,45776
173316,45776
114259,45775
277454,45775
154079,45775
28764,45775
234108,45775
180916,45775
148111,45774
139507,45774
238829,45774
32112,45774
256793,45774
220528,45774
63403,45774
258797,45774
18290,45774
175901,45774
47495,45774
257850,45773
259076,45773
33119,45773
128170,45773
92350,45773
206451,45773
218917,45773
214418,45773
204331,45772
175858,45772
198146,45772
177609,45772
56915,45772
95717,45772
64330,45772
95171,45772
78111,45772
214664,45771
282072,45771
240852,45771
265456,45771
252477,45771
287331,45771
228405,45771
75134,45771
134383,45771
269034,45771
239476,45770
190094,45770
1176,45770
148405,45770
212953,45770
294418,45770
121456,45770
13582,45769
112268,45769
263088,45769
22032,45769
76293,45768
267123,45768
295135,45768
292954,45768
209236,45768
136458,45767
25425,45767
25201,45767
275538,45767
40192,45767
187335,45767
263963,45767
254992,45767
209852,45766
262432,45766
253426,45766
113619,45766
193815,45766
293399,45766
274422,45765
168935,45765
275029,45765
27355,45765
288589,45765
123320,45765
273411,45765
210547,45764
254792,45764
7379,45764
112537,45764
159473,45764
222180,45764
140343,45764
133695,45764
217952,45764
271988,45764
445,45764
111277,45764
164968,45764
199956,45764
257570,45764
217895,45763
271136,45763
233789,45763
168382,45763
224775,45763
15133,45763
209403,45763
238572,45763
175162,45763
227927,45763
24011,45762
216059,45762
291673,45762
188135,45762
147284,45762
196286,45762
268203,45762
233033,45761
62192,45761
213358,45761
118206,45761
43565,45761
275195,45761
141654,45761
273328,45761
27384,45760
165184,45760
89952,45760
263410,45760
255985,45760
257830,45760
273778,45760
230375,45760
1081,45760
282246,45760
203511,45760
277529,45760
280714,45760
287942,45759
290531,45759
191807,45759
150859,45759
266148,45759
63714,45759
239056,45759
269651,45759
244898,45759
200664,45759
263891,45758
122032,45758
145455,45758
42042,45758
293848,45758
182108,45758
296093,45758
77767,45758
7376,45758
24627,45758
218068,45757
211025,45757
154204,45757
252503,45757
180018,45757
201715,45757
223054,45757
212220,45756
238098,45756
218657,45756
172893,45756
189786,45756
282064,45756
152014,45755
269361,45755
180922,45755
22002,45755
3285,45755
184386,45755
275820,45755
159577,45755
252921,45755
81273,45755
275573,45755
124002,45754
114187,45754
238459,45754
172073,45754
72062,45753
285067,45753
176889,45753
175468,45753
133673,45753
161511,45753
168879,45753
125643,45753
286141,45752
240216,45752
221203,45752
289057,45752
9452,45752
267712,45752
275446,45751
287286,45751
229030,45751
186714,45751
266032,45751
70449,45751
34,45750
8519,45750
164970,45750
169966,45750
156787,45750
266565,45750
159908,45750
206365,45750
118,45750
232563,45750
195655,45750
17570,45749
161378,45749
119331,45749
261573,45749
95946,45748
208950,45748
206697,45748
229930,45748
60293,45748
242477,45748
257940,45747
605,45747
91882,45747
282574,45747
223535,45747
283264,45747
241192,45747
290106,45747
801,45747
195316,45746
263902,45746
41753,45746
141187,45746
77850,45746
281645,45746
33502,45746
226610,45746
169938,45745
176469,45745
169658,45745
237400,45745
178819,45745
66137,45745
144551,45745
25903,45745
183826,45745
238672,45745
122186,45745
8421,45744
258435,45744
271037,45744
240648,45744
175561,45744
49359,45744
5335,45744
35090,45743
102873,45743
166120,45743
133461,45743
98705,45743
228958,45743
265940,45743
141746,45743
88747,45742
1629,45742
89255,45742
181136,45742
60420,45742
291010,45742
289421,45742
129027,45742
126919,45741
72419,45741
174024,45741
252591,45741
225511,45741
160393,45741
232399,45741
197756,45741
241916,45741
103387,45740
6524,45740
13331,45739
2538,45739
223731,45739
250980,45739
133178,45739
293392,45739
295189,45739
200591,45739
270703,45739
211018,45739
233787,45739
176163,45739
90278,45738
244558,45738
285712,45738
265896,45738
1310,45738
279331,45738
18215,45738
291831,45738
275369,45738
190301,45737
217740,45737
68972,45737
205557,45737
123880,45737
266486,45737
42332,45737
188937,45737
275728,45736
249276,45736
173108,45736
259752,45736
240114,45736
247273,45736
102320,45736
284318,45736
160785,45736
167656,45735
275571,45735
213471,45735
286268,45735
1107,45735
169755,45735
66844,45735
278775,45734
243965,45734
145716,45734
276043,45734
159758,45734
293269,45733
159775,45733
161648,45733
179415,45733
48896,45733
278167,45733
237180,45733
286229,45733
277587,45733
188396,45733
169009,45732
285283,45732
269182,45732
40663,45732
292777,45731
188499,45731
203709,45731
224054,45731
213661,45731
280613,45731
106011,45731
199604,45731
231682,45730
157175,45730
106794,45730
272102,45730
112943,45730
247252,45730
235143,45730
59298,45729
25696,45729
250706,45729
216476,45729
33032,45729
283538,45729
176470,45729
216725,45729
57160,45729
273729,45728
34315,45728
69182,45728
263422,45728
227583,45727
161875,45727
258879,45727
148750,45727
232802,45727
208085,45727
262497,45727
181994,45727
17767,45727
144069,45726
170623,45726
68334,45726
209484,45726
175200,45726
192023,45726
3042,45726
286697,45726
242497,45726
293817,45725
181533,45725
281822,45725
214934,45725
268495,45725
283186,45725
271569,45725
232070,45725
223129,45724
183247,45724
181801,45724
14198,45724
233320,45724
226194,45724
250110,45724
7427,45724
201541,45724
229174,45724
205759,45724
184685,45723
252794,45723
152954,45723
28309,45723
270488,45723
256187,45723
8004,45723
253823,45722
34276,45722
287263,45722
196142,45722
136524,45722
276859,45722
203320,45721
7194,45721
154554,45721
10371,45721
277525,45721
26222,45721
60935,45721
269809,45721
221509,45721
13754,45721
267374,45721
30374,45720
150085,45720
89987,45720
265553,45720
8951,45720
88497,45720
190462,45720
280692,45720
262544,45720
209135,45719
12335,45719
146376,45719
193749,45719
106324,45719
6433,45719
279226,45719
138212,45719
168959,45719
23125,45719
144381,45719
288942,45719
272876,45719
238969,45718
259798,45718
20895,45718
265146,45718
252977,45718
289187,45718
243045,45718
268182,45718
156694,45718
282244,45718
40250,45718
1679,45718
122234,45718
40940,45717
225924,45717
83891,45717
4765,45717
7257,45717
66814,45717
237859,45717
128057,45716
202547,45716
15628,45716
145124,45716
222630,45716
206420,45716
245207,45716
256602,45715
295815,45715
292238,45715
6548,45715
265046,45715
120908,45715
15660,45715
219535,45714
6287,45714
213903,45714
265279,45714
147425,45714
276931,45713
243522,45713
1914,45713
231330,45713
223061,45713
259452,45713
1826,45713
130335,45712
47136,45712
192780,45712
132894,45712
293991,45712
3777,45712
186658,45712
294308,45712
280756,45712
21768,45712
216161,45712
270481,45712
4487,45711
185319,45711
158845,45711
238157,45711
81157,45711
530,45711
267433,45711
218860,45711
116473,45710
296018,45710
259,45710
205713,45710
31545,45710
129012,45710
291024,45709
129621,45709
269105,45709
251367,45709
183457,45709
5520,45709
291754,45709
55913,45709
176583,45709
272522,45709
189221,45709
168720,45708
183501,45708
289708,45708
264897,45708
241654,45708
254781,45708
212324,45708
31154,45708
59489,45707
21337,45707
287453,45707
166010,45707
56717,45707
11350,45707
267151,45706
266425,45706
208070,45706
232133,45706
218063,45706
248862,45706
251445,45706
26322,45706
277117,45706
243320,45706
262896,45706
31490,45706
140366,45706
274474,45705
244576,45705
5516,45705
279797,45705
151037,45704
284716,45704
195510,45704
281001,45704
253944,45704
152334,45704
260867,45704
264712,45704
133837,45704
247276,45704
268334,45704
13018,45703
169809,45703
264840,45703
220734,45702
215226,45702
105934,45702
103495,45702
176575,45702
186988,45702
9916,45702
278723,45702
283199,45702
199530,45702
145102,45701
34309,45701
288532,45701
244897,45701
286475,45701
14537,45701
9898,45701
281886,45701
289707,45701
28701,45701
248947,45700
255805,45700
281799,45700
128428,45700
203118,45700
280435,45700
184900,45700
88704,45700
276237,45700
256862,45700
206251,45700
26428,45700
54250,45699
272155,45699
259277,45699
30395,45699
253545,45699
252181,45699
282649,45699
112624,45699
245716,45699
150782,45698
185856,45698
270611,45698
222841,45698
278325,45698
290737,45698
55843,45698
265188,45698
294499,45698
78211,45698
128997,45697
54120,45697
286581,45697
31151,45697
179625,45697
137305,45697
42816,45696
993,45696
226399,45696
236034,45696
214385,45696
66049,45696
67732,45696
227493,45695
1781,45695
90727,45695
266318,45695
1725,45695
134407,45695
278064,45694
294981,45694
250807,45694
246242,45694
245887,45694
278616,45694
287440,45694
289573,45694
258436,45694
205875,45694
157428,45694
284393,45693
290333,45693
158649,45693
215823,45693
39861,45693
16408,45693
295799,45693
289361,45693
293584,45693
241236,45693
197226,45693
281445,45693
9142,45693
277779,45693
92666,45692
190991,45692
28567,45692
8371,45692
292813,45692
241863,45692
103863,45692
70879,45691
78819,45691
275840,45691
273489,45691
161166,45691
182213,45691
186099,45691
284562,45690
239086,45690
259835,45690
244473,45690
22024,45690
213032,45690
212648,45689
169205,45689
254106,45689
245357,45689
44797,45689
6148,45689
30225,45689
193692,45689
255394,45689
220978,45689
271753,45689
177851,45689
151669,45688
229641,45688
276009,45688
266044,45688
271510,45688
7606,45688
43795,45688
291560,45688
154370,45688
223642,45687
293536,45687
329,45687
9765,45687
13851,45687
234876,45687
236833,45687
212166,45686
293644,45686
268137,45686
151155,45686
133848,45686
214284,45686
204763,45686
235671,45686
10656,45686
67968,45685
228286,45685
142276,45685
61395,45685
77582,45685
40003,45685
239668,45684
149481,45684
250947,45684
279462,45684
226498,45684
294243,45684
287448,45684
253810,45684
284379,45684
195127,45684
279923,45684
260291,45684
3135,45683
18538,45683
283923,45683
236570,45683
276185,45683
191699,45683
274555,45683
293414,45682
26747,45682
81816,45682
40007,45682
204472,45682
96161,45682
224563,45682
189327,45682
233584,45682
277229,45682
256260,45682
20220,45682
148496,45681
146308,45681
102505,45681
151261,45681
197953,45681
98219,45681
121574,45681
216826,45680
281325,45680
80675,45680
242842,45680
230158,45680
70712,45680
199468,45680
188152,45680
292965,45680
138972,45680
28134,45680
203742,45679
236615,45679
172453,45679
158794,45679
177853,45679
25089,45679
294718,45679
155676,45679
287675,45679
101973,45679
1209,45678
285369,45678
292519,45678
289980,45678
109957,45678
253186,45678
178714,45678
264323,45677
117683,45677
107772,45677
189571,45677
135137,45677
10909,45677
216206,45677
107748,45676
227450,45676
259559,45676
281816,45676
175690,45676
270949,45676
9352,45676
16015,45676
20997,45676
236295,45675
286766,45675
212932,45675
292863,45675
273093,45675
236032,45675
249596,45675
215681,45675
107911,45675
110708,45675
239919,45675
176058,45674
100195,45674
133726,45674
70031,45674
229762,45674
17405,45674
188375,45674
275906,45674
186022,45673
247455,45673
281489,45673
42839,45673
279562,45673
228524,45673
288674,45673
272602,45673
84962,45673
283979,45673
7399,45673
264370,45673
215490,45672
212868,45672
68220,45672
139882,45672
281756,45672
273678,45672
30872,45672
156625,45672
181638,45672
23325,45672
6074,45671
117329,45671
206424,45671
40272,45671
175253,45671
121417,45671
273609,45671
249898,45670
21468,45670
175752,45670
164043,45670
28408,45670
186585,45670
78909,45670
272231,45670
86350,45669
152234,45669
32838,45669
151598,45669
169812,45669
89247,45669
265253,45669
291645,45669
244733,45669
196225,45669
144695,45668
143094,45668
284679,45668
209270,45668
257019,45668
205990,45668
224460,45668
169383,45667
279608,45667
53442,45667
7975,45667
228943,45667
206775,45667
287658,45667
146913,45667
127357,45666
137280,45666
72349,45666
180911,45666
258046,45666
265257,45666
144110,45666
206641,45666
210755,45666
214967,45666
249283,45666
12089,45665
231472,45665
98777,45665
114509,45665
212610,45665
198979,45665
69093,45665
263752,45665
143041,45665
138910,45665
229518,45664
8530,45664
102201,45664
58945,45664
27409,45664
89233,45664
164916,45664
32695,45664
274019,45664
177524,45664
242396,45664
175490,45663
12486,45663
68457,45663
24327,45663
126965,45663
58807,45663
57211,45663
112156,45663
295603,45663
261159,45662
183474,45662
251098,45662
197860,45662
149578,45662
292880,45662
20525,45662
49846,45662
65657,45662
74530,45662
256813,45661
195829,45661
224871,45661
138201,45661
296225,45661
36484,45661
262320,45661
22529,45661
270253,45661
273106,45660
227558,45660
34351,45660
187892,45660
231430,45660
127203,45660
146066,45660
165836,45660
191532,45659
206666,45659
230508,45659
263569,45659
262019,45659
208461,45659
281277,45659
74098,45658
14898,45658
211063,45658
152031,45658
250374,45658
149808,45657
1521,45657
264306,45657
279138,45657
221661,45657
281484,45657
152099,45657
1042,45657
282170,45657
37623,45657
284354,45657
221136,45656
230035,45656
204848,45656
294034,45656
198413,45656
260289,45656
268766,45656
179903,45655
250188,45655
30476,45655
172587,45655
285548,45655
12674,45655
84569,45655
222772,45655
292603,45655
204409,45655
244675,45655
33201,45655
248539,45655
75740,45655
212612,45655
258162,45654
137531,45654
222549,45654
109385,45654
604,45654
16888,45654
165533,45654
277667,45654
283109,45654
217236,45653
177753,45653
52997,45653
13550,45653
167078,45653
245774,45653
119502,45653
249220,45653
38747,45652
138554,45652
257277,45652
293645,45652
2073,45652
146888,45652
25687,45652
293337,45651
107198,45651
294687,45651
81454,45651
292677,45651
4417,45651
38583,45651
197497,45651
251673,45651
288147,45651
243269,45650
279546,45650
17186,45650
80159,45650
273021,45650
5582,45650
68565,45650
205750,45650
226968,45649
2467,45649
290322,45649
281736,45649
246418,45649
21178,45649
175376,45649
221722,45649
259216,45649
291590,45649
233760,45649
190704,45649
270050,45649
218622,45648
26288,45648
234437,45648
196356,45648
230909,45648
233146,45648
189586,45648
114668,45647
146682,45647
293323,45647
77496,45647
258787,45647
4111,45647
140606,45647
294460,45646
166387,45646
253984,45646
5223,45646
16965,45646
267592,45646
280087,45646
34637,45645
246582,45645
211303,45645
137981,45645
239325,45645
127414,45645
188501,45645
295475,45645
296272,45645
280701,45645
258727,45645
146946,45644
283304,45644
207369,45644
216973,45644
177440,45644
255075,45644
413,45644
140639,45644
34610,45644
41036,45644
207416,45644
248340,45644
127645,45644
192011,45644
42578,45643
2145,45643
271637,45643
145,45643
289831,45643
265460,45643
214500,45643
154037,45643
227445,45643
278121,45643
245489,45642
248438,45642
237523,45642
64886,45642
199255,45642
209284,45642
81119,45642
234348,45642
255143,45642
286406,45642
264637,45642
57,45641
292287,45641
224444,45641
223136,45641
143695,45641
176502,45641
210960,45641
291487,45641
211885,45641
233039,45640
254353,45640
17741,45640
250823,45640
251565,45640
250343,45640
176548,45640
184517,45640
207324,45640
131991,45640
285559,45639
282799,45639
224424,45639
279155,45639
248993,45639
279920,45639
294577,45638
16573,45638
286856,45638
197460,45638
171347,45638
114619,45638
257373,45638
273675,45638
270858,45638
29528,45637
132387,45637
274075,45637
213992,45637
179263,45637
63708,45637
258243,45637
215328,45637
27269,45637
256449,45636
16308,45636
80409,45636
199815,45636
191210,45636
1553,45636
116455,45636
277333,45636
251676,45635
284848,45635
284539,45635
157010,45635
260264,45635
231258,45635
196154,45635
252268,45635
260952,45635
100495,45635
241290,45635
207072,45635
272936,45635
260524,45635
249490,45635
