393,100000
5337,51919
2279,51496
10953,51352
305,51032
1697,50030
9812,49875
2769,49821
12126,49802
1444,49781
3105,49699
181,49499
1970,49466
2116,49442
845,49378
7967,49333
263360,49301
888,49288
58,49255
13114,49218
36,49204
10345,49099
89708,49088
135309,48910
17481,48898
60443,48890
204571,48874
3537,48815
3614,48811
572,48782
38985,48762
1420,48737
294896,48724
245784,48677
28271,48672
7991,48665
186433,48665
36423,48660
216,48655
251558,48642
98068,48626
13646,48607
20294,48597
239778,48591
85217,48588
5742,48582
41452,48576
30369,48568
162344,48568
77982,48568
248004,48557
147750,48556
4231,48543
191813,48543
109364,48539
11818,48525
135598,48523
198179,48510
270713,48507
163900,48506
131784,48506
294863,48506
239403,48505
152198,48485
196247,48481
261699,48480
198211,48467
211458,48443
245220,48442
200774,48439
192865,48435
136932,48432
192188,48421
280195,48418
291529,48418
205004,48412
28311,48412
111757,48409
2120,48403
3200,48396
257506,48394
4813,48391
18593,48390
159277,48389
231056,48389
137631,48388
125259,48387
203023,48385
241540,48375
284186,48374
143464,48369
86533,48368
245801,48368
5828,48364
238193,48354
75611,48349
243698,48345
293137,48336
9346,48336
239524,48334
259767,48334
241002,48334
272510,48330
13355,48329
184892,48329
286278,48329
186441,48323
213434,48318
236709,48317
277750,48310
13108,48307
58631,48296
184576,48296
2660,48293
3396,48287
178098,48271
1411,48269
268923,48268
235726,48267
181538,48267
207482,48265
262911,48264
187953,48259
265457,48259
207406,48255
127098,48251
148914,48251
24369,48248
193632,48241
204240,48240
139398,48235
167851,48233
284991,48233
249989,48231
145880,48215
181477,48208
158202,48206
228032,48202
191300,48202
200285,48201
237621,48199
230431,48197
131312,48197
222742,48193
14972,48188
98540,48186
6902,48186
240566,48181
152267,48181
212685,48178
283690,48174
208421,48174
96617,48172
228103,48170
211653,48170
165260,48170
217333,48169
258656,48163
270218,48161
203142,48157
24312,48155
2746,48152
169987,48151
270716,48150
126770,48147
117459,48147
245132,48138
272999,48137
191367,48137
114095,48136
268428,48136
133977,48136
287302,48136
237864,48135
277286,48132
286554,48132
259921,48129
285817,48128
6064,48127
203387,48125
74461,48125
258443,48123
254005,48123
2559,48122
144954,48121
80421,48120
177226,48120
135154,48116
282156,48114
198086,48112
205302,48111
1004,48108
158580,48104
226445,48098
254213,48097
142978,48095
48292,48095
269133,48093
259454,48091
10592,48091
220638,48090
247710,48089
233982,48087
87081,48077
126919,48076
254190,48075
177081,48072
229028,48072
118168,48069
110745,48068
163241,48064
272675,48063
208211,48063
262979,48063
209891,48062
176920,48061
259920,48061
262408,48060
114740,48059
214834,48058
242690,48057
266693,48056
218687,48056
144845,48054
293902,48053
123678,48053
148382,48051
256286,48050
22085,48049
289250,48049
201948,48042
293731,48040
761,48039
270093,48038
217858,48036
215911,48034
182135,48034
182365,48034
229861,48033
239758,48031
161126,48031
165388,48031
27230,48031
250882,48028
79249,48026
123902,48024
282911,48022
217654,48022
242915,48022
7843,48021
971,48019
284562,48019
285180,48017
157690,48015
45799,48013
130156,48012
263554,48011
200018,48009
254167,48004
105698,47997
124628,47997
270560,47996
249778,47996
240953,47996
277161,47994
246323,47988
174404,47986
175440,47986
238139,47986
122800,47985
218513,47982
190230,47982
277568,47980
16432,47977
206572,47975
242799,47974
204920,47974
256552,47973
240194,47973
202098,47973
295935,47972
253164,47971
236469,47970
133031,47968
247028,47968
140771,47966
30300,47966
148980,47963
15149,47961
144367,47961
9805,47960
228329,47959
128884,47957
226692,47956
201828,47951
259829,47949
258460,47945
176298,47941
140061,47941
190192,47940
163493,47940
262468,47940
259994,47939
191597,47938
191743,47937
166493,47937
254095,47936
292283,47935
7194,47928
202038,47928
280148,47927
25963,47927
280764,47926
246166,47925
8631,47924
2103,47924
921,47922
195216,47917
370,47913
189659,47908
138106,47905
4088,47903
129661,47902
286204,47901
156983,47901
203807,47897
251049,47895
9342,47895
178436,47893
240735,47892
186892,47889
180402,47889
270956,47885
99005,47884
250237,47884
228456,47883
293167,47881
5243,47879
270035,47878
91985,47877
140959,47876
278746,47875
230758,47873
136541,47872
225337,47872
197966,47868
225335,47866
218469,47865
263630,47865
34597,47863
283049,47862
33826,47862
248008,47860
259887,47859
288303,47858
131696,47856
261168,47856
291106,47855
129694,47855
224508,47852
129713,47852
28783,47852
198174,47851
181391,47851
182797,47850
235781,47850
193800,47849
134274,47848
151340,47848
9487,47846
252250,47845
282040,47840
257114,47839
281205,47837
146837,47832
142378,47832
284427,47829
250756,47829
285294,47828
202948,47828
269366,47826
247929,47821
250996,47816
285000,47815
241304,47814
535,47814
16884,47811
173233,47810
140013,47808
227847,47808
285461,47804
125181,47804
90251,47804
208022,47803
5850,47799
181524,47797
203723,47796
86577,47796
247512,47795
16829,47795
160639,47793
281692,47792
286189,47792
23196,47791
278652,47791
265922,47789
270695,47786
269185,47786
283621,47786
290312,47782
273894,47781
36874,47780
224175,47780
268067,47778
11486,47777
283910,47776
271612,47776
267067,47775
6790,47775
266105,47774
274137,47773
229339,47772
196548,47770
262079,47770
268150,47769
218884,47768
215956,47768
219905,47767
244660,47765
235223,47765
270199,47765
15479,47764
198337,47764
8224,47762
278338,47761
25455,47757
232134,47752
280096,47749
143857,47748
162476,47746
273447,47744
222806,47737
248504,47736
163137,47733
24718,47729
226248,47729
170359,47725
166569,47725
162,47725
221961,47724
129896,47723
9458,47723
263022,47722
95891,47722
272177,47719
81185,47719
240486,47719
204147,47717
160253,47717
292777,47714
277030,47712
229424,47711
212107,47710
201036,47710
269532,47709
194169,47708
243445,47708
282170,47708
81356,47707
246962,47706
194778,47706
243296,47704
265127,47704
186238,47702
281729,47698
213356,47696
251861,47694
274722,47694
212947,47694
190030,47692
244270,47688
675,47686
223086,47685
171647,47685
113913,47683
239729,47681
138218,47680
2443,47678
208528,47678
248817,47675
200794,47673
231305,47670
248982,47669
231675,47669
223943,47668
292550,47668
237242,47667
271441,47666
237706,47665
168605,47663
171237,47662
183215,47662
22332,47662
201996,47660
268435,47656
224905,47653
234366,47652
44393,47649
275855,47649
2825,47647
289028,47647
248524,47640
205294,47638
246761,47638
16142,47636
146505,47635
174725,47635
234941,47634
33203,47631
177433,47630
125425,47628
289742,47628
254533,47627
5047,47623
9352,47622
261541,47622
178266,47621
203130,47620
203098,47620
156825,47619
253083,47616
257703,47615
129287,47615
259127,47614
181575,47612
162288,47610
267791,47609
271730,47608
291055,47605
192733,47605
224707,47605
169887,47602
184911,47602
122577,47599
253243,47598
282445,47598
208117,47594
539,47589
101770,47588
204673,47587
258584,47584
124758,47581
250750,47580
23659,47579
179487,47575
242242,47574
174476,47573
42641,47573
22240,47572
189962,47569
55352,47569
256601,47568
183120,47561
287032,47561
178187,47556
6440,47552
88193,47550
181342,47547
256198,47542
158859,47539
254940,47539
235825,47539
272302,47536
291885,47535
255336,47535
268855,47534
138163,47533
186312,47531
248105,47530
20518,47530
235212,47529
293662,47526
96101,47526
4176,47524
141264,47524
228750,47523
10494,47521
265715,47520
111191,47517
218633,47516
10589,47516
240088,47515
11944,47514
260357,47513
92006,47508
102171,47507
267850,47506
247120,47503
218725,47500
281960,47498
209899,47496
163304,47493
54125,47493
20773,47490
109051,47489
245976,47487
4046,47484
260624,47480
288261,47480
273798,47476
255581,47474
23305,47473
129029,47472
242117,47470
285170,47468
266359,47467
246964,47467
234131,47465
141297,47463
191811,47462
213376,47459
293107,47457
291198,47457
249573,47457
103923,47456
272293,47452
4003,47451
272748,47450
237850,47450
251390,47448
217958,47448
144749,47447
188666,47444
254034,47443
144827,47442
275566,47439
259485,47439
226483,47436
152717,47436
3030,47435
159924,47434
276048,47432
271264,47429
265101,47428
256441,47427
182065,47423
242954,47423
287459,47420
50429,47418
295005,47416
181646,47416
215759,47412
230046,47412
207888,47411
48431,47409
29484,47405
258436,47399
154580,47399
225992,47398
175200,47396
281084,47396
241873,47396
164190,47394
136,47393
4197,47393
136993,47392
5890,47386
277869,47385
780,47384
228252,47383
188660,47374
249349,47370
2721,47369
190907,47368
271530,47368
276855,47368
190588,47368
2976,47367
253313,47358
155499,47356
180156,47355
275690,47355
258354,47351
964,47350
4487,47346
27786,47346
242910,47346
17332,47345
184702,47345
264641,47339
219198,47337
195383,47331
282374,47328
39780,47325
246803,47324
244793,47321
8024,47321
145876,47320
3470,47319
212126,47316
15579,47316
277634,47316
271123,47315
141338,47313
35546,47311
32,47309
25046,47308
185280,47307
234739,47306
188404,47305
13066,47300
254525,47298
1100,47294
159746,47291
288277,47289
91876,47286
151503,47285
287444,47285
114848,47284
16691,47283
246588,47281
652,47281
15398,47281
81568,47280
188034,47279
762,47278
38999,47277
45453,47275
177753,47274
278121,47273
3226,47272
123225,47272
271503,47270
242975,47269
50365,47268
43102,47267
98763,47267
188062,47267
286876,47264
1857,47263
1753,47262
120010,47262
154365,47262
197674,47256
173276,47256
296434,47255
240451,47255
124409,47253
229564,47252
24440,47252
256880,47250
285171,47248
201226,47247
252594,47245
261549,47242
185535,47240
269226,47236
1653,47235
95919,47233
68595,47233
156498,47229
110031,47229
283598,47227
167593,47224
293843,47222
280201,47220
266413,47220
247154,47214
202188,47213
154642,47209
200163,47208
295029,47206
179709,47204
4427,47202
4731,47201
253324,47198
21366,47197
165600,47195
218238,47190
953,47190
261372,47183
22561,47179
10145,47170
202248,47168
170718,47167
227259,47166
109854,47160
272688,47156
35735,47155
107656,47154
191714,47151
151,47145
4591,47144
189346,47142
41638,47141
212151,47139
259068,47138
233636,47134
238220,47131
251634,47124
272194,47122
4462,47122
295447,47122
12532,47121
249714,47121
7515,47120
34471,47114
36583,47114
225771,47113
815,47112
10021,47110
223800,47109
65314,47109
222281,47107
255475,47107
181276,47106
291353,47105
160831,47104
293390,47104
286275,47102
281170,47101
220529,47101
207655,47099
226654,47098
260655,47097
388,47097
865,47097
187800,47096
269362,47095
31088,47094
194718,47093
254833,47092
277071,47092
258590,47091
293927,47089
21840,47086
82039,47084
4202,47080
151386,47080
236703,47078
44084,47070
120044,47069
29254,47068
142597,47065
2974,47065
268379,47063
9873,47063
211018,47063
19085,47062
249787,47061
29705,47061
175629,47060
259925,47058
40094,47058
285097,47058
210955,47056
19425,47054
70555,47052
282631,47052
210119,47050
148363,47049
7728,47049
2860,47047
170593,47047
264475,47046
230813,47045
122509,47041
16735,47036
243656,47035
124892,47032
227099,47031
78570,47030
2858,47029
4791,47027
156818,47026
19849,47026
173945,47025
14784,47025
197793,47024
15970,47024
36859,47023
296272,47021
13208,47018
199634,47017
290539,47015
246117,47014
270237,47013
236535,47010
223655,47009
189126,47006
11397,47005
265368,47005
10170,47004
44020,47004
266592,47004
240116,47002
39864,47001
8887,46999
79412,46998
281547,46997
207803,46997
23630,46995
32308,46994
2677,46990
246075,46989
156274,46987
41008,46987
203213,46985
198454,46983
251150,46981
10263,46977
279456,46973
292290,46970
230798,46968
70968,46967
45528,46965
31545,46962
113510,46962
34637,46960
9580,46960
220557,46959
170041,46959
251215,46958
212611,46958
9970,46957
28250,46957
262491,46954
267466,46953
12026,46952
161647,46951
213350,46949
67845,46944
293767,46944
272222,46943
291702,46942
264637,46940
195764,46939
118690,46936
2470,46936
201133,46933
68734,46932
464,46931
131009,46929
14708,46928
165597,46927
13160,46927
241570,46926
24674,46925
56208,46924
222624,46923
3708,46920
280043,46919
247744,46918
242892,46914
204474,46914
210677,46913
256872,46913
5677,46912
188706,46911
11166,46911
14864,46910
52937,46909
1185,46908
106206,46908
10886,46908
166120,46907
139340,46906
144448,46905
158079,46904
169647,46902
267352,46902
36714,46901
74596,46900
171043,46900
29869,46899
4360,46898
65895,46897
274893,46896
255790,46893
121242,46893
259396,46892
227684,46892
163490,46891
88127,46889
197661,46887
293102,46887
295696,46886
114507,46886
289,46886
250337,46884
140150,46883
13550,46883
40800,46882
119587,46882
13360,46881
5946,46881
26941,46880
268905,46880
55840,46879
280292,46875
269390,46873
96211,46871
44694,46870
262668,46869
12158,46868
232174,46868
105146,46867
66410,46867
6984,46866
259028,46866
295,46866
206282,46865
230492,46865
208912,46865
33376,46864
7535,46863
188184,46861
283736,46858
254151,46858
273502,46858
31345,46857
258237,46857
295660,46857
9981,46855
4610,46855
31347,46852
296399,46851
35054,46850
176615,46850
168399,46849
81493,46849
102899,46848
182358,46846
44914,46845
205123,46843
226225,46843
164716,46843
245912,46838
267264,46837
13188,46835
276462,46833
21089,46833
197706,46832
249496,46832
169579,46832
13711,46830
12172,46828
256896,46827
161289,46825
269619,46825
140683,46824
8783,46824
5596,46824
152853,46823
46310,46820
268480,46817
10879,46816
164263,46816
6548,46816
131290,46815
286824,46813
222386,46813
17608,46813
61002,46811
1687,46805
136944,46804
37672,46804
245921,46803
281282,46802
252977,46802
202538,46801
296073,46800
205252,46799
209453,46798
18440,46798
212301,46794
223481,46793
292891,46791
19365,46790
272369,46789
53078,46788
53061,46786
283714,46785
1187,46785
255337,46785
773,46784
212403,46782
211909,46781
38318,46780
249117,46780
9033,46777
106246,46777
279545,46774
1861,46774
270934,46773
256743,46773
203998,46772
9720,46771
292912,46770
538,46769
15606,46768
155729,46768
92917,46766
210848,46763
65283,46762
264048,46762
12156,46759
5683,46757
9528,46757
167098,46757
11275,46756
7499,46756
185351,46755
79144,46754
161394,46754
9765,46753
285992,46752
236247,46752
287675,46752
5584,46752
175742,46749
272211,46749
301,46746
90278,46746
216140,46746
280793,46745
80431,46744
197255,46744
206575,46744
49450,46742
133071,46742
282520,46741
53656,46740
179895,46739
295230,46738
5780,46736
202729,46735
168549,46734
283697,46732
91882,46730
9310,46730
40210,46729
169723,46729
32043,46729
249864,46729
29392,46728
202913,46727
123172,46726
35430,46724
51566,46723
86549,46722
289348,46722
234439,46721
192025,46720
4259,46718
4823,46718
156197,46717
29042,46715
123918,46714
173476,46714
54025,46713
17711,46712
59045,46712
5844,46711
84978,46711
196634,46711
7463,46709
200664,46709
17553,46709
159689,46709
218192,46708
53375,46708
23018,46706
79163,46706
75539,46706
281626,46706
16195,46705
282468,46705
113326,46701
7423,46700
148606,46699
11699,46699
115755,46698
227119,46698
205034,46698
69484,46697
180033,46696
95392,46696
117126,46695
3232,46695
291728,46693
219329,46692
91328,46692
295976,46689
230309,46688
10266,46686
34895,46685
285860,46684
204168,46684
50921,46684
204876,46683
216845,46683
98570,46682
156737,46682
187669,46681
199609,46680
269868,46679
287755,46678
269484,46676
264536,46674
210788,46674
1084,46674
87737,46671
34105,46670
207545,46669
293009,46668
45350,46668
15216,46666
7399,46666
3473,46664
253249,46664
293689,46664
157259,46663
221271,46660
191059,46658
13089,46657
37,46657
55,46657
170296,46656
14,46656
60182,46654
18908,46654
144276,46652
289062,46651
294679,46650
180183,46649
100901,46645
220831,46643
198523,46640
139329,46639
1393,46639
182168,46639
226405,46637
28257,46637
96648,46637
1445,46636
22828,46636
219909,46635
251532,46635
19027,46634
180248,46634
977,46634
123880,46633
273741,46632
222661,46631
8367,46630
146418,46630
263220,46629
7983,46629
50161,46629
141617,46628
288419,46628
157236,46628
200242,46626
19510,46626
152014,46624
29848,46624
45494,46622
102286,46622
279895,46621
236736,46620
1324,46619
236850,46618
107694,46618
281207,46616
157431,46616
126446,46615
62738,46615
278944,46614
232654,46613
2213,46611
12896,46611
183077,46610
40378,46610
6355,46610
1242,46610
68745,46609
20527,46608
91707,46605
291405,46605
182581,46603
23519,46603
196196,46603
266880,46601
287682,46601
230397,46601
88698,46599
178919,46599
60029,46597
22129,46596
159083,46596
58866,46596
219292,46596
133236,46596
165625,46596
231330,46592
268975,46592
65854,46591
45472,46590
35530,46588
30812,46588
238762,46587
45688,46587
279612,46586
218363,46586
49629,46585
185930,46581
104224,46580
6687,46579
100869,46579
194486,46578
126740,46577
22583,46575
2179,46572
110463,46571
143277,46571
4416,46571
294809,46570
32527,46570
109999,46569
180804,46567
235691,46567
719,46565
165369,46565
274913,46562
279233,46561
204149,46557
4313,46557
9592,46557
273162,46556
216993,46556
3063,46556
11015,46555
2802,46553
56969,46553
51569,46553
239655,46552
241062,46551
275978,46550
187456,46550
101096,46550
330,46550
250022,46549
287440,46549
135626,46547
40325,46546
66139,46544
182666,46544
251325,46544
235856,46543
250687,46543
95963,46543
177855,46543
144808,46542
34451,46541
46220,46540
228182,46540
109159,46540
259488,46540
23636,46539
54000,46539
283800,46539
135521,46539
226234,46538
43854,46536
252124,46535
267572,46535
105728,46534
7257,46533
264757,46533
168907,46533
220312,46532
77850,46532
26528,46531
290066,46530
14125,46530
87440,46528
47303,46528
241947,46526
23170,46524
22770,46523
205248,46523
152951,46522
78819,46521
181611,46520
55640,46520
21949,46519
36433,46518
15559,46518
287671,46515
6227,46513
234938,46511
36259,46511
229357,46511
161127,46511
200519,46510
238136,46508
6511,46505
102,46503
200836,46500
14011,46500
151322,46498
233625,46495
240796,46495
22594,46495
282462,46495
102132,46494
276008,46494
227312,46494
265089,46494
77767,46493
195009,46493
275223,46491
276723,46491
76246,46490
261731,46490
7807,46490
291972,46487
63859,46485
221126,46485
293584,46485
65467,46485
223866,46483
268600,46482
127796,46481
230296,46481
96260,46480
77634,46480
239775,46480
146085,46477
194163,46477
54541,46476
294618,46476
255925,46476
208417,46476
163219,46475
134936,46474
196009,46474
249240,46473
257619,46473
205039,46473
252202,46473
105287,46472
266188,46472
142951,46472
239268,46471
87923,46470
247582,46470
102339,46469
172665,46469
156524,46468
287181,46467
6363,46467
13018,46467
4267,46466
151838,46465
15427,46465
22811,46465
284539,46464
32009,46462
27927,46462
293298,46462
255711,46462
59315,46461
574,46460
193339,46458
282101,46457
12562,46457
276200,46456
94313,46456
126574,46456
208926,46455
20552,46455
28484,46454
256791,46454
4780,46454
268886,46453
4243,46452
284777,46452
160924,46451
64034,46451
140373,46451
188239,46450
16987,46448
216076,46448
24855,46448
98064,46447
207472,46446
278722,46446
189138,46446
278367,46446
179667,46444
209086,46444
165067,46444
43044,46443
160921,46443
164948,46442
53042,46441
69065,46441
51747,46440
262556,46439
43798,46439
280888,46438
8530,46436
8486,46436
33391,46436
209608,46436
205826,46435
84334,46434
270609,46434
61886,46433
252437,46431
204775,46431
102170,46431
28022,46431
259256,46431
210405,46430
197842,46430
3153,46429
241555,46429
105991,46428
290783,46426
31063,46426
180934,46426
42015,46426
285694,46424
104513,46424
105855,46423
233744,46423
280270,46423
113128,46422
180457,46422
222437,46421
123643,46421
11679,46420
172366,46419
219226,46419
3285,46419
15442,46418
224822,46418
51152,46416
225905,46416
5343,46416
255872,46415
230312,46414
198089,46414
238648,46414
887,46411
158350,46411
160615,46411
43404,46411
263073,46411
104126,46410
113134,46409
126760,46409
43370,46408
263940,46408
24930,46408
13084,46407
58358,46407
274272,46405
190321,46404
147994,46402
7724,46401
47756,46400
3024,46400
7798,46400
277056,46400
233546,46398
96843,46397
229910,46397
290348,46396
270611,46394
19,46393
265681,46393
263097,46393
102770,46393
252116,46392
157161,46392
248763,46391
203962,46391
289655,46389
56105,46388
262308,46388
145521,46388
24057,46387
132272,46387
172461,46387
6153,46386
2599,46386
48477,46384
108972,46383
160809,46383
66047,46381
251816,46381
148750,46381
67803,46379
265068,46379
25371,46378
240841,46377
217813,46377
184983,46376
27048,46375
275230,46374
1083,46374
188295,46373
27747,46373
24271,46373
18215,46371
6695,46371
237435,46370
288837,46370
226299,46370
288266,46370
272531,46368
225834,46368
290949,46367
6242,46367
72309,46367
165905,46367
224304,46367
172538,46366
245793,46366
12132,46364
180095,46364
11995,46363
103636,46362
137744,46362
183757,46362
53625,46362
198373,46362
251684,46362
60471,46362
189491,46360
917,46360
288366,46359
222857,46359
3193,46358
163550,46358
245919,46358
159264,46358
98777,46357
146179,46357
165653,46357
279375,46357
12314,46356
2800,46355
54128,46355
28595,46355
142505,46354
8961,46353
12684,46353
4737,46353
25733,46353
128403,46352
244337,46352
43116,46351
77563,46350
223195,46350
282984,46350
275571,46350
46449,46349
176713,46348
1253,46348
239076,46348
146720,46347
238655,46347
20265,46346
231194,46345
246910,46344
243035,46342
293182,46342
239799,46340
238740,46340
425,46340
73617,46339
117640,46339
257011,46338
231061,46337
8145,46337
132385,46336
177405,46336
196752,46336
192904,46336
188180,46335
57663,46335
229985,46335
158820,46335
180011,46334
7765,46334
256119,46333
159049,46333
236806,46332
291407,46332
236833,46331
55736,46331
141085,46331
268232,46330
264095,46330
263115,46329
59211,46329
218834,46328
245820,46327
281874,46327
3022,46327
66623,46327
145960,46326
261009,46325
246433,46325
126758,46323
245551,46323
294266,46323
292616,46322
5965,46322
177334,46322
42907,46322
165345,46319
5035,46319
37666,46319
250844,46319
262337,46317
20688,46316
186603,46316
74908,46316
240609,46316
267395,46315
254424,46315
2136,46314
62720,46314
249612,46313
245591,46312
1416,46311
147102,46311
171368,46310
270841,46310
53292,46310
247910,46309
217483,46309
72939,46309
34633,46309
84177,46308
147971,46308
65632,46308
0,46306
34251,46304
22688,46304
126443,46303
60728,46303
11891,46303
260550,46302
27663,46302
167605,46302
182484,46301
281655,46301
11254,46301
11171,46300
248,46300
157467,46300
267753,46298
262568,46297
20796,46297
1435,46294
194686,46294
39789,46293
285676,46293
26066,46293
266035,46292
11425,46291
209823,46291
195376,46291
249151,46291
213661,46291
144222,46291
11231,46291
284679,46290
122494,46290
245080,46290
87870,46287
55634,46287
280107,46287
9756,46286
237947,46286
212985,46286
21256,46285
130893,46285
64744,46284
285842,46284
235284,46283
289035,46283
86496,46283
259377,46282
84844,46282
22318,46282
79369,46281
30225,46281
289973,46281
86498,46278
28802,46277
233004,46276
288246,46276
190208,46275
189200,46275
269653,46274
253823,46274
3767,46274
222236,46274
292033,46273
22038,46272
124905,46271
194642,46271
119422,46271
245313,46271
288605,46269
100968,46268
287130,46268
35535,46266
21340,46265
245266,46264
20752,46264
277217,46264
22391,46263
270985,46263
258181,46261
25201,46261
191704,46261
291862,46260
184250,46259
65292,46259
128599,46259
282981,46258
266832,46258
252243,46257
213127,46257
31770,46257
8774,46257
289947,46256
15258,46256
154546,46255
284819,46254
16383,46254
265565,46253
248491,46253
259622,46253
277857,46253
74333,46252
243980,46252
187653,46252
256072,46252
25089,46250
277041,46249
66499,46248
26663,46248
294628,46248
172837,46248
199183,46248
173668,46247
226800,46247
99421,46247
209800,46246
293361,46244
24692,46244
49357,46244
254154,46244
150444,46243
624,46242
194131,46242
167842,46241
272906,46241
79857,46240
57804,46239
268334,46238
206490,46238
32084,46237
160001,46236
100640,46234
20168,46234
281148,46234
124972,46234
254430,46234
272967,46234
151284,46234
197,46233
74915,46232
283593,46232
261691,46231
15120,46230
35245,46229
204743,46228
262841,46228
135801,46228
107107,46227
1693,46227
13851,46227
283870,46226
15266,46225
31754,46224
221743,46224
77349,46224
280567,46224
277767,46224
241963,46224
279894,46223
199376,46223
222512,46222
25229,46222
221211,46220
281999,46219
118950,46219
107287,46219
19574,46219
247273,46218
236702,46218
115929,46218
128145,46216
41071,46216
199081,46214
90784,46213
92599,46213
23096,46212
258093,46212
79933,46212
117674,46211
13399,46210
102244,46209
259558,46208
98837,46208
60526,46207
327,46207
48727,46207
174027,46206
294687,46206
118933,46206
247423,46205
263626,46205
291807,46205
276501,46204
187970,46204
216268,46204
136906,46203
35541,46203
75100,46203
268272,46202
268756,46200
94992,46199
33921,46198
78989,46197
215955,46196
31535,46195
39142,46195
193446,46195
214814,46195
14403,46194
162547,46194
83315,46193
269403,46193
41284,46193
209923,46193
10746,46192
240561,46192
15513,46192
159984,46191
22874,46191
47624,46190
99485,46190
107516,46190
211624,46190
129171,46188
221316,46188
59807,46188
2184,46187
243874,46187
227415,46186
177457,46186
225709,46186
250058,46185
179890,46185
220810,46185
190556,46184
266449,46184
178484,46184
104703,46184
199993,46184
138169,46183
69111,46183
145942,46183
15133,46182
294148,46182
37459,46182
48523,46182
264567,46181
223818,46181
117837,46180
5155,46180
74487,46179
90682,46178
132700,46177
270498,46177
14694,46177
186050,46177
171760,46176
187020,46176
236454,46175
208098,46175
10357,46175
13668,46175
235239,46175
89474,46174
6540,46173
1443,46173
261250,46172
294053,46172
88847,46172
4236,46172
68074,46172
32291,46171
8337,46171
68780,46171
95185,46170
219106,46169
20578,46169
132199,46168
273201,46168
175066,46168
132637,46168
286769,46168
249868,46167
139459,46166
101415,46166
107740,46165
2321,46165
179396,46165
267380,46164
253847,46164
117551,46163
199559,46163
278154,46163
261350,46162
257365,46162
31886,46161
245246,46161
168718,46161
188736,46161
77338,46160
166896,46160
138797,46160
123555,46160
288696,46160
31593,46160
291780,46160
217303,46159
186607,46158
77868,46158
276997,46158
76513,46158
186890,46157
260892,46157
22582,46157
36261,46156
150253,46156
81861,46156
225700,46156
204800,46155
106466,46155
233204,46153
290580,46153
282733,46153
276212,46152
137204,46152
187253,46152
69562,46152
231956,46151
180487,46151
57790,46150
196197,46149
35552,46149
203511,46149
4412,46149
250121,46148
106739,46148
272246,46147
48645,46147
1725,46146
221145,46146
197998,46145
262326,46145
123752,46145
973,46145
152522,46145
275459,46145
16064,46144
154359,46144
177758,46143
870,46142
133932,46142
118734,46142
255263,46141
14926,46140
151669,46140
193747,46139
167308,46139
23575,46139
92272,46139
142006,46139
82292,46138
239056,46137
133049,46137
14869,46137
136813,46137
261269,46136
58322,46136
5928,46135
2154,46135
226273,46135
129835,46134
146315,46133
223862,46133
260926,46133
4757,46132
202399,46132
202917,46131
185066,46131
74129,46131
162922,46131
267378,46130
211303,46130
262572,46130
69028,46129
38204,46128
146951,46127
185395,46127
260562,46127
230288,46127
105934,46127
279275,46126
261774,46126
49244,46125
286107,46124
275780,46124
266644,46124
5664,46124
527,46124
288660,46124
132563,46123
123054,46122
43734,46122
281001,46122
116277,46122
25613,46121
269799,46121
226604,46121
155800,46121
140088,46121
49464,46120
284157,46119
604,46119
269435,46119
48774,46119
99347,46118
140,46118
259901,46118
268535,46117
159196,46117
277273,46116
202668,46116
8617,46116
90263,46116
212094,46116
88110,46116
277988,46115
36810,46115
229679,46115
7678,46114
207332,46114
156396,46113
154306,46113
272042,46113
272627,46112
215606,46112
84783,46112
292690,46111
65872,46110
217453,46110
210054,46110
96755,46110
143388,46109
99360,46109
29835,46109
257230,46108
56217,46108
280078,46108
252734,46108
13412,46108
193242,46107
77932,46107
33313,46107
169831,46107
289067,46106
1979,46106
18285,46106
270789,46105
249040,46105
242270,46105
238739,46105
284773,46104
203526,46104
19691,46103
290511,46103
279158,46103
276811,46102
253016,46102
282338,46102
201596,46102
126528,46102
11216,46102
224244,46102
13289,46101
288492,46101
290931,46101
178401,46100
265027,46100
126341,46100
240947,46100
20334,46099
263958,46099
291143,46099
194729,46099
288517,46099
182617,46098
110763,46098
3740,46097
76393,46096
250076,46096
131363,46096
228885,46096
87037,46096
193951,46095
153628,46095
19877,46095
234991,46095
253922,46094
296533,46094
27937,46094
1437,46094
114943,46093
259091,46093
276221,46093
45416,46091
4222,46091
81273,46091
4996,46090
283541,46089
205790,46089
250811,46088
185947,46088
26827,46088
265425,46088
284618,46088
247196,46088
63295,46087
43795,46087
247570,46086
252181,46085
30,46085
247736,46085
286297,46085
217497,46085
202844,46085
148036,46084
243236,46084
178899,46084
292652,46084
129115,46083
84131,46083
245974,46083
55283,46083
19787,46082
117061,46082
274759,46082
70055,46081
167681,46081
387,46081
40721,46080
281481,46079
291861,46078
258121,46078
280160,46078
246325,46078
37772,46078
236423,46077
274065,46077
39720,46077
140032,46076
9201,46076
201246,46076
124940,46076
194299,46075
199919,46075
232425,46075
1894,46074
275674,46074
5148,46074
248687,46074
77043,46074
126784,46074
30951,46073
236974,46073
59673,46073
130577,46073
3449,46072
234362,46072
162368,46071
55377,46071
52179,46071
272049,46071
29382,46070
191427,46070
57742,46070
284169,46069
1090,46069
124406,46069
4395,46069
14800,46068
32894,46068
291986,46067
284167,46067
218837,46067
81826,46067
32182,46066
95235,46066
14948,46066
205339,46065
228362,46065
643,46065
63721,46064
205388,46064
11909,46063
3430,46063
43437,46063
43015,46063
4467,46063
132314,46063
188213,46063
249121,46062
205152,46062
13524,46062
246571,46062
1210,46061
249283,46061
221974,46060
15625,46059
263313,46059
205472,46058
175944,46058
290390,46058
5300,46058
261301,46058
292412,46057
205525,46057
274503,46056
127308,46055
256163,46055
257754,46055
85712,46055
190950,46055
241905,46054
211544,46054
222630,46054
20095,46054
276346,46054
274938,46053
284434,46053
222934,46052
20179,46052
19200,46052
218138,46051
257052,46051
244094,46051
182877,46051
291121,46050
265154,46050
3893,46049
277578,46048
39703,46047
140130,46047
17985,46047
179919,46047
184574,46046
270572,46046
15673,46046
204132,46046
248636,46045
19779,46045
270070,46045
171933,46045
75680,46045
252848,46044
227371,46044
42233,46044
242916,46044
175752,46043
95084,46043
211912,46042
190572,46041
282661,46041
227186,46041
243292,46040
20836,46039
247129,46039
3454,46039
232310,46039
226666,46037
50006,46037
68633,46037
30268,46036
233485,46036
269081,46035
35061,46034
208244,46034
187221,46033
290561,46033
60935,46033
121988,46033
76737,46033
110903,46032
44702,46032
240703,46032
267990,46032
211286,46031
79507,46031
220571,46031
7081,46031
282154,46030
170090,46030
166770,46030
290322,46030
254386,46030
286998,46028
238827,46028
18662,46027
229987,46027
166228,46027
259576,46026
119550,46025
116330,46025
144946,46025
231920,46025
184213,46025
164681,46024
93035,46024
46907,46024
36893,46023
189232,46023
275253,46023
273991,46023
238154,46022
213114,46022
51027,46022
78983,46021
129534,46021
283719,46021
236862,46021
288976,46021
208322,46021
264948,46020
244263,46020
267545,46020
7305,46019
271040,46019
129922,46019
36157,46018
28661,46018
271224,46017
185461,46017
194352,46017
37018,46016
6877,46016
281486,46015
258844,46015
291610,46015
20525,46015
70303,46015
147339,46014
41925,46014
411,46013
7899,46013
93056,46013
259670,46013
42755,46012
9233,46012
274082,46012
254289,46012
139870,46012
291399,46011
56378,46011
92850,46011
237536,46010
238398,46010
117501,46010
126739,46010
109149,46009
8896,46009
293739,46009
242361,46009
241127,46008
69373,46008
253254,46008
101867,46008
280433,46008
113047,46008
126378,46008
10355,46007
128153,46007
271700,46007
284291,46007
90341,46007
164648,46006
211995,46006
20862,46005
249388,46005
281610,46005
294118,46005
157490,46004
254313,46003
162119,46002
250980,46002
265679,46002
10940,46002
81743,46002
11834,46001
162324,46001
73313,46001
215853,46000
154443,45999
282658,45999
258240,45999
273314,45999
198840,45999
32869,45999
135193,45998
152108,45998
281425,45998
233300,45998
183986,45997
254240,45997
269855,45996
99172,45996
45834,45996
23867,45996
169848,45996
262413,45995
61855,45995
64528,45995
245412,45995
119727,45995
216284,45995
262756,45994
209792,45994
48453,45994
262456,45994
283494,45994
67886,45994
284383,45993
138206,45993
283109,45993
1682,45992
22112,45992
287026,45991
291413,45991
141301,45990
110654,45989
166020,45989
222198,45988
249193,45988
294070,45988
182230,45988
127024,45988
156803,45988
278325,45987
233988,45987
34457,45986
293533,45986
205801,45985
139976,45985
164353,45985
62128,45985
240920,45985
23665,45985
167119,45985
252144,45984
127152,45984
14668,45984
41,45984
208489,45983
192046,45982
11351,45982
216569,45982
110938,45981
244753,45981
113269,45981
136751,45981
239827,45980
283848,45980
168800,45980
164733,45980
239840,45979
210263,45979
292595,45979
292647,45979
280084,45978
292424,45978
202866,45978
34464,45978
212868,45978
12232,45977
218892,45977
17623,45977
164505,45976
34560,45976
164860,45975
166796,45975
236427,45975
163756,45974
244207,45974
224891,45974
250317,45974
147020,45974
102548,45974
217030,45974
245282,45973
58063,45973
178003,45973
45578,45972
47200,45972
205561,45972
75588,45972
36439,45971
19014,45971
89987,45971
123690,45970
18402,45970
151288,45969
25197,45969
262532,45968
9567,45968
183791,45968
150813,45967
91346,45967
24683,45967
174079,45967
181013,45967
160659,45966
23788,45966
255549,45966
295062,45966
73831,45965
235536,45965
229572,45965
195875,45964
1380,45964
265075,45964
11280,45963
153960,45963
257679,45962
218928,45961
285445,45961
195994,45961
253503,45961
213543,45961
48795,45960
264478,45960
56264,45959
275860,45958
221683,45958
123487,45958
148694,45957
269616,45957
75523,45957
184829,45957
18411,45957
165429,45957
251792,45957
147846,45957
192160,45956
287129,45956
284627,45956
227862,45956
258328,45955
251041,45955
210352,45955
273851,45955
130009,45955
158043,45954
246686,45954
189970,45954
207524,45953
34506,45952
8104,45952
112057,45952
240014,45952
271037,45951
88042,45951
609,45951
108838,45951
260795,45951
52903,45951
19965,45950
260761,45950
102249,45949
104596,45949
289439,45949
1120,45949
238701,45948
139126,45948
96965,45948
55424,45948
219182,45948
198407,45948
237376,45947
285634,45947
205244,45947
196927,45947
67340,45947
154403,45947
87224,45947
225677,45946
167359,45946
168919,45945
110979,45945
187804,45945
167081,45945
44448,45944
154819,45944
201335,45944
62601,45944
187261,45943
289020,45943
26260,45943
70206,45943
148499,45943
153797,45943
16600,45942
206360,45942
62036,45942
29265,45942
175222,45942
134391,45941
258398,45941
1296,45940
228131,45940
1349,45938
28666,45938
241244,45938
160134,45938
16294,45938
281896,45937
151979,45937
52546,45937
194353,45937
149425,45937
222988,45937
276886,45936
218996,45936
184065,45936
97526,45936
18304,45935
31261,45935
219234,45934
13671,45934
130143,45933
139372,45933
186372,45933
154554,45932
48474,45932
65855,45932
124407,45932
241809,45931
168454,45931
139975,45931
269798,45931
219503,45930
20157,45930
32808,45930
135707,45930
262423,45930
34967,45930
1563,45930
138728,45930
41420,45929
222152,45929
39873,45929
10225,45929
212083,45929
36504,45929
271328,45928
82180,45928
176082,45927
287293,45927
1679,45927
211228,45927
3384,45927
228274,45926
46365,45926
124159,45926
94372,45926
28170,45926
289235,45926
36755,45926
129293,45925
97106,45925
277288,45925
150582,45925
31895,45924
293713,45923
283538,45923
169442,45923
151558,45923
271985,45923
285466,45923
143552,45923
164130,45923
31320,45922
285963,45922
94825,45922
208827,45922
291831,45922
132049,45922
294092,45922
59052,45921
78404,45921
86793,45921
34355,45921
273410,45921
283172,45920
1314,45920
172231,45920
289904,45919
41327,45919
230287,45919
115493,45919
143061,45919
161784,45919
243080,45919
169230,45919
20504,45918
6665,45918
5503,45918
241462,45918
41036,45917
235494,45917
117714,45917
274426,45917
200140,45917
25233,45917
291827,45917
181762,45916
176857,45916
21675,45915
211172,45915
4948,45915
292915,45915
72480,45915
217314,45915
142437,45914
124673,45914
274690,45914
296408,45914
142910,45914
292608,45914
36348,45913
271316,45913
40780,45912
168715,45912
169009,45912
155128,45912
8518,45912
260009,45911
226173,45911
132084,45911
132661,45910
80148,45910
31782,45910
250558,45910
278132,45910
1538,45909
209526,45909
264827,45909
99944,45908
203270,45908
252560,45908
230457,45907
755,45907
236256,45907
119106,45906
273065,45906
282565,45906
224888,45906
144010,45905
277674,45905
163604,45905
204298,45905
32920,45905
296306,45905
170354,45905
140592,45905
220942,45905
250358,45905
118082,45905
122092,45904
10976,45904
253472,45903
49781,45903
30929,45903
26597,45903
41250,45903
285553,45903
165405,45903
253210,45902
255394,45902
276917,45902
15408,45902
147350,45902
98713,45901
240769,45901
199910,45901
20104,45900
12080,45900
260566,45900
233289,45899
102891,45899
36478,45898
85631,45897
242351,45897
260324,45897
168959,45897
100039,45896
94031,45896
286571,45896
30584,45896
283323,45896
273067,45896
184900,45895
177374,45895
293401,45895
250348,45895
182,45895
13093,45894
27369,45893
254459,45893
267465,45893
206340,45893
51769,45892
28210,45892
251258,45892
115391,45892
235901,45892
284571,45891
163220,45891
268899,45891
13312,45891
243578,45891
274304,45890
282072,45890
18302,45890
87682,45889
288184,45889
262931,45889
115073,45889
253970,45888
279267,45888
222845,45888
275016,45888
86484,45888
111173,45888
21489,45887
287429,45887
116499,45887
3510,45887
292455,45886
112489,45886
288929,45886
150139,45886
187971,45886
268661,45884
213102,45884
168857,45884
150365,45884
31086,45884
23662,45883
252286,45883
1951,45883
79350,45883
154994,45883
268051,45883
240485,45883
209814,45883
22152,45882
196081,45882
20679,45882
193699,45882
203236,45882
277486,45882
834,45881
59749,45881
281256,45881
248156,45880
7623,45880
254025,45880
55109,45880
206148,45879
14409,45879
282799,45879
17661,45878
45293,45878
174181,45878
114992,45878
256806,45877
189713,45877
175229,45877
179223,45876
292908,45876
280887,45876
295509,45876
114143,45875
205988,45875
129223,45875
294887,45875
172799,45874
172880,45874
75924,45874
292143,45874
204156,45873
154370,45873
294438,45873
72397,45872
65846,45872
152867,45872
87231,45872
195969,45872
182480,45871
13582,45871
180051,45871
258762,45871
165085,45871
210415,45871
179694,45870
41887,45870
211512,45870
167577,45869
131592,45869
58102,45869
279121,45869
194528,45869
226127,45868
287568,45868
262213,45867
264120,45867
69201,45867
4535,45867
115339,45866
255862,45866
154037,45866
136488,45866
73396,45866
57278,45866
149185,45865
40240,45865
261984,45865
23291,45864
273751,45864
40431,45864
263514,45864
28313,45864
207190,45864
69326,45863
169693,45863
140528,45863
288147,45863
130356,45863
279498,45863
161968,45862
168361,45862
40272,45862
226512,45861
21700,45861
204238,45861
43586,45861
52285,45861
82628,45860
222321,45860
13557,45860
253797,45860
264074,45859
40193,45859
1320,45859
19152,45859
194630,45859
114325,45859
239642,45858
73667,45858
216168,45858
288867,45857
49172,45857
254861,45857
168664,45857
78524,45857
209902,45857
42,45857
216045,45856
252367,45855
72656,45855
129614,45854
159834,45854
222724,45854
218699,45854
152488,45854
267588,45853
232355,45853
20997,45853
205996,45853
203389,45853
295879,45852
104916,45852
162507,45852
12628,45851
261773,45851
101346,45851
35946,45851
238618,45851
22738,45850
244433,45850
238419,45850
283981,45850
288679,45850
234444,45849
8535,45849
205579,45849
11158,45849
174394,45848
119223,45848
235525,45848
47080,45848
11573,45848
161098,45847
281469,45847
188149,45846
260301,45846
152236,45846
131773,45845
219919,45845
82727,45845
79170,45845
199879,45845
128947,45845
126055,45845
138428,45845
260816,45844
286311,45844
227250,45844
246444,45844
210199,45844
272859,45844
249393,45843
275015,45843
284630,45843
31210,45843
169268,45843
291716,45843
55069,45843
163934,45843
250080,45842
221892,45842
267895,45842
220849,45842
209461,45841
263107,45841
81390,45841
281166,45841
83301,45841
219546,45841
22530,45841
106156,45841
60058,45841
4836,45841
192167,45841
114966,45840
55460,45840
207162,45839
283552,45839
133611,45839
296398,45839
25138,45839
216998,45838
296117,45838
7381,45838
127935,45838
144538,45837
14159,45837
205280,45837
276998,45836
288830,45836
127209,45836
171711,45836
6311,45836
55311,45836
237236,45836
241020,45835
22002,45835
166229,45835
20633,45835
568,45835
155541,45835
137738,45834
172735,45834
263096,45834
284998,45833
258790,45833
239552,45833
274625,45833
68221,45833
135400,45832
30723,45832
266532,45832
235786,45832
196903,45831
141412,45831
128684,45831
189786,45831
6175,45831
116579,45831
106275,45831
222338,45830
215103,45830
184772,45830
84930,45829
205733,45829
27830,45829
44555,45829
13937,45829
267637,45829
173133,45829
122618,45828
6966,45828
166495,45828
147000,45827
232070,45827
206603,45827
211366,45827
261815,45826
222334,45826
186000,45826
207495,45826
197969,45826
285916,45825
255546,45825
189412,45824
161287,45824
153724,45824
1464,45824
223146,45824
263002,45823
101308,45823
296571,45823
17108,45822
6483,45822
3887,45822
78824,45822
103774,45821
77984,45821
105002,45821
23624,45821
266830,45821
290285,45820
290618,45820
62830,45820
190586,45820
84142,45819
260406,45819
26989,45818
184742,45818
152719,45818
225450,45817
279148,45817
20843,45817
70716,45817
57510,45817
188376,45817
145513,45817
162515,45816
244017,45815
99636,45815
288707,45815
172898,45815
207920,45814
74205,45814
36040,45814
258696,45814
130208,45813
263331,45812
36216,45812
274046,45812
78145,45812
101548,45812
248487,45811
96160,45811
133958,45809
55176,45809
182808,45809
104307,45809
234205,45808
166032,45808
222208,45808
204491,45808
272269,45808
163278,45808
274250,45808
283128,45808
213089,45807
228810,45807
110890,45807
243479,45807
294360,45807
27687,45807
237578,45807
115714,45806
21862,45806
8066,45806
279231,45806
280196,45805
282938,45805
281980,45805
288531,45805
37198,45805
213940,45805
195872,45805
14565,45804
104246,45804
196323,45804
106749,45804
133840,45803
127663,45803
20446,45802
158658,45802
236509,45802
162662,45802
148480,45802
3650,45801
168505,45801
192200,45801
55037,45801
293189,45801
256812,45801
290714,45800
278230,45800
217357,45800
12101,45800
123838,45800
38763,45800
60245,45799
245752,45799
51925,45799
163628,45799
236589,45799
124419,45799
851,45799
5847,45798
11063,45798
81811,45798
232118,45797
128450,45797
217181,45797
37452,45797
155487,45797
274719,45796
86920,45796
148823,45796
243318,45795
279599,45795
136201,45795
276932,45795
2728,45794
202629,45794
2450,45794
137566,45794
260762,45794
18473,45794
220734,45793
7266,45793
257110,45793
288263,45793
282283,45793
4157,45793
23649,45792
283701,45792
174072,45792
266964,45791
127919,45791
273952,45791
114844,45791
235867,45791
4734,45790
262047,45790
170559,45790
94488,45790
210555,45789
252967,45789
160296,45789
136289,45789
18207,45789
78757,45788
16089,45788
189537,45787
227578,45787
28137,45786
184879,45786
169598,45786
19109,45786
89592,45785
38223,45785
215611,45784
104198,45784
262623,45784
66892,45784
264789,45784
27261,45784
13288,45783
167924,45783
153734,45783
20771,45783
13396,45783
244752,45783
157013,45782
39358,45782
42096,45781
265819,45781
262984,45781
46333,45781
284523,45781
25842,45781
209185,45781
128296,45781
237361,45781
36364,45780
104204,45780
41390,45780
271651,45780
125464,45780
62513,45780
192014,45780
118529,45780
133476,45780
139810,45780
188096,45779
281285,45779
243100,45779
288040,45779
149104,45778
240123,45778
253773,45778
47091,45778
131403,45778
266380,45778
228464,45778
123045,45777
283078,45777
198467,45777
38786,45777
195919,45777
275738,45777
255445,45777
69142,45777
211581,45777
10122,45776
258452,45776
46017,45776
77297,45776
12924,45776
9992,45775
59419,45775
181946,45775
196312,45775
56405,45775
188082,45775
20146,45775
5469,45774
196016,45774
197613,45774
20263,45774
197556,45774
212265,45774
201273,45774
1390,45773
13049,45773
159581,45773
71242,45773
188614,45773
249773,45773
239594,45772
101023,45772
241379,45772
259343,45771
294967,45771
127180,45771
153896,45771
1289,45771
196802,45771
39709,45771
170567,45771
276122,45770
258513,45770
130475,45770
10290,45770
25323,45769
11831,45769
246611,45769
230992,45768
179607,45768
22957,45768
142407,45768
4190,45768
272886,45768
193271,45768
251563,45768
259723,45767
183177,45767
26822,45767
39508,45766
173886,45766
114632,45766
286232,45766
275082,45766
74704,45766
52328,45765
16511,45765
171141,45765
227540,45764
100606,45764
185152,45764
241439,45764
38032,45764
282994,45764
129617,45764
15260,45764
60270,45763
138278,45763
281175,45763
121144,45763
8891,45763
25616,45763
42188,45762
55504,45762
201560,45762
223335,45762
8734,45761
30831,45761
50282,45761
137696,45761
208945,45760
145271,45760
31847,45759
246069,45759
8059,45759
244606,45759
90856,45758
238910,45758
3923,45758
82960,45757
37932,45757
39936,45757
229833,45757
204963,45757
126502,45757
203622,45757
1548,45757
239881,45757
62959,45756
190908,45756
175787,45756
256044,45756
63228,45756
27776,45755
157109,45755
242926,45755
199970,45754
14549,45754
1072,45754
98629,45754
149501,45753
194042,45753
149378,45753
182655,45752
93290,45751
284555,45751
263889,45751
18172,45750
11383,45750
72594,45750
14537,45750
66814,45750
258991,45750
265607,45749
154,45749
21193,45749
89546,45749
15564,45749
260516,45748
245808,45748
175921,45748
276429,45748
206482,45748
170513,45748
278582,45747
148986,45747
102380,45747
17077,45747
48731,45747
93065,45746
18865,45746
124372,45746
227237,45746
270362,45746
196984,45745
105930,45745
287472,45745
67613,45745
215033,45744
18764,45744
44,45744
291821,45744
30620,45744
251065,45743
130474,45743
100975,45743
134871,45743
129240,45742
166782,45742
284425,45742
167732,45742
18867,45742
244730,45741
233132,45741
188606,45741
44616,45741
237731,45741
25166,45741
48686,45741
200686,45741
2144,45740
46665,45740
65478,45740
128626,45740
253214,45740
280027,45740
239972,45740
31913,45740
258593,45739
283173,45739
163967,45739
20075,45739
207308,45739
110599,45738
285385,45738
230366,45738
16040,45737
225280,45737
127764,45737
121163,45737
237904,45736
93715,45736
73362,45736
86508,45736
27994,45736
112830,45736
216245,45736
186239,45736
37241,45736
138905,45735
255353,45735
29351,45735
16415,45735
25559,45735
16038,45735
10964,45734
135995,45734
281074,45734
41102,45734
233391,45734
125395,45733
264911,45733
260353,45733
275928,45733
134865,45732
222335,45732
71688,45732
59075,45731
41570,45731
158206,45730
166530,45730
103105,45730
279974,45730
87251,45730
48355,45729
11968,45729
93683,45729
199764,45729
251797,45729
200902,45729
8590,45729
103293,45729
230630,45729
78759,45729
109847,45728
284392,45728
47035,45728
282049,45728
221738,45728
141758,45728
293133,45728
177280,45728
118043,45728
245000,45727
139936,45727
123857,45727
36761,45726
276924,45726
87439,45725
255309,45725
242513,45725
226151,45725
49648,45724
200332,45724
211767,45724
155406,45724
231926,45724
107294,45723
211070,45723
128109,45723
99443,45723
49788,45723
197685,45723
4389,45722
23169,45722
246305,45722
251644,45722
250088,45722
284117,45722
235406,45722
153722,45721
180751,45721
181209,45721
204651,45721
90368,45721
87273,45721
176272,45720
283013,45720
121365,45720
255132,45720
252478,45720
88230,45720
294577,45720
171995,45719
132454,45719
157858,45719
171625,45719
230444,45719
187567,45719
276844,45719
53984,45719
274836,45718
63816,45718
24396,45718
176659,45718
140268,45718
85161,45718
110401,45718
3431,45718
295929,45718
183513,45718
249852,45718
11943,45718
53659,45717
165409,45717
241777,45717
171465,45717
22253,45716
37625,45716
83886,45716
209142,45716
209693,45715
151630,45715
198718,45715
96517,45715
254262,45715
223519,45714
166212,45714
153845,45714
2693,45714
239209,45714
200026,45713
207722,45713
274876,45713
135320,45713
256091,45712
184980,45712
206948,45712
34117,45712
232162,45712
276931,45712
279535,45712
12681,45712
272566,45712
184238,45712
3871,45711
257685,45711
236059,45711
162212,45710
106713,45710
23529,45710
255555,45710
50706,45710
83955,45710
287378,45710
111227,45710
235205,45709
93083,45709
141461,45709
248227,45708
232710,45708
227328,45708
227914,45708
2410,45708
91976,45708
6759,45707
249970,45707
12507,45707
194760,45707
20895,45707
119726,45707
252663,45707
211317,45707
198163,45706
71976,45706
15786,45706
68683,45706
29522,45705
113132,45705
77681,45705
213078,45705
57021,45705
222103,45704
278447,45704
282032,45704
186499,45704
160700,45703
169687,45703
282234,45703
26131,45703
222606,45703
148922,45702
273603,45702
101775,45702
44113,45702
216205,45702
182896,45702
154229,45701
56089,45701
195229,45701
260952,45701
86259,45700
229442,45700
65085,45700
207409,45700
141956,45700
227495,45700
8883,45699
16800,45699
247768,45699
165430,45699
246008,45699
267899,45699
188879,45699
102521,45699
138965,45699
203212,45698
135264,45698
271270,45698
193743,45698
52158,45698
249053,45697
188680,45697
86301,45697
92288,45697
205833,45697
149741,45696
32817,45696
222567,45696
288321,45695
189765,45695
227945,45695
2370,45695
284793,45695
41650,45695
198105,45694
124357,45694
99105,45694
54412,45694
8508,45694
286970,45694
211570,45694
286175,45693
184661,45693
27217,45693
83806,45693
274828,45693
230393,45693
284338,45693
231398,45693
18740,45692
200254,45692
117207,45692
16852,45692
166702,45692
181131,45691
213891,45691
149732,45690
142523,45690
291978,45690
253413,45690
23578,45690
295165,45690
213562,45690
32882,45690
169488,45689
273188,45689
70663,45689
10481,45689
224284,45689
14577,45689
288223,45688
247753,45688
271348,45688
42254,45688
84800,45688
104439,45688
57028,45688
237788,45687
285278,45687
1534,45687
264269,45687
97183,45687
247108,45687
234053,45687
45930,45687
56476,45687
277713,45687
11982,45686
233884,45686
42144,45686
147595,45686
22556,45686
238045,45686
96582,45686
247870,45686
100447,45685
256605,45685
25045,45685
218086,45685
3308,45685
112201,45685
162961,45685
271680,45684
38506,45684
233583,45684
1180,45684
284653,45684
99645,45684
5013,45684
239905,45683
277543,45683
280994,45683
7516,45683
242723,45683
254124,45682
150509,45682
174507,45682
167405,45682
180407,45682
190689,45682
258805,45682
120186,45682
251864,45681
156111,45681
128760,45681
121824,45681
244555,45681
164685,45680
59298,45680
239147,45680
32701,45680
126097,45679
112087,45679
11412,45678
78643,45678
272440,45678
164763,45677
12590,45677
131102,45677
161036,45677
155436,45677
200247,45677
93394,45676
200789,45676
150992,45676
256124,45676
156899,45676
60322,45676
165473,45676
265588,45675
31189,45675
170285,45675
292938,45675
152017,45675
265905,45674
283249,45674
90069,45674
40894,45674
96969,45673
155238,45673
59414,45673
100103,45672
288609,45672
143722,45672
207643,45672
105411,45672
189347,45672
180106,45672
140625,45671
237323,45671
70064,45670
5097,45670
212923,45670
101552,45670
235392,45670
240098,45669
249031,45669
20144,45669
20510,45669
83344,45669
292382,45669
271635,45669
188107,45669
295082,45668
283692,45668
295098,45668
207734,45668
33768,45668
257319,45668
288344,45668
283359,45668
128966,45667
15868,45667
33997,45667
145182,45667
29201,45667
249994,45667
208584,45667
195568,45667
61007,45666
106488,45666
1,45666
239971,45666
93093,45666
269254,45666
4,45666
270748,45665
103758,45665
207929,45665
256153,45665
23349,45665
294466,45665
264662,45665
2318,45665
268300,45665
12874,45665
268470,45664
58966,45664
96299,45664
259634,45664
165231,45663
47482,45663
89140,45662
99453,45662
83903,45662
9505,45661
271988,45661
211933,45661
163281,45661
118027,45660
105554,45660
249500,45660
252172,45660
285619,45660
289460,45660
174881,45659
29078,45659
282245,45659
33412,45659
134383,45658
181481,45658
262287,45658
2478,45658
1786,45658
202227,45658
134165,45658
45726,45657
79158,45657
261814,45657
21180,45657
287553,45657
291185,45657
125940,45657
117683,45656
201227,45656
74640,45656
158158,45656
9725,45656
107651,45655
229011,45655
73177,45655
176704,45655
262497,45655
2688,45654
280512,45654
104070,45654
83917,45654
121876,45654
27674,45653
97162,45653
178844,45653
234770,45653
62787,45653
278415,45652
11364,45651
15584,45650
294095,45650
72408,45650
11619,45650
231333,45650
163886,45649
19176,45649
54428,45648
106193,45648
277068,45648
175254,45648
258779,45648
249173,45648
26915,45647
256716,45647
141534,45647
132526,45647
154316,45647
112092,45647
102838,45647
283334,45647
166355,45647
48098,45646
118686,45646
198535,45646
224383,45646
255911,45646
222109,45645
148807,45645
273378,45645
231154,45645
116,45644
115752,45644
173632,45644
244994,45644
224236,45644
118819,45644
56494,45644
228524,45644
11536,45643
151270,45643
263378,45643
193815,45643
103963,45643
151008,45642
286118,45642
218339,45642
192243,45642
96623,45642
62459,45641
168651,45641
253669,45641
234869,45641
245353,45641
87343,45641
112854,45641
256029,45641
23716,45640
222229,45640
279946,45640
261898,45640
218147,45640
261584,45640
10370,45640
38381,45640
11164,45639
156372,45639
110743,45639
154908,45639
107988,45639
171382,45639
281344,45639
102352,45638
245398,45638
35341,45638
250519,45638
82872,45638
34894,45638
219795,45638
199114,45638
263181,45638
82101,45638
229801,45638
91200,45637
6534,45637
227976,45637
205735,45636
189966,45636
287958,45635
183269,45635
24155,45635
154890,45634
77582,45634
144972,45634
72484,45633
265046,45633
86219,45633
196097,45633
114841,45633
189647,45633
32208,45632
225696,45632
136557,45632
110893,45632
95244,45632
32403,45632
238387,45632
208028,45631
195590,45631
41096,45631
191585,45631
85201,45631
257934,45631
208138,45631
7198,45631
263019,45630
247716,45630
198033,45630
62200,45630
20611,45630
292010,45630
152,45630
6841,45630
19763,45630
253831,45630
340,45629
151539,45629
141545,45629
272250,45629
275403,45629
118883,45629
193268,45629
7128,45629
77038,45629
27788,45628
271150,45628
242733,45628
80946,45628
44806,45628
47816,45628
240423,45628
282415,45628
294702,45628
60957,45627
174796,45627
2487,45627
210526,45627
278538,45627
244763,45627
279902,45627
218396,45627
241069,45626
482,45626
237401,45626
1000,45626
173851,45626
5563,45625
5912,45625
40865,45625
279380,45625
286922,45625
221895,45624
218648,45624
187805,45624
13793,45624
164081,45624
160662,45624
238954,45624
217587,45624
107671,45624
3168,45623
51843,45623
25384,45623
185469,45623
213240,45623
250829,45623
246447,45622
273064,45622
258935,45622
101467,45622
209684,45622
216351,45622
31422,45622
5755,45622
285625,45622
63479,45621
281976,45621
173369,45621
110307,45621
201746,45621
63512,45621
49570,45621
106670,45621
220421,45621
190431,45621
209404,45620
202152,45620
210528,45620
283067,45620
106483,45620
150096,45619
224533,45619
34051,45619
7745,45619
268597,45619
4558,45619
74158,45619
40839,45619
221665,45618
179385,45618
293073,45618
56141,45618
102879,45618
274295,45617
278476,45617
1110,45617
270519,45617
62177,45617
294272,45617
18434,45616
276577,45616
276280,45616
257193,45616
142820,45615
274547,45615
242818,45615
250168,45615
42009,45615
57723,45615
160901,45615
217786,45615
197614,45615
228692,45614
30013,45614
171570,45614
191634,45614
204610,45614
271181,45613
177880,45613
230806,45613
153961,45613
182879,45613
37353,45613
241039,45613
160169,45613
22036,45613
292019,45613
261888,45612
51189,45612
66264,45612
5549,45612
125641,45612
221377,45612
221140,45612
25044,45612
263703,45611
221478,45611
138490,45611
242701,45610
2837,45610
252200,45610
264052,45610
160685,45610
237736,45610
176834,45610
140852,45610
160937,45609
288323,45609
126772,45609
51675,45609
116412,45608
255787,45608
258865,45608
228862,45608
46295,45608
174325,45608
195154,45608
105242,45608
10559,45608
264507,45608
112577,45607
162968,45607
45902,45607
639,45606
191164,45606
201057,45606
67160,45606
262351,45606
268891,45606
220558,45606
10305,45606
232333,45606
238981,45606
166184,45605
180608,45605
227305,45605
196414,45605
128725,45604
32794,45604
127997,45604
257128,45604
129429,45604
15703,45604
283153,45603
212856,45603
129053,45603
42272,45603
169383,45603
185641,45603
200362,45603
202618,45603
91500,45603
29315,45603
163030,45602
113348,45602
249295,45602
255431,45602
137522,45602
258147,45601
32844,45601
294328,45601
223291,45600
25265,45600
18622,45600
6821,45600
182740,45600
232709,45600
244155,45599
116627,45599
267727,45599
291457,45599
63987,45599
243280,45599
66466,45599
268532,45599
277844,45598
231136,45598
186778,45598
37177,45598
138730,45598
87820,45598
74872,45598
267817,45598
266586,45597
201647,45597
91769,45597
164028,45597
118682,45597
293026,45596
167738,45596
185975,45596
92350,45596
27995,45596
30239,45596
251528,45596
195750,45596
163464,45595
223162,45595
262912,45595
233336,45595
173709,45595
9700,45595
292758,45595
152628,45595
273880,45595
251871,45595
151287,45594
264461,45594
31726,45594
267663,45594
207952,45594
91542,45594
13139,45594
275593,45594
40324,45594
23810,45593
77722,45593
111258,45593
215042,45593
118805,45593
284238,45593
186820,45593
271974,45593
115988,45593
162869,45592
31733,45592
290324,45592
227931,45592
109630,45592
240291,45592
177367,45592
15048,45592
215600,45591
115567,45591
193428,45591
295888,45591
249129,45591
171215,45590
128103,45590
23797,45590
256421,45590
274474,45589
167265,45589
257165,45589
160087,45589
123480,45589
132934,45589
5674,45588
30135,45588
40522,45588
214217,45588
228405,45587
274354,45587
90159,45587
28514,45587
115305,45587
226336,45587
129836,45587
248501,45587
1510,45586
216376,45586
126718,45586
46574,45586
150031,45586
255660,45586
259770,45586
158837,45585
2748,45585
10234,45585
222273,45584
14198,45584
158714,45583
5192,45583
280076,45583
11696,45583
97416,45583
176046,45583
289688,45583
148831,45582
954,45582
179209,45582
225954,45582
198221,45582
217665,45582
163196,45582
24731,45582
238143,45582
27625,45582
72741,45581
34904,45581
248799,45580
187522,45580
67675,45580
266093,45580
130004,45580
262991,45579
240582,45579
6742,45579
199790,45579
167176,45579
95507,45578
184040,45578
296186,45578
198818,45578
94032,45578
251630,45577
23706,45577
47320,45577
287430,45577
23731,45577
215491,45577
287011,45577
282246,45576
199722,45576
6890,45576
239461,45576
87477,45576
137848,45576
229429,45576
1795,45576
237180,45576
18218,45575
210085,45575
158197,45575
140639,45575
74480,45575
31740,45575
24274,45574
27721,45574
100006,45574
153892,45574
280976,45574
124531,45574
288651,45574
295217,45574
156721,45574
40258,45573
172494,45573
290000,45573
31661,45573
107389,45573
212313,45573
128550,45573
50268,45572
27866,45572
656,45572
199171,45572
3641,45572
33653,45572
195946,45572
155418,45572
106415,45571
166461,45571
191478,45571
182253,45571
267924,45571
197470,45570
102921,45570
212932,45570
86604,45570
7132,45570
37586,45570
44657,45569
244379,45569
138120,45569
291291,45569
162366,45568
13714,45568
102106,45568
201655,45568
203878,45568
195855,45568
129908,45568
1183,45567
138,45567
259814,45567
211204,45567
228374,45567
288382,45566
100559,45566
40426,45566
288466,45566
254320,45566
234631,45566
92230,45565
215490,45565
225356,45565
95703,45565
163339,45565
145569,45565
32267,45565
237221,45564
95832,45564
266038,45564
276052,45563
219493,45563
272905,45563
172871,45563
227587,45563
17317,45563
258318,45563
282992,45562
194108,45562
72833,45562
227368,45562
40465,45562
171712,45562
248014,45562
271465,45562
90025,45561
283979,45561
42459,45561
159187,45561
81215,45561
251097,45560
281339,45560
101975,45560
91795,45560
20049,45560
134161,45560
248382,45560
283860,45559
232724,45559
257151,45559
106312,45559
296393,45559
76309,45559
56575,45559
253090,45559
10607,45558
27668,45558
605,45558
257473,45558
10988,45558
52552,45558
34,45557
165513,45557
165097,45557
129198,45557
19766,45557
15492,45557
165860,45557
238432,45557
33033,45556
147403,45556
282051,45556
161529,45555
36671,45555
43266,45555
266280,45555
142497,45555
230609,45554
164720,45554
233,45554
28324,45554
193579,45553
224528,45553
69098,45553
276733,45553
176486,45553
49904,45553
82679,45553
52535,45553
185022,45552
137595,45552
99825,45552
17752,45552
72272,45552
215390,45552
276284,45552
2362,45551
287643,45551
109725,45551
132336,45551
155756,45550
54268,45550
295436,45550
224246,45550
257241,45550
15528,45550
92539,45550
30242,45550
243681,45549
43582,45549
230471,45549
82286,45549
196978,45548
14602,45547
106674,45547
60959,45547
241595,45547
67918,45547
233111,45547
222620,45546
50295,45546
287864,45546
242692,45546
258745,45546
97045,45546
296136,45545
267018,45545
240346,45545
261675,45545
52538,45545
251074,45545
213577,45544
14644,45544
254434,45544
85330,45544
270226,45544
286946,45544
250639,45544
906,45544
225467,45544
7934,45544
247447,45544
61384,45544
134882,45544
56397,45543
246628,45543
159002,45543
64072,45543
122038,45543
54497,45542
62209,45542
228743,45542
129107,45542
13618,45542
196851,45542
66677,45541
13285,45541
139440,45541
263777,45541
177732,45541
187637,45541
135080,45541
150628,45541
2379,45541
42839,45540
108481,45540
252944,45540
162305,45540
289878,45540
73227,45540
35013,45540
7197,45540
20457,45540
146572,45540
112801,45540
222947,45540
176619,45539
115791,45539
131664,45539
162734,45539
288350,45539
131435,45539
84116,45538
241771,45538
266946,45538
84019,45538
260507,45538
285301,45538
34827,45538
290996,45538
6035,45538
246266,45538
16070,45538
290447,45537
224701,45537
271621,45537
29647,45537
175375,45537
24038,45537
289493,45537
51276,45537
236975,45537
275111,45536
263288,45536
1765,45536
263760,45536
72292,45536
151715,45535
100252,45535
208471,45535
159167,45535
39688,45534
160839,45534
814,45534
3824,45534
229600,45534
122093,45534
193935,45534
66089,45534
84392,45534
175496,45534
198719,45534
191465,45534
1535,45533
15573,45533
191653,45533
266375,45533
124100,45533
259452,45533
20519,45533
1399,45533
185154,45533
266753,45533
11114,45533
84028,45532
230832,45532
801,45532
286283,45532
150827,45532
210640,45532
167965,45531
11681,45531
150547,45531
176583,45531
7975,45531
269567,45531
68212,45531
155602,45531
245958,45531
55336,45530
203084,45530
170211,45530
97384,45530
167489,45530
187450,45530
186737,45530
247889,45530
109626,45530
202414,45530
65897,45530
8692,45529
225748,45529
127909,45529
271967,45529
35754,45528
289339,45528
24064,45528
96158,45528
279194,45528
73565,45527
283264,45527
204912,45527
270750,45527
7818,45527
233302,45527
13284,45526
25123,45526
2360,45526
147901,45526
182962,45526
136166,45526
78110,45526
263321,45526
10492,45526
140993,45525
282337,45525
269800,45525
176185,45525
124213,45525
47865,45525
1787,45525
258360,45524
64886,45524
241939,45524
130233,45524
274885,45524
223123,45524
286056,45524
233115,45523
270765,45523
284398,45523
22024,45523
171186,45522
10457,45522
204091,45522
60733,45522
267989,45522
213001,45522
18645,45522
177304,45521
12474,45521
265021,45521
246103,45521
78761,45521
