418,100000
687,55802
375,55667
2758,54479
123462,53163
6286,52156
4021,51671
3244,51355
4478,50775
8616,50138
8946,50055
5487,49968
11209,49923
75405,49104
2595,49097
59376,49044
210007,48969
242207,48959
2245,48944
150434,48822
16954,48804
857,48691
104795,48677
272478,48650
16786,48635
53700,48635
239200,48592
6890,48576
159611,48574
749,48560
87603,48542
268684,48534
254359,48516
12906,48460
60398,48444
281544,48424
114735,48361
20986,48334
5163,48318
62534,48308
44563,48300
19813,48291
290111,48274
32908,48241
25476,48227
238259,48214
141374,48213
91043,48204
40383,48185
31851,48184
42890,48174
51457,48173
247023,48165
27760,48151
28522,48108
212428,48095
18518,48095
271288,48086
69873,48066
23081,48048
285518,48045
161941,48005
2534,47974
45989,47972
48825,47958
116786,47913
60999,47895
121325,47894
216466,47864
60169,47863
208592,47847
9307,47845
213874,47819
138597,47815
294347,47779
197850,47768
94750,47763
278193,47736
53246,47726
157829,47713
16262,47705
93395,47691
236832,47690
1308,47680
295141,47628
26348,47617
66899,47604
44752,47593
24983,47592
72664,47578
31533,47568
283305,47563
275761,47558
181865,47536
18894,47529
37290,47515
192540,47508
171408,47505
143867,47503
38344,47496
193409,47494
90236,47490
81872,47471
69490,47462
43863,47441
279078,47431
250820,47419
1805,47397
44306,47385
200718,47380
93343,47375
60947,47373
203880,47370
202820,47367
227998,47362
166977,47358
22106,47356
77970,47354
220266,47354
287973,47352
217672,47343
213924,47337
127962,47335
92944,47323
8181,47316
244727,47315
160194,47304
133891,47302
155883,47294
283924,47281
136577,47273
80285,47269
55466,47264
265016,47261
202980,47253
225851,47247
225376,47246
137259,47246
2093,47223
211135,47222
138757,47214
130681,47205
20793,47178
139160,47174
118868,47170
29984,47167
263667,47165
143079,47161
112677,47156
3100,47154
249521,47136
288693,47135
94594,47124
255076,47124
3885,47120
22902,47111
196152,47089
20690,47078
117265,47066
182979,47065
199090,47060
266112,47060
10294,47053
154125,47049
164409,47049
116164,47036
151705,47030
283891,47019
151709,47018
211216,47014
27428,47011
278242,47010
213870,47004
91330,46994
160415,46993
64770,46982
135827,46978
165336,46978
135379,46975
262284,46975
55351,46974
3895,46974
225962,46972
98033,46968
19080,46966
105353,46960
235581,46941
287104,46935
108439,46935
295621,46922
271,46917
123968,46913
223024,46911
209694,46910
56267,46906
19130,46900
9385,46899
57144,46897
181125,46897
17826,46888
61682,46881
289310,46879
118723,46879
1698,46872
227464,46872
654,46872
8196,46846
95110,46845
207490,46842
185914,46830
139448,46829
64521,46829
285603,46827
285370,46827
34489,46825
263213,46825
155188,46824
15667,46823
16277,46816
290493,46815
96542,46812
134787,46811
116550,46810
1459,46809
43761,46807
232842,46800
10594,46799
219572,46797
163368,46794
5855,46791
245731,46791
270863,46788
67457,46787
129831,46785
263792,46783
196821,46782
293428,46756
289575,46756
13500,46752
176547,46746
137873,46745
11253,46736
51887,46734
252235,46729
115,46727
255857,46726
286771,46725
274214,46724
219231,46722
17583,46722
248821,46717
135667,46715
217148,46713
90082,46709
46887,46708
279179,46705
248429,46703
263177,46699
29025,46698
128059,46692
102871,46692
205747,46691
79525,46690
86888,46689
4969,46686
255350,46685
205935,46683
85406,46679
200601,46675
176629,46671
156987,46667
220466,46666
277281,46664
48348,46664
31843,46663
249307,46662
138782,46657
181782,46657
89773,46656
56765,46655
251633,46650
31032,46649
202348,46647
51366,46644
265842,46643
13183,46639
221112,46638
181077,46635
220550,46635
26529,46634
252304,46630
117760,46629
266189,46621
294082,46620
16535,46612
139093,46611
2599,46607
19712,46603
163504,46601
125317,46599
235963,46599
173312,46596
83680,46596
210591,46590
210879,46590
31740,46589
258670,46582
205420,46580
232520,46579
231554,46575
121612,46574
258274,46573
288906,46568
215676,46567
161212,46566
28669,46566
6585,46565
139239,46560
280862,46560
204263,46559
28064,46557
151958,46554
268184,46551
123547,46550
4050,46550
31294,46543
77292,46542
274509,46540
144221,46539
2116,46539
7802,46537
128451,46527
294463,46525
12708,46523
3569,46521
9822,46520
35653,46513
128380,46511
229315,46511
163767,46499
121514,46498
239453,46498
167843,46498
112446,46490
277352,46490
12742,46487
287927,46486
155085,46486
245594,46486
151749,46483
205339,46482
284695,46481
279305,46480
247965,46480
161416,46476
114136,46474
286032,46471
255082,46471
59498,46469
128680,46464
163964,46464
3444,46462
241857,46462
268040,46461
283774,46460
76211,46460
183723,46460
4619,46457
12558,46455
19036,46453
215949,46446
195877,46445
34515,46441
206955,46440
256822,46436
94765,46435
144921,46431
154899,46429
20457,46428
210797,46426
512,46425
1502,46424
66803,46424
173483,46423
288710,46419
102323,46415
172778,46415
124025,46413
175683,46410
199714,46403
78004,46402
169844,46400
131616,46399
2626,46398
206004,46395
132727,46394
141965,46391
244963,46390
184225,46390
272932,46389
222964,46388
31102,46388
197252,46387
250408,46387
227222,46387
165502,46386
24776,46385
104144,46383
46997,46380
163264,46377
284210,46375
258629,46372
39088,46367
295798,46366
123088,46364
7419,46361
215423,46361
153410,46357
157242,46355
288276,46352
139156,46350
24968,46349
291746,46349
22688,46349
3923,46347
1993,46347
273683,46347
69814,46345
281423,46345
137756,46343
66526,46339
208032,46338
41551,46332
22439,46325
288004,46324
263483,46322
7478,46319
16489,46317
1561,46310
2784,46309
192473,46306
256931,46304
12250,46303
24274,46303
219362,46301
205734,46301
141905,46299
286725,46297
9917,46297
262828,46295
7575,46294
271676,46294
19272,46293
243759,46293
8391,46291
286558,46290
239017,46290
228287,46287
66856,46284
1687,46284
39411,46283
219305,46281
214323,46281
39337,46279
123751,46277
781,46276
47804,46276
22124,46276
290282,46276
77781,46273
270473,46273
120946,46272
281392,46267
232216,46266
219683,46261
217714,46261
163170,46260
10625,46260
1264,46260
210601,46259
213307,46258
46935,46255
154293,46255
66347,46254
103400,46254
217104,46253
150974,46252
164464,46250
142945,46249
246657,46248
128821,46246
220801,46245
203808,46242
225837,46242
105692,46242
75781,46241
237747,46240
95977,46239
210744,46238
133925,46236
204137,46236
273257,46234
218619,46233
40175,46231
210509,46229
244467,46225
266087,46224
34106,46223
50484,46217
171832,46213
7793,46211
5531,46210
7463,46209
34551,46208
172687,46204
178127,46203
92743,46203
271823,46201
153,46200
246340,46199
126713,46199
269485,46199
172605,46194
11855,46193
31835,46192
25644,46190
223639,46190
99959,46187
289972,46186
218571,46184
219328,46184
56132,46184
263316,46182
221125,46180
183833,46180
250224,46178
232032,46178
152036,46177
173124,46173
290131,46172
290499,46171
206747,46168
4397,46166
226667,46166
292157,46165
183112,46165
151492,46164
52195,46164
48507,46163
3428,46163
8452,46162
228566,46162
276413,46162
261545,46161
190975,46160
69965,46159
236751,46158
14685,46155
251578,46153
125644,46149
240236,46148
284017,46148
110108,46146
178603,46146
215185,46146
4232,46145
14804,46144
2714,46143
126736,46141
158037,46140
264626,46138
153625,46135
18180,46134
266199,46130
251511,46130
287180,46128
188597,46127
265809,46125
178804,46124
226268,46123
19685,46123
4521,46122
43708,46120
223297,46118
296496,46118
39946,46116
66792,46116
130376,46114
118609,46114
271582,46114
21662,46114
30535,46113
53452,46112
242389,46107
157342,46107
294535,46105
115491,46103
199177,46103
231058,46102
51092,46098
199562,46096
291007,46096
72545,46095
177,46093
16126,46093
150522,46090
162133,46090
253353,46087
154228,46085
21735,46085
137465,46085
271126,46084
81451,46080
147065,46080
242858,46079
281665,46079
1293,46079
124595,46077
197701,46075
834,46074
3656,46073
762,46072
245925,46072
205737,46071
2499,46071
63707,46070
140749,46070
225850,46064
268347,46064
130931,46063
212061,46062
46871,46062
21742,46061
4457,46061
293792,46057
244531,46055
4547,46055
103730,46054
13853,46053
136446,46053
221369,46051
259490,46049
136092,46049
194408,46049
85446,46048
215761,46047
262576,46047
263755,46046
49131,46045
109343,46045
13036,46045
168901,46045
182526,46045
9594,46043
134114,46041
294126,46039
7098,46038
185088,46037
17111,46037
251661,46037
272241,46036
130286,46035
3586,46033
93035,46033
272231,46032
247808,46032
255292,46030
251153,46030
63619,46030
7493,46029
287472,46028
12027,46028
282405,46027
292722,46027
262406,46022
207935,46021
286513,46020
205731,46018
15178,46016
197801,46016
203772,46015
200585,46015
27917,46015
282737,46015
39600,46014
8460,46014
212954,46011
3449,46011
3535,46010
172787,46010
55184,46010
44409,46009
287740,46008
12109,46008
294778,46006
261321,46006
3181,46006
149692,46003
179352,46002
251010,46001
126057,46001
272299,46000
227387,46000
45667,46000
253860,45999
73000,45999
169272,45999
222011,45997
177724,45997
179803,45997
20075,45994
48713,45990
11878,45990
11282,45990
290661,45989
94636,45988
43843,45988
158150,45987
292126,45986
87845,45986
262139,45986
1141,45985
149387,45984
71991,45981
172074,45980
9460,45980
219268,45979
190960,45979
30756,45978
186561,45974
238295,45973
290308,45972
252336,45971
129588,45969
4903,45968
237832,45968
198428,45968
225347,45964
285690,45963
24465,45963
200531,45962
50505,45961
177452,45960
2186,45960
233877,45959
164363,45958
121760,45958
285364,45956
212130,45955
170517,45953
281417,45952
6054,45952
294435,45950
222783,45950
208020,45948
240661,45948
157665,45946
1617,45946
270894,45944
97015,45944
87103,45942
214983,45941
282357,45940
276694,45939
40586,45939
5227,45939
5504,45938
557,45938
217168,45936
153964,45936
1118,45935
177525,45935
216222,45934
144104,45933
34690,45933
139735,45931
12326,45931
177049,45931
17519,45931
195318,45931
4820,45930
159479,45930
205744,45930
255533,45929
18719,45929
208441,45929
137985,45927
295385,45927
183206,45926
14976,45926
246519,45925
34559,45924
68478,45924
176974,45924
199820,45923
134937,45922
2507,45922
199596,45921
207647,45920
198634,45920
135086,45919
178653,45918
270986,45917
238029,45916
207318,45916
5213,45914
129449,45913
205569,45912
200263,45912
217411,45912
78782,45911
6832,45911
206,45911
8261,45911
14691,45910
8659,45910
233357,45909
203312,45909
173102,45908
43734,45908
167812,45907
253818,45907
64802,45906
37518,45906
93729,45905
4791,45904
11186,45903
288049,45902
163831,45901
242827,45901
2235,45901
37408,45900
19003,45900
4428,45899
255649,45899
179838,45899
3852,45898
145394,45898
238349,45897
22302,45897
251446,45897
34470,45896
77421,45895
268299,45894
207034,45894
184208,45893
130625,45892
9663,45892
250980,45892
150172,45892
1268,45891
224348,45890
215781,45889
215618,45889
273924,45888
18325,45888
1696,45885
78300,45884
39780,45884
255144,45884
39111,45882
6033,45882
62447,45882
2203,45881
7719,45880
286549,45879
11913,45879
214662,45875
278947,45875
1110,45874
10784,45873
181412,45873
162558,45872
228078,45872
98816,45872
282288,45871
184503,45871
6241,45870
262649,45869
286458,45868
248308,45867
34892,45866
188743,45865
11350,45865
234729,45865
292993,45864
137449,45864
243772,45861
262755,45861
12653,45861
281691,45861
31854,45860
286837,45859
60959,45859
129439,45859
130428,45857
3946,45855
275886,45854
103091,45853
11834,45852
3151,45851
11720,45851
136762,45850
65306,45850
24224,45850
3666,45850
3947,45848
232385,45847
111859,45846
98150,45845
3004,45844
1651,45844
134025,45843
176748,45843
7843,45843
201860,45842
1879,45842
60633,45841
1367,45840
151451,45837
287879,45837
8978,45837
237043,45837
39321,45837
191131,45837
147749,45836
280336,45835
2450,45835
149585,45834
38515,45833
249384,45832
293995,45831
166749,45831
10150,45831
7365,45830
161067,45830
125800,45830
234106,45827
245694,45827
282860,45827
285221,45826
25318,45825
97542,45825
70566,45824
5147,45824
55048,45823
26681,45823
3634,45822
69648,45821
152713,45821
45461,45820
182729,45820
435,45819
95418,45819
253541,45818
259907,45818
15715,45817
239183,45817
195967,45817
825,45816
261868,45815
97738,45814
163198,45814
88160,45813
232472,45813
10135,45813
9550,45812
115562,45812
246170,45812
269417,45811
227697,45811
52459,45811
180540,45810
32450,45810
280410,45810
231756,45809
182377,45809
249598,45808
217638,45807
254891,45807
263290,45805
271497,45804
23444,45803
194212,45802
113010,45802
206114,45802
30983,45801
13720,45801
222125,45800
287950,45800
295553,45799
223589,45799
16916,45799
248633,45799
78107,45799
153644,45798
118989,45798
249009,45798
193485,45798
65578,45798
223985,45798
25863,45797
190119,45797
108699,45795
229754,45795
1029,45794
43240,45792
222684,45791
116765,45790
155897,45790
251659,45789
267879,45788
9240,45788
234492,45787
196159,45787
95233,45786
202949,45786
157587,45783
282035,45780
52041,45779
273134,45777
245372,45775
6134,45775
198683,45774
261939,45773
15321,45773
217790,45772
224180,45772
160340,45771
237490,45771
31440,45769
193286,45769
72789,45769
58829,45768
1069,45767
273849,45767
6897,45766
296234,45766
2284,45766
225261,45765
262191,45765
165066,45764
287694,45763
172506,45763
127938,45762
10041,45762
96415,45762
156577,45762
55180,45761
222401,45760
227429,45760
130794,45760
72272,45758
16130,45758
192648,45757
3406,45755
60933,45755
225077,45755
24028,45755
284972,45754
5708,45754
69232,45753
112132,45753
257609,45753
163419,45752
290732,45751
148614,45751
2059,45750
223633,45750
89931,45750
250954,45750
281418,45749
2092,45747
171912,45745
243999,45745
193085,45744
261739,45744
101537,45743
234535,45743
199247,45743
273543,45742
258131,45742
80630,45741
19965,45741
2288,45741
26782,45741
260613,45740
246640,45740
149948,45739
8786,45738
276560,45738
245944,45737
232075,45737
262508,45737
185844,45736
240235,45736
267871,45736
140639,45735
193903,45734
238118,45734
282310,45734
288389,45734
7854,45734
28328,45733
195209,45733
131016,45733
47495,45732
279976,45732
155088,45732
230238,45731
265626,45731
202052,45729
91882,45729
68313,45728
157738,45728
42851,45726
10751,45726
143738,45726
204738,45726
29234,45725
161935,45725
80657,45725
143375,45723
22480,45723
261915,45723
99874,45723
670,45722
139985,45721
284184,45721
25145,45721
254318,45720
207796,45720
129261,45720
255205,45719
8703,45719
60146,45719
232066,45719
10968,45718
281026,45716
63689,45715
10940,45715
165391,45714
137043,45714
17714,45713
158969,45713
282523,45713
226886,45712
97988,45711
10234,45710
60785,45709
233192,45709
61085,45708
240404,45708
201885,45707
211250,45707
152354,45707
281013,45706
232475,45705
176201,45705
180558,45705
427,45705
12738,45704
106010,45704
58175,45703
49761,45702
186667,45702
22695,45702
15655,45702
250832,45702
51055,45702
106600,45701
74403,45701
249250,45700
51059,45699
197890,45699
224209,45699
262345,45698
45805,45697
176384,45696
1310,45696
5169,45695
148831,45695
89418,45695
240619,45695
201710,45694
274677,45694
96217,45693
20775,45693
279525,45693
215857,45692
99455,45692
166305,45691
105628,45691
65299,45691
14831,45691
177654,45690
98973,45690
296105,45689
282962,45688
13430,45688
156872,45688
28604,45687
296451,45687
175706,45687
66174,45686
199747,45686
189331,45684
138583,45684
173041,45684
225813,45684
48375,45683
186910,45683
5502,45683
144762,45682
248891,45682
1178,45682
164010,45681
84250,45681
3274,45680
220791,45680
122670,45679
246849,45678
219460,45678
19806,45677
186406,45677
106486,45677
4451,45677
161608,45677
98927,45676
228332,45676
252623,45676
276105,45675
264124,45675
53292,45675
208248,45675
46096,45674
256706,45674
156328,45674
122119,45673
165561,45673
158797,45673
220565,45673
39176,45672
49582,45671
114682,45671
83690,45669
146672,45669
5444,45669
60426,45668
287678,45667
604,45667
198509,45665
190200,45665
130977,45665
266699,45664
12532,45664
387,45664
105389,45663
199582,45663
8807,45663
54,45662
168868,45661
53326,45661
144277,45661
164259,45659
150918,45658
235702,45658
38855,45658
51551,45657
294577,45657
145514,45656
231136,45655
278105,45655
185085,45654
212188,45654
65655,45653
200521,45653
258299,45652
63111,45652
32510,45652
16041,45652
118125,45652
40392,45650
121776,45649
104009,45649
69592,45649
87584,45649
279913,45649
176228,45649
90445,45648
239943,45648
121956,45647
937,45646
247983,45646
267452,45644
275083,45643
8891,45643
116904,45642
219571,45642
48017,45642
268461,45640
258756,45639
288977,45639
54448,45639
116761,45638
221687,45637
266839,45637
215090,45637
276624,45635
27591,45635
291261,45634
216198,45634
15385,45634
8536,45633
19346,45633
169435,45633
46188,45633
182198,45632
286573,45632
248629,45632
196200,45631
177663,45631
210288,45631
148661,45630
20698,45630
250327,45630
105721,45629
119063,45629
112361,45629
258612,45628
234306,45628
198746,45627
272414,45627
169604,45626
8454,45626
269196,45625
282222,45624
253695,45624
213633,45623
116444,45623
20273,45622
4135,45621
107467,45621
195358,45620
256019,45619
212180,45619
8681,45619
135683,45619
242486,45619
246793,45618
100335,45618
261305,45618
5040,45617
217611,45617
76377,45617
70465,45615
204580,45615
87750,45615
230361,45615
219228,45615
238605,45614
225086,45614
1480,45613
49366,45613
26426,45613
239756,45612
289982,45611
240253,45611
79055,45610
242295,45609
19009,45608
3969,45608
187645,45608
192097,45607
114375,45607
195022,45605
247171,45605
19588,45605
164023,45605
284058,45605
60917,45604
202706,45604
60093,45603
6649,45603
288113,45603
216280,45603
140557,45603
141489,45603
206704,45603
75858,45602
146621,45602
79010,45602
142364,45602
234499,45602
95230,45601
6117,45600
27182,45600
162026,45599
295536,45599
6087,45599
477,45599
247059,45597
205952,45597
140615,45596
263929,45596
272660,45595
190444,45594
203869,45594
253970,45593
241756,45593
185393,45592
5483,45591
251651,45591
165964,45591
226916,45591
89210,45591
52208,45591
69544,45590
210793,45589
8011,45588
167589,45588
148963,45587
154113,45587
30396,45585
132470,45585
253549,45585
234453,45584
222158,45584
46572,45584
179537,45584
92244,45584
144030,45583
291295,45583
8897,45583
251300,45582
83713,45582
256026,45581
248581,45581
261064,45580
40259,45580
229134,45580
273699,45580
276850,45579
236777,45579
212824,45578
208778,45577
185478,45577
248172,45576
257083,45575
262198,45575
42003,45574
5520,45574
264155,45573
164350,45573
68019,45573
163636,45572
241223,45571
69381,45571
55152,45571
285391,45571
246404,45570
14596,45570
293628,45569
1076,45569
78294,45569
141132,45569
254336,45569
287837,45569
106902,45568
65278,45568
239539,45567
119590,45567
2471,45567
199781,45565
209628,45564
11073,45564
171286,45564
115100,45564
121244,45564
233519,45563
52286,45563
146368,45563
1769,45562
292165,45562
7050,45562
287250,45562
244376,45562
113653,45561
49522,45561
14099,45561
66735,45560
195783,45560
275033,45560
288283,45559
161082,45559
214116,45559
161806,45559
272385,45558
176511,45557
22239,45557
247852,45557
212586,45557
277487,45556
202174,45556
253328,45556
7517,45556
270836,45554
39706,45553
247537,45552
274374,45551
27296,45551
237690,45550
280671,45549
189376,45549
135817,45549
294905,45549
284454,45548
266470,45548
283326,45546
266055,45546
275525,45546
256498,45545
212065,45545
269655,45544
246186,45544
186804,45543
235380,45543
73191,45543
106660,45543
159315,45542
208235,45542
151996,45542
36346,45542
148970,45541
274725,45541
114766,45540
7881,45540
111359,45540
105902,45539
44193,45538
14940,45538
28589,45538
209948,45538
285698,45537
226058,45537
287640,45537
249297,45537
29839,45537
239255,45537
73490,45536
160808,45536
29466,45535
102583,45535
45905,45535
292266,45535
238256,45535
258326,45534
255782,45534
239748,45534
197852,45533
248169,45533
61311,45532
211423,45532
160065,45531
38284,45531
281730,45531
165191,45531
88357,45531
294008,45530
6879,45530
291223,45529
130211,45528
12729,45528
47992,45528
98825,45528
204457,45527
191064,45526
158637,45525
137253,45525
281264,45525
178121,45524
113144,45524
199394,45524
3203,45523
877,45522
151201,45522
149922,45522
211166,45522
232315,45522
799,45521
1090,45520
288727,45520
76762,45520
162294,45519
275774,45518
14247,45518
142765,45518
95101,45518
3001,45517
231777,45517
194614,45516
53496,45516
86923,45516
224103,45515
83125,45515
292003,45514
281990,45514
90666,45513
231662,45513
259339,45513
227224,45513
224117,45512
3997,45512
252709,45512
270621,45512
139566,45512
168074,45511
4360,45511
291104,45511
53324,45511
18314,45511
14745,45510
296477,45510
120588,45509
115388,45509
175987,45509
236682,45509
161743,45509
252158,45509
11472,45508
177005,45507
65907,45507
194456,45507
171067,45506
52339,45506
63337,45506
253061,45505
201606,45505
292578,45505
2812,45505
87311,45504
229278,45504
279041,45503
240878,45503
148540,45503
218232,45503
221576,45503
283771,45502
35430,45502
32081,45502
181162,45502
266554,45501
211701,45501
121763,45500
83536,45500
194811,45500
46630,45499
66169,45499
168014,45498
264086,45497
153615,45496
283190,45496
246071,45496
38694,45496
222983,45495
73387,45495
244209,45495
6472,45495
190385,45495
1425,45495
32336,45495
203004,45494
132643,45494
49647,45494
48765,45494
281302,45494
220729,45494
96270,45493
237307,45493
119077,45493
278555,45492
191844,45492
279620,45492
282658,45491
7487,45491
131270,45490
53583,45489
284544,45489
20587,45488
267036,45488
373,45488
194740,45488
65310,45488
215895,45487
228363,45487
186076,45486
295908,45485
177773,45485
248389,45484
23200,45484
1923,45484
202008,45484
28932,45484
81308,45483
183015,45483
182069,45483
293979,45482
191068,45482
211152,45482
119654,45482
52263,45482
6865,45481
219311,45481
191156,45481
68542,45480
267610,45480
247538,45479
93966,45479
202366,45479
892,45478
87861,45478
157164,45478
147917,45477
130265,45477
218907,45477
242437,45477
86926,45476
250803,45476
205937,45476
231794,45475
121850,45475
95351,45475
164918,45474
193531,45473
18782,45473
15766,45473
205434,45473
51496,45472
293668,45472
1753,45472
216460,45471
22811,45471
33119,45471
2559,45471
136432,45471
150874,45470
211397,45470
234580,45469
195960,45469
294551,45469
253916,45469
10196,45468
229620,45468
2781,45468
78308,45468
242346,45467
10879,45465
51950,45465
171441,45464
4300,45464
5044,45464
149117,45464
212656,45463
35575,45463
28665,45463
55649,45463
238837,45462
223612,45462
44418,45462
271208,45462
92674,45462
35158,45462
216058,45461
254369,45461
234722,45461
30017,45461
239204,45460
71136,45460
46415,45460
7348,45460
281881,45459
236167,45459
227962,45457
531,45457
170196,45456
241799,45456
258538,45456
282384,45456
14169,45455
274750,45454
72748,45454
7263,45454
33071,45453
284463,45453
280491,45453
234577,45452
291709,45452
274806,45450
179982,45450
106672,45450
76056,45450
292181,45449
128965,45448
169669,45448
228793,45448
259051,45448
285034,45448
233775,45447
16513,45447
257067,45447
215673,45447
248034,45447
289887,45446
213437,45446
165850,45445
125478,45445
275423,45445
30244,45445
71922,45444
18841,45444
139957,45444
31569,45443
234815,45443
120702,45443
260459,45443
234936,45443
76451,45442
255203,45442
38637,45442
229955,45442
205463,45442
240593,45442
290277,45442
217847,45442
201134,45441
38470,45441
219371,45441
125649,45441
183540,45441
66040,45440
274600,45439
54507,45439
95142,45439
293702,45439
279772,45438
252374,45438
150,45438
247654,45438
154514,45438
242064,45437
271975,45437
284530,45437
6807,45437
188622,45436
230306,45435
206083,45435
37335,45435
162625,45434
273203,45434
245094,45433
18611,45432
150769,45432
2862,45431
285802,45431
71293,45431
286637,45430
5646,45430
15714,45430
252810,45429
129239,45429
2846,45428
288476,45428
263805,45428
243816,45427
237670,45427
67078,45427
2305,45426
249574,45426
104528,45426
19706,45425
290032,45425
204887,45425
132638,45425
400,45425
224915,45424
39447,45424
15130,45424
170609,45423
236787,45423
174831,45423
209004,45422
173023,45422
122403,45422
112660,45422
165916,45422
296479,45421
219576,45421
288282,45420
236275,45420
165184,45420
56117,45420
86501,45420
53223,45420
10916,45420
292711,45419
25459,45419
250032,45419
2171,45418
279161,45418
28997,45418
226640,45418
7682,45418
255740,45417
178731,45417
256078,45416
223240,45416
98831,45416
280774,45415
284558,45415
124273,45415
292523,45415
221874,45415
211353,45415
261387,45414
221868,45414
294156,45414
256663,45414
263643,45414
246563,45414
216384,45413
279633,45412
142794,45412
288835,45411
242253,45411
186801,45410
167023,45410
40840,45410
215008,45409
268141,45409
218830,45408
5563,45408
248236,45408
238089,45407
79969,45407
176290,45407
282425,45407
38736,45406
164462,45406
289981,45405
180730,45405
156574,45405
253487,45405
174422,45405
73364,45405
6891,45405
269924,45405
120303,45404
64594,45404
268793,45404
280809,45404
183651,45404
129316,45403
153668,45403
123901,45403
270287,45403
202317,45402
11434,45402
35483,45401
105691,45401
100126,45401
201259,45401
283343,45400
8334,45400
107797,45400
26177,45400
163496,45400
258392,45400
70930,45399
221071,45399
218679,45399
100418,45399
198326,45399
140316,45399
120591,45398
67950,45398
100048,45398
198017,45398
173238,45397
18705,45397
5825,45397
218993,45397
504,45397
234335,45397
46056,45397
121319,45396
37680,45396
138081,45396
656,45396
253420,45396
107960,45396
204954,45396
189856,45396
2425,45395
213532,45395
221199,45395
264066,45394
237967,45393
166669,45393
4806,45393
224797,45392
294143,45392
233031,45392
192347,45392
162457,45392
280729,45392
295254,45392
9880,45391
162221,45391
210922,45391
31174,45391
1845,45391
158755,45390
28661,45390
282091,45389
227343,45389
111387,45389
254115,45388
235871,45388
126522,45388
84587,45388
57256,45388
227881,45387
182267,45386
151928,45386
254682,45386
226017,45386
11004,45386
177799,45385
44877,45385
227961,45385
100804,45385
182490,45385
30537,45384
284794,45384
269573,45384
279936,45383
13406,45383
94010,45383
143914,45383
159577,45382
60571,45382
83269,45381
279742,45381
292987,45381
185265,45380
7990,45380
174216,45380
6955,45379
223398,45379
164991,45378
246290,45378
274775,45378
279054,45378
4832,45378
27932,45378
88515,45377
204705,45377
146393,45376
201466,45376
38931,45376
9940,45376
78870,45376
240136,45375
197404,45375
257399,45375
262248,45375
75967,45375
279675,45375
139825,45375
223773,45374
18928,45374
172547,45374
222286,45373
111380,45373
232281,45373
206794,45373
229254,45372
44915,45372
160399,45372
231065,45371
218623,45371
293728,45371
231474,45371
4412,45371
140939,45370
200525,45370
12523,45370
261907,45370
289357,45369
176110,45369
251107,45369
262540,45369
103778,45369
155912,45369
24039,45369
382,45368
73947,45368
6255,45367
179429,45367
262976,45367
66975,45367
226182,45367
206739,45366
237459,45366
288220,45366
18779,45366
294434,45366
161336,45365
194831,45365
296509,45365
286967,45364
90205,45364
182208,45363
125632,45363
42893,45363
268073,45362
192605,45362
71301,45361
150895,45360
1735,45360
75488,45360
5396,45360
56885,45360
203960,45360
139741,45360
46896,45360
193813,45360
228976,45359
222144,45358
262679,45358
20123,45358
24595,45358
70994,45357
28487,45357
179419,45357
20202,45356
227017,45356
36840,45356
209834,45356
290966,45355
2068,45355
7678,45355
211358,45355
605,45354
194648,45354
15328,45354
242807,45354
272811,45353
144918,45353
226330,45353
65573,45352
227265,45352
15418,45352
2313,45352
234284,45352
274512,45351
288916,45351
261410,45351
227758,45351
22132,45351
69511,45350
251692,45350
230039,45349
239951,45349
290852,45348
248538,45348
3622,45348
217774,45348
2934,45348
27949,45348
271910,45348
280074,45348
221327,45348
261996,45348
107804,45348
19974,45348
98934,45347
161,45347
8645,45347
232934,45346
290763,45346
156608,45346
32187,45346
19174,45345
277108,45345
7108,45344
82604,45344
161009,45344
243206,45344
244320,45344
293978,45343
278020,45343
251682,45343
203683,45343
92829,45343
265309,45342
229879,45342
235704,45342
15024,45342
296308,45342
32747,45342
199530,45342
137022,45341
172330,45340
58106,45340
2551,45340
11187,45340
199121,45340
145173,45340
259988,45339
186839,45339
188185,45339
1664,45339
61399,45339
108002,45339
89416,45338
283569,45338
130565,45338
36975,45338
196374,45338
89022,45338
263758,45338
51532,45338
212074,45337
235448,45337
165339,45337
116320,45337
289586,45337
144866,45337
277958,45337
268771,45337
251847,45337
235898,45336
175050,45336
91101,45336
27366,45336
167235,45335
25426,45335
258160,45335
31532,45335
247182,45334
75041,45334
58813,45334
8492,45334
283468,45334
169498,45333
91093,45333
229574,45333
217856,45333
151817,45333
238038,45333
249068,45332
223940,45332
290243,45332
5943,45332
289147,45332
180337,45332
205219,45332
215227,45332
112265,45331
268030,45331
99060,45331
269735,45331
221030,45331
181244,45331
256901,45331
13621,45330
138839,45330
143294,45330
273517,45330
274812,45330
283971,45330
283888,45330
226813,45330
103402,45329
27063,45329
122572,45328
154291,45328
209754,45328
120934,45328
232197,45327
262682,45327
9336,45327
248864,45327
281081,45327
240906,45326
225639,45326
179577,45326
167458,45326
31312,45326
11812,45326
108897,45326
288195,45325
193777,45325
273122,45325
281145,45324
233375,45324
237369,45324
214040,45324
6931,45324
215994,45324
169832,45324
229244,45323
259004,45323
221967,45323
183219,45323
189750,45323
187946,45322
15295,45322
10219,45322
17222,45322
2184,45321
128374,45321
276420,45321
8013,45320
36676,45320
218972,45320
274441,45320
230410,45320
14742,45319
270314,45318
87734,45318
276193,45318
211764,45318
222415,45318
151148,45318
20156,45318
245934,45317
237086,45317
293435,45316
102805,45316
211861,45316
174632,45316
275909,45316
29963,45315
126115,45315
252619,45315
207229,45315
254957,45315
255100,45315
264675,45315
136454,45315
4438,45315
170126,45315
153142,45315
31747,45314
285343,45314
285078,45314
68805,45313
134483,45313
230057,45312
27522,45312
169047,45311
102265,45311
250333,45311
51179,45310
134100,45310
254976,45310
692,45310
115148,45310
246837,45309
32029,45309
36583,45309
223032,45309
223755,45309
130403,45309
217266,45309
209214,45309
290908,45308
11055,45308
259870,45308
264757,45308
292191,45308
89392,45307
228522,45307
102086,45307
95913,45307
150052,45307
212141,45306
204164,45306
184228,45305
283843,45305
7364,45305
151266,45305
128651,45305
230292,45305
169012,45305
226024,45305
263423,45304
244618,45304
281172,45304
231008,45304
172,45304
265200,45303
250692,45303
117418,45303
295587,45303
286749,45303
10591,45303
122070,45303
267509,45302
238274,45302
59086,45302
265959,45301
277062,45301
191245,45301
12811,45301
284911,45301
70622,45301
242765,45300
24849,45300
196418,45300
201151,45300
79160,45299
239682,45299
58214,45299
74079,45299
267104,45299
29539,45299
122067,45298
59814,45298
173732,45298
295380,45298
218833,45298
54092,45298
169733,45297
125819,45297
274513,45297
131747,45297
88029,45297
150371,45297
240353,45296
291656,45296
1725,45295
67682,45295
293663,45295
219820,45295
267784,45293
75844,45293
195536,45293
153380,45292
69636,45292
24891,45292
14276,45292
282734,45292
173688,45292
292553,45291
72136,45291
193267,45291
83174,45291
246368,45291
132455,45291
215900,45291
212714,45291
102229,45291
285651,45291
227576,45290
279030,45289
175334,45289
165106,45289
37995,45289
280636,45289
272586,45289
2531,45288
281206,45288
232977,45288
53519,45288
294715,45288
292149,45287
15063,45287
17889,45287
15377,45287
204485,45287
294694,45287
153927,45287
165608,45286
60293,45286
179788,45286
181194,45285
192856,45285
150786,45285
265596,45284
98225,45284
91972,45283
222867,45283
106028,45283
129687,45283
197673,45282
272673,45282
223420,45282
294532,45282
160686,45282
163060,45282
154854,45281
113538,45281
44020,45281
65798,45280
239569,45280
7235,45280
3419,45280
218137,45280
61748,45279
219756,45279
141645,45279
47991,45279
288807,45279
5153,45279
216093,45278
118641,45278
139928,45278
146793,45278
292971,45278
221086,45278
153244,45277
25406,45277
258912,45277
273335,45277
285233,45277
253482,45277
164974,45276
290648,45276
21730,45275
155291,45275
86243,45275
2213,45275
168365,45275
69301,45275
210145,45275
258352,45275
139025,45275
176381,45275
117491,45274
108902,45274
195289,45274
37865,45274
163637,45274
149529,45274
3121,45274
81168,45274
73262,45273
192625,45273
74014,45273
134377,45273
39662,45273
209228,45273
217012,45272
273302,45272
20195,45271
267180,45271
273450,45271
71213,45271
127288,45271
202316,45271
170523,45271
7096,45270
294010,45270
37018,45270
167490,45269
230155,45269
141259,45269
227000,45269
229358,45268
180476,45268
192391,45268
264816,45268
264820,45267
269430,45267
253885,45267
248631,45267
30562,45267
62535,45267
48681,45267
203989,45266
106033,45266
4871,45266
191983,45266
219821,45266
296550,45265
244385,45265
287038,45265
139920,45265
161788,45265
138203,45264
292518,45264
295374,45264
99831,45264
209514,45262
29986,45261
22692,45261
94945,45261
190452,45261
5420,45261
193853,45260
112568,45260
135566,45260
42872,45260
86562,45260
194020,45259
203254,45259
184307,45259
12367,45258
69204,45258
83747,45257
251330,45257
180240,45257
1504,45257
132095,45257
284424,45256
272246,45256
219855,45255
244855,45255
237538,45255
108710,45254
285978,45254
117781,45254
239917,45254
266598,45254
195854,45254
293476,45254
200213,45254
289208,45254
255002,45253
236233,45253
292514,45253
1832,45253
198265,45253
41897,45253
240002,45253
77521,45253
108132,45253
112758,45252
226529,45252
255922,45252
6068,45252
71284,45252
263255,45252
148833,45251
246382,45251
44956,45251
288754,45251
238692,45251
274285,45251
147637,45251
292750,45250
296011,45250
46685,45250
8855,45250
239249,45250
19946,45249
231471,45249
276345,45249
155332,45249
291817,45249
40548,45249
276926,45249
282089,45249
292744,45249
92643,45248
249190,45248
281489,45247
63196,45247
107105,45247
15433,45247
246349,45247
6077,45247
94764,45246
231425,45246
216920,45246
4516,45246
248466,45246
219057,45246
292122,45246
106110,45246
177089,45245
142249,45245
259708,45245
15252,45245
248040,45245
200709,45244
43712,45244
163311,45244
239679,45244
194435,45244
200245,45244
140103,45244
47757,45243
253631,45243
48321,45243
34464,45243
37837,45242
16648,45242
273007,45242
264288,45242
272865,45242
295378,45242
14869,45242
295187,45241
179667,45241
79416,45241
2371,45241
211226,45241
271953,45241
276673,45241
35039,45241
240891,45240
34867,45240
258677,45239
253957,45239
241892,45239
32495,45239
277133,45239
113253,45239
5687,45238
133501,45238
245449,45238
239295,45238
182632,45237
268581,45237
18500,45237
273500,45236
64325,45236
100742,45236
209212,45235
55259,45235
1011,45235
45224,45235
277326,45235
242682,45235
124623,45235
3859,45235
280769,45235
292879,45235
39106,45235
7252,45235
47970,45234
182547,45234
243394,45234
1207,45234
129463,45234
180652,45234
272895,45233
239516,45233
108008,45233
186674,45233
274297,45233
126102,45233
272020,45232
53793,45232
242703,45232
276482,45232
280956,45231
186407,45231
232527,45231
140804,45231
14898,45231
203839,45231
106723,45231
38263,45231
272393,45231
242929,45231
169539,45230
79991,45230
19731,45230
157428,45230
31097,45230
189150,45230
113840,45229
292660,45229
260216,45229
153404,45229
272164,45229
290069,45228
196146,45228
44189,45228
12983,45228
248824,45227
260982,45227
125251,45226
48565,45226
162106,45226
108172,45225
115778,45225
110935,45225
90830,45225
130572,45224
225958,45224
277109,45224
37388,45223
159014,45223
270782,45223
274418,45223
76112,45222
2615,45222
45918,45222
183593,45222
233693,45222
185614,45222
195202,45222
252703,45221
230204,45220
259634,45220
205509,45220
268207,45220
188909,45220
228900,45220
232593,45219
181841,45219
12681,45219
19368,45219
274967,45219
3460,45219
222038,45219
261185,45219
169218,45219
96075,45218
178410,45218
67995,45218
213230,45218
87351,45218
250418,45218
247869,45217
265220,45217
222492,45217
192813,45217
218885,45217
180965,45217
69212,45217
8694,45217
183774,45216
166437,45216
270464,45216
218567,45216
154604,45215
266210,45215
7375,45215
33344,45215
147509,45215
120818,45215
277113,45215
217903,45215
224559,45215
40268,45214
218044,45214
267865,45214
256666,45214
29919,45214
263634,45214
235877,45214
249674,45214
269283,45213
124725,45213
286989,45213
11995,45213
118096,45213
190895,45213
176566,45213
134993,45212
163520,45212
275885,45212
32107,45212
272149,45211
226731,45211
33270,45211
54649,45211
90110,45211
146785,45211
193438,45211
90207,45211
251940,45211
118805,45210
162775,45210
203199,45210
2211,45210
189446,45210
230060,45209
157459,45209
114562,45208
130889,45208
100558,45208
189210,45207
185735,45207
296277,45207
211472,45207
257495,45207
118524,45206
187611,45206
16891,45206
150997,45206
81667,45205
15113,45205
260328,45205
182075,45205
3776,45205
48384,45205
261970,45205
111408,45205
73798,45204
262257,45204
40419,45204
280362,45204
39076,45204
13281,45204
257302,45204
30665,45203
220223,45203
274681,45202
66460,45202
32622,45202
103877,45201
26490,45201
43815,45201
254178,45201
100276,45201
263486,45201
8489,45201
1020,45201
68061,45200
200790,45200
8,45200
13583,45200
11836,45200
222840,45200
159435,45200
43403,45199
223263,45199
184473,45199
235558,45198
212818,45198
275007,45198
5404,45198
172191,45197
278501,45197
177755,45197
285483,45197
178716,45197
76133,45197
67013,45197
282023,45197
58863,45196
25321,45196
167428,45196
100979,45196
14975,45196
58701,45196
284337,45196
134561,45196
12505,45196
32221,45196
149789,45196
132,45195
63135,45195
257109,45195
203745,45195
286213,45195
5022,45195
121096,45194
121806,45194
262110,45194
173510,45194
197495,45194
291328,45194
159332,45194
167574,45193
235651,45193
127605,45193
15560,45193
156999,45192
244610,45192
219300,45192
252683,45192
212551,45192
170715,45192
3993,45191
176515,45191
21040,45190
2362,45190
215564,45190
15643,45190
129814,45189
280484,45189
236157,45189
157767,45189
60954,45189
15569,45189
242073,45188
205111,45188
138280,45188
123721,45187
285096,45187
5283,45187
217376,45187
96946,45187
290193,45186
245933,45186
155899,45186
120797,45186
234085,45185
70736,45185
220252,45185
293396,45184
237851,45184
29888,45184
62166,45184
251919,45183
73525,45183
260101,45183
252726,45183
1790,45183
138764,45182
33543,45182
40663,45182
129333,45182
69666,45182
7124,45181
246014,45181
179375,45181
85286,45181
146935,45181
162738,45180
249965,45180
173058,45180
8303,45180
248762,45180
129391,45180
262032,45180
17526,45179
236976,45179
151798,45179
141419,45179
104639,45179
294565,45179
30584,45179
260703,45179
149859,45179
261081,45178
127912,45178
101115,45178
81200,45177
92217,45177
177906,45177
219998,45177
256179,45177
6779,45177
230086,45177
431,45177
241333,45177
11838,45177
147120,45177
15702,45176
179822,45176
75100,45176
192176,45176
257324,45176
214297,45176
249424,45176
166898,45175
239757,45175
17833,45175
258083,45175
243528,45174
16136,45174
30809,45174
206586,45174
288542,45174
16563,45174
140213,45174
63730,45173
287275,45173
102177,45173
60231,45173
178381,45173
169265,45173
192139,45173
186493,45173
95780,45172
236643,45172
236195,45172
246398,45172
121434,45172
133415,45172
170028,45172
173020,45171
148438,45171
193695,45171
23472,45171
209731,45171
43464,45171
10682,45171
137810,45170
283944,45170
201296,45170
9289,45170
172808,45169
76902,45169
201995,45169
274465,45169
62904,45169
2778,45169
156930,45168
51338,45168
31735,45168
169966,45168
242076,45168
78049,45168
208326,45168
198792,45168
3963,45168
212165,45168
249221,45168
258502,45167
208310,45166
227195,45166
116,45166
254580,45166
280640,45166
147203,45166
133875,45165
218100,45165
130,45165
196609,45165
239307,45165
9819,45165
242833,45165
200230,45165
230878,45165
183533,45165
104413,45164
13388,45164
271556,45164
265360,45164
294815,45163
219427,45163
112800,45163
134324,45163
4500,45163
50724,45163
278304,45163
290901,45163
173018,45163
264390,45162
67306,45162
77667,45162
294916,45161
147078,45161
143245,45161
174634,45161
192883,45161
206948,45161
256384,45160
87105,45160
141798,45160
265902,45160
103886,45160
70336,45160
46840,45159
215784,45159
197629,45159
258801,45159
170544,45159
13572,45159
292442,45159
196774,45158
196290,45158
113148,45158
27278,45158
199564,45158
215629,45158
295468,45158
21161,45158
208239,45158
244923,45157
296015,45157
231055,45157
205197,45156
167182,45156
102721,45156
289720,45156
33717,45156
74944,45156
36808,45155
289316,45155
139465,45155
177289,45155
265553,45154
110859,45154
167508,45154
194562,45154
183766,45153
181414,45153
140507,45153
285925,45153
139190,45153
262315,45153
105217,45153
229477,45152
201701,45152
148414,45152
46907,45151
10734,45151
15105,45151
22951,45151
277284,45150
293756,45150
96024,45150
57789,45149
290073,45149
134181,45149
235760,45149
235506,45149
245476,45149
263852,45149
150826,45149
280964,45148
192448,45148
69167,45148
239072,45147
293177,45147
288081,45147
6256,45147
3116,45147
225869,45147
8886,45146
205429,45146
244821,45146
198038,45146
27798,45146
279711,45146
246403,45146
278428,45145
148330,45145
94461,45145
112165,45144
252682,45144
35837,45144
5582,45144
177604,45143
33318,45143
777,45143
131034,45143
289815,45143
133497,45143
142669,45143
17845,45143
272960,45142
246610,45142
217179,45142
240154,45142
277134,45142
275994,45142
188817,45142
4413,45142
198261,45142
295221,45142
86239,45142
293339,45142
160059,45141
96678,45141
34687,45141
21786,45141
295379,45141
93630,45141
10873,45141
129562,45141
248087,45141
13465,45141
186191,45141
255812,45140
274254,45140
230979,45139
28880,45139
2725,45139
75778,45138
242524,45138
31477,45138
13454,45138
207546,45137
28334,45137
171963,45137
296299,45137
272340,45137
102608,45137
120998,45137
263456,45137
190445,45136
231195,45136
18968,45136
230217,45136
97119,45136
44118,45136
152952,45136
276545,45136
242815,45136
163,45136
5488,45136
262331,45136
60992,45135
213242,45135
200672,45135
284094,45135
294338,45135
56453,45135
58697,45135
61472,45134
225460,45134
22228,45134
157835,45134
280844,45133
283156,45133
92156,45133
4074,45133
174080,45133
285746,45133
97274,45133
228567,45133
201652,45133
1323,45133
214388,45132
265981,45132
39757,45132
223486,45132
134744,45132
84870,45132
240496,45132
295719,45132
184570,45132
10098,45131
51611,45131
289014,45131
165891,45131
206957,45131
25967,45131
7581,45131
265497,45130
167221,45130
157417,45130
277075,45130
105889,45130
265841,45129
56925,45129
15584,45129
266802,45129
263835,45129
52595,45129
282449,45128
186646,45128
243682,45128
22356,45128
294886,45128
19,45127
270666,45127
41188,45127
117918,45127
214015,45127
206832,45127
1505,45127
285197,45127
253955,45126
197314,45126
277177,45126
160682,45126
12226,45126
70748,45126
63636,45126
17054,45126
9600,45126
9310,45125
241186,45125
217199,45125
82516,45125
224178,45125
203845,45125
68885,45124
26067,45124
82688,45124
250694,45124
295947,45124
245667,45123
33,45123
245151,45123
117235,45123
256675,45123
239950,45123
237801,45122
296090,45122
164485,45122
179943,45122
287224,45122
152522,45122
238851,45121
223856,45121
33491,45121
22635,45121
166927,45121
259012,45121
32894,45121
36823,45121
276956,45121
49943,45121
239661,45121
253792,45121
192563,45121
92306,45120
175694,45120
271688,45120
169053,45120
59160,45120
85171,45120
221717,45120
108664,45120
285597,45120
20603,45119
52708,45119
81928,45119
210125,45119
72626,45119
128038,45118
255097,45118
134302,45118
185138,45118
6011,45118
196709,45118
21139,45118
134328,45118
192740,45117
102647,45117
111286,45117
217869,45117
250719,45117
277764,45117
46551,45117
158337,45117
254016,45116
196022,45116
226022,45116
218818,45116
183107,45116
230033,45116
203841,45116
45466,45116
23230,45116
129760,45115
124860,45115
13532,45115
125064,45115
44613,45115
20015,45115
205785,45115
280373,45115
157391,45115
20938,45115
81493,45114
237452,45114
270671,45114
241693,45114
175216,45114
210911,45114
261416,45114
284267,45113
223780,45113
19606,45113
27953,45113
192661,45113
41828,45113
16138,45113
159027,45113
244833,45112
238618,45112
234094,45112
284011,45112
181985,45112
277627,45112
168939,45112
23863,45112
8646,45112
279227,45112
81906,45111
45876,45111
12104,45111
218305,45111
260081,45111
4159,45111
271637,45111
239784,45110
78116,45110
174392,45110
103792,45110
147639,45109
231804,45109
197567,45109
203328,45109
233379,45109
225359,45109
11783,45109
269504,45109
172013,45109
294611,45109
211975,45108
224521,45108
104400,45108
185488,45108
199462,45108
259979,45108
6661,45108
204210,45108
21137,45108
260097,45108
272856,45108
290933,45107
40481,45107
214522,45107
132570,45107
138202,45107
180905,45107
282043,45107
140016,45107
240825,45107
36943,45106
251094,45106
68262,45106
110117,45106
152098,45106
152215,45105
211725,45105
272805,45105
5665,45105
119479,45105
158841,45105
252101,45105
15282,45105
173013,45105
209797,45104
167357,45104
234312,45104
241060,45104
11249,45104
289539,45104
70139,45103
12613,45103
122816,45103
263789,45103
74759,45103
261539,45102
187540,45102
136369,45102
163323,45102
231125,45102
223179,45102
273062,45102
119913,45102
114021,45102
282789,45101
12991,45101
203883,45101
53881,45101
290893,45101
117771,45101
160858,45100
256271,45100
239319,45100
24154,45100
176829,45100
185998,45100
276433,45100
34923,45100
192562,45100
2355,45100
76948,45100
5780,45099
178690,45099
31625,45099
84981,45099
250431,45099
12639,45098
260426,45098
256531,45098
186311,45097
262389,45097
100001,45097
74349,45097
286557,45097
109824,45097
245359,45096
245670,45096
24312,45096
161514,45096
19720,45096
275896,45096
218854,45096
199947,45096
217718,45096
252906,45095
214270,45095
180361,45095
137889,45095
290427,45095
217136,45095
181519,45095
296624,45095
198789,45094
52552,45094
236861,45094
272785,45094
2528,45094
48585,45094
82903,45093
166233,45093
171157,45093
195949,45093
253186,45093
284374,45093
184924,45093
79044,45093
98750,45093
155210,45093
26797,45092
291367,45092
202142,45092
274165,45092
211164,45092
224714,45092
259277,45092
64297,45092
231240,45092
269309,45091
215141,45091
141069,45091
292612,45091
276145,45091
140565,45091
266915,45090
176809,45090
8006,45090
292193,45090
223688,45089
255297,45089
229475,45089
205760,45089
37749,45089
28871,45089
275101,45089
172582,45089
24102,45088
229900,45088
43182,45088
142884,45088
263274,45088
284132,45088
280464,45087
95186,45087
286045,45087
208554,45087
41520,45087
274258,45086
26440,45086
141067,45086
245923,45086
293722,45086
267811,45085
153752,45085
272880,45085
164538,45085
228102,45085
250315,45085
102411,45085
259017,45085
229569,45085
26035,45085
49461,45085
240128,45085
73150,45085
288935,45084
79208,45084
218935,45084
80092,45084
252271,45084
169058,45084
921,45084
68649,45084
281281,45084
144347,45083
103098,45083
201501,45083
47823,45083
229210,45083
28184,45083
32542,45083
270798,45083
25848,45083
19631,45082
283108,45082
7283,45082
291053,45082
202490,45082
230049,45082
196168,45082
165291,45082
204504,45082
83380,45082
79154,45081
118677,45081
5344,45081
213111,45081
153027,45081
119264,45081
30068,45081
77760,45081
295081,45081
200503,45081
203409,45081
222558,45080
285272,45080
240308,45080
249399,45080
100583,45080
284031,45080
8901,45080
259328,45080
243278,45079
116182,45079
200173,45079
39723,45079
217314,45079
232595,45079
279939,45079
23483,45079
120386,45079
187040,45078
156229,45078
79256,45078
74786,45078
95504,45078
247136,45078
274036,45077
165487,45077
171124,45077
262126,45077
170890,45077
249276,45077
246654,45076
174766,45076
89346,45076
62710,45076
176811,45076
48771,45076
257272,45076
95432,45075
179823,45075
294472,45075
267366,45075
6196,45075
232392,45075
163379,45075
128370,45074
5997,45074
264944,45074
106838,45074
152170,45074
291402,45074
223221,45074
275372,45074
158260,45074
256123,45074
292632,45074
1538,45073
165789,45073
155518,45073
260444,45073
54355,45073
237256,45073
61601,45073
279466,45073
182827,45073
214365,45073
224631,45073
79874,45073
184430,45073
158685,45073
4656,45073
294847,45073
265381,45073
142410,45072
224620,45072
215270,45072
281890,45072
202362,45072
56862,45071
292616,45071
279981,45071
79221,45071
263122,45071
44980,45071
93909,45071
279282,45070
170574,45070
47562,45070
4018,45070
70348,45070
255911,45070
91909,45070
39886,45070
293534,45069
234849,45069
155589,45069
250572,45069
55799,45069
40300,45069
208257,45068
63721,45068
205071,45068
214835,45068
246067,45068
251872,45068
10341,45068
223737,45068
151111,45068
11541,45067
100464,45067
296111,45067
168797,45067
138310,45067
113091,45067
9119,45066
85688,45066
189682,45066
151047,45066
286218,45066
193046,45066
203115,45066
198525,45065
175074,45065
256610,45065
19919,45065
194177,45065
241089,45065
188389,45064
108424,45064
248329,45064
8636,45064
80929,45064
60666,45064
230792,45064
171516,45064
241470,45063
279102,45063
282685,45063
238073,45063
17716,45063
177650,45063
139898,45063
257413,45062
103526,45062
129007,45062
97094,45062
26870,45062
147913,45062
287608,45061
42031,45061
213380,45061
247827,45061
174906,45061
242644,45061
909,45061
83605,45061
81880,45061
256465,45061
281400,45060
269524,45060
205638,45060
232236,45060
264770,45060
6032,45060
81050,45060
188352,45059
287952,45059
235476,45059
104503,45059
34918,45059
193256,45058
287939,45058
292748,45058
76431,45058
146208,45058
276484,45058
253291,45058
243368,45057
274447,45057
206693,45057
27524,45057
110668,45057
120687,45057
52674,45057
51467,45057
2465,45057
280667,45056
127342,45056
221433,45056
252481,45056
180952,45056
173188,45056
221499,45056
211028,45056
195249,45056
173795,45056
250772,45056
182509,45055
214165,45055
18175,45055
240401,45055
171030,45055
28054,45055
220585,45055
182141,45055
220313,45055
230725,45055
151013,45054
231073,45054
216926,45054
354,45054
251914,45054
84871,45054
89851,45054
259544,45053
278378,45053
285599,45053
224121,45053
290869,45053
292446,45053
35087,45053
245124,45053
14500,45052
263067,45052
12167,45052
279150,45052
190787,45052
199654,45052
70135,45052
140783,45051
262577,45051
165764,45051
87903,45051
110924,45051
238223,45051
210564,45051
261364,45051
250430,45050
5844,45050
73081,45050
27478,45050
146864,45050
97739,45050
219771,45050
251645,45050
187605,45050
296050,45050
6929,45050
126145,45050
263467,45050
149769,45050
197760,45050
120412,45049
200841,45049
30069,45049
246058,45049
228113,45049
41390,45049
32659,45049
208803,45049
123888,45048
90927,45048
280584,45048
52988,45048
58766,45048
296489,45048
244566,45048
21658,45048
289156,45048
180967,45047
277471,45047
145604,45047
260067,45047
81151,45047
271605,45047
262081,45047
203144,45047
19333,45046
89155,45046
186156,45046
233879,45046
155331,45046
246325,45046
144402,45045
212117,45045
171428,45045
196368,45044
269542,45044
267413,45044
58935,45044
17243,45044
192870,45044
254038,45044
124118,45044
284310,45044
16578,45044
270435,45043
223884,45043
226280,45043
235058,45043
227786,45043
35946,45043
137522,45043
194958,45043
98586,45043
38568,45043
132787,45043
186368,45042
2319,45042
66741,45042
1806,45042
241925,45042
286619,45042
229130,45042
264418,45041
282349,45041
198968,45041
272332,45041
292051,45041
223911,45041
261359,45041
74926,45041
234574,45040
165774,45039
196335,45039
4535,45039
285945,45039
191614,45039
35298,45039
144324,45039
71034,45039
815,45039
291258,45038
402,45038
184137,45038
11495,45038
218378,45038
296176,45038
166211,45038
5357,45038
18846,45038
109002,45038
13221,45038
275603,45037
274210,45037
89278,45037
10062,45037
74459,45037
88175,45037
17893,45037
227047,45036
268167,45036
279755,45036
42960,45036
31296,45036
263237,45036
9405,45036
246709,45036
18434,45036
28378,45036
291126,45036
64287,45036
293141,45036
71825,45036
85029,45035
36949,45035
212467,45035
51737,45035
123898,45035
21071,45035
242863,45035
76804,45035
185624,45035
268283,45035
191620,45035
3108,45034
15955,45034
242567,45034
130766,45034
228967,45034
255156,45034
85757,45034
233348,45034
292205,45034
113815,45033
197638,45033
289389,45033
251491,45033
19090,45033
37663,45033
173450,45033
96952,45033
265546,45033
160020,45033
133708,45033
279774,45033
194525,45033
11688,45032
17616,45032
233916,45032
77975,45032
192142,45031
38956,45031
223331,45031
40670,45031
286,45031
260885,45031
54265,45031
34790,45031
1870,45031
280569,45030
58288,45030
140087,45030
291004,45030
116611,45030
32641,45030
198317,45030
160548,45030
256322,45029
261097,45029
250968,45029
242665,45029
86893,45029
36911,45029
233131,45029
190740,45028
174137,45028
178120,45028
2941,45028
164970,45028
271780,45028
258834,45028
139048,45028
142698,45028
293744,45028
227298,45028
185357,45028
210029,45027
139391,45027
696,45027
223852,45027
287667,45027
275288,45027
111084,45027
38767,45027
217398,45027
89252,45027
193403,45027
178936,45027
273049,45027
169882,45026
281288,45026
172306,45026
189631,45026
11438,45026
284250,45026
239564,45026
2622,45026
186424,45026
241816,45026
21359,45026
11090,45025
9568,45025
256202,45025
114858,45025
3901,45025
10810,45025
217604,45025
16015,45024
228204,45024
74097,45024
270189,45024
37625,45024
53825,45024
29288,45024
168607,45024
193691,45023
247696,45023
254331,45023
252343,45023
216349,45023
16717,45023
52310,45023
12617,45023
293713,45023
213682,45023
24965,45023
103185,45023
258709,45023
270257,45022
174567,45022
16749,45022
8611,45022
188964,45022
260737,45022
118366,45022
35739,45022
275432,45021
219616,45021
22379,45021
288110,45021
57815,45021
264032,45021
195535,45021
259329,45021
25211,45020
221360,45020
11459,45020
69055,45020
18010,45020
171722,45020
279538,45020
206509,45020
284877,45020
193032,45020
133857,45019
54657,45019
258532,45019
671,45019
251121,45019
121284,45019
273491,45018
181398,45018
120402,45018
123008,45018
278592,45018
143973,45018
2165,45018
196849,45018
158045,45018
284254,45018
283416,45018
39207,45018
14863,45017
47834,45017
10208,45017
230605,45017
267032,45017
270613,45017
244070,45017
11023,45017
51728,45017
289265,45017
154318,45017
46844,45017
272097,45016
234716,45016
217390,45016
212135,45016
177418,45016
35983,45016
236726,45016
9113,45016
284032,45016
233110,45015
251636,45015
199371,45015
255295,45014
71708,45014
261003,45014
15031,45014
268635,45014
295301,45014
134473,45014
233498,45014
264593,45014
183688,45014
204792,45014
248649,45013
293861,45013
213760,45013
238278,45013
213024,45013
211782,45013
276318,45013
278381,45013
1305,45012
151060,45012
197903,45012
273568,45012
255028,45012
228477,45012
9288,45012
217322,45012
249337,45012
56489,45012
290688,45011
292570,45011
115057,45011
9879,45011
283498,45011
155348,45011
165970,45011
60462,45011
76609,45011
188448,45011
231835,45011
166198,45011
459,45011
233854,45011
43953,45011
250404,45010
62696,45010
250714,45010
257283,45010
16311,45010
206883,45010
261727,45010
140423,45010
230183,45010
99024,45010
11982,45009
240972,45009
195897,45009
198495,45009
117256,45009
55515,45009
292350,45009
78877,45008
216950,45008
276907,45008
19956,45008
291372,45008
33728,45008
28866,45008
213314,45008
236009,45008
206548,45007
45258,45007
281725,45007
221883,45007
154194,45007
204329,45007
267355,45007
262431,45007
284307,45007
101807,45007
226394,45007
22603,45007
237133,45006
282829,45006
216197,45006
242973,45006
257710,45006
206953,45006
72872,45005
253091,45005
266454,45005
47844,45005
115653,45005
89554,45005
84575,45005
18853,45005
293432,45005
1834,45005
32595,45004
220725,45004
255637,45004
279174,45004
200493,45004
32110,45004
286040,45004
210745,45004
135700,45003
202032,45003
13273,45003
214390,45003
172775,45003
178320,45003
245624,45003
289234,45003
8148,45003
244295,45003
286130,45002
35928,45002
57030,45002
150544,45002
64839,45002
151424,45002
46165,45001
204285,45001
30274,45001
232153,45001
2307,45001
256734,45001
2038,45001
144365,45001
128463,45001
137657,45001
45058,45001
9028,45001
8280,45001
205898,45001
104243,45001
85062,45001
13577,45000
16655,45000
163958,45000
248528,45000
119115,45000
182381,45000
209130,45000
85524,44999
288912,44999
221922,44999
19119,44999
62601,44999
185319,44998
190879,44998
194402,44998
235466,44998
215551,44998
173007,44998
238345,44998
285997,44998
249974,44998
192763,44998
209732,44998
133154,44998
120034,44998
2469,44997
180682,44997
82650,44997
274075,44997
148461,44997
279640,44997
259194,44997
2538,44997
282204,44997
42219,44997
269710,44996
128944,44996
236779,44996
282059,44996
16704,44996
31527,44996
88810,44996
281441,44996
22705,44996
8868,44996
228800,44995
36996,44995
146789,44995
155414,44995
225002,44995
70376,44995
30409,44995
289840,44995
44182,44995
3131,44995
43688,44995
3025,44994
90413,44994
264338,44994
146936,44994
286185,44994
253473,44994
61859,44994
212841,44994
292370,44994
227251,44994
260380,44994
178739,44993
208111,44993
2807,44993
287919,44993
247097,44993
276139,44993
273713,44992
582,44992
44556,44992
10270,44992
123062,44992
42281,44991
9224,44991
110922,44991
285778,44991
268805,44991
150772,44990
275169,44990
286704,44990
151800,44990
126024,44990
260712,44990
263104,44990
166108,44990
111282,44990
1559,44990
111554,44990
20050,44990
294442,44990
264414,44989
25575,44989
11428,44989
208955,44989
126645,44989
286804,44989
216501,44989
65698,44989
174173,44989
265642,44989
59672,44989
245755,44988
14537,44988
4019,44988
243742,44988
19132,44988
242276,44987
239455,44987
5890,44987
263807,44987
238442,44987
127638,44987
152130,44987
168802,44987
12481,44986
31946,44986
224836,44986
149887,44986
214469,44986
236040,44986
34314,44986
95804,44986
11711,44986
248086,44985
257217,44985
107132,44985
165275,44985
281753,44985
159869,44984
33338,44984
41307,44984
224423,44984
124604,44984
193872,44984
41159,44984
230573,44983
78980,44983
278981,44983
209139,44983
170277,44983
7433,44983
254741,44983
81136,44983
263978,44983
1647,44983
55830,44983
279729,44983
269595,44983
120579,44983
130396,44982
40700,44982
162051,44982
74107,44982
2815,44982
269083,44982
40525,44982
161732,44982
107,44982
195600,44982
118528,44981
359,44981
286263,44981
210814,44981
288759,44981
293909,44981
182859,44981
276614,44981
283603,44981
12043,44981
31157,44981
103716,44980
135129,44980
12320,44980
31410,44980
101357,44980
255223,44980
215785,44980
261945,44980
229970,44980
248543,44980
280108,44980
93798,44979
174133,44979
7299,44979
212318,44979
230476,44979
29642,44979
13524,44979
138291,44979
284396,44979
260398,44979
188898,44978
80132,44978
66036,44978
255993,44978
226317,44978
9606,44978
37006,44978
275520,44978
206126,44978
144124,44977
295123,44977
84953,44977
3855,44977
253170,44977
2828,44977
143101,44977
198719,44977
15551,44977
278868,44977
258752,44977
200097,44977
173586,44977
246543,44977
214221,44976
173744,44976
75979,44976
167044,44976
156632,44976
254077,44976
196415,44975
167482,44975
60891,44975
12931,44975
82873,44975
62073,44975
214767,44975
166265,44975
13854,44975
275239,44975
276493,44974
255931,44974
41515,44974
65747,44974
140175,44974
112260,44974
78697,44974
238410,44974
82528,44974
71611,44974
257001,44974
174993,44974
32550,44973
111035,44973
269010,44973
220995,44973
289677,44973
267086,44973
7017,44973
230967,44973
273478,44973
291673,44973
210799,44973
187518,44973
167126,44973
142212,44973
253404,44973
11363,44972
20067,44972
41189,44972
287962,44972
250685,44972
119650,44972
274879,44972
33533,44972
151930,44972
296455,44971
69990,44971
34001,44971
23636,44971
7924,44971
229585,44971
148519,44971
265234,44971
220479,44971
117302,44971
233092,44970
331,44970
6875,44970
279042,44970
178902,44970
241519,44970
276827,44970
130936,44970
19426,44970
258685,44970
223002,44969
178284,44969
80434,44969
102741,44969
283741,44969
10668,44969
246,44969
269520,44969
184663,44968
149720,44968
157801,44968
29396,44968
56542,44968
32236,44968
253396,44968
288830,44968
291613,44968
127624,44967
190643,44967
212752,44967
22138,44967
17196,44967
15240,44967
197927,44966
252854,44966
276576,44966
213619,44966
133972,44966
264873,44966
280874,44966
30501,44966
157672,44966
172354,44966
226727,44965
96801,44965
130559,44965
161954,44965
243187,44965
255101,44965
52346,44965
67115,44964
285770,44964
252216,44964
295001,44964
127174,44964
207076,44964
159170,44964
18315,44963
134281,44963
3408,44963
280727,44963
50058,44963
242068,44963
259790,44963
140194,44963
280058,44963
244084,44963
119153,44963
230982,44963
190345,44962
119306,44962
258598,44962
138217,44962
164430,44962
242430,44962
201942,44962
209894,44962
50104,44961
193311,44961
233961,44961
101132,44961
266328,44960
130730,44960
276483,44960
114657,44960
278005,44960
91641,44960
99522,44959
115660,44959
254335,44959
136931,44959
98034,44959
18042,44959
267748,44959
104272,44959
243580,44959
262995,44958
46492,44958
143695,44958
165989,44958
274194,44958
259284,44958
280356,44958
146808,44958
69848,44957
292419,44957
162862,44957
19817,44957
130655,44957
282074,44957
211559,44957
24724,44957
176948,44957
34832,44957
270822,44957
89989,44956
165274,44956
143143,44956
43193,44956
265455,44956
239368,44956
263058,44956
173742,44956
177635,44955
5958,44955
193611,44955
23519,44955
204661,44955
175791,44955
17658,44955
292311,44955
155393,44955
259487,44955
290605,44954
237915,44954
247622,44954
13708,44954
273404,44954
56987,44954
18,44954
272627,44954
224149,44954
85949,44954
169138,44954
200856,44954
239230,44954
274564,44954
225861,44953
257616,44953
149243,44953
203524,44953
56961,44953
288985,44953
185508,44952
101652,44952
267159,44952
246274,44952
257630,44952
204900,44952
136101,44952
94323,44951
174973,44951
78147,44951
65885,44951
152102,44951
13769,44951
254522,44951
94380,44951
126202,44951
160586,44951
295543,44951
9199,44951
229077,44950
148944,44950
253616,44950
164,44950
121615,44950
288814,44950
264151,44950
224315,44950
88671,44950
41,44950
221905,44950
175180,44950
122709,44949
27719,44949
239175,44949
79634,44949
29870,44949
34271,44949
239038,44949
271209,44949
168306,44949
294487,44949
285107,44949
22061,44948
35487,44948
177715,44948
11969,44948
34655,44948
295170,44948
163097,44948
293273,44948
236198,44947
254726,44947
120210,44947
62593,44947
65982,44947
265327,44947
112861,44947
16709,44947
209517,44947
248904,44947
170842,44947
175298,44946
221993,44946
211520,44946
109807,44946
222183,44946
164319,44946
6090,44946
69367,44946
165258,44946
44400,44946
167726,44946
208752,44946
10600,44946
58356,44946
269737,44946
57908,44946
2488,44946
160821,44945
208259,44945
2835,44945
214004,44945
41956,44945
258892,44945
172134,44945
285056,44945
8809,44945
13075,44945
4530,44945
244716,44945
247802,44945
271728,44945
164909,44945
9863,44944
245459,44944
189603,44944
270786,44944
198766,44944
227121,44944
73614,44944
72000,44943
294754,44943
101189,44943
1193,44943
10230,44943
6244,44943
67792,44943
141492,44943
263495,44943
127939,44943
278469,44942
173534,44942
296213,44942
188077,44942
7382,44942
172842,44942
154534,44941
286231,44941
175523,44941
98457,44941
64606,44941
62661,44941
50447,44941
10278,44941
290683,44941
197708,44941
241870,44940
208626,44940
259974,44940
17794,44940
281021,44940
93808,44940
289040,44940
262307,44940
259869,44940
293187,44940
11254,44940
67675,44940
271913,44939
167424,44939
464,44939
119,44939
78032,44939
132428,44939
81936,44939
293505,44939
209824,44939
113143,44938
98546,44938
180708,44938
138510,44938
30381,44938
294340,44938
