42,100000
3430,53417
25468,53225
42706,52485
48,51541
5671,51425
3473,51332
8535,50645
149639,50603
18493,50519
25044,50261
2875,50232
262632,50133
237029,50028
1345,49991
284688,49983
271762,49977
67079,49968
10029,49913
254134,49851
266946,49823
264028,49819
240,49803
255344,49793
264135,49784
161902,49768
91,49748
219503,49746
16177,49727
246763,49709
235162,49683
219646,49679
293689,49658
956,49641
8578,49638
286744,49605
281332,49583
283619,49569
266720,49537
858,49528
193225,49496
9961,49484
231405,49449
191976,49449
295143,49444
205377,49439
257062,49433
7626,49430
227945,49404
248856,49400
177124,49381
230444,49360
214374,49355
238910,49338
276200,49332
185692,49330
52308,49329
262559,49322
10684,49316
8145,49301
239801,49283
142223,49279
206136,49278
284383,49277
3623,49275
286056,49251
199274,49231
255174,49220
189047,49209
1318,49201
25197,49200
292033,49191
87140,49188
70767,49181
282254,49161
268488,49159
265784,49159
181889,49158
296490,49151
3322,49149
126412,49142
231129,49139
52310,49128
260566,49128
1998,49126
252927,49124
266074,49117
1961,49114
240651,49114
256,49114
288797,49109
179297,49106
174864,49101
241716,49099
2575,49098
200919,49097
243141,49093
4205,49092
240707,49092
172684,49084
171269,49082
6483,49081
264560,49081
246869,49070
36724,49068
253443,49062
27937,49047
270033,49036
209619,49033
3859,49027
197614,49023
118078,49023
539,49022
151190,49022
269114,49017
10902,49010
276284,49004
286707,49003
268531,49000
141369,48999
7187,48999
3431,48997
247367,48993
295983,48990
229251,48989
218680,48984
13032,48983
271576,48981
7745,48975
287026,48971
33484,48968
6267,48968
231918,48965
25734,48964
87798,48955
1377,48954
212539,48944
2324,48943
260996,48939
287230,48937
113525,48935
259488,48928
159550,48913
249334,48908
242348,48906
290884,48906
240815,48902
145786,48902
11335,48886
248359,48885
1826,48883
182185,48879
244433,48870
251614,48870
117989,48865
204743,48862
39501,48860
259220,48860
181653,48857
267964,48856
219919,48854
251596,48849
244514,48846
189491,48838
275265,48836
273851,48832
253844,48831
11280,48827
6941,48814
199062,48812
496,48812
284679,48811
180587,48811
251504,48809
271464,48808
243427,48808
140022,48805
261213,48805
187185,48803
158056,48791
195008,48790
268103,48788
154908,48786
161106,48786
43444,48786
216619,48781
201179,48778
188948,48774
139440,48769
151185,48761
187583,48761
534,48757
295333,48756
535,48755
11779,48751
1443,48751
263207,48749
266038,48746
234380,48741
294728,48741
273248,48734
210471,48733
236059,48729
10741,48727
173300,48726
58802,48719
249945,48716
188663,48715
15986,48715
208545,48715
144565,48715
234302,48707
283046,48702
302,48702
181037,48702
172387,48689
211455,48687
227534,48686
185464,48685
261404,48682
216998,48681
281474,48681
271385,48680
148013,48678
6440,48677
183177,48660
272351,48660
40708,48658
288366,48657
283387,48657
259519,48651
203826,48650
215025,48649
236003,48648
267895,48647
8831,48646
273338,48643
223636,48640
220446,48638
226181,48634
260736,48631
130909,48625
171688,48625
226999,48621
269006,48621
181731,48616
264437,48611
281874,48605
285660,48598
278403,48598
5264,48597
218892,48595
270265,48593
94249,48591
279379,48587
283981,48583
178288,48583
289344,48583
225280,48582
295292,48582
292747,48581
122555,48581
126437,48576
21698,48572
67580,48572
154307,48570
104793,48567
292695,48565
288503,48564
9125,48563
257845,48561
108798,48560
246028,48560
243280,48552
147581,48546
226,48541
256332,48540
258480,48540
18977,48539
222837,48538
258914,48536
168227,48533
232710,48531
149009,48531
280932,48529
283860,48522
36,48519
261304,48519
280815,48518
268787,48513
116145,48512
191540,48511
16745,48506
68770,48504
4584,48501
249100,48500
150493,48497
273074,48497
4518,48496
251698,48491
286295,48488
36660,48487
277152,48484
277787,48484
281071,48482
74898,48471
273428,48469
225989,48467
224653,48465
222620,48464
234205,48462
206399,48458
126531,48453
238771,48452
142258,48451
236509,48449
269967,48444
37566,48440
163030,48439
243116,48435
276501,48431
24762,48428
239959,48427
271443,48424
1924,48422
224428,48421
275788,48420
199415,48419
292740,48418
294477,48417
287717,48415
271148,48414
219234,48414
18210,48413
286234,48410
22583,48410
236454,48408
74220,48407
216352,48407
183628,48407
264855,48404
184311,48402
244286,48402
138164,48398
69984,48391
202791,48390
292818,48390
217413,48384
275513,48382
284233,48381
25098,48381
114014,48381
227396,48381
261586,48379
137912,48378
261747,48377
169315,48374
204132,48372
291933,48371
184608,48368
236442,48367
35509,48367
146336,48366
157577,48360
226351,48358
73093,48356
207113,48352
188830,48351
22487,48350
261207,48349
277497,48348
237286,48347
291960,48347
67877,48346
286333,48345
258998,48345
197349,48344
267380,48340
288350,48340
238998,48336
287965,48336
219552,48335
88317,48335
289617,48334
947,48334
152889,48331
222451,48329
3310,48328
265461,48328
199752,48328
239019,48327
104857,48327
167267,48326
132315,48326
203891,48326
171149,48324
191617,48323
219717,48322
224994,48322
5300,48322
4142,48320
143226,48320
258855,48320
237674,48318
184414,48315
277767,48314
278367,48313
1497,48313
235068,48310
287145,48309
240145,48307
278863,48306
253787,48305
1349,48305
266448,48302
169726,48300
210930,48300
42951,48300
143292,48298
217739,48297
205708,48297
213567,48297
2276,48296
282726,48295
286819,48295
245301,48293
196172,48292
266852,48290
135923,48290
238154,48288
234311,48286
296123,48284
8807,48283
212725,48283
280917,48280
52861,48280
275594,48280
276441,48278
1841,48276
215743,48276
135217,48275
24109,48271
157056,48271
227180,48267
295207,48265
14239,48265
263453,48264
34539,48262
277729,48261
284398,48259
74993,48255
275890,48254
185355,48254
57302,48253
1416,48250
15564,48249
218891,48248
289360,48248
246598,48247
74936,48247
247425,48246
295146,48246
142173,48245
294466,48244
583,48244
279580,48244
60469,48244
275834,48242
202237,48240
94058,48238
173428,48234
238713,48232
29133,48229
247753,48226
29669,48226
139261,48223
274823,48222
59664,48222
10352,48218
282636,48214
234051,48213
123065,48211
15430,48211
184977,48210
249284,48209
215880,48205
27269,48204
144064,48204
188906,48200
214061,48198
15395,48198
222756,48196
269266,48195
157322,48195
263600,48194
209523,48190
294355,48189
56264,48189
69640,48186
294710,48182
88878,48181
120625,48178
69782,48176
150724,48175
37415,48175
117957,48175
150185,48173
71451,48173
161612,48171
192276,48170
242368,48169
263831,48168
124637,48166
261125,48166
275806,48165
272076,48163
283681,48161
105555,48159
295914,48159
249570,48159
176585,48157
276907,48156
202584,48155
260950,48152
215196,48150
189294,48149
254590,48149
117908,48148
214596,48143
211570,48142
279805,48142
227423,48140
27286,48140
136689,48138
261155,48135
254056,48134
276563,48133
132104,48132
191187,48132
80491,48124
805,48123
28295,48123
230913,48122
198643,48120
234083,48119
292308,48117
242177,48116
281963,48115
275261,48115
270543,48114
160261,48114
184147,48113
362,48112
292759,48111
287337,48111
11201,48108
234402,48108
146266,48107
205781,48104
244795,48099
5463,48099
212673,48098
28246,48098
293723,48096
43405,48096
175523,48095
215996,48095
139567,48094
209753,48092
221262,48092
215306,48091
203428,48091
250232,48091
17234,48091
3292,48089
198912,48089
291839,48087
127753,48084
230722,48083
191541,48083
182745,48082
292362,48082
225316,48082
261339,48080
217734,48080
273092,48078
210904,48078
289774,48076
287864,48075
86671,48072
148242,48067
292336,48066
245919,48065
159317,48064
281769,48064
10183,48063
81620,48062
51566,48061
142894,48059
206595,48058
119462,48054
155654,48053
291345,48053
206609,48052
221583,48051
282121,48048
108511,48048
50899,48047
103823,48046
225878,48046
149949,48045
155161,48045
172962,48045
241635,48042
177191,48042
250269,48038
294495,48037
155284,48037
201801,48033
79418,48032
42497,48030
233123,48029
238972,48028
270638,48027
92147,48027
237842,48026
196868,48025
28045,48025
251354,48024
158961,48024
144220,48023
178710,48023
119750,48023
5207,48021
237135,48020
165004,48020
201019,48019
15427,48018
162154,48018
205630,48017
268675,48016
289418,48015
226624,48014
89933,48013
205053,48011
283462,48011
122703,48010
287598,48009
181893,48007
207977,48005
278100,48004
293817,48003
213970,48003
33150,48003
72380,48002
163707,47999
283740,47998
271078,47998
35855,47997
195220,47994
6185,47992
236736,47991
241595,47990
72253,47988
133748,47987
263365,47987
168636,47985
151459,47984
163984,47984
275664,47982
236225,47982
139791,47981
172599,47979
290817,47978
62211,47977
294329,47974
166888,47973
288322,47972
18403,47972
289713,47972
269903,47970
293131,47970
31100,47969
205155,47969
251283,47968
171744,47967
140172,47967
223577,47966
111965,47966
262656,47965
236524,47963
259050,47960
160786,47959
182740,47959
218998,47959
124998,47956
146009,47956
292412,47954
48143,47950
227688,47950
172256,47947
220153,47946
242074,47946
181825,47946
167368,47945
222314,47943
281632,47942
154037,47942
276107,47941
266588,47939
211029,47938
107258,47937
188614,47937
243578,47930
201655,47929
185601,47928
216382,47926
166107,47926
271530,47925
75559,47924
274996,47924
25941,47923
5806,47923
84254,47922
9968,47922
247438,47920
108647,47920
60010,47920
237707,47919
183496,47917
4590,47917
253252,47916
205942,47915
257234,47913
206878,47912
175219,47912
279317,47911
211636,47911
177057,47911
96825,47910
121521,47909
211925,47908
87333,47907
198787,47907
20056,47906
184524,47902
145960,47902
196894,47901
254461,47899
123327,47896
293453,47895
270250,47893
129058,47890
159297,47890
203553,47889
184781,47889
73793,47888
62744,47888
255669,47886
264745,47886
55778,47886
7355,47884
271276,47883
128373,47883
244730,47883
261977,47883
293335,47881
82271,47881
211755,47881
174676,47881
154229,47880
185718,47880
11405,47879
148197,47878
12314,47876
211011,47876
13391,47876
194969,47875
295820,47874
262526,47874
188967,47872
259335,47871
255365,47870
215922,47870
241493,47870
135440,47870
249618,47869
219909,47869
191314,47869
151085,47869
10315,47868
922,47868
188038,47866
126059,47865
216398,47865
249492,47861
46744,47859
288972,47858
231209,47858
269825,47857
55840,47856
212009,47855
292890,47854
15579,47854
279039,47854
288830,47849
23167,47848
146270,47846
283274,47845
289235,47843
49405,47843
267609,47842
204196,47841
254066,47840
71204,47839
123115,47839
145109,47839
263650,47838
213642,47838
108067,47838
153566,47837
219385,47837
170561,47835
204829,47835
260999,47833
257473,47833
6841,47832
273710,47831
218080,47830
233453,47829
39508,47828
165956,47827
208190,47827
191100,47826
285487,47825
217327,47825
223064,47825
137460,47824
74205,47824
167516,47824
277274,47823
89780,47823
245461,47821
67258,47820
126695,47819
253138,47818
6374,47818
183889,47815
270362,47814
244101,47814
282730,47813
28451,47813
13235,47813
35978,47812
216110,47812
181181,47811
215491,47811
13535,47810
138490,47810
263093,47810
289264,47810
219661,47806
103466,47803
75404,47803
186610,47802
19506,47802
230129,47801
201353,47800
239780,47799
229149,47799
118011,47799
50668,47799
216518,47799
10461,47798
236924,47798
167904,47797
171074,47795
172291,47794
191849,47792
224565,47792
264582,47792
198075,47792
193579,47791
129532,47791
4780,47789
18354,47789
207734,47788
279135,47785
255599,47785
33038,47784
28595,47783
271274,47780
223552,47780
144570,47780
7259,47780
170264,47779
249479,47778
241039,47778
227184,47777
295169,47777
289640,47777
223824,47777
200411,47776
60219,47773
235918,47773
23107,47771
166087,47771
213607,47770
1483,47770
159311,47770
207374,47769
130916,47769
10225,47768
8026,47767
71548,47766
111168,47766
294060,47764
182695,47762
121999,47762
34073,47761
5863,47760
193713,47759
137207,47758
216340,47754
223335,47753
118402,47753
215041,47752
2475,47749
170670,47748
232244,47748
284900,47747
273050,47747
243544,47746
238567,47746
1399,47745
243668,47745
20255,47743
227451,47742
284361,47742
233165,47741
4236,47741
278890,47741
166689,47741
84496,47740
290161,47740
220107,47739
243846,47738
161288,47738
277919,47738
16142,47738
178421,47737
278534,47736
258706,47736
128794,47735
122665,47735
108466,47734
199919,47734
280138,47734
284191,47733
289279,47732
229883,47732
2591,47732
180717,47731
76569,47730
273142,47730
292065,47730
224018,47727
232413,47725
286230,47725
122049,47725
253034,47725
190136,47725
9731,47724
182567,47722
80260,47721
135130,47721
230063,47721
259414,47720
248670,47719
29261,47718
248125,47716
250667,47715
85588,47714
77005,47714
20339,47714
43937,47713
80845,47713
207404,47713
43002,47712
222696,47711
54086,47710
252286,47710
196984,47709
144930,47709
94227,47708
179620,47708
78898,47707
272151,47706
80426,47706
266133,47704
178312,47704
166417,47703
278934,47703
170394,47703
40578,47702
258659,47702
38797,47702
285848,47698
2339,47698
295126,47698
36247,47697
259136,47696
9992,47695
95176,47694
243565,47694
224284,47693
906,47692
267363,47692
183053,47692
179706,47691
266586,47690
287932,47690
190609,47689
231092,47688
107629,47688
283173,47688
65551,47687
266356,47687
177519,47686
211443,47685
157055,47685
117132,47685
197685,47683
257974,47683
162948,47683
92931,47681
227359,47680
2323,47679
44316,47678
293376,47678
162960,47677
133758,47677
195768,47675
244759,47675
155594,47673
67728,47673
5838,47673
123198,47673
200595,47671
254430,47671
26663,47669
184981,47668
40472,47668
258047,47667
233150,47666
292947,47665
177960,47665
240182,47664
37488,47664
164759,47664
257819,47661
184834,47660
211819,47660
191004,47660
233458,47659
88542,47659
296282,47658
285924,47658
225674,47658
151030,47657
161256,47656
27178,47655
230797,47655
152306,47654
49514,47653
5331,47653
256265,47653
264128,47652
82363,47652
156060,47651
266292,47649
270154,47649
19471,47649
264099,47649
224716,47649
47541,47649
278033,47648
237194,47648
180647,47647
5844,47647
243897,47646
259670,47646
2511,47646
113087,47645
192102,47645
225931,47644
233435,47643
93118,47643
182096,47643
166155,47643
221676,47642
230279,47642
267486,47641
79459,47640
145883,47640
44243,47639
105138,47639
222693,47638
260339,47637
41558,47637
258272,47636
276760,47636
130307,47636
31325,47635
65651,47635
4664,47635
40426,47635
252904,47633
262775,47633
233501,47633
153304,47633
186365,47632
189619,47631
221571,47631
246565,47630
266828,47629
126810,47628
171051,47628
182826,47628
7515,47628
265251,47627
210810,47627
291248,47627
133013,47627
198829,47627
244051,47626
273951,47626
182617,47625
7549,47624
221986,47624
194107,47623
284029,47623
118892,47621
6111,47621
149510,47621
231223,47621
271190,47619
254618,47619
272376,47619
156508,47618
34546,47617
102953,47617
233269,47616
263182,47616
3691,47615
216053,47615
278712,47614
28398,47613
204662,47611
191914,47610
178661,47609
27466,47609
256331,47609
4034,47607
138873,47607
23305,47607
136544,47606
159413,47605
175270,47605
220164,47605
261442,47603
138009,47603
105033,47603
288659,47602
220004,47602
114153,47601
135495,47600
4322,47599
44503,47599
21180,47598
26598,47598
195653,47598
225888,47598
86769,47597
228937,47597
285278,47597
293970,47597
284509,47596
187965,47596
198398,47596
263848,47595
205107,47594
284618,47593
251065,47593
18853,47593
252228,47592
231603,47591
231743,47590
231928,47590
287449,47589
153394,47588
222335,47588
284278,47587
168361,47586
282742,47585
254108,47585
29652,47585
25801,47584
22387,47584
235301,47583
40177,47582
276787,47580
127569,47580
139536,47580
196343,47579
199560,47579
213853,47578
86422,47578
165707,47578
248636,47577
290386,47577
60072,47577
252732,47577
253726,47576
7294,47576
174402,47574
11109,47574
71286,47574
182825,47574
267727,47573
247949,47573
272307,47572
33101,47572
218837,47571
262634,47571
216377,47570
15150,47570
56200,47569
80309,47568
178085,47568
236099,47568
231880,47567
29382,47567
263031,47566
202229,47566
190299,47565
281148,47565
73955,47565
240637,47564
33385,47564
182370,47563
245969,47562
292914,47562
209450,47560
82359,47559
212477,47558
238260,47557
19781,47556
157413,47556
279478,47556
202878,47555
29146,47555
156582,47555
268090,47554
275728,47554
224246,47553
134631,47552
116997,47552
110161,47551
45930,47550
283960,47550
219862,47549
12132,47549
36487,47547
255913,47547
125509,47547
293013,47546
276714,47546
285921,47546
292194,47546
266649,47545
269567,47540
191030,47539
158366,47538
258256,47537
167926,47536
244856,47536
169598,47536
140273,47536
173998,47536
209466,47535
205829,47535
236332,47535
100875,47534
143069,47534
194666,47533
1746,47533
609,47533
174518,47533
130658,47532
117245,47532
180437,47532
153924,47531
224819,47531
227914,47531
28391,47531
263847,47530
247217,47530
118522,47530
55855,47530
214683,47529
266302,47529
18781,47529
64790,47528
219774,47528
197373,47528
291751,47527
46185,47527
217181,47525
200158,47524
137178,47523
207022,47523
101861,47522
194926,47522
184516,47521
177801,47520
114974,47519
123253,47519
206630,47518
60220,47518
73145,47518
275978,47517
111690,47515
56844,47515
290587,47515
8343,47515
174039,47514
282502,47514
154641,47513
263016,47513
38933,47512
13937,47512
40592,47511
253847,47511
26444,47511
252183,47510
274759,47509
5912,47509
246138,47509
17154,47508
271893,47508
14694,47508
183201,47508
129947,47507
205805,47507
74497,47506
219502,47506
275370,47506
282878,47506
256985,47506
250653,47505
142913,47505
23656,47505
79226,47503
287477,47502
128,47502
182910,47502
291430,47502
84498,47502
266532,47502
160675,47501
192607,47501
288542,47500
253545,47498
260762,47498
228275,47498
280198,47498
269721,47495
260779,47495
287456,47494
177871,47492
143648,47492
251157,47491
277076,47490
23699,47489
217167,47489
289092,47488
259640,47487
45844,47487
123308,47487
31419,47486
167154,47485
7277,47485
201777,47485
161790,47485
31895,47485
211914,47485
10912,47484
187301,47484
235843,47483
239552,47483
283838,47483
275197,47482
139186,47481
258240,47480
133084,47480
277992,47479
197706,47478
203160,47476
119162,47475
189629,47475
272621,47475
205908,47475
103057,47475
262351,47474
169714,47474
224171,47473
169009,47473
273966,47472
181774,47472
276084,47472
166770,47471
200447,47471
189798,47471
261225,47471
138478,47471
260233,47470
5108,47470
91807,47469
14772,47469
190431,47469
280378,47467
133579,47467
5250,47466
190585,47466
15818,47466
179962,47465
279604,47465
222874,47464
231425,47464
227088,47464
286331,47463
142755,47461
244732,47461
160624,47460
217101,47460
171270,47460
261898,47459
147880,47459
19559,47459
254476,47459
90711,47458
149226,47458
192702,47457
96397,47457
89621,47456
94280,47456
1996,47456
138262,47456
10240,47455
145649,47455
18015,47455
278199,47455
105405,47454
190633,47454
226786,47452
237293,47451
6956,47451
70663,47451
268464,47450
215447,47449
18484,47449
274236,47449
31262,47446
243301,47446
283121,47445
129975,47443
184752,47443
187447,47442
205367,47442
284725,47441
211778,47441
114897,47441
295404,47440
54154,47440
234660,47440
277851,47439
265012,47438
123811,47438
208726,47437
136133,47437
8508,47436
177711,47436
295310,47435
280564,47434
28787,47434
170730,47434
120209,47434
266326,47433
148646,47433
8295,47433
7169,47432
210996,47432
148316,47432
270611,47432
232032,47431
65544,47430
260975,47430
256162,47430
16230,47429
171099,47429
198447,47429
58302,47429
206948,47429
123052,47427
176878,47427
248787,47426
226242,47426
150461,47425
169277,47425
134038,47425
224236,47425
126739,47425
1753,47424
6225,47423
95831,47422
238648,47422
290988,47421
240332,47421
270934,47420
21675,47420
278953,47420
261267,47419
152769,47418
176905,47417
43197,47417
4792,47417
274912,47417
146011,47417
218855,47416
273833,47416
52807,47416
262806,47415
246948,47415
55114,47415
153148,47415
204204,47414
96567,47413
262182,47412
10267,47409
237361,47409
286900,47409
6952,47408
254901,47407
240022,47407
270658,47407
286563,47406
265473,47406
210787,47406
880,47405
170701,47405
294997,47405
209795,47404
157048,47404
240572,47404
154588,47404
86633,47403
92986,47402
275379,47401
251473,47401
240405,47401
65457,47400
176376,47399
256381,47399
233204,47399
288790,47398
204439,47397
184232,47397
210421,47396
142643,47395
180906,47395
168715,47395
136813,47395
269556,47394
265794,47394
266497,47394
207495,47393
199835,47392
229321,47391
276488,47390
258980,47390
2956,47390
279260,47389
266779,47388
267264,47387
149843,47387
4532,47386
260095,47386
62919,47386
296242,47386
84259,47385
13084,47385
272323,47385
161520,47385
180485,47385
174632,47384
192974,47383
237202,47382
38554,47382
155195,47381
179350,47380
221412,47380
98766,47379
239148,47378
38740,47377
269493,47377
140731,47377
230342,47377
284167,47376
287196,47376
231124,47375
31609,47375
207952,47375
282432,47374
11853,47373
81902,47373
179857,47373
160783,47371
30410,47371
33837,47371
157113,47371
178045,47371
106596,47371
2226,47370
194528,47370
63700,47369
196575,47369
135825,47368
245058,47368
220543,47368
209526,47367
60368,47367
292764,47367
69028,47366
213161,47366
252428,47366
176567,47366
237633,47365
136602,47364
137278,47364
167605,47364
206395,47364
271579,47364
282287,47364
128153,47363
142206,47363
263276,47363
126515,47362
5746,47362
151565,47362
36340,47362
289935,47361
246210,47361
203285,47361
12633,47361
255962,47360
133623,47359
279451,47359
288466,47359
246701,47359
287221,47358
93319,47357
245425,47357
207634,47357
246983,47356
180871,47356
269412,47356
289615,47356
1727,47355
146923,47355
221625,47354
33055,47354
21700,47354
270368,47354
85043,47353
173420,47352
43696,47351
128998,47351
116734,47351
281631,47350
116556,47350
213069,47350
218154,47349
8486,47349
2411,47348
175837,47348
200183,47348
257436,47348
205481,47347
125892,47347
96435,47345
88973,47345
158435,47344
226844,47344
149481,47344
85683,47343
34003,47343
173690,47342
158173,47341
271977,47341
192921,47340
291183,47340
7798,47339
281001,47339
183099,47338
254491,47338
8668,47338
129819,47337
6080,47337
88485,47337
40175,47336
256826,47336
141922,47336
217525,47335
275973,47335
140865,47335
130714,47333
150870,47333
144529,47332
199621,47332
155831,47332
285480,47331
24561,47331
186495,47331
217412,47330
266841,47330
203566,47330
26836,47330
192214,47329
276785,47329
193711,47328
192632,47328
237776,47327
67689,47327
284426,47326
203286,47326
167688,47326
239134,47326
275279,47326
272009,47326
282001,47326
207390,47325
63035,47325
177075,47325
274915,47324
88458,47324
126152,47324
81380,47323
257973,47323
292490,47323
83430,47323
258590,47322
107610,47322
1548,47322
73373,47322
275866,47322
52043,47321
199042,47320
186167,47320
102198,47319
250364,47319
276212,47319
289128,47319
50495,47318
156764,47317
160604,47317
174988,47316
247824,47316
154150,47316
261250,47314
199568,47314
250695,47313
236743,47313
7301,47313
185162,47312
272953,47312
118052,47312
217605,47310
136345,47309
46355,47309
127518,47309
257070,47308
238056,47308
51469,47308
211933,47307
71949,47306
225579,47306
247283,47306
249891,47305
254110,47305
238946,47305
136391,47305
173604,47305
196797,47305
269635,47305
142515,47304
85021,47304
104393,47303
94910,47303
283238,47303
16416,47302
152902,47302
246159,47302
290150,47300
253932,47300
210610,47300
232924,47299
138267,47299
246686,47298
294633,47298
254212,47298
40298,47298
195916,47297
155729,47296
211493,47296
208938,47295
253471,47294
77529,47294
184353,47293
255903,47292
81606,47292
91911,47292
88489,47290
167461,47290
124597,47289
49166,47289
242976,47288
180810,47288
210337,47288
11699,47288
262420,47288
61822,47288
22066,47287
255695,47287
252478,47287
272348,47286
145198,47285
197510,47285
102125,47285
266280,47284
111887,47284
184988,47283
180899,47283
221505,47283
192013,47283
159958,47283
115299,47283
186259,47283
134314,47283
88011,47282
75539,47282
107856,47282
213702,47281
68513,47281
106415,47281
197212,47281
118018,47281
281107,47281
121962,47281
284803,47280
124271,47280
214503,47280
19301,47280
197167,47279
281153,47279
234810,47279
138273,47278
205561,47278
174829,47278
276372,47278
191036,47276
18425,47276
285849,47276
159219,47276
99738,47275
195174,47275
240043,47275
257120,47274
235852,47274
129186,47273
141058,47273
288907,47273
228882,47273
122063,47271
173922,47271
171930,47271
125907,47271
74800,47271
217330,47271
192574,47271
248014,47270
282791,47270
184258,47269
20533,47268
223252,47267
53042,47266
247701,47266
275838,47266
269590,47266
178928,47266
214028,47266
292910,47264
208459,47264
229727,47264
231732,47264
276396,47263
187532,47262
212672,47262
155115,47261
198719,47261
202030,47261
102681,47261
137744,47260
267004,47259
185416,47259
248642,47259
68734,47258
116566,47258
246604,47258
11093,47258
244017,47257
225971,47257
287719,47256
206867,47256
192979,47255
236761,47255
251254,47254
252967,47253
169880,47253
6293,47253
241726,47253
236975,47253
25928,47252
167583,47252
159283,47252
144566,47252
169849,47252
28217,47251
162598,47250
1766,47250
138631,47250
71499,47250
167579,47250
276271,47249
271557,47249
236027,47248
279849,47248
264479,47248
148837,47247
277990,47247
226395,47247
292877,47247
144194,47246
27025,47246
274568,47246
140032,47245
194760,47245
237040,47244
294491,47243
249388,47243
249757,47243
127443,47243
141664,47242
141866,47242
168911,47242
4591,47242
163424,47241
257009,47241
222432,47241
197891,47241
4427,47239
223995,47238
186603,47238
1380,47237
111257,47237
101367,47237
87421,47237
193364,47236
100865,47236
253119,47236
294637,47236
199637,47235
122725,47234
43486,47234
71007,47234
20163,47234
169093,47234
178270,47233
247915,47233
230046,47233
138206,47233
234931,47233
240901,47231
198728,47231
267387,47231
263566,47231
107988,47230
27353,47230
130747,47229
290592,47229
208289,47229
198342,47229
262685,47227
265830,47227
31754,47227
231154,47227
199318,47226
256110,47225
270902,47225
218550,47224
285421,47224
167795,47223
217328,47223
296522,47223
131920,47222
117919,47222
3518,47222
138190,47221
110701,47221
188777,47220
42614,47220
174642,47219
199375,47219
274409,47218
159472,47217
108540,47217
209593,47217
97526,47217
209242,47217
205482,47216
148754,47216
197868,47215
174251,47215
84203,47215
190321,47214
105461,47214
48322,47214
237218,47214
269226,47213
149310,47213
135532,47212
132960,47211
280551,47211
146743,47210
169335,47210
245877,47210
37608,47210
61820,47210
70645,47209
233687,47208
7834,47208
67983,47208
203146,47208
218652,47208
219530,47207
32869,47207
253842,47207
237098,47207
153294,47207
78120,47206
12172,47206
106104,47205
71323,47205
203397,47203
159981,47203
86173,47203
279015,47203
254823,47202
257949,47202
167057,47202
255671,47201
254406,47200
48871,47200
98753,47200
10378,47200
108683,47199
118304,47199
172280,47199
226472,47198
251899,47198
144156,47197
95503,47197
172740,47197
277268,47197
30134,47196
232399,47196
157117,47196
243182,47195
279894,47195
229229,47195
50415,47194
232571,47194
166021,47194
68634,47194
233908,47194
248604,47193
214625,47193
263886,47193
110304,47192
165178,47191
154205,47191
89934,47191
97106,47190
43203,47189
276521,47188
3063,47188
108794,47187
269797,47187
112971,47187
115874,47187
219284,47186
222586,47186
88757,47186
110368,47186
128768,47185
275413,47185
242162,47185
21527,47185
287911,47184
245841,47184
5828,47184
139329,47184
106876,47182
109244,47182
287314,47182
279111,47181
272250,47181
165458,47181
196536,47180
261767,47180
20261,47180
54256,47180
122471,47179
172859,47179
263309,47179
174046,47178
236357,47178
251634,47178
278171,47177
247485,47177
265342,47177
291594,47176
58586,47176
49599,47175
225609,47174
174541,47174
285103,47174
209150,47174
286081,47173
21636,47173
279728,47173
13903,47172
165805,47172
70796,47170
200503,47170
262708,47170
110253,47170
68447,47169
80272,47169
294696,47168
294701,47168
19510,47168
196969,47168
290561,47168
200468,47167
25963,47167
3887,47167
166930,47167
286142,47166
105993,47166
248166,47166
173171,47165
129914,47165
162096,47165
191853,47164
214943,47164
200386,47164
232095,47164
167657,47163
169304,47163
218543,47162
221242,47162
36234,47162
290600,47162
1045,47161
44131,47161
154890,47161
67301,47161
275368,47161
193129,47160
234961,47159
200353,47159
259524,47159
236953,47159
37445,47158
117865,47158
124372,47158
185200,47158
38082,47158
286741,47157
99908,47157
110164,47157
278620,47157
234773,47156
229418,47155
117169,47155
209358,47155
180131,47155
242880,47154
91339,47154
127890,47154
163240,47154
213356,47153
4606,47153
222384,47153
124415,47152
211631,47152
286148,47151
275712,47151
90439,47150
250230,47150
274250,47149
195047,47149
180985,47148
277518,47148
1543,47147
123740,47147
9487,47146
291665,47146
241963,47146
220970,47145
47268,47144
250598,47144
15603,47143
280523,47143
235875,47143
19401,47143
224079,47143
127354,47142
47248,47142
162368,47142
151447,47141
254854,47141
278129,47141
82511,47140
55390,47140
244634,47139
116231,47139
216546,47139
262831,47139
160098,47138
31682,47138
258343,47138
258441,47137
294958,47137
82673,47137
188667,47136
37379,47135
240811,47135
163159,47135
254459,47135
210132,47135
142557,47135
132272,47134
223203,47134
59136,47134
70713,47133
286425,47133
295559,47132
283036,47132
160753,47131
160985,47131
261508,47130
16852,47130
285098,47130
187297,47129
91923,47129
91684,47129
148679,47129
92850,47129
241278,47129
174313,47128
205550,47128
270989,47128
132075,47128
248744,47128
250267,47127
289464,47126
222400,47126
281371,47126
284028,47126
86348,47126
248875,47125
2872,47125
251921,47125
131990,47125
27069,47125
42538,47125
201374,47123
292346,47123
37917,47123
210593,47123
80733,47123
183281,47122
282155,47122
215901,47122
28353,47122
262556,47121
266580,47121
213979,47121
86339,47121
28310,47121
294999,47119
231622,47119
126086,47119
239898,47119
229600,47118
40555,47118
213128,47118
210677,47117
277972,47117
267174,47117
295497,47115
10151,47115
183359,47115
107209,47115
232775,47115
223827,47115
16422,47114
59454,47114
28675,47114
215833,47113
51248,47113
258041,47113
228497,47113
235277,47112
125884,47112
255848,47112
287651,47112
178779,47112
289454,47111
274885,47111
243783,47111
274474,47110
274082,47110
236733,47110
226675,47109
261020,47109
290446,47109
192768,47109
256853,47108
37088,47108
157858,47108
194182,47108
237141,47107
2154,47106
60708,47106
12849,47105
194049,47105
192032,47104
48530,47104
180734,47104
277049,47104
213094,47103
273375,47103
67589,47103
155702,47103
273504,47103
206592,47102
127437,47102
131890,47102
226889,47102
117388,47102
287349,47102
169684,47101
260820,47100
153060,47100
292677,47100
287513,47099
218423,47098
223489,47098
119847,47098
126842,47097
168643,47097
246064,47097
171235,47097
18218,47097
249325,47096
48430,47096
163594,47096
163717,47095
200335,47094
91316,47094
8312,47094
9525,47094
70109,47094
134151,47093
101671,47093
163892,47093
23942,47093
284070,47092
132610,47092
282338,47092
278341,47092
5134,47091
204152,47090
122644,47090
123591,47090
262966,47089
258196,47089
181286,47088
170070,47088
235825,47088
212309,47088
211912,47088
296411,47087
197627,47087
1175,47086
176420,47085
292424,47084
31048,47083
180471,47083
111125,47083
45944,47082
161797,47082
252367,47082
277362,47082
221006,47080
182257,47080
83657,47080
250520,47080
115151,47080
47337,47078
283719,47078
153336,47077
127084,47077
7202,47077
278862,47077
249000,47076
208274,47076
219177,47076
129835,47076
289675,47076
157435,47076
93659,47076
32863,47075
237962,47074
254597,47074
2024,47074
216869,47074
290741,47074
859,47074
290132,47073
277164,47073
192460,47073
92812,47072
56061,47072
232171,47072
181044,47072
266830,47072
202587,47071
206927,47071
184633,47070
260077,47069
116174,47069
196533,47068
272980,47068
239819,47068
96021,47068
272175,47067
193371,47066
144208,47066
260019,47066
138226,47066
253836,47065
293915,47065
164132,47064
255134,47064
139947,47064
234500,47064
244761,47063
280690,47063
135685,47063
19918,47062
28343,47062
216760,47062
166615,47061
105016,47061
198699,47061
57770,47061
253469,47060
170389,47060
75288,47060
31637,47060
207457,47059
86942,47059
273131,47059
211301,47058
294209,47058
155879,47058
57437,47058
144171,47057
210003,47056
205923,47056
275881,47056
242941,47056
43882,47055
277687,47054
131383,47054
253613,47054
171779,47053
284458,47053
251851,47053
252188,47052
243453,47052
294420,47052
85973,47052
185363,47051
280204,47051
282435,47051
52125,47051
120184,47051
171995,47051
261365,47050
185667,47050
188349,47050
238656,47050
262707,47050
201157,47050
155668,47049
15298,47049
242637,47049
273962,47049
111393,47049
273630,47048
194965,47048
217492,47048
276806,47048
294335,47048
119767,47047
296150,47046
271707,47046
168884,47046
59268,47046
258365,47046
210404,47046
181105,47045
167236,47045
248,47045
117207,47044
1296,47043
266647,47043
95134,47043
198133,47042
265602,47041
287395,47041
197669,47040
261362,47040
196009,47040
126134,47040
30879,47039
203389,47038
107922,47038
292931,47038
258971,47038
255756,47038
34131,47038
289067,47038
290099,47037
266686,47037
79791,47036
69074,47036
13649,47036
276134,47036
150873,47036
64078,47035
121114,47035
53984,47035
280027,47035
215977,47035
184568,47034
29715,47033
285710,47033
103516,47033
223311,47033
166301,47033
91565,47033
294863,47033
174822,47032
265967,47032
12474,47031
40382,47031
261745,47030
48764,47030
203279,47030
224377,47029
197346,47027
285024,47027
92406,47027
240210,47026
172730,47026
134936,47025
171592,47025
276646,47025
127919,47025
67489,47025
265652,47024
188949,47024
241969,47024
221844,47024
273351,47023
292053,47023
9765,47023
201162,47023
128234,47022
21306,47022
285694,47022
287897,47022
290336,47022
123897,47021
262837,47020
63397,47020
75475,47020
239243,47020
15263,47020
99807,47020
158671,47019
9812,47019
213850,47019
58086,47019
228098,47018
161018,47018
220600,47018
222338,47018
173503,47017
190972,47017
196119,47017
274694,47017
106610,47016
283314,47016
76614,47015
270339,47015
62959,47015
164389,47014
2087,47014
28210,47014
251771,47014
175547,47014
173826,47014
230793,47014
260445,47014
197707,47013
125919,47013
69659,47013
239865,47013
204142,47013
263940,47013
97045,47012
3876,47012
229792,47012
288494,47012
247492,47012
34883,47012
245752,47011
79770,47011
260744,47011
250933,47011
257214,47011
33142,47010
194232,47010
290718,47010
190401,47009
69971,47009
2207,47008
216050,47008
147033,47008
246041,47008
119839,47008
242734,47008
276226,47007
148608,47007
287370,47007
149164,47006
20611,47006
243867,47006
15115,47005
156927,47005
269346,47005
246522,47004
289034,47004
260787,47004
143800,47003
54433,47003
71649,47002
165572,47002
169550,47001
13313,47001
276886,47000
261864,47000
263159,47000
11074,47000
160127,47000
225698,46999
244712,46999
128926,46999
172468,46999
31110,46998
164715,46998
49349,46997
283903,46997
251381,46997
281395,46997
188939,46997
16084,46997
1410,46997
149882,46996
36630,46996
112033,46996
289460,46995
270607,46995
162572,46995
278325,46994
245149,46994
102099,46993
182915,46993
116428,46993
284534,46992
291880,46992
187399,46991
95126,46991
162514,46991
254444,46990
263822,46990
291457,46990
220894,46990
132598,46989
2748,46989
295755,46989
255210,46989
280262,46989
4377,46988
291687,46988
227540,46987
236855,46987
10370,46986
238889,46986
169015,46986
278002,46986
210835,46986
190191,46986
25961,46986
238044,46986
175222,46985
174325,46985
1561,46984
97731,46983
194584,46983
15370,46983
105744,46982
283075,46982
147150,46981
185986,46981
47344,46980
50086,46980
281583,46980
279498,46980
206603,46979
199635,46978
188887,46978
120092,46978
230202,46977
231139,46977
221837,46977
37115,46977
241707,46977
170832,46976
184549,46976
6482,46976
158826,46976
232186,46975
96586,46975
265454,46974
236076,46973
1442,46973
238028,46973
26039,46973
30584,46972
69548,46972
230267,46972
177732,46972
260502,46972
203087,46972
99645,46972
270414,46972
118436,46972
1103,46972
295002,46972
6818,46971
238992,46969
223695,46968
52958,46968
78724,46968
220222,46967
128275,46967
238487,46967
50034,46967
205332,46967
141672,46966
285842,46966
238725,46966
268136,46966
219128,46966
9623,46966
215955,46965
113019,46964
183337,46964
132438,46964
140329,46963
26182,46963
112939,46963
223409,46961
207620,46961
165948,46961
137307,46961
257794,46961
224950,46961
140220,46960
16970,46960
187843,46959
244977,46959
190333,46959
254262,46959
194633,46959
193067,46958
268359,46957
200857,46957
196978,46957
4037,46957
109505,46957
168853,46957
96271,46957
126297,46957
217834,46956
33154,46956
219779,46955
268806,46955
268226,46955
141196,46955
131217,46955
235901,46955
295764,46954
223065,46954
286680,46954
121105,46953
226244,46953
243716,46953
286232,46953
27310,46952
54273,46952
294789,46952
219492,46952
261029,46952
198650,46951
288124,46951
163905,46951
221087,46950
247490,46950
44053,46950
6993,46950
262213,46950
134539,46950
108343,46949
288414,46949
116330,46949
210280,46948
168748,46947
170618,46947
35838,46947
295563,46946
239816,46946
62961,46946
290072,46945
241069,46945
164051,46945
287105,46945
206919,46945
39787,46945
279841,46944
276924,46944
251785,46944
257161,46944
227763,46944
140347,46944
189825,46943
124815,46943
290011,46943
23619,46943
272858,46943
237709,46942
277376,46942
146897,46942
278523,46941
289180,46940
277595,46940
90692,46939
54945,46939
46848,46939
93807,46939
289468,46938
174555,46938
209222,46938
292143,46938
292678,46938
196097,46938
23458,46938
264035,46938
128344,46938
211647,46937
170182,46937
288215,46937
180800,46936
295217,46935
195234,46935
18662,46935
59716,46935
260832,46934
155577,46934
276189,46933
35769,46933
76998,46932
258508,46932
104083,46932
207929,46931
248153,46931
278154,46931
199299,46930
171035,46930
191664,46930
50252,46930
92969,46929
87980,46928
26576,46928
216597,46927
5599,46927
285436,46926
223972,46926
252316,46926
240014,46926
66383,46925
251870,46925
244675,46925
26644,46924
2617,46924
13170,46924
309,46923
266620,46923
240917,46923
36957,46923
180618,46923
250811,46922
272763,46922
237840,46921
187455,46921
21917,46921
6696,46921
132825,46921
218710,46920
296535,46920
291356,46920
274283,46920
249193,46920
284161,46919
195143,46919
189636,46919
163737,46919
19238,46918
93577,46918
56861,46918
135951,46918
50533,46918
59553,46917
248601,46917
224693,46916
217502,46916
263557,46916
265864,46916
134777,46916
54594,46916
87396,46915
23018,46914
232183,46914
174381,46913
292652,46913
252331,46913
130572,46913
30982,46913
222499,46913
172062,46913
50282,46913
127764,46912
113902,46912
266121,46912
234944,46912
230926,46912
60929,46912
120155,46912
267356,46911
223209,46911
286215,46911
217892,46911
66071,46911
256138,46911
75305,46910
265540,46910
240703,46910
240299,46910
283826,46909
158925,46909
111131,46909
283494,46908
19321,46908
150719,46908
70361,46908
164575,46908
252300,46907
255475,46906
143601,46906
41922,46906
16480,46906
235930,46905
230924,46905
135945,46905
200653,46904
41,46904
81907,46904
241425,46904
153392,46904
277358,46904
5155,46903
138247,46903
50997,46903
256335,46903
199196,46902
215969,46902
141260,46901
13093,46901
191994,46901
5505,46900
207144,46899
267412,46899
97588,46898
78316,46898
47638,46897
116288,46897
285229,46897
256304,46896
284603,46896
129419,46896
42208,46896
68936,46895
24534,46895
12184,46895
207409,46894
249961,46894
136386,46894
17014,46894
292974,46894
237736,46894
208002,46894
167034,46893
22530,46893
155386,46893
15562,46893
31442,46893
41269,46893
122851,46892
23306,46892
105331,46892
254820,46892
204190,46892
224874,46891
145510,46890
286582,46890
227092,46890
131433,46890
292804,46889
291827,46889
258620,46889
232772,46889
48040,46888
90816,46888
124324,46888
13102,46887
199376,46887
121992,46887
218897,46887
201810,46887
55144,46887
124454,46887
52990,46886
178222,46886
199140,46886
218067,46885
283308,46884
245253,46884
228736,46883
103169,46883
210552,46883
17049,46883
226557,46883
164576,46882
106406,46881
245408,46881
94217,46881
271161,46880
182245,46880
240334,46880
145151,46880
283529,46880
32911,46879
204835,46879
276425,46879
152241,46879
100072,46879
292702,46879
245226,46878
189201,46878
165322,46878
253037,46878
91876,46878
62498,46877
1378,46877
8654,46877
248534,46877
251688,46877
147350,46877
229348,46877
39918,46877
266898,46877
276177,46876
93626,46876
188978,46875
61572,46875
100826,46875
143345,46875
94133,46875
80228,46874
61066,46874
139101,46873
282653,46873
265681,46873
1648,46873
1968,46872
111221,46872
215804,46872
26717,46871
77665,46871
45411,46871
96245,46871
285804,46871
142443,46871
72833,46871
39739,46871
128092,46870
168269,46870
122713,46870
165651,46870
214651,46869
102209,46869
277895,46869
291158,46868
3363,46868
261324,46867
283775,46867
33220,46867
160481,46866
189347,46866
233803,46866
45904,46865
254771,46865
261085,46865
2454,46865
35993,46865
31672,46865
743,46865
38938,46864
146352,46864
124579,46863
227173,46863
238892,46863
45171,46862
32342,46862
249587,46862
192588,46861
292601,46861
243029,46861
281764,46861
253980,46860
206817,46860
194659,46860
190487,46860
237461,46860
163472,46860
99366,46860
202470,46860
180277,46859
246874,46859
132418,46859
9346,46859
271542,46859
242902,46859
146464,46858
210218,46858
206075,46858
176632,46858
228629,46858
36455,46857
108974,46857
55741,46857
149555,46856
52498,46856
210865,46856
149749,46856
295549,46856
29267,46855
239985,46855
266801,46854
97951,46854
241038,46854
133008,46853
235525,46853
285400,46853
219546,46852
216558,46852
143469,46852
148474,46851
217783,46851
207618,46851
194630,46851
216112,46850
213781,46850
290363,46850
257985,46850
176028,46849
207662,46849
226154,46849
201365,46848
119929,46848
276460,46848
114196,46848
146444,46848
112490,46848
227114,46847
1251,46846
209671,46846
159747,46846
279647,46846
289807,46845
271346,46845
294438,46845
80700,46844
290929,46844
198285,46844
257821,46844
101331,46844
274546,46844
87745,46843
228163,46843
228377,46843
265090,46843
284255,46842
31303,46842
264856,46842
12047,46842
241920,46842
73649,46842
61435,46842
111579,46842
293382,46841
68155,46841
236460,46841
87186,46841
221415,46841
157475,46840
265312,46840
278993,46840
273502,46840
287547,46840
9256,46839
237578,46839
237302,46839
292496,46839
280362,46839
264700,46838
224589,46838
156710,46837
40800,46837
101626,46837
263770,46837
288077,46837
252965,46836
129067,46836
172664,46836
291821,46836
139321,46836
243136,46835
153133,46835
119803,46835
178775,46835
242573,46834
56951,46834
109506,46834
258831,46833
272074,46833
280010,46833
128775,46833
167447,46832
222222,46832
143859,46832
226403,46832
119233,46832
120582,46832
124527,46832
127859,46831
127072,46831
151094,46831
79166,46830
102604,46830
170604,46829
62233,46829
50746,46829
118819,46828
51726,46827
194264,46827
223281,46827
136070,46827
7138,46826
272369,46826
274938,46826
272147,46826
50989,46826
28340,46826
131994,46826
2410,46825
249513,46825
204800,46825
29116,46825
190956,46825
129730,46825
88072,46825
109366,46825
285025,46824
229563,46824
283697,46824
246889,46824
284157,46824
123564,46824
42839,46824
245309,46823
31740,46823
256903,46823
72450,46823
263911,46822
251074,46822
156375,46822
269540,46822
133837,46822
49537,46822
158832,46822
296393,46821
12532,46821
258458,46821
10714,46820
190328,46820
291113,46820
227073,46819
205450,46819
232328,46819
177391,46819
245614,46819
190805,46819
172200,46819
219064,46818
64496,46818
77293,46818
217157,46818
269992,46817
4668,46817
134133,46817
124213,46816
135998,46816
105835,46816
9896,46816
152037,46815
125371,46815
18999,46814
63526,46814
268982,46814
275230,46814
15961,46814
175792,46814
215794,46814
216131,46814
121376,46814
25720,46814
250312,46813
32182,46813
115791,46812
215190,46812
141402,46812
282138,46812
220484,46812
262722,46811
290381,46811
282164,46811
288344,46811
236672,46811
150221,46810
61698,46810
266813,46810
180512,46810
282565,46810
277140,46810
235266,46809
75962,46809
48773,46808
162498,46808
68401,46808
51516,46808
296610,46808
201503,46808
270944,46807
139220,46807
143753,46807
276092,46806
254630,46806
229935,46806
291116,46806
23129,46806
270423,46806
155613,46806
164638,46805
183860,46805
177457,46805
40072,46805
78960,46805
80790,46805
83018,46805
137595,46805
159436,46805
284001,46805
16043,46805
256029,46804
230995,46804
177175,46804
105608,46804
287172,46804
275270,46804
84014,46803
265166,46803
184828,46803
254036,46802
20486,46802
196693,46801
73274,46801
17608,46801
243957,46801
260507,46801
181579,46800
219121,46800
2832,46800
68104,46800
295026,46799
62276,46799
42090,46798
232959,46798
165996,46798
114904,46798
218895,46797
7399,46797
143909,46797
228230,46797
185066,46797
39761,46796
63813,46796
270017,46796
217467,46796
114291,46795
189956,46795
245551,46795
30610,46795
17378,46795
212481,46794
77368,46794
138759,46794
287653,46794
35518,46794
287143,46794
254238,46793
228351,46793
204265,46792
172284,46792
276338,46792
129457,46792
218701,46791
136191,46791
217483,46791
158842,46791
235197,46791
295931,46790
250614,46790
48620,46790
213600,46790
156680,46790
127656,46789
170504,46789
277849,46789
33409,46788
129035,46788
274479,46788
133358,46788
99528,46788
289848,46787
116974,46787
197654,46786
258778,46786
189527,46786
276712,46785
69177,46785
10184,46785
12852,46785
26263,46785
123440,46784
278514,46784
68766,46784
166229,46783
294119,46783
185510,46783
9762,46783
60868,46782
157445,46782
191518,46782
51373,46782
225052,46782
181273,46782
63727,46782
53353,46782
6166,46782
166092,46781
90960,46781
272531,46781
111998,46781
125,46781
227377,46781
239010,46781
261821,46780
198786,46780
63147,46780
264935,46780
181356,46779
98129,46779
49901,46778
57084,46778
290042,46778
279121,46778
211306,46777
271761,46777
133037,46777
219092,46777
248304,46777
117484,46777
152258,46776
163076,46776
210840,46776
125834,46775
207072,46775
277147,46775
56371,46775
164130,46775
270696,46774
286934,46773
252819,46773
230364,46773
34154,46773
74179,46773
222045,46772
193861,46771
113458,46771
89733,46771
217163,46770
273949,46770
109868,46770
287958,46770
131468,46769
241626,46769
220623,46769
271085,46769
295793,46769
46017,46768
275825,46768
10545,46767
187466,46767
34143,46767
198026,46767
80770,46767
33215,46767
199655,46766
22874,46766
174478,46766
272726,46765
105487,46765
167864,46765
219682,46765
132199,46765
100717,46765
234808,46765
8337,46765
77199,46765
81400,46765
150841,46765
281982,46765
150799,46764
277984,46763
175943,46763
277994,46763
250239,46762
270919,46762
188185,46762
247195,46762
34474,46762
173699,46762
134203,46761
125504,46761
54408,46761
40776,46761
38369,46761
218996,46760
170908,46760
203436,46760
99719,46759
11700,46759
177968,46759
266063,46759
62787,46759
280603,46759
78824,46758
69385,46758
230832,46757
88547,46757
85971,46757
162612,46757
116383,46756
179115,46756
63474,46756
121451,46756
182390,46755
105627,46755
295879,46755
263349,46755
212375,46754
157136,46754
296619,46754
45393,46754
132577,46753
79947,46753
165605,46752
207930,46752
87394,46752
254256,46751
178919,46751
173737,46751
207387,46750
250445,46750
198036,46750
1785,46750
87856,46749
225921,46749
187669,46749
242846,46748
247214,46748
64466,46748
41405,46748
80108,46748
201461,46748
252502,46748
60330,46748
10102,46747
182243,46747
179619,46747
196833,46747
192395,46747
153182,46747
235587,46746
246266,46746
198335,46746
52209,46746
73998,46745
234181,46745
125349,46745
85377,46745
189254,46745
204438,46745
240328,46745
254338,46745
257381,46745
122920,46745
193523,46745
273995,46744
289305,46744
116562,46744
163949,46743
266500,46743
64321,46742
79316,46742
218228,46742
165591,46742
266597,46742
186435,46742
204861,46741
197977,46740
221232,46740
230840,46740
129663,46740
6565,46740
222066,46740
271875,46739
35061,46739
240370,46739
9103,46739
164899,46738
84402,46738
42144,46738
246079,46738
248267,46738
247072,46738
221593,46738
161098,46737
236753,46737
272215,46737
95421,46737
4386,46737
221904,46737
53104,46737
137173,46736
293800,46736
18440,46735
225635,46735
280820,46735
118089,46735
216902,46735
5929,46735
187083,46735
184550,46735
118866,46735
134471,46734
240397,46734
222996,46734
255304,46734
151856,46734
176906,46734
242706,46734
288651,46734
211442,46733
294785,46733
48958,46733
274557,46733
166048,46733
31261,46733
91511,46733
263644,46733
90649,46732
254999,46732
169361,46732
95291,46732
216164,46731
69373,46731
174459,46731
226994,46731
163550,46730
30015,46730
287360,46730
135363,46730
224314,46730
179744,46730
271275,46730
287743,46730
179882,46729
223586,46729
295099,46729
192120,46728
160316,46728
229967,46728
124696,46728
255617,46728
225323,46727
281350,46727
248873,46727
190099,46727
271401,46727
259551,46726
181175,46726
19354,46726
288059,46726
140986,46726
79625,46726
153292,46726
182292,46725
55328,46725
217936,46725
55692,46724
237,46724
159830,46724
244913,46724
234945,46724
31875,46724
7331,46724
171862,46723
34471,46723
274626,46723
188074,46723
274220,46723
129268,46723
41540,46723
61817,46722
121988,46722
286139,46722
287419,46721
261059,46721
27819,46721
207135,46721
1303,46720
251321,46720
188878,46720
288246,46720
227868,46719
228576,46719
296028,46719
80789,46719
81510,46719
126338,46719
81788,46719
239971,46718
227563,46718
7174,46717
182727,46717
239054,46717
6828,46717
24592,46717
133344,46717
129211,46716
211512,46716
287596,46716
227254,46716
207472,46715
125667,46715
179224,46715
290584,46715
265408,46715
98652,46715
102706,46714
153466,46714
179479,46714
134605,46714
104246,46714
165220,46713
167115,46712
98410,46712
20168,46712
1484,46712
267124,46712
234341,46711
204557,46711
6193,46711
59135,46711
290002,46711
286103,46711
31584,46711
183928,46711
273360,46711
191528,46711
33212,46711
24440,46711
227525,46710
225690,46710
94179,46710
91314,46710
274146,46710
229749,46710
236861,46710
120315,46710
192509,46709
235438,46709
148306,46709
5556,46708
84367,46708
40256,46708
208979,46708
82345,46707
231359,46707
287259,46707
295128,46707
191450,46707
134997,46707
148265,46707
205152,46706
150627,46706
64152,46706
113348,46706
293952,46706
231103,46705
80927,46705
119042,46705
234940,46705
272534,46705
76737,46705
139742,46705
233699,46705
239198,46705
178226,46705
173293,46704
63647,46704
127909,46704
124391,46703
159604,46703
13668,46703
7309,46702
267408,46702
219120,46702
127925,46702
104657,46702
18044,46702
33995,46702
27060,46702
200424,46702
14588,46701
44806,46701
267006,46700
288225,46700
229523,46700
291101,46700
93869,46700
7753,46700
171491,46700
45689,46699
276280,46698
206371,46698
136841,46698
23519,46698
185697,46697
95318,46697
283072,46697
231221,46697
239037,46697
217289,46697
176251,46697
67471,46697
217290,46696
272825,46696
111752,46696
208777,46696
285090,46696
101923,46696
226702,46696
89769,46695
209930,46695
199410,46695
157499,46695
198524,46694
202178,46694
290798,46694
81093,46694
59476,46694
30132,46693
957,46693
194988,46693
262808,46693
232412,46693
94032,46693
277261,46692
258935,46692
202297,46692
185189,46692
199542,46692
222258,46692
186938,46692
175968,46692
130906,46691
161949,46691
166600,46691
290975,46691
143081,46691
274821,46690
67254,46690
29193,46689
228838,46689
148139,46689
283071,46689
90856,46689
30273,46689
253929,46688
133969,46688
105848,46688
75933,46688
216490,46687
198035,46687
2669,46687
207156,46686
263705,46686
156689,46686
15198,46686
275948,46686
145659,46686
269151,46686
94655,46685
212782,46685
56575,46684
103979,46684
133868,46684
121813,46684
83149,46684
34239,46684
164998,46684
238819,46683
279714,46683
220287,46683
248713,46682
39951,46682
165523,46682
218561,46682
149095,46682
10593,46682
277244,46682
214005,46682
260244,46682
18566,46681
244766,46681
275734,46681
7729,46681
6130,46681
186148,46680
195630,46679
278729,46679
6617,46679
213387,46679
40379,46679
96424,46679
108171,46679
42283,46679
243276,46678
142093,46678
960,46678
149820,46678
286678,46678
291985,46677
212178,46677
294034,46677
4306,46676
140156,46676
268019,46676
169140,46676
184438,46676
247227,46675
58542,46675
226036,46675
273877,46675
180377,46674
263287,46674
17730,46673
1682,46673
218210,46673
259893,46673
270718,46673
49773,46673
141211,46673
89483,46673
221979,46673
49842,46672
232783,46672
231378,46672
50729,46671
199081,46671
277144,46670
64750,46670
119448,46670
244341,46670
63146,46670
254025,46670
171748,46670
59554,46669
128550,46669
240368,46669
260768,46668
211298,46668
284442,46668
117926,46668
178900,46668
129991,46668
16013,46667
230055,46667
89587,46667
196958,46667
266439,46667
292647,46666
152129,46666
291631,46666
153498,46666
229442,46666
290919,46665
30601,46665
80965,46665
106707,46665
189440,46665
203270,46665
407,46665
5406,46665
237869,46665
77910,46664
293681,46664
33316,46664
45528,46664
153044,46664
227993,46664
211366,46664
11427,46663
195075,46663
291915,46663
134682,46663
231401,46663
423,46663
58695,46662
221536,46662
85320,46662
165638,46662
257197,46662
132096,46662
118227,46662
94618,46662
191653,46662
219081,46661
145096,46661
295224,46661
10603,46661
224304,46661
125562,46661
252614,46660
295854,46660
220150,46659
285379,46659
181716,46659
290771,46659
171348,46658
198246,46658
211978,46658
188071,46657
84646,46657
69269,46657
243113,46657
50571,46657
107615,46657
233874,46657
8838,46656
226579,46656
18557,46656
201041,46656
108615,46655
6881,46655
172794,46655
243493,46655
229635,46655
268432,46655
3071,46654
212003,46654
234611,46654
149256,46654
120487,46654
227923,46653
260876,46653
225492,46653
267753,46653
199943,46653
222254,46653
246884,46653
183315,46652
266512,46652
263882,46652
41604,46652
269332,46652
209763,46652
221307,46651
278268,46651
199481,46651
155201,46651
19766,46651
184129,46651
182331,46651
234760,46650
153834,46650
47986,46649
271574,46649
258978,46649
45538,46649
16851,46649
145024,46648
250369,46648
103734,46648
108481,46648
261706,46647
241895,46647
61443,46647
179385,46647
258152,46647
222406,46646
171770,46646
280360,46646
175425,46646
153105,46646
997,46646
2798,46645
194618,46645
78961,46645
275818,46644
39695,46644
247845,46644
171309,46644
272099,46644
48118,46644
261422,46644
213511,46643
226184,46643
250057,46643
4667,46643
136666,46643
181762,46642
222440,46642
186409,46642
103001,46641
245051,46641
292374,46641
111136,46641
204827,46641
4277,46641
259215,46640
97156,46640
280425,46640
42779,46640
219085,46640
194300,46639
127252,46639
114091,46639
140839,46639
220976,46639
194319,46639
93769,46639
19191,46639
26858,46638
161765,46638
21378,46637
222889,46637
245746,46637
186354,46637
187854,46637
155445,46637
31412,46636
219578,46636
137579,46634
287528,46634
24150,46634
262934,46634
93757,46634
134920,46634
153703,46633
39932,46633
1289,46633
266146,46633
142512,46633
41150,46633
280966,46632
250168,46632
192684,46632
169642,46632
158970,46632
274638,46631
242439,46631
14309,46631
154407,46631
173316,46630
292681,46630
116659,46630
273662,46630
174678,46630
221210,46630
214133,46630
283853,46630
222541,46629
126769,46629
257552,46629
250851,46629
71590,46629
79812,46629
265749,46629
214460,46628
263542,46628
290523,46628
206424,46627
5021,46627
86053,46627
274100,46627
30141,46627
119489,46627
240527,46626
161449,46626
243836,46626
79974,46626
269832,46626
185791,46626
164103,46625
36072,46625
33780,46625
59788,46625
91821,46624
293792,46624
243292,46624
15924,46624
200605,46624
74668,46624
6589,46624
175724,46624
272566,46624
272756,46623
294036,46623
251619,46623
296562,46622
117814,46622
26146,46622
30653,46622
26113,46621
143102,46621
206861,46621
91025,46621
183951,46621
35775,46620
251522,46620
79717,46620
67779,46620
165726,46620
196772,46619
169449,46619
131534,46619
285998,46619
21851,46619
217748,46619
208527,46619
274971,46619
261049,46619
813,46618
263623,46618
128125,46618
138322,46617
113938,46617
174727,46617
213819,46617
243952,46617
199710,46617
85540,46617
22422,46617
165507,46617
62924,46616
287431,46616
273181,46616
266650,46616
53790,46615
261800,46615
267166,46615
45599,46614
159326,46614
127611,46614
149861,46614
181753,46613
136751,46613
252391,46613
224292,46612
101628,46612
17744,46612
62069,46612
148420,46612
243333,46611
19659,46611
223932,46611
122561,46611
236884,46611
60833,46611
230690,46611
167954,46611
179173,46611
11167,46610
146726,46610
169206,46610
156372,46610
270748,46610
78365,46610
275583,46609
174537,46609
165690,46608
286259,46608
125417,46608
7371,46608
226356,46608
41898,46607
98597,46607
231388,46607
96322,46606
88794,46606
283078,46606
286060,46605
274974,46605
272650,46605
240306,46605
46903,46604
180849,46604
272488,46604
34368,46603
277290,46603
289546,46603
232526,46603
101670,46603
187065,46603
157695,46602
183279,46602
160469,46602
149401,46602
72480,46602
219264,46602
268818,46602
166016,46601
295465,46601
229985,46601
75856,46601
242934,46600
214944,46600
271285,46599
247306,46599
167496,46599
156313,46599
232693,46598
135833,46598
260659,46598
225182,46598
214283,46598
233934,46598
130131,46598
94012,46597
248263,46597
267468,46597
206393,46597
91789,46597
182119,46597
257584,46596
80809,46596
272495,46596
255328,46596
254065,46596
2864,46596
197458,46596
166592,46596
201025,46596
126772,46595
262016,46595
87983,46595
291209,46595
107222,46595
251256,46594
8692,46594
225905,46594
228005,46594
213418,46594
4609,46594
198677,46594
282785,46594
121679,46594
173962,46593
88128,46593
113098,46593
79037,46593
255555,46592
33389,46592
232721,46592
143584,46592
250832,46591
255984,46591
22623,46591
29774,46591
294665,46591
64070,46590
96971,46590
2220,46590
218863,46589
107305,46589
202839,46589
274665,46589
222422,46588
133040,46588
7682,46588
234160,46588
269484,46588
233968,46587
124671,46587
11565,46587
71698,46587
287211,46587
130433,46587
200273,46587
164641,46587
8892,46586
173632,46586
254728,46585
143976,46585
166702,46585
50750,46585
256196,46585
203714,46585
113015,46585
223844,46584
34350,46584
61014,46584
100014,46583
252823,46583
268418,46583
205801,46583
99014,46582
224463,46582
224057,46581
271621,46581
209796,46581
78155,46581
106761,46581
81881,46581
7921,46581
240945,46581
124114,46581
169781,46581
199099,46581
120705,46580
14612,46580
229274,46580
36132,46580
257178,46580
183702,46580
220407,46579
5109,46579
254474,46579
227188,46578
14508,46578
240123,46578
97200,46578
115581,46577
295989,46577
96235,46577
82470,46577
217957,46577
128287,46576
10952,46576
260928,46575
295212,46575
118950,46575
155471,46575
184695,46575
72042,46575
289518,46575
8701,46574
286958,46574
214798,46574
144714,46573
218281,46573
79670,46573
275119,46573
79215,46573
56217,46573
197384,46573
63721,46572
40282,46572
144530,46572
294500,46572
244989,46572
192941,46572
86577,46571
771,46571
235821,46571
289410,46571
125707,46571
284825,46571
34105,46570
261785,46570
266975,46570
9960,46570
276234,46570
191585,46570
17627,46569
168786,46569
180358,46569
19480,46568
286026,46568
158217,46568
78431,46568
210222,46568
21038,46568
276163,46567
218840,46567
62638,46567
283616,46567
264878,46567
259927,46566
275906,46566
135787,46566
203535,46566
167765,46566
174213,46566
128174,46566
184976,46566
938,46566
278022,46566
141381,46566
201525,46565
177304,46565
250519,46565
165245,46565
129443,46564
144216,46564
106558,46564
184190,46564
183388,46564
237858,46564
260340,46563
11351,46563
187519,46563
53809,46563
250990,46563
152351,46563
104739,46563
213499,46562
207162,46562
31317,46562
246840,46562
177977,46562
115788,46562
90210,46562
205117,46561
143141,46561
103839,46561
259141,46561
39720,46560
115749,46560
280869,46560
28071,46560
156143,46560
259752,46560
249957,46560
221761,46559
170506,46559
157161,46559
269327,46559
269005,46559
254350,46559
128168,46559
214665,46559
290332,46559
185257,46558
293158,46558
239405,46557
165517,46557
180976,46557
205843,46557
223557,46557
137603,46557
18588,46557
291610,46556
187306,46556
251604,46556
289176,46556
240213,46556
273560,46556
145838,46556
148768,46556
248721,46555
164665,46555
200572,46555
197043,46555
172725,46554
189039,46554
235107,46554
223378,46554
78291,46554
157514,46554
236339,46554
265847,46553
232729,46553
128433,46553
1041,46553
277788,46553
138605,46552
210721,46552
5957,46552
43158,46552
105190,46552
178808,46552
242757,46551
171933,46551
210693,46551
168609,46551
255173,46550
24480,46550
284980,46550
54916,46550
273956,46549
289571,46549
113627,46549
265351,46549
73138,46549
19337,46548
282058,46548
146993,46548
73414,46547
217651,46547
293649,46547
255261,46547
286233,46547
88209,46546
220552,46546
172705,46546
181115,46546
15719,46546
266901,46546
143575,46546
284886,46546
259659,46546
184894,46545
123692,46545
256044,46545
91203,46545
114655,46545
18105,46544
262981,46544
22108,46543
25086,46543
150856,46543
189694,46543
271844,46543
229103,46543
147242,46543
284756,46543
207842,46543
281360,46542
232694,46542
195716,46542
135631,46542
2764,46542
273627,46542
166789,46542
295463,46542
181917,46541
171132,46541
123015,46541
181991,46541
96976,46541
103927,46540
52553,46540
246212,46540
223960,46540
264795,46540
269174,46540
277827,46539
139870,46539
294679,46539
40052,46538
89223,46538
89337,46538
152478,46538
238899,46538
266214,46538
132404,46538
198373,46538
220740,46538
165505,46538
612,46537
615,46537
263780,46537
280915,46537
118661,46537
110464,46537
236143,46537
65380,46536
257786,46536
89607,46536
233220,46536
157923,46536
133233,46536
34203,46536
25932,46535
167990,46535
289683,46535
102779,46535
172316,46535
280312,46535
112043,46534
41713,46534
296468,46534
247801,46534
151728,46533
2948,46533
183796,46533
233916,46533
270104,46533
78727,46532
224671,46532
132058,46532
238933,46532
48716,46532
128947,46532
21892,46532
260767,46531
218278,46531
47200,46531
177395,46531
34094,46531
217038,46531
279117,46530
185581,46530
41570,46530
293706,46530
246451,46530
217035,46529
177371,46529
286479,46529
92108,46529
278062,46529
67446,46529
220364,46528
235578,46528
57636,46528
193297,46528
10976,46527
165609,46527
197311,46527
170350,46527
90631,46527
6510,46526
75122,46526
97667,46526
1093,46526
264948,46525
174031,46525
86,46525
288527,46525
200365,46525
176304,46524
277969,46524
277368,46524
171519,46524
24367,46524
148488,46523
269231,46523
168138,46523
105467,46523
84000,46523
214572,46523
17951,46522
34720,46522
270400,46522
260327,46522
121546,46522
210743,46521
104596,46521
165878,46521
229959,46521
201568,46520
260894,46520
265147,46520
169507,46520
191955,46520
135988,46520
278836,46520
262385,46520
231921,46519
179025,46518
241110,46518
156665,46518
256410,46518
157635,46518
206963,46518
23709,46518
84186,46518
156396,46518
239484,46517
286284,46517
163086,46517
7545,46517
34995,46517
287392,46517
278210,46517
253383,46517
293292,46516
222512,46516
151884,46516
278751,46515
250349,46515
23630,46515
51337,46515
288680,46515
103965,46515
264304,46515
1935,46515
35423,46515
249240,46514
81920,46514
223071,46514
75239,46514
268764,46514
48451,46513
146765,46513
205338,46513
143745,46513
250147,46513
54819,46513
289808,46513
195039,46513
236352,46513
115208,46512
22611,46512
268760,46512
218461,46512
269689,46512
24495,46512
262610,46512
220831,46511
34793,46511
228180,46511
98629,46511
255849,46511
279755,46511
106311,46511
262089,46511
102753,46510
149927,46510
150568,46509
2216,46509
183984,46509
161855,46509
245891,46509
87575,46509
4883,46509
223485,46509
154403,46509
193279,46509
68782,46509
147899,46509
240287,46508
158338,46508
188449,46508
227579,46508
211780,46508
49078,46508
110990,46508
49135,46507
127965,46507
146759,46507
241763,46507
196725,46507
16453,46507
158875,46506
262103,46506
166643,46506
290008,46506
273741,46506
218823,46506
115075,46506
25003,46506
11059,46505
52878,46505
49005,46505
7681,46505
151318,46504
78983,46504
179562,46504
212235,46504
104967,46504
267877,46504
253747,46504
284275,46504
291455,46504
218578,46504
265361,46503
