4423,100000
33739,54571
2177,54021
27007,53568
8027,52432
1553,52026
502,51878
8459,51843
2585,51679
4057,51255
1531,51234
1873,50772
3202,50682
327,50644
4095,50617
4911,50372
1997,50327
15459,50324
39819,50225
2653,50128
12697,50097
3539,50090
4977,50090
60408,50007
35778,49973
10456,49931
3042,49869
3207,49852
6627,49852
1978,49842
30460,49781
95950,49736
15069,49626
11931,49576
13445,49553
20365,49509
164857,49461
29315,49432
7198,49400
329,49400
18363,49388
6906,49337
20489,49275
26110,49272
15727,49211
5118,49202
17499,49167
5670,49156
2320,49127
9421,49125
1072,49077
4231,49057
13009,49056
32596,49046
10657,49039
17984,49034
5320,49033
232262,49032
53159,49014
7694,48987
256470,48930
162647,48930
13251,48907
2026,48906
46034,48848
25598,48836
7446,48832
291041,48822
149533,48817
2575,48795
6966,48789
4227,48773
1819,48699
248007,48682
3767,48667
6665,48654
35335,48643
4185,48636
293120,48631
127086,48604
13953,48591
12380,48588
1004,48572
79241,48572
109605,48567
4494,48558
12347,48555
75562,48532
89456,48507
3572,48497
4502,48490
122537,48448
7092,48445
19562,48439
1513,48439
257004,48423
413,48419
23064,48406
3389,48371
21071,48364
42901,48363
16524,48355
3384,48353
44887,48350
4541,48346
265954,48338
15301,48320
3334,48316
265,48312
15725,48310
133643,48310
1401,48309
404,48304
4462,48241
79591,48238
7278,48237
1931,48234
18296,48231
9774,48225
33085,48221
2446,48220
1010,48219
19425,48218
2583,48217
21965,48215
14830,48191
14187,48183
14617,48169
244298,48169
18926,48162
8306,48144
272653,48136
129494,48135
5791,48130
3264,48125
265055,48117
205577,48111
25704,48110
11907,48103
251271,48103
4957,48096
4941,48087
19737,48085
11590,48085
8010,48080
197340,48069
43137,48066
19495,48057
2949,48053
2073,48029
9667,48019
158436,48015
21513,48007
5807,48004
92289,48003
212866,48001
243183,48000
295699,47996
702,47991
11638,47983
266159,47978
254605,47978
136511,47976
13597,47976
81420,47976
191009,47974
18696,47973
47156,47971
3702,47967
25720,47959
63954,47959
40757,47957
4086,47956
11167,47944
13075,47944
36683,47942
14419,47939
39289,47938
7939,47933
223956,47926
237810,47921
13203,47912
4184,47908
20604,47901
19195,47895
21670,47891
270321,47888
15476,47879
4182,47876
150416,47871
48,47868
14862,47866
3109,47861
13527,47854
295916,47827
262465,47823
167552,47821
17071,47819
624,47809
750,47806
30486,47803
18815,47800
5497,47794
8634,47788
294194,47787
294004,47784
168653,47784
23864,47771
13840,47768
20301,47762
5455,47759
260724,47754
24718,47753
270474,47752
50630,47737
295239,47736
12562,47736
251436,47735
232344,47734
253413,47731
23310,47731
26579,47725
2854,47723
261845,47716
51027,47715
167309,47707
18703,47705
2237,47703
58334,47699
3411,47698
8633,47694
231639,47693
70654,47692
2506,47692
272573,47690
14575,47687
1413,47686
17633,47686
3538,47684
2299,47671
2990,47670
3126,47669
23013,47668
119651,47661
35846,47659
14768,47656
3782,47655
200055,47651
10051,47650
3053,47650
4936,47642
276863,47640
254360,47633
6733,47632
17767,47629
275969,47628
242004,47628
281348,47627
85149,47626
26957,47613
62181,47611
164482,47611
5620,47595
25387,47593
145,47578
12329,47577
11176,47574
62073,47568
255008,47564
113336,47563
182883,47558
16364,47554
1832,47553
1034,47549
21707,47549
1800,47544
2068,47544
49094,47543
5946,47542
67372,47540
45179,47536
293010,47531
11602,47531
6385,47528
45034,47519
274598,47516
6113,47515
4616,47511
259564,47510
262270,47507
49265,47507
114680,47507
273388,47506
17369,47497
294095,47495
155793,47495
77349,47494
10744,47491
6936,47491
250015,47489
18273,47485
1445,47485
237860,47477
29966,47475
21010,47472
290725,47466
58,47465
5120,47464
2662,47464
3665,47462
18565,47459
50597,47458
47428,47457
8394,47457
9849,47449
11142,47448
271631,47448
8800,47447
295003,47445
269213,47444
284953,47441
220341,47440
16684,47439
186597,47434
265714,47433
7796,47433
224718,47431
33075,47430
29484,47429
198981,47421
17085,47418
6216,47416
293284,47415
113977,47413
370,47411
278704,47409
3232,47399
252887,47398
31066,47393
240359,47389
1763,47389
13977,47388
4101,47386
24130,47386
12538,47381
10071,47381
37350,47375
295550,47374
13712,47374
356,47373
25065,47373
283716,47370
378,47369
241362,47366
242972,47363
240483,47362
296183,47356
291666,47351
278364,47350
7577,47348
181836,47347
285209,47347
10832,47339
288371,47339
273955,47332
37890,47325
266220,47323
261948,47319
13157,47317
8507,47316
153680,47313
6863,47311
241477,47306
1765,47305
42064,47303
8974,47302
17970,47301
8935,47300
46708,47298
2272,47296
467,47295
24393,47295
81033,47293
228091,47292
665,47288
194097,47285
221974,47283
256589,47282
234990,47281
249717,47279
64402,47276
187179,47275
45443,47272
258336,47272
4160,47269
7425,47268
103976,47267
16456,47266
15563,47266
42607,47265
18861,47264
274296,47263
5073,47262
69738,47261
8635,47260
43330,47259
290171,47259
27883,47258
28784,47252
254716,47250
257128,47249
278691,47249
260720,47247
5323,47245
48878,47240
281728,47240
248831,47238
289386,47235
5749,47233
277883,47233
196331,47233
17604,47231
164309,47229
276911,47228
2422,47226
20160,47225
165575,47225
1669,47224
239,47221
31819,47221
12997,47220
181790,47218
278654,47218
20524,47215
251738,47212
7421,47211
108650,47207
285507,47207
289219,47206
226649,47205
275150,47202
269259,47201
119176,47199
284926,47198
242184,47197
260620,47196
12709,47194
9304,47194
7097,47192
28059,47189
245179,47188
247772,47187
55650,47187
210798,47186
235820,47184
3103,47183
232387,47182
72165,47182
48425,47180
204852,47177
161960,47176
23225,47173
20727,47171
293488,47170
2321,47169
225814,47168
15034,47168
124993,47167
136013,47166
31439,47159
26845,47158
284345,47158
528,47157
5037,47156
3293,47153
250117,47152
23362,47150
28251,47149
12382,47149
210018,47149
142019,47149
209374,47147
123824,47146
222104,47146
134096,47142
249224,47142
164719,47140
296212,47134
281780,47134
287953,47134
13550,47132
167027,47132
247087,47130
251981,47130
37831,47129
38629,47125
251015,47122
121043,47120
49677,47119
6095,47118
9081,47117
19849,47116
40780,47116
5341,47112
172471,47111
246876,47110
188864,47109
156864,47109
262962,47109
136516,47109
25391,47106
16135,47104
29515,47103
226273,47102
292441,47101
281620,47101
143425,47101
3681,47100
1493,47098
28171,47095
42344,47095
24648,47095
246307,47095
49436,47093
13089,47092
69812,47091
10233,47089
288018,47088
277039,47087
19785,47086
184178,47085
251530,47082
110431,47082
29785,47082
108221,47081
285629,47079
14007,47075
17195,47075
25798,47072
290211,47070
157993,47070
288005,47069
262137,47063
3949,47063
293913,47063
288299,47063
267125,47062
285462,47061
255679,47061
174989,47060
215804,47060
76178,47059
6409,47057
154042,47057
6018,47056
35031,47052
186211,47047
14926,47047
26815,47043
1576,47042
266881,47040
30488,47040
261831,47038
3558,47034
221106,47032
26551,47028
22082,47027
254943,47025
175384,47025
216054,47022
257636,47021
951,47018
243055,47018
4137,47017
16459,47016
7303,47015
10694,47015
61434,47015
5850,47015
237429,47013
2797,47011
12651,47011
6821,47009
6274,47009
204872,47007
22556,47006
284985,47005
251722,47004
166530,47002
223804,47002
76763,47000
220990,47000
287785,47000
767,46999
263751,46999
290660,46999
13512,46997
82272,46996
261277,46995
230082,46993
295597,46991
6057,46991
245305,46988
20001,46986
241198,46984
28049,46984
10989,46984
239908,46984
224659,46983
246856,46981
266137,46981
36718,46980
12378,46980
6767,46978
22348,46976
287376,46973
2192,46971
261258,46971
92507,46971
18201,46971
260265,46970
184057,46969
233683,46968
269605,46967
48729,46964
283512,46963
100466,46963
263435,46961
34707,46961
5076,46959
179016,46959
250645,46959
253279,46958
136835,46957
305,46955
26318,46954
234059,46952
106297,46950
224388,46946
37666,46943
267629,46943
289209,46943
7257,46942
263498,46941
58186,46940
2137,46940
292322,46939
288860,46938
296109,46937
12125,46936
259024,46936
257785,46935
273443,46935
14565,46934
17426,46933
215231,46933
293858,46929
1319,46928
14656,46927
31308,46927
4968,46927
43248,46925
274160,46924
209940,46923
54664,46922
12396,46922
1998,46921
214302,46919
274772,46918
294698,46917
29967,46916
285203,46915
91212,46915
159507,46914
178528,46914
24949,46913
63477,46913
254642,46911
257681,46908
13132,46907
276529,46907
23380,46904
295689,46904
42708,46900
8057,46894
1884,46894
271810,46894
31864,46893
165772,46893
25061,46893
48748,46890
5887,46889
12441,46888
34318,46888
66868,46887
11744,46887
295174,46887
290851,46886
150077,46885
180161,46883
233917,46880
18744,46880
607,46879
294636,46876
140585,46876
27802,46874
31043,46874
44493,46873
25999,46873
217876,46869
161408,46868
260157,46868
630,46866
238986,46864
61867,46863
291399,46863
238369,46862
271510,46861
174351,46860
271088,46857
258505,46857
194160,46856
272104,46856
291480,46854
23696,46853
3553,46853
169137,46850
274216,46847
164676,46847
15962,46844
204818,46844
8866,46842
136928,46842
293921,46842
287880,46839
270609,46839
1210,46838
267458,46838
238254,46838
686,46837
295948,46837
225633,46836
257270,46835
257919,46834
14826,46834
27361,46833
213054,46832
241815,46831
48727,46831
182537,46829
226433,46826
272207,46826
39405,46825
39672,46824
247165,46823
247980,46823
290237,46821
31188,46820
266836,46820
89803,46820
773,46819
29238,46818
11828,46817
252236,46817
7580,46816
265883,46816
4608,46816
260,46814
66440,46814
5142,46814
946,46812
31120,46812
10106,46812
2470,46812
195969,46811
52199,46811
6620,46809
293736,46808
15701,46808
188444,46806
36564,46804
11857,46804
246612,46803
10430,46803
85045,46803
248333,46802
172372,46802
244189,46802
127139,46802
29722,46801
18881,46800
266142,46798
256622,46798
254386,46797
1673,46796
71470,46794
294544,46793
25409,46791
14625,46791
18243,46791
175122,46791
247697,46790
250487,46790
52344,46790
178976,46789
203575,46789
234217,46789
3118,46788
45792,46788
272973,46787
19680,46787
25790,46787
106726,46786
269875,46786
21610,46784
16011,46783
127246,46782
59517,46782
207394,46779
18525,46778
39343,46778
608,46777
122478,46773
570,46772
31404,46771
230808,46769
240110,46768
1517,46768
4850,46768
290279,46767
82441,46765
92061,46765
196741,46764
812,46764
274695,46764
51596,46764
235655,46763
705,46763
147978,46763
253651,46763
18869,46762
257865,46761
280245,46761
182115,46761
281546,46761
28902,46761
147,46760
287491,46760
49940,46759
163477,46759
1304,46759
165984,46759
173046,46758
269675,46758
269779,46756
9039,46755
3726,46755
260900,46755
3105,46755
278737,46754
176067,46754
153816,46753
142734,46753
12957,46753
9140,46752
245415,46750
106542,46750
207332,46750
5035,46750
279194,46748
61073,46748
282790,46748
287203,46747
22955,46747
189743,46746
18755,46746
290057,46746
34979,46746
40380,46745
67490,46744
10170,46744
246066,46744
287218,46744
8066,46744
270270,46743
23400,46743
67505,46742
193874,46742
246012,46742
6962,46742
33201,46740
71536,46740
213891,46740
294573,46740
255794,46739
242630,46739
272860,46737
282143,46737
254725,46736
227433,46736
7747,46736
38127,46734
193324,46734
9865,46734
95923,46732
26333,46732
244260,46731
246393,46731
275640,46731
280657,46727
72804,46727
49491,46727
218404,46726
4631,46725
178208,46724
193943,46723
228152,46723
255971,46723
10561,46723
67194,46719
2861,46719
289844,46719
100259,46718
247695,46718
125187,46717
5653,46715
194730,46715
6293,46712
3894,46711
57054,46711
176622,46710
2450,46709
4224,46708
5426,46707
26405,46706
106488,46706
160302,46705
270688,46705
292139,46704
271518,46703
6264,46703
24700,46703
9964,46702
12606,46702
27322,46702
136761,46702
55204,46701
80144,46700
57257,46700
207710,46700
425,46699
176227,46699
101971,46698
133803,46698
56689,46697
51700,46697
222998,46696
4602,46696
177629,46696
10271,46695
83009,46694
172727,46692
271807,46691
235777,46691
97004,46690
30170,46690
283412,46688
222966,46688
259337,46688
15506,46685
41299,46685
4774,46685
181006,46684
232754,46683
237185,46682
12223,46681
285223,46681
200508,46679
268012,46679
5318,46678
113310,46678
7534,46676
25475,46675
255830,46672
1895,46672
251719,46671
23055,46671
24781,46670
251994,46670
281682,46669
2474,46669
202180,46669
5853,46669
127546,46668
270332,46668
126855,46667
242007,46666
169282,46666
490,46664
143253,46664
250326,46664
40751,46663
183724,46663
207904,46662
284173,46662
294416,46661
201139,46660
7789,46659
228526,46659
220406,46658
4359,46656
42102,46655
3541,46653
276865,46652
296524,46652
236514,46652
193182,46651
18780,46651
281427,46651
233232,46648
271798,46648
874,46647
45688,46647
19324,46646
217464,46646
85957,46646
43713,46645
223962,46644
104764,46644
246397,46643
219433,46643
194167,46643
120801,46643
147746,46641
219451,46641
89087,46640
235551,46640
199948,46640
1570,46640
293985,46639
240578,46639
161695,46638
231878,46637
157166,46636
49023,46636
281353,46635
233779,46635
194406,46634
275926,46634
17186,46634
5783,46632
294481,46632
262107,46632
293331,46632
137658,46631
23535,46631
287053,46630
276355,46630
2761,46629
285057,46628
204830,46627
235908,46626
8555,46626
32624,46625
86833,46624
146397,46623
287386,46623
223325,46622
34477,46622
230637,46621
14829,46621
166594,46621
26991,46621
239696,46620
232124,46620
295815,46620
199581,46620
259631,46620
48245,46619
253768,46618
240657,46618
294942,46618
278415,46618
206341,46618
117240,46617
223337,46616
145242,46616
23867,46616
269997,46615
247782,46615
49510,46615
268446,46615
62819,46614
263571,46614
33312,46612
156295,46612
224330,46612
170484,46611
169076,46611
22904,46611
205084,46610
288054,46610
110678,46610
189214,46609
140898,46609
5516,46607
294605,46606
191227,46606
153733,46605
138751,46605
230334,46602
182102,46602
112825,46601
8101,46601
257251,46600
27875,46600
290344,46599
79435,46598
20063,46598
154594,46598
27100,46598
233021,46598
36515,46598
252074,46598
31226,46597
242762,46597
186516,46596
285550,46596
5104,46595
170545,46595
16421,46594
286483,46593
153228,46593
196982,46593
181765,46592
27515,46592
138046,46591
16962,46591
290411,46590
287349,46589
275679,46589
288786,46588
295393,46587
388,46587
89299,46586
272594,46585
269054,46585
279780,46585
192315,46584
262881,46583
915,46583
286889,46583
8518,46583
163209,46581
103162,46581
54967,46581
216216,46581
258273,46581
140459,46580
10365,46580
265254,46580
188586,46579
14850,46577
256258,46576
274556,46576
288910,46576
54430,46574
236197,46574
225841,46574
131249,46572
271164,46571
145363,46571
278762,46570
296263,46569
245377,46569
168801,46569
267417,46568
1109,46568
171033,46568
174181,46567
263843,46565
24001,46565
245692,46565
218637,46564
13316,46563
144577,46562
1225,46562
19224,46562
267186,46562
204815,46561
284647,46561
233143,46560
177857,46560
14848,46559
180029,46559
217857,46558
6686,46558
184560,46557
632,46557
186108,46554
23279,46554
257223,46554
263810,46553
286325,46553
257982,46553
260614,46552
8567,46552
258615,46551
253703,46550
225772,46550
269860,46549
256274,46549
209049,46548
285668,46548
17938,46547
285155,46547
19277,46547
90829,46547
274612,46546
249141,46546
250868,46546
77074,46546
245645,46545
20359,46545
37955,46545
17964,46545
137050,46545
240840,46544
228832,46543
233088,46543
115983,46542
293587,46542
206437,46541
194890,46541
276298,46539
13874,46539
109872,46539
10102,46539
281405,46538
1723,46538
289917,46537
15410,46537
235909,46536
116183,46535
7962,46535
96234,46535
242933,46534
173671,46533
11628,46533
207412,46533
220558,46533
281068,46532
286341,46531
295062,46531
245973,46530
240500,46529
60028,46529
276595,46528
189794,46528
288697,46527
296159,46527
4420,46527
290713,46527
186144,46527
13958,46526
4897,46526
293160,46525
195672,46525
251668,46525
59487,46524
288320,46523
173633,46523
47620,46522
2379,46521
241916,46521
273788,46521
215842,46519
8679,46519
188601,46519
38353,46518
255579,46518
270629,46518
255268,46518
30165,46517
210108,46516
201602,46516
291121,46514
231559,46514
285796,46513
33936,46512
4737,46512
289747,46512
198458,46510
231792,46510
274142,46510
4582,46510
295000,46509
232431,46508
21884,46508
286464,46507
283539,46507
29585,46507
264966,46507
142760,46506
277192,46506
254845,46505
192446,46504
8232,46504
37664,46504
283105,46504
278793,46503
296241,46503
279004,46503
270937,46503
2477,46502
17622,46502
288605,46502
252175,46502
76089,46501
219933,46501
21632,46501
236090,46501
242344,46500
284961,46500
166127,46500
86278,46500
20680,46498
296546,46497
39150,46496
205083,46496
223531,46495
38667,46494
33620,46494
79033,46492
271047,46491
296172,46490
242106,46489
281807,46488
70878,46486
191426,46486
264912,46485
17265,46485
287523,46484
268924,46484
22222,46484
165970,46484
206502,46483
75218,46482
158087,46482
123322,46480
137194,46480
204236,46479
253484,46479
242148,46477
256620,46477
240229,46476
224568,46476
271890,46476
26179,46474
206633,46474
52234,46474
225960,46473
12152,46473
162509,46472
736,46471
257756,46471
263535,46470
180276,46470
12566,46470
17924,46470
225218,46470
287515,46470
14294,46469
295612,46469
264076,46467
97589,46467
233176,46467
26980,46467
8327,46467
279902,46466
65510,46465
265199,46465
185757,46465
23844,46465
197104,46464
233732,46464
29013,46463
260801,46463
28255,46463
179885,46462
237616,46462
698,46462
115993,46461
259461,46461
251115,46461
91829,46460
173256,46460
2891,46460
9709,46460
271887,46460
90064,46459
16312,46459
151907,46459
18206,46459
296010,46458
168890,46456
730,46456
229825,46456
121528,46456
262396,46456
241251,46455
204191,46455
277691,46455
186797,46455
119508,46454
296157,46453
240504,46452
62955,46452
4197,46452
214787,46451
193140,46451
727,46451
150422,46450
294796,46450
228357,46449
267231,46448
14382,46448
5374,46447
29503,46447
14655,46447
168229,46446
213691,46445
284781,46445
280547,46445
292404,46445
239706,46444
148872,46443
17530,46442
9129,46442
178574,46441
227685,46441
227489,46441
215148,46440
18816,46440
133,46440
255532,46440
9370,46439
270472,46439
220122,46439
66592,46438
266537,46437
223575,46437
871,46437
234474,46436
251235,46436
24855,46436
281309,46436
167143,46436
15041,46435
286184,46435
224987,46433
175922,46433
6304,46432
291476,46432
207636,46431
273611,46430
291197,46429
211355,46429
19079,46428
228022,46428
42649,46428
238531,46427
272886,46426
87991,46426
294221,46426
222109,46425
156986,46424
168776,46424
249295,46423
212682,46423
213138,46422
3022,46422
257885,46422
242634,46421
173262,46421
128093,46421
50691,46421
257315,46421
233019,46421
236058,46420
243896,46420
64890,46420
268244,46420
234431,46420
222643,46420
237183,46418
145417,46418
211514,46418
29087,46417
250955,46417
247912,46416
262607,46415
69820,46415
289353,46414
272050,46414
258982,46413
284341,46413
129995,46413
170160,46413
287229,46413
290618,46413
242442,46413
248311,46412
251945,46412
205068,46412
245881,46411
242904,46411
229383,46411
32377,46411
291775,46411
272363,46410
210011,46409
4750,46409
294022,46408
242553,46407
295014,46407
257033,46407
53617,46407
248777,46406
259094,46406
248734,46405
6712,46405
253811,46405
223412,46405
63841,46404
172445,46404
268398,46404
230746,46403
243561,46402
17466,46402
292350,46401
6146,46401
836,46401
133383,46400
226971,46400
290827,46399
225042,46399
15234,46399
161017,46399
245419,46399
288524,46398
267433,46398
177568,46398
284828,46398
12057,46397
120826,46397
286637,46395
230546,46395
285514,46394
22146,46394
43828,46392
274584,46392
253857,46392
258479,46392
6790,46391
161409,46391
4304,46391
242079,46391
14684,46391
159468,46390
6239,46390
279118,46390
294932,46390
214356,46390
164649,46390
223798,46389
234725,46389
5071,46388
244997,46387
208318,46386
288791,46386
86096,46386
197596,46385
18854,46385
239893,46384
115028,46384
250066,46383
285326,46383
212932,46382
171570,46382
251480,46381
264662,46381
572,46381
9953,46379
116522,46379
251022,46378
1107,46378
274639,46378
268321,46377
40259,46377
180901,46377
52976,46376
45253,46376
77143,46375
197947,46375
245166,46375
212942,46375
275212,46374
71877,46374
243801,46374
2279,46374
175551,46372
155758,46372
102387,46372
21739,46371
21114,46371
287689,46370
257337,46369
39595,46368
212994,46367
226567,46366
62,46366
292731,46365
3190,46364
43359,46364
7550,46363
106139,46363
255025,46363
8331,46363
267041,46363
75247,46363
292903,46362
52260,46362
105040,46362
255624,46361
286956,46361
199624,46361
248981,46361
6873,46361
13362,46360
263355,46360
249320,46360
101818,46359
229680,46359
259830,46358
203505,46358
257934,46358
9072,46358
10559,46358
3990,46357
270434,46357
52154,46356
31744,46356
229891,46355
206924,46354
11717,46354
134768,46354
296521,46354
263124,46354
220703,46353
21025,46353
294529,46353
115447,46352
52726,46352
11475,46351
225307,46351
10578,46351
7546,46350
244971,46350
22318,46349
240828,46349
208902,46349
178306,46349
221043,46349
194539,46348
266985,46348
48408,46348
65319,46348
13851,46348
9080,46347
74455,46347
194786,46347
128461,46347
17087,46347
267775,46346
250833,46346
289457,46346
235802,46346
271096,46345
262150,46345
227547,46345
161202,46345
242299,46344
236247,46344
234526,46344
188324,46344
217035,46343
196660,46343
17310,46343
20520,46343
264278,46343
267353,46342
280353,46342
7765,46342
75594,46341
43435,46341
264735,46341
20201,46341
171142,46341
249292,46341
291115,46340
238361,46340
116551,46340
4677,46339
177383,46339
288171,46339
284735,46339
265174,46338
261316,46338
205132,46338
214616,46338
182573,46337
257028,46337
282041,46337
101116,46337
96358,46337
231568,46336
128381,46336
205921,46336
195114,46336
36699,46335
276998,46334
293266,46334
198164,46334
284644,46334
239480,46333
274475,46333
288404,46333
141070,46333
247309,46333
57440,46332
280831,46332
34791,46332
283577,46332
555,46332
9027,46331
192630,46331
38786,46331
60144,46331
150851,46331
192579,46330
240586,46330
284296,46330
141154,46329
219442,46329
34519,46328
180118,46327
12080,46327
193206,46327
294643,46327
256573,46326
290444,46326
229536,46326
14284,46326
77207,46326
234662,46326
191102,46325
249731,46325
176269,46324
242838,46323
44425,46323
296601,46323
213534,46323
114089,46322
249781,46322
265637,46322
963,46322
623,46322
220434,46321
280806,46321
245147,46320
184816,46320
150464,46319
263732,46319
20415,46318
170413,46318
285596,46318
251701,46318
109733,46318
210847,46317
35177,46317
13019,46317
180486,46317
221755,46317
64500,46317
292914,46316
40255,46316
5859,46316
13394,46315
268509,46314
276841,46313
283730,46313
273672,46313
240014,46313
52891,46312
10533,46311
97257,46311
267322,46311
284347,46310
226515,46310
188752,46309
1942,46309
1435,46309
226455,46309
22024,46309
270780,46307
192924,46306
260750,46306
86464,46306
294081,46305
245984,46305
267193,46305
258558,46305
83687,46304
113795,46304
222124,46304
230587,46304
267185,46303
252018,46303
15602,46303
254503,46302
171948,46302
117485,46302
245117,46301
267399,46301
264984,46300
273510,46300
39088,46300
188735,46300
64614,46300
265717,46299
9716,46299
291652,46299
247679,46299
292307,46299
257003,46299
145371,46299
234062,46298
262659,46298
153574,46298
286869,46298
72713,46298
30785,46298
126916,46297
1089,46297
182495,46297
285554,46297
246030,46296
273795,46296
79215,46296
287331,46296
283245,46295
208669,46295
288204,46294
17359,46294
174917,46294
264633,46293
68743,46292
241915,46292
251673,46292
10988,46292
4782,46292
121789,46292
275772,46291
267479,46290
1514,46289
262884,46289
841,46289
292281,46289
2259,46289
49554,46288
281464,46288
273721,46288
221037,46288
174665,46287
36210,46286
277008,46286
249675,46286
212036,46286
289448,46286
178756,46285
182706,46285
236509,46285
5872,46285
282226,46285
237761,46284
22665,46283
264284,46283
281003,46283
241986,46281
280365,46281
86924,46281
270785,46280
175649,46280
233920,46280
18937,46280
131722,46279
68364,46279
286378,46279
260763,46278
292653,46278
263476,46278
265802,46277
1429,46276
18347,46276
96636,46276
204888,46275
172610,46275
279275,46275
228289,46275
234050,46275
37009,46275
271754,46274
274217,46274
74401,46274
32423,46273
133725,46273
238103,46273
14347,46273
287407,46273
56918,46273
195057,46272
35408,46272
248518,46272
248088,46272
7544,46272
255904,46271
33885,46271
177533,46271
234170,46271
3897,46271
296078,46271
147841,46270
286390,46269
157706,46269
236351,46268
269333,46268
292478,46268
291386,46267
295042,46267
51257,46267
294326,46266
10875,46265
252980,46265
142437,46265
256723,46265
218709,46265
61900,46264
156061,46264
289966,46264
21311,46264
198863,46263
6332,46263
202874,46262
245027,46262
242594,46261
214477,46261
28408,46261
260000,46260
38096,46260
23349,46260
233234,46260
265738,46259
184879,46258
238923,46258
291705,46258
158103,46258
155222,46258
191258,46258
273793,46257
228771,46257
215390,46256
1973,46255
5768,46255
193673,46255
197327,46255
107804,46254
19278,46254
193843,46254
195061,46254
11706,46253
219865,46253
2258,46253
212423,46252
293845,46252
279883,46251
292032,46251
262922,46251
163009,46250
1042,46250
78522,46250
242038,46250
32267,46249
241680,46249
169825,46249
244160,46248
708,46248
289687,46248
241809,46247
125613,46247
24707,46247
25811,46247
10690,46246
275250,46245
215000,46245
274322,46245
20541,46245
20895,46245
114334,46245
277681,46245
256517,46244
140169,46244
13105,46244
217337,46244
262,46244
204674,46244
107104,46243
75169,46243
233981,46242
185639,46242
294713,46241
212872,46241
48963,46241
206642,46241
247626,46241
675,46241
24198,46241
260277,46241
255885,46241
238607,46240
80866,46240
160754,46240
278889,46240
114008,46240
30527,46240
142547,46239
259208,46239
258025,46239
161785,46239
257157,46239
1530,46239
235215,46239
165854,46239
54892,46238
83736,46238
27732,46238
282501,46238
221390,46238
100325,46237
57965,46236
206758,46235
243736,46235
195218,46235
261335,46234
36625,46234
7533,46234
254580,46234
195453,46233
24030,46232
260517,46232
254017,46232
166951,46232
267856,46231
214436,46231
59972,46231
279479,46231
222647,46230
889,46230
254938,46230
290035,46229
217355,46228
29893,46228
254424,46228
164873,46228
21850,46228
286595,46228
51483,46227
241439,46227
22751,46227
207990,46227
27281,46227
270835,46227
219434,46227
287690,46226
226474,46226
296164,46226
236071,46226
206065,46225
283112,46223
292957,46223
33256,46223
238743,46223
170802,46223
155982,46222
219219,46221
227804,46221
237679,46221
216616,46221
292530,46220
78135,46220
249500,46220
4251,46220
21422,46220
107919,46220
150250,46219
254499,46219
16489,46219
8997,46219
223271,46219
148233,46218
249389,46218
289093,46218
47319,46218
239697,46217
291742,46217
208770,46216
30543,46216
161092,46215
285962,46215
23376,46215
230088,46215
232240,46215
54438,46215
14774,46214
138928,46214
231621,46214
281481,46214
202742,46214
116140,46214
8587,46214
202895,46214
251571,46214
128865,46213
25824,46213
202887,46212
259633,46212
290681,46211
199857,46211
227071,46211
220142,46211
935,46210
271481,46210
86319,46209
2100,46209
11655,46209
42699,46209
179025,46209
257392,46209
115351,46208
77121,46208
274187,46208
287692,46208
270808,46208
20270,46208
6911,46207
283679,46207
3510,46207
233739,46206
464,46205
270603,46205
111990,46204
31597,46204
15994,46204
367,46203
30130,46203
254791,46203
230674,46203
254225,46203
155549,46203
171136,46202
210812,46202
241961,46202
109879,46202
225656,46201
197932,46201
12068,46201
49780,46201
171537,46201
177347,46201
226641,46201
268026,46201
293781,46200
242231,46200
287057,46200
39390,46200
180023,46199
220996,46199
223951,46199
186908,46199
253760,46199
292933,46199
296559,46199
73532,46198
34027,46198
87996,46198
230199,46198
101897,46198
284973,46198
103513,46198
62853,46198
238148,46197
95499,46197
275946,46197
32343,46196
274656,46196
247689,46196
3189,46196
290613,46196
240667,46196
241090,46196
211260,46195
3633,46195
252814,46195
252586,46195
267706,46195
29194,46195
100,46194
269706,46194
160818,46194
10455,46194
286580,46194
222592,46193
164471,46193
495,46193
230634,46192
243589,46192
12923,46192
45774,46192
205095,46192
101627,46191
288096,46191
233516,46191
250923,46191
127809,46191
233485,46190
291982,46190
191509,46190
8560,46190
35323,46189
3896,46189
278256,46189
10323,46189
294792,46188
244237,46188
29386,46187
226163,46187
99979,46187
266784,46187
12059,46186
256388,46186
28084,46185
166931,46184
162840,46184
169712,46184
7871,46184
258625,46184
61743,46184
154320,46184
80175,46183
205427,46183
115303,46183
14999,46183
98356,46183
283623,46183
77414,46182
158281,46182
238927,46182
291651,46182
10605,46182
287930,46181
158425,46181
22802,46181
125497,46180
179659,46179
165140,46179
102771,46179
15827,46179
17529,46179
274527,46178
174714,46178
296584,46178
1654,46178
269880,46178
75762,46178
165611,46177
292966,46177
8640,46177
51390,46177
205082,46176
16322,46176
132942,46176
270503,46176
1180,46176
9857,46175
1212,46175
271500,46175
202097,46175
267991,46174
226357,46174
290011,46174
185022,46174
271091,46174
6566,46174
271905,46174
245246,46173
40711,46173
291431,46173
151708,46173
187796,46173
229509,46173
119109,46173
290675,46172
175046,46172
9391,46172
295911,46171
238893,46171
217512,46171
252892,46171
154479,46171
80021,46170
216853,46169
144607,46169
241881,46169
271056,46169
283777,46169
7750,46169
282877,46168
39970,46168
284981,46167
217,46167
256112,46167
214961,46167
278078,46166
548,46166
133889,46166
231037,46166
199047,46166
972,46165
5587,46165
41034,46165
284025,46165
273792,46165
239610,46165
265901,46165
190791,46165
39932,46165
175606,46165
129115,46164
277348,46164
32974,46164
49086,46164
224694,46164
199272,46164
232462,46164
243373,46163
256050,46163
218391,46163
240803,46163
160688,46163
195327,46162
187810,46162
256751,46162
162701,46162
276944,46161
131396,46161
195769,46161
35992,46161
293828,46160
292841,46160
259694,46159
159588,46159
291801,46159
80483,46159
158187,46159
232887,46159
202021,46159
286808,46158
3474,46158
63969,46158
205230,46158
219426,46157
8772,46157
293077,46156
90849,46156
414,46156
3759,46156
213078,46155
20485,46155
277863,46155
210993,46155
229304,46154
225038,46154
222704,46154
291302,46153
295751,46153
209827,46153
292796,46153
182818,46152
185678,46151
270762,46151
137845,46151
221348,46150
272085,46150
292938,46150
157065,46150
184485,46149
74250,46149
240003,46149
20463,46149
15589,46149
162362,46149
171407,46148
285893,46148
102043,46148
199784,46148
14206,46147
279696,46147
14658,46147
29622,46147
266158,46147
13941,46146
279315,46146
236693,46146
295693,46146
233444,46146
87259,46145
3509,46144
260141,46144
249150,46144
145367,46144
90397,46143
290694,46143
295761,46143
227693,46142
256632,46142
3584,46142
202727,46141
72040,46141
12163,46140
42520,46140
24575,46140
144759,46139
210843,46139
212281,46139
123245,46139
295717,46139
266352,46139
106863,46138
272557,46138
261079,46137
63632,46137
123287,46137
18415,46136
28389,46136
224701,46136
237097,46136
225816,46136
19034,46136
280966,46136
229366,46135
193166,46135
124357,46134
227258,46134
15147,46134
277564,46134
265744,46133
16611,46133
119752,46133
278260,46133
240560,46133
295395,46132
289401,46132
51409,46131
245859,46131
238468,46131
283031,46130
182020,46130
215365,46129
33147,46129
23498,46129
173341,46129
33826,46128
101341,46128
15352,46128
34842,46128
259305,46128
267400,46127
2169,46127
15601,46127
10717,46127
273349,46127
192553,46126
156549,46126
101930,46126
262413,46126
275945,46126
41868,46125
286700,46125
152667,46124
57377,46124
218191,46124
260648,46124
290580,46124
291300,46123
5663,46123
202271,46123
201680,46123
105452,46123
293970,46122
2343,46122
222233,46122
242456,46122
19587,46122
6252,46122
7064,46121
226613,46121
279268,46121
164045,46120
289512,46120
165257,46120
266072,46120
39588,46120
16639,46120
258207,46119
268608,46119
211885,46119
265969,46119
163830,46118
28993,46118
136209,46118
131730,46118
177936,46118
266487,46118
40505,46117
234120,46117
157894,46117
229952,46117
238398,46117
286727,46117
282951,46117
14728,46116
12288,46116
286423,46115
106583,46115
153809,46115
294869,46114
219144,46114
232000,46114
230851,46114
139038,46113
72312,46112
981,46112
268020,46112
54168,46111
245623,46111
68639,46111
45355,46110
192346,46110
255496,46110
242884,46109
2157,46109
225382,46109
821,46108
285531,46108
131809,46107
223386,46107
219299,46106
257826,46106
46780,46106
269139,46106
150881,46106
256236,46106
115405,46105
86590,46104
265583,46104
285288,46104
1641,46104
18103,46103
137387,46103
165367,46103
293184,46103
273378,46103
3929,46103
280907,46102
135555,46102
3537,46102
151433,46102
12211,46102
1371,46101
194014,46101
229335,46101
39947,46101
193373,46101
221189,46101
282200,46101
263692,46100
67550,46100
232542,46100
280292,46099
180294,46099
23937,46098
252663,46098
108103,46098
269761,46098
10493,46098
95200,46098
243124,46098
259488,46098
142179,46097
272181,46096
216499,46096
337,46095
222945,46095
133682,46095
241648,46095
2971,46094
266326,46094
260978,46094
250155,46094
132347,46093
211718,46093
211858,46093
275154,46093
73881,46093
72065,46092
281199,46092
162141,46092
15761,46092
212324,46092
285523,46092
10986,46091
137143,46091
38564,46091
290208,46091
130801,46091
264536,46090
180390,46090
44030,46090
167525,46090
271553,46089
29848,46089
242397,46089
3200,46089
58199,46089
204311,46088
20099,46088
232888,46088
2640,46088
247031,46088
16355,46087
199932,46087
217124,46087
213644,46087
256667,46087
192434,46087
9530,46086
172487,46086
14710,46085
49085,46085
44630,46085
14269,46085
255619,46085
276114,46085
244370,46084
184800,46084
1320,46084
20179,46084
233441,46084
289597,46083
295224,46083
161417,46083
9580,46082
180183,46081
10607,46081
194805,46081
295995,46081
159790,46080
263722,46079
273021,46079
220123,46079
2246,46079
185921,46078
279158,46078
188582,46078
252147,46077
259615,46077
189920,46077
238463,46077
44037,46077
266895,46076
25956,46076
278001,46076
166516,46076
2268,46075
285731,46075
286430,46075
137527,46075
172383,46074
175888,46074
292813,46074
291460,46074
201416,46074
91432,46073
99278,46073
226216,46073
8150,46073
2133,46072
270323,46072
67166,46072
108044,46072
115821,46071
62296,46071
287741,46071
240085,46071
271849,46070
213879,46070
232370,46070
201217,46070
275927,46070
205472,46069
209453,46069
245085,46069
247529,46069
264727,46069
175292,46068
219186,46068
268300,46067
222694,46067
81975,46067
261344,46067
245195,46067
257603,46066
275676,46066
214181,46065
224791,46065
292603,46065
292985,46065
166981,46064
267686,46064
283837,46064
273776,46064
41466,46064
88361,46063
188060,46063
1595,46063
148052,46063
289364,46063
213958,46063
200703,46062
278284,46062
275165,46062
263232,46062
269082,46062
219945,46062
295832,46062
295072,46062
193469,46062
40568,46062
113448,46061
277581,46061
281876,46061
235268,46061
292485,46060
69100,46060
236821,46060
74991,46060
147797,46059
37432,46059
38204,46059
261410,46059
213840,46059
17617,46059
21185,46058
275691,46058
169181,46058
262543,46058
283661,46058
236345,46058
165513,46057
278953,46057
65972,46057
64817,46057
259467,46057
124117,46056
206991,46056
233429,46056
125132,46056
12715,46055
277881,46055
211637,46055
165308,46055
254344,46055
38276,46055
292990,46055
293757,46055
195338,46054
231104,46054
293672,46054
155553,46054
278739,46054
92394,46054
185098,46054
248157,46053
162943,46053
11047,46053
218416,46052
291107,46052
112662,46052
287907,46052
8924,46051
278659,46051
213821,46051
91188,46051
272253,46051
212417,46050
144887,46050
155525,46050
246646,46050
155637,46050
265103,46049
1265,46049
263470,46049
47516,46049
281517,46049
231697,46048
220059,46048
145135,46048
242798,46048
125051,46048
24750,46048
71244,46047
253927,46047
234021,46047
28046,46047
183411,46046
252859,46046
9183,46046
224942,46046
293574,46045
176993,46045
7381,46045
207493,46045
611,46045
229391,46044
234606,46044
26159,46044
594,46043
131167,46043
93392,46043
1052,46043
99699,46043
30880,46043
290221,46042
76803,46042
252163,46042
2688,46042
1450,46042
7734,46042
220413,46042
159887,46041
215666,46041
121042,46041
235411,46041
233402,46040
244001,46040
189748,46040
264866,46040
3731,46040
209208,46040
123244,46040
282739,46039
9352,46039
88922,46039
247231,46039
261253,46038
31786,46038
285653,46038
197604,46038
268526,46037
259009,46037
2865,46037
4377,46037
221201,46036
105660,46036
13163,46036
144084,46036
24733,46036
120530,46036
285202,46035
279677,46035
182123,46035
215400,46035
155713,46035
284912,46035
287107,46034
13018,46034
156257,46034
237158,46034
201273,46034
193340,46034
269076,46034
212379,46034
277890,46034
193620,46034
82387,46033
268399,46033
93055,46033
218584,46033
284699,46033
17528,46033
225564,46033
23446,46032
292221,46032
192265,46032
293387,46032
261629,46032
267003,46032
160149,46032
180351,46032
70548,46031
265024,46030
31223,46029
238183,46029
19004,46029
11387,46028
280047,46028
190934,46027
293470,46027
166544,46026
270860,46026
274043,46026
119796,46026
214897,46025
264625,46025
143579,46025
248271,46025
31762,46024
214669,46024
51778,46024
250563,46023
162122,46023
257784,46023
234839,46022
228600,46022
270324,46021
277536,46021
270648,46021
9689,46021
278558,46021
228707,46021
8731,46021
290612,46021
296137,46021
280409,46020
31096,46020
1194,46020
194060,46020
266566,46019
38956,46019
276790,46019
183292,46019
193119,46018
14630,46018
46108,46018
293834,46018
51310,46018
177261,46017
30021,46017
273290,46017
216536,46017
186917,46017
10781,46017
17623,46017
277213,46017
282161,46017
253344,46017
261068,46017
245890,46016
19701,46016
268420,46016
214865,46016
283520,46015
245286,46015
293337,46015
143533,46015
158831,46014
273742,46014
282088,46014
90458,46014
280092,46014
180701,46014
290491,46014
9692,46013
6449,46013
221341,46013
248754,46013
255354,46012
131715,46012
278810,46012
202205,46012
281372,46012
83776,46012
104251,46011
247319,46011
247054,46011
269676,46011
3826,46010
239062,46010
47739,46010
143150,46010
294865,46009
212696,46009
291716,46009
260951,46009
175557,46009
246697,46009
287782,46009
290617,46009
217972,46009
293992,46008
206527,46008
20544,46008
216265,46008
17311,46008
259609,46008
2294,46008
239275,46007
198113,46007
161293,46007
259918,46006
267253,46006
2731,46006
163865,46006
7068,46005
80939,46005
270068,46005
250278,46005
145291,46005
162319,46005
273539,46004
280281,46004
267074,46004
65754,46004
35783,46004
132860,46004
205092,46004
3983,46003
282724,46003
187790,46003
283405,46002
201249,46002
173806,46002
160974,46002
248061,46002
237971,46002
46705,46002
224372,46001
43547,46001
13876,46001
236473,46001
239653,46001
28396,46000
269286,46000
247356,46000
254434,46000
275789,45999
279155,45999
279759,45999
275204,45999
209938,45999
202095,45999
129107,45999
4258,45999
279363,45999
236630,45998
172005,45998
262704,45998
152395,45998
49183,45998
264465,45998
253519,45997
258426,45997
207354,45997
231853,45997
20104,45997
180249,45997
222893,45996
278570,45996
111758,45996
170222,45996
6438,45996
137787,45995
233209,45995
263379,45995
202337,45995
285703,45995
17661,45995
198274,45994
17494,45994
225788,45994
249581,45994
265832,45994
147546,45994
66350,45994
10327,45993
277179,45993
229592,45993
251862,45992
179363,45992
281214,45992
178717,45992
291876,45992
39972,45992
252735,45992
5765,45992
256671,45991
33834,45991
152500,45991
161190,45991
197060,45991
275471,45991
4154,45990
256084,45990
230047,45990
191429,45989
296309,45989
191161,45989
218590,45988
269514,45987
284405,45987
259485,45987
195608,45986
40373,45986
245546,45986
262095,45986
295270,45986
143352,45986
205435,45986
157071,45985
215210,45985
172822,45985
228564,45985
150663,45985
282363,45985
254124,45984
26998,45984
75556,45984
18198,45984
255549,45984
31697,45983
1060,45983
11556,45983
262897,45983
49591,45983
102145,45983
273876,45982
235931,45982
154579,45982
285332,45982
274498,45982
12553,45981
270262,45981
4284,45981
233148,45981
185787,45981
160425,45980
243179,45980
117642,45980
234896,45980
275754,45980
23764,45980
174572,45979
84123,45979
269732,45979
271706,45979
20277,45979
177399,45979
225867,45979
166508,45978
225436,45978
189785,45978
236838,45978
128123,45978
180151,45977
266098,45977
234056,45977
140415,45977
230354,45977
238410,45977
282228,45976
241661,45976
279060,45976
127764,45976
276122,45976
40291,45975
225540,45975
76943,45975
102427,45974
238332,45974
24222,45974
230031,45974
267910,45974
150778,45974
271326,45974
225019,45973
50136,45973
161769,45973
215341,45973
67423,45973
177975,45973
15351,45973
214654,45973
217253,45973
254551,45973
35839,45972
16869,45972
117970,45972
3054,45972
94667,45972
133448,45971
292458,45971
14392,45971
29392,45971
249808,45971
5026,45971
255447,45970
282544,45970
267881,45970
285980,45970
275456,45969
282241,45969
3545,45969
288309,45969
280144,45969
141135,45969
160998,45968
29709,45967
195661,45967
217377,45967
163666,45967
186971,45967
184835,45966
236286,45966
259535,45966
107414,45966
178985,45966
45589,45966
14561,45965
173540,45965
229056,45965
3495,45964
32074,45964
295936,45964
13208,45964
217088,45964
176779,45964
169216,45964
22169,45964
5260,45964
260514,45963
113897,45963
281666,45963
18868,45963
54995,45963
186639,45963
199065,45963
248505,45962
16669,45962
184693,45962
153298,45962
260835,45962
50808,45962
269356,45962
200264,45962
13340,45961
268201,45961
203064,45960
42338,45960
281314,45960
2138,45960
136375,45960
160766,45959
2616,45959
51853,45959
159407,45959
51748,45959
242307,45959
264452,45958
6643,45958
3620,45958
65901,45957
286349,45957
216276,45957
18667,45957
137650,45957
176670,45957
285258,45956
204945,45956
268311,45956
233214,45956
173884,45956
78935,45956
89619,45955
134038,45955
197902,45955
273775,45955
288057,45955
95677,45954
282666,45954
4792,45954
3823,45954
220915,45954
131190,45954
36038,45953
121327,45953
277874,45953
265601,45953
169709,45953
1248,45952
62950,45952
264493,45952
185586,45952
76394,45952
176308,45952
260475,45952
25862,45952
77850,45952
280921,45951
239434,45951
63031,45951
217260,45950
157471,45950
32853,45950
231486,45950
206250,45950
207723,45950
128707,45950
16970,45950
25523,45950
199285,45949
80087,45949
235993,45949
120196,45949
217759,45949
280524,45949
131074,45949
30243,45948
248851,45948
232794,45948
202411,45948
197193,45947
5273,45947
189613,45947
273868,45947
55420,45947
11405,45946
32480,45946
278725,45946
9643,45946
273508,45946
261076,45946
177204,45945
275656,45945
174155,45944
71833,45944
291039,45944
26994,45944
233135,45944
12602,45944
1470,45944
228325,45943
42275,45943
291257,45943
287301,45943
170054,45943
239028,45943
108918,45943
269467,45943
210619,45943
159808,45942
139123,45942
239708,45942
33664,45942
227785,45942
241119,45942
6642,45942
231062,45941
286107,45941
3568,45941
148032,45941
186150,45941
87935,45941
268894,45941
3778,45940
205136,45940
113259,45940
293934,45940
199495,45939
164253,45939
9895,45939
239905,45939
287635,45939
13364,45938
165807,45938
194691,45938
257506,45938
293362,45938
276083,45938
186018,45937
41171,45937
198589,45937
163881,45936
17077,45936
263590,45936
53410,45936
164109,45936
15856,45936
280791,45935
296166,45935
100043,45934
128369,45934
217396,45934
208767,45934
248730,45933
9636,45933
282484,45933
189857,45933
106336,45933
252399,45932
249726,45932
121100,45932
237653,45932
293695,45931
22501,45931
82246,45931
69430,45931
8437,45931
281651,45931
231458,45931
142642,45930
12337,45930
247219,45930
99189,45930
257218,45930
233528,45930
5705,45930
256170,45929
183808,45929
244719,45929
987,45929
293155,45928
117552,45928
245203,45928
219458,45928
3076,45928
249240,45927
146982,45927
167613,45927
229099,45927
1206,45927
284663,45926
231414,45926
147067,45926
268960,45926
272902,45926
13545,45926
257307,45925
139491,45925
5463,45925
218198,45925
27023,45925
263726,45925
43106,45924
232546,45924
2490,45924
31161,45924
266853,45924
143641,45924
281989,45923
210886,45923
2205,45923
150548,45923
227876,45923
168886,45923
231143,45923
274999,45922
222230,45922
271873,45922
15132,45922
170605,45921
129470,45921
65667,45921
195376,45920
7027,45920
123049,45920
58812,45920
274857,45919
188158,45919
278593,45919
261768,45918
216636,45918
288967,45918
209345,45918
256561,45918
26887,45918
260077,45917
104118,45917
24688,45917
206051,45917
227625,45916
168503,45916
211375,45916
234081,45916
17218,45916
260383,45916
27392,45916
353,45915
285036,45915
235860,45915
291737,45915
258607,45915
115500,45915
199179,45914
261617,45914
267188,45914
69497,45914
249220,45914
263276,45913
204372,45913
34246,45913
294360,45913
198902,45912
270266,45912
149727,45911
24399,45911
230045,45911
93166,45910
207676,45910
64046,45910
11182,45910
145349,45910
182313,45910
12165,45910
15146,45910
188910,45909
84365,45909
279142,45909
163710,45909
6029,45909
264509,45909
286031,45908
247030,45908
272809,45908
143281,45908
191278,45908
156784,45908
119237,45907
209449,45907
45782,45907
609,45906
262092,45906
96986,45906
285207,45906
158691,45906
142504,45906
222881,45906
213852,45906
9485,45905
200950,45905
273823,45905
270888,45905
253663,45904
259059,45904
229928,45904
274710,45904
212248,45904
264892,45903
288721,45903
14540,45903
13567,45903
264640,45903
266768,45903
283955,45902
281259,45902
207908,45902
283482,45902
59412,45902
266677,45902
235376,45901
279779,45901
228532,45901
261398,45900
73272,45900
295182,45900
155100,45900
8023,45900
272251,45900
208280,45900
278134,45899
269008,45899
6540,45899
177259,45899
260020,45899
247100,45899
268861,45898
183654,45898
9400,45898
265964,45898
265501,45898
243341,45897
269437,45897
145059,45897
273089,45897
294912,45897
255166,45897
29937,45897
236705,45896
223356,45896
139568,45895
187555,45895
11939,45895
184872,45895
1627,45895
191852,45895
88912,45895
270938,45895
196126,45895
293705,45894
6231,45894
206337,45894
46498,45894
91067,45894
139311,45894
19625,45894
172164,45893
265073,45893
120189,45893
246916,45893
279660,45893
196577,45893
85564,45893
123724,45893
282966,45893
199156,45892
260261,45892
107415,45892
271805,45892
39282,45892
228616,45892
278448,45892
153943,45891
7275,45891
269796,45891
4824,45891
51404,45891
268717,45891
180537,45891
287430,45891
168480,45891
10104,45890
135594,45890
23679,45890
269064,45890
295937,45890
15180,45889
45664,45889
146002,45889
211540,45889
268579,45889
17051,45889
109047,45889
132702,45889
196440,45889
24585,45889
10616,45889
288785,45889
6796,45888
218620,45888
4629,45888
286616,45888
264983,45887
33469,45887
256919,45887
163886,45887
200135,45887
95902,45887
216569,45887
80625,45887
14074,45886
223065,45886
59384,45886
276427,45886
201074,45886
180049,45886
100451,45886
252550,45886
43463,45886
167453,45886
162606,45885
95124,45885
198663,45885
1329,45885
1292,45885
187362,45885
4277,45885
267410,45885
181266,45884
291997,45884
235896,45883
256555,45883
206068,45883
227289,45883
208268,45883
165899,45883
207601,45883
244282,45883
238741,45883
235280,45883
265490,45883
228959,45883
135629,45883
38116,45882
169109,45882
214726,45882
278807,45882
2740,45882
11634,45882
191721,45881
220877,45881
11376,45881
5365,45881
231066,45881
83129,45880
264077,45880
280146,45880
252701,45880
257299,45880
38405,45880
214134,45880
157793,45880
159408,45880
262046,45879
248424,45879
148842,45879
35011,45879
282157,45878
142488,45878
139528,45878
270605,45877
144905,45877
148428,45876
25267,45876
276322,45876
64468,45876
207458,45876
199067,45875
282407,45875
148989,45875
272214,45875
156318,45875
270962,45875
224511,45874
175191,45874
156389,45874
8073,45874
89901,45873
209433,45873
31503,45873
225078,45873
238020,45873
208415,45873
296395,45873
99119,45872
147020,45872
38393,45872
251825,45872
273756,45872
20764,45872
162734,45872
107698,45872
248307,45872
264827,45872
27689,45872
285694,45872
9974,45872
276952,45872
196037,45871
282554,45871
276379,45871
291610,45871
264879,45871
199273,45871
56279,45871
89501,45871
208500,45870
290797,45870
156096,45870
944,45870
288177,45870
156180,45869
62777,45868
12314,45868
280039,45868
294190,45868
160846,45868
628,45868
13192,45868
64063,45867
37179,45867
249776,45867
262700,45866
251458,45866
52222,45866
136634,45866
155419,45866
23409,45866
226965,45866
38814,45866
263341,45865
9492,45865
186508,45865
209844,45865
236850,45865
279596,45865
259576,45865
296530,45864
291057,45864
248482,45864
210721,45864
40318,45864
248207,45864
254908,45864
224301,45864
11621,45864
224485,45863
293274,45863
241201,45863
209634,45862
239711,45862
114120,45862
206423,45862
291414,45861
125384,45861
267575,45861
201254,45861
7902,45861
282387,45861
210412,45861
57105,45861
227100,45861
290844,45861
265391,45860
10179,45860
231078,45860
235494,45860
166676,45860
227958,45859
161479,45859
281742,45859
200397,45859
287946,45859
140073,45859
154512,45859
44500,45859
172723,45859
206398,45859
190502,45859
234318,45858
257445,45858
2136,45858
182004,45857
171304,45857
254902,45857
209232,45857
286309,45857
220643,45857
8071,45856
194321,45856
4369,45856
137291,45856
179158,45856
262491,45856
97305,45856
15083,45856
260501,45856
239909,45855
275963,45855
214671,45855
57622,45855
279204,45855
82202,45855
252736,45855
287417,45855
268235,45854
291334,45854
229495,45854
195255,45854
1652,45854
142969,45854
217939,45853
243358,45853
81249,45852
97541,45852
55843,45852
9113,45852
228141,45852
27069,45852
95289,45851
277575,45851
264244,45851
129249,45851
274884,45851
225554,45850
232277,45850
58572,45850
241009,45850
6097,45850
12181,45850
8062,45850
82376,45849
208644,45849
269430,45849
274046,45849
58313,45849
279383,45849
278252,45849
28911,45848
47672,45848
24000,45848
241341,45848
220922,45848
82656,45848
202469,45848
264883,45848
60172,45847
200904,45847
149534,45847
264104,45847
295758,45847
10303,45846
197829,45846
986,45846
185111,45846
68239,45846
226356,45846
253987,45846
291363,45846
279019,45846
253546,45846
284592,45846
214135,45845
261880,45845
188203,45845
8403,45845
266186,45845
260866,45845
244521,45845
19359,45844
196445,45844
265958,45844
107032,45843
168878,45843
6130,45843
36241,45843
129065,45843
238368,45843
248014,45842
14693,45842
141918,45842
154466,45842
265641,45842
272749,45842
291912,45842
239810,45841
232816,45841
210193,45841
2229,45841
291423,45841
206077,45841
135610,45841
101987,45841
261067,45841
14919,45840
158987,45840
1348,45840
295619,45840
231896,45840
14534,45840
184481,45840
190868,45839
168078,45839
148392,45839
244213,45839
277511,45839
253762,45839
288069,45839
294991,45839
4396,45838
228774,45838
229270,45838
193066,45838
9806,45837
279831,45837
2833,45837
196085,45837
181196,45837
155784,45837
288218,45837
289646,45837
217079,45837
18249,45836
215001,45836
115532,45836
24506,45836
194367,45836
257309,45836
279222,45836
170626,45836
74111,45836
113109,45835
13465,45835
240346,45835
29732,45835
190412,45835
125827,45834
196895,45834
266509,45834
221411,45834
236194,45834
7131,45834
112828,45834
132092,45834
251039,45834
174643,45834
209698,45834
42325,45833
191389,45833
225182,45833
266461,45832
79115,45832
284041,45832
19549,45832
70888,45832
6552,45832
191149,45832
281978,45832
232756,45831
163879,45831
7467,45831
149865,45831
273715,45831
183405,45831
253852,45831
77256,45830
142412,45830
3784,45830
235966,45830
121953,45830
251489,45830
11256,45830
72262,45830
284532,45830
248645,45830
205467,45830
8447,45829
106282,45829
294879,45829
255260,45829
261908,45828
87248,45828
198737,45828
194706,45828
193155,45827
287872,45827
217710,45827
254197,45827
250535,45827
39318,45827
277449,45827
253873,45827
184188,45826
173388,45826
210445,45826
241869,45826
244586,45825
251346,45825
232666,45825
87664,45825
163818,45825
183104,45825
283633,45825
5678,45824
3313,45824
208187,45824
191035,45824
50185,45824
220002,45824
270094,45824
187186,45823
15799,45823
225492,45823
244804,45823
248261,45823
34003,45823
265776,45823
126334,45823
224712,45823
83099,45823
272867,45822
30511,45822
153998,45822
24803,45822
60919,45821
163016,45821
212960,45821
257011,45821
212750,45821
175573,45821
200641,45820
24769,45820
269453,45820
218869,45819
274990,45819
238990,45819
283,45819
87375,45819
43834,45819
169257,45819
85219,45819
57060,45819
258354,45819
259402,45818
288191,45818
292967,45818
243461,45818
244687,45818
291288,45818
220716,45818
7133,45818
41442,45818
3261,45818
226353,45818
194846,45818
242877,45817
4912,45817
221605,45817
2677,45817
263538,45817
199187,45817
264638,45817
268609,45817
153945,45817
236078,45817
82329,45816
19580,45816
246342,45816
273144,45816
37609,45816
294922,45815
201550,45815
149125,45815
291186,45815
272989,45815
281668,45815
18499,45814
268193,45814
195757,45814
412,45814
253229,45814
250262,45814
56178,45814
211445,45814
18890,45814
282727,45813
86626,45813
247119,45813
12800,45812
70633,45812
75514,45812
143722,45812
2330,45812
247312,45812
191879,45812
205688,45811
194749,45811
127322,45811
222047,45811
199028,45811
248805,45811
253821,45811
273712,45811
197670,45811
274185,45811
275195,45811
286093,45810
161882,45810
137890,45810
290064,45810
119843,45810
52798,45810
246827,45810
60836,45810
210917,45809
349,45809
259773,45809
15927,45809
267254,45809
214773,45809
973,45809
150163,45808
244776,45808
211620,45808
36069,45808
270944,45807
173931,45807
215786,45807
288130,45807
200848,45807
277542,45807
237396,45807
262187,45807
57736,45806
272109,45806
170744,45806
236658,45806
260653,45806
248095,45806
9278,45806
266858,45806
149314,45806
165342,45805
185468,45805
268227,45805
234973,45805
261857,45805
273835,45805
167303,45805
236160,45805
152171,45805
178953,45804
254528,45804
195455,45804
181043,45804
1245,45804
294786,45804
220567,45803
28889,45803
263492,45803
160232,45803
171261,45803
248488,45803
242081,45803
244162,45802
238776,45802
188182,45802
27836,45802
73910,45802
271490,45802
282193,45802
169019,45802
193876,45802
40319,45802
253429,45802
184742,45801
282296,45801
262370,45801
190941,45800
135751,45800
164601,45800
176077,45800
248437,45800
205360,45800
190655,45800
273983,45800
79599,45799
254649,45799
291789,45799
1851,45799
116864,45799
249304,45799
10587,45799
254273,45798
281843,45798
1256,45798
277238,45798
267261,45798
150652,45798
281233,45798
295241,45798
68629,45797
196240,45797
1840,45797
101887,45797
261722,45797
97677,45797
158976,45797
210407,45797
18140,45796
268844,45796
103059,45796
223982,45796
25735,45795
196682,45795
287851,45795
277948,45795
87999,45795
246426,45795
242195,45795
190932,45794
141608,45793
104839,45793
230857,45793
232089,45793
8421,45793
292580,45793
16339,45792
74,45792
123443,45792
249659,45792
213121,45792
61142,45792
3967,45792
284760,45792
266553,45791
154374,45791
13630,45791
262634,45791
243159,45790
164959,45790
585,45790
226533,45790
236619,45790
253829,45790
211580,45790
282342,45790
126692,45790
109223,45790
102311,45790
116,45789
167222,45789
262418,45789
259806,45789
11290,45788
294168,45788
40189,45788
161920,45788
106277,45788
77327,45788
271395,45787
279157,45787
248065,45787
51080,45787
106373,45787
156667,45787
243881,45787
202370,45787
289396,45787
280207,45786
21851,45786
277995,45786
286055,45786
102822,45786
13675,45785
196626,45785
17239,45785
120471,45785
23745,45785
275882,45785
254803,45785
188941,45785
219954,45784
239913,45784
184738,45784
286970,45784
231199,45784
10919,45784
188030,45784
141690,45784
251589,45783
232426,45783
223082,45783
211247,45783
188029,45783
282881,45783
236307,45783
2116,45783
147723,45783
246995,45783
6172,45782
278148,45782
250527,45782
251217,45782
272613,45782
240299,45782
149088,45782
33635,45781
279029,45781
200188,45781
245975,45781
103972,45781
153492,45781
10596,45781
102283,45781
38838,45781
241194,45781
256911,45781
96031,45780
266175,45780
208966,45780
220320,45780
221945,45780
172841,45780
19954,45780
289731,45780
192635,45779
158176,45779
273817,45779
275072,45779
233723,45779
231463,45778
143340,45778
26277,45778
12655,45778
193967,45778
232186,45777
184662,45777
255609,45777
233725,45777
73567,45777
34836,45777
160008,45777
155406,45777
285387,45777
2395,45777
270456,45777
289090,45777
14437,45776
220953,45776
235020,45776
233138,45776
5337,45776
240528,45776
223146,45776
247562,45776
173668,45775
241524,45775
226716,45775
274769,45775
228753,45775
218642,45775
25778,45775
234671,45775
49972,45775
223115,45774
85790,45774
285508,45774
152150,45774
67690,45774
100067,45774
288397,45774
216904,45774
265990,45774
230176,45774
263826,45773
236289,45773
257797,45773
281606,45773
138486,45773
280205,45773
183625,45773
9096,45773
175144,45773
184500,45772
177360,45772
270726,45771
44186,45771
107189,45771
83442,45771
248242,45771
201463,45771
33117,45771
76610,45771
208281,45770
218402,45770
250441,45770
288963,45770
12187,45770
9265,45770
294335,45770
152828,45770
64639,45770
249868,45769
227094,45769
191895,45769
246725,45768
25354,45768
212621,45768
296256,45768
189121,45768
178612,45768
158590,45768
243154,45767
166994,45767
11098,45767
38947,45767
187142,45767
266857,45767
270782,45767
211379,45766
269861,45766
272905,45766
245997,45766
288842,45766
84034,45766
5494,45766
277535,45765
239719,45765
135403,45765
217821,45765
246859,45765
201253,45765
171574,45765
20601,45764
289557,45764
247307,45764
204383,45764
250748,45764
238044,45764
238714,45764
27020,45764
12507,45764
154925,45764
169854,45764
159083,45763
227792,45763
25295,45763
221336,45763
274174,45762
167363,45762
263054,45762
1512,45762
242995,45762
287199,45762
95912,45762
24807,45761
98167,45761
278923,45761
176529,45760
4378,45760
231551,45760
122834,45760
16146,45760
8234,45760
157906,45760
255759,45760
223516,45760
198760,45760
4735,45760
253239,45760
20756,45760
230213,45760
267560,45760
168715,45760
191096,45760
171218,45760
292726,45759
280489,45759
15847,45759
96385,45759
176328,45759
295177,45759
251909,45758
238753,45758
255375,45758
139750,45757
255828,45757
222198,45757
12927,45757
88956,45757
217897,45757
234450,45757
245768,45757
17114,45757
130400,45756
49103,45756
25656,45756
210848,45756
216742,45756
257072,45755
121434,45755
2790,45755
279785,45755
137931,45755
280109,45755
213830,45754
187751,45754
88898,45754
11197,45753
175935,45753
267992,45753
223251,45753
38723,45753
223355,45753
140050,45753
266243,45753
177994,45753
6626,45752
240324,45752
95348,45752
6557,45752
54182,45752
250549,45752
271997,45751
226016,45751
213555,45751
23900,45751
24966,45751
109457,45751
283649,45751
265971,45751
352,45750
200907,45750
122174,45750
249316,45750
149556,45749
172358,45749
231560,45749
111717,45749
217363,45749
229507,45749
209242,45749
102860,45748
220410,45748
262326,45748
176963,45748
52831,45748
209724,45748
265620,45748
264158,45748
284888,45748
195530,45748
284330,45748
66842,45747
11724,45746
269110,45746
11072,45746
255241,45746
35416,45746
285159,45746
837,45746
260189,45746
290882,45746
50065,45746
71702,45746
178777,45746
238514,45746
296471,45745
270660,45745
187296,45744
86121,45744
282804,45744
176568,45744
187907,45744
34616,45744
270389,45744
33798,45744
280469,45744
267300,45743
14014,45743
267088,45743
52360,45743
281545,45743
243272,45743
123183,45743
242242,45742
203726,45742
69849,45742
52660,45742
279112,45741
125476,45741
201751,45741
190857,45741
161507,45741
32995,45741
3401,45741
162644,45741
227161,45741
197440,45740
274171,45740
37182,45740
265872,45740
53714,45740
214298,45740
112589,45740
240100,45740
202110,45740
237419,45740
282036,45739
210382,45739
264324,45739
7526,45739
116309,45739
193367,45739
285833,45739
7048,45739
236166,45739
29472,45739
199435,45738
202387,45738
235318,45738
180266,45738
284191,45738
241829,45738
245055,45738
273251,45738
259,45738
222741,45738
25897,45738
24165,45738
155106,45738
144709,45738
290930,45737
275616,45737
190580,45737
273207,45737
248528,45737
30858,45737
292433,45737
169020,45736
209387,45736
200704,45736
190477,45736
289547,45736
131978,45736
1428,45736
251575,45736
219164,45736
257091,45736
224992,45736
225605,45736
234824,45736
6166,45736
274909,45735
208481,45735
232425,45734
273117,45734
278307,45734
230936,45734
245249,45734
207260,45734
251878,45734
248808,45733
217351,45733
275532,45733
236983,45733
204848,45733
30233,45733
227568,45733
260226,45732
193428,45732
201565,45732
210777,45731
247503,45731
8151,45731
159987,45731
278510,45731
160163,45731
266016,45731
194199,45731
150591,45731
48647,45731
3613,45730
96517,45730
133409,45730
283161,45730
29461,45730
186347,45730
275775,45729
258914,45729
288184,45729
211246,45729
197121,45729
28144,45729
165530,45729
147548,45729
241331,45729
216821,45728
159643,45728
184861,45728
218148,45728
5032,45728
99417,45728
42484,45728
18367,45728
60986,45728
149851,45728
77373,45727
205037,45727
232599,45727
254029,45727
3339,45727
5817,45727
268452,45727
50762,45727
159139,45727
245542,45727
10304,45726
241734,45726
171089,45726
291862,45726
14106,45726
134676,45726
104255,45726
30823,45725
196828,45725
284731,45725
229778,45725
205707,45724
270111,45724
222563,45724
17076,45724
255712,45724
225685,45724
281918,45724
252299,45723
257107,45723
225582,45723
198049,45723
143346,45723
256125,45722
279403,45722
109502,45722
104698,45722
266508,45722
79727,45721
241361,45721
86310,45721
44070,45721
182507,45721
221378,45721
201490,45720
209336,45720
126751,45720
233416,45720
177947,45720
63084,45720
204989,45720
20738,45719
3792,45719
257069,45719
226493,45719
292616,45719
212984,45719
286494,45719
30004,45719
132159,45718
151381,45718
176975,45718
270818,45718
278379,45718
116189,45718
10348,45718
4250,45718
201692,45717
31307,45717
64516,45717
60359,45717
225333,45717
251935,45717
48045,45716
262067,45716
9043,45716
291764,45716
35397,45716
253318,45716
236201,45716
236308,45716
290974,45715
282324,45715
123015,45715
242008,45715
8221,45715
57308,45715
25151,45715
248708,45715
266805,45715
243903,45715
234201,45714
9181,45714
2006,45714
45094,45713
265678,45713
94833,45713
233906,45713
11116,45713
81129,45713
260892,45713
263552,45713
286788,45713
292169,45712
35044,45712
287636,45712
28230,45712
126646,45712
270,45712
172331,45712
122253,45711
249891,45711
11452,45711
289617,45711
253012,45711
287542,45711
227686,45711
225499,45711
250341,45711
248917,45710
259441,45710
75685,45710
293580,45710
239527,45710
273697,45710
189893,45710
70530,45710
243781,45710
215013,45709
261839,45709
213168,45709
288845,45709
4657,45709
293182,45709
252112,45709
171682,45709
140301,45708
230931,45708
268891,45708
261114,45708
252259,45708
208392,45708
270765,45708
270891,45708
176394,45708
191005,45707
102424,45707
285994,45707
124418,45707
246297,45707
269177,45707
7404,45707
182611,45707
212006,45706
161057,45706
211313,45706
247932,45706
270804,45706
30521,45706
54925,45705
193992,45705
275784,45705
294870,45705
188623,45705
7258,45705
246815,45705
197441,45705
67763,45705
6722,45705
242031,45704
145656,45704
281912,45704
295955,45704
170457,45704
1296,45704
240980,45704
188112,45704
35003,45704
296246,45704
242258,45704
279561,45704
229398,45704
236352,45703
76893,45703
243444,45703
289858,45703
187241,45703
252977,45703
132301,45703
255307,45703
56276,45703
230473,45702
113922,45702
25273,45702
