4908,100000
175,61855
111,53753
37220,52928
52078,51988
12919,51604
256270,51412
32125,51343
129344,51242
16287,50958
172694,50888
138440,50881
17935,50878
83496,50777
254979,50762
222512,50743
119125,50726
4855,50671
240497,50652
279748,50637
88836,50609
120831,50602
171334,50591
239710,50591
267685,50570
28256,50516
10672,50490
180344,50489
203562,50489
1298,50488
199320,50464
38114,50456
66117,50422
36049,50415
296447,50389
295160,50377
265968,50360
133941,50328
285484,50287
96253,50276
75307,50266
1189,50244
166010,50240
265442,50200
68884,50169
5348,50128
252252,50104
72860,50081
252257,50050
148325,50031
82610,50026
191739,50002
6644,49998
54184,49987
262313,49987
103894,49986
16540,49966
116934,49966
174220,49963
81084,49941
7322,49907
246302,49887
213734,49863
84218,49852
28006,49841
7137,49826
2080,49817
6964,49805
146513,49786
290144,49758
86948,49757
8076,49746
216240,49741
32969,49733
172809,49727
140409,49725
244870,49693
227803,49685
260799,49680
121217,49653
131427,49650
177522,49648
137452,49636
176487,49586
168647,49568
78474,49554
5632,49548
62963,49531
22677,49529
281880,49520
208081,49518
68132,49514
175661,49513
152670,49502
4426,49441
4566,49439
255538,49438
128968,49436
39906,49411
88648,49410
35313,49391
164115,49389
253520,49367
246682,49362
262876,49357
60476,49298
4052,49288
101774,49288
102474,49286
238472,49284
277433,49282
225035,49281
143662,49274
33585,49272
5200,49271
31173,49265
273830,49257
162283,49239
121206,49238
82204,49219
266288,49208
296475,49207
101616,49188
140046,49133
225770,49111
204768,49088
36023,49057
166446,49055
43797,49023
158927,49018
57693,49010
250679,48974
204418,48965
263820,48931
212671,48927
7519,48925
232506,48912
194842,48905
125111,48889
75121,48876
17757,48876
191727,48875
60768,48872
100876,48872
105884,48870
262338,48862
150847,48822
119901,48819
77271,48810
251934,48804
193676,48799
13718,48796
201369,48785
28016,48784
27156,48770
140899,48759
44793,48737
102267,48737
8954,48731
63169,48725
283029,48721
51099,48713
265773,48711
295406,48699
29908,48696
194312,48695
40480,48694
285827,48692
13077,48682
57461,48677
1893,48669
9852,48658
178499,48658
225344,48653
10517,48649
288947,48633
109671,48630
1115,48605
199666,48586
270744,48581
216770,48572
85990,48568
291894,48567
32574,48555
21765,48553
134111,48549
8396,48548
89899,48548
222896,48545
108719,48542
122391,48530
272053,48526
50066,48523
36121,48519
73016,48516
289664,48509
86519,48499
8745,48498
279368,48486
117504,48483
28894,48475
176312,48473
45124,48462
5014,48459
140698,48449
10950,48446
237678,48442
41046,48436
64188,48433
119337,48430
11499,48430
72187,48429
285945,48427
30894,48406
42249,48405
5437,48397
266803,48393
153425,48389
233301,48378
30631,48359
224912,48341
237168,48332
13916,48324
174484,48318
285102,48297
74347,48293
61703,48292
85941,48280
144638,48279
75701,48275
57221,48272
279852,48272
12564,48240
260993,48235
132918,48234
158135,48230
161373,48227
49252,48222
235323,48208
256702,48203
193224,48194
2372,48192
12119,48186
229657,48182
262753,48172
23654,48158
101700,48153
62943,48147
125662,48144
289656,48142
251618,48141
135632,48141
281800,48137
36506,48131
3296,48130
208586,48127
125808,48116
41595,48106
1133,48099
136548,48095
279746,48095
27070,48068
131789,48060
10679,48058
39516,48057
264834,48047
209408,48038
78833,48034
283610,48018
11251,48011
30016,48008
141578,48005
35753,48005
70420,47990
184972,47986
164520,47985
266039,47983
147183,47982
253627,47976
236572,47958
11378,47957
282266,47953
51199,47952
697,47947
201135,47946
167708,47945
1589,47943
214496,47938
101086,47934
209654,47933
277482,47917
207485,47916
43826,47909
280587,47906
11799,47902
16,47898
114001,47897
109678,47886
91053,47883
237462,47882
267820,47879
220330,47872
239949,47872
122251,47871
10294,47868
271079,47855
16728,47849
7513,47848
208656,47831
16873,47831
156115,47818
267998,47816
284481,47815
295718,47811
138001,47797
221177,47788
118943,47788
112767,47781
137706,47777
190226,47759
26781,47756
30441,47749
265162,47737
202690,47733
121060,47726
1746,47724
8889,47719
249446,47718
144636,47717
140231,47715
50555,47712
5976,47710
209595,47709
16635,47703
205933,47702
148941,47701
284271,47699
23965,47693
45174,47690
59032,47690
26834,47688
207298,47687
223772,47683
161438,47681
247513,47680
127983,47679
254506,47669
28213,47665
3163,47664
80092,47660
100369,47655
125117,47651
133707,47650
284589,47647
16890,47644
232472,47643
205097,47633
139023,47632
175116,47625
203794,47625
199776,47624
192396,47620
182878,47608
283078,47605
192509,47604
232468,47597
21461,47596
65488,47585
241938,47584
129368,47577
288900,47573
206859,47564
290099,47562
280791,47557
247357,47552
277332,47552
222045,47548
25438,47547
119446,47541
207935,47540
3524,47538
30938,47534
61923,47531
79466,47527
172271,47524
75620,47521
11945,47521
55950,47516
286438,47516
69334,47510
58820,47508
39743,47504
66046,47500
178688,47497
6096,47496
188922,47494
173899,47494
262750,47493
281222,47490
72892,47487
203418,47486
282950,47482
163027,47480
7589,47474
244334,47474
144747,47473
17919,47471
214206,47469
235693,47467
13079,47464
25839,47462
106131,47462
106855,47461
106153,47452
12117,47449
210833,47444
295768,47444
176211,47444
125254,47438
27169,47436
3763,47433
115171,47429
289775,47424
212448,47421
219514,47420
184127,47420
142680,47418
134250,47417
177843,47414
205052,47412
98630,47412
42525,47405
119632,47404
236019,47403
193671,47401
5236,47398
63352,47393
117294,47390
1968,47385
258619,47384
78579,47384
16265,47383
258547,47382
33804,47381
40052,47378
260472,47377
4810,47375
220307,47370
273930,47369
170114,47366
209521,47363
307,47351
11200,47351
129214,47351
77972,47348
99625,47347
164114,47347
118132,47347
287788,47346
255383,47345
12717,47342
146351,47336
138840,47335
78214,47334
9331,47334
83062,47334
283366,47331
27012,47327
10747,47315
18601,47313
279290,47311
240147,47310
214262,47308
222345,47306
146775,47300
47317,47296
259010,47293
59641,47288
255954,47287
198596,47286
139150,47284
183765,47283
18494,47281
88390,47274
39996,47273
137399,47269
121730,47266
274128,47265
254853,47263
225432,47263
293651,47262
61973,47261
127367,47259
51806,47258
151187,47258
181938,47241
128963,47239
196705,47237
262480,47236
240454,47236
20397,47231
273124,47229
16910,47227
189901,47225
20716,47225
272714,47223
274532,47222
266374,47222
54170,47222
265498,47219
35676,47215
114557,47215
8129,47213
281267,47212
178929,47209
54742,47208
9163,47208
248867,47207
25868,47207
104902,47205
41751,47204
4216,47204
192257,47204
286352,47202
83222,47200
12143,47198
3480,47196
13416,47193
21243,47191
140453,47190
63899,47187
290723,47183
35572,47180
118466,47179
36094,47178
29533,47174
256739,47174
237799,47173
52832,47170
149871,47168
143863,47165
173114,47165
258676,47164
19835,47162
156059,47161
9286,47161
121500,47160
26736,47159
10691,47158
174513,47157
13098,47156
53948,47156
247466,47154
292941,47153
239421,47152
185415,47151
2215,47149
87746,47149
63789,47148
208252,47140
283748,47138
180656,47137
188691,47136
112717,47131
267653,47126
233937,47125
20514,47125
277855,47122
33169,47118
249240,47112
212791,47110
239080,47109
30463,47108
43533,47108
173353,47103
247741,47100
84972,47099
82159,47097
12793,47095
110479,47092
257654,47091
168058,47091
6327,47089
188422,47088
289260,47088
55504,47085
110393,47083
80548,47080
111812,47080
184443,47077
90408,47076
225550,47075
278930,47073
294460,47071
6622,47070
272711,47069
295863,47067
248050,47063
21188,47063
295951,47062
89254,47061
185767,47061
292360,47060
271979,47057
171054,47057
270760,47053
226996,47053
122503,47051
4683,47049
176414,47049
4303,47046
231807,47046
292643,47045
3512,47044
5164,47043
150067,47043
116533,47042
41,47041
196748,47038
262430,47038
172875,47036
279480,47035
167784,47035
822,47034
95454,47033
177201,47033
74530,47032
1226,47031
62542,47031
245393,47029
214806,47028
175392,47028
59725,47025
290017,47024
164307,47024
294649,47023
279926,47023
228449,47021
170186,47017
16221,47017
244468,47010
280400,47010
257525,47007
196758,47005
47360,47004
7567,47002
173903,47000
115091,47000
291767,46999
154834,46996
24832,46996
16013,46993
129870,46993
255328,46990
289230,46989
159973,46988
293773,46988
223792,46987
258397,46986
274965,46985
24796,46984
227027,46982
215589,46981
42230,46981
263070,46980
243608,46979
223589,46978
175398,46977
122646,46976
29206,46975
121722,46973
265433,46970
22614,46969
116006,46968
223198,46968
286280,46966
54730,46955
214426,46954
188435,46953
205905,46953
41874,46953
179623,46953
68350,46950
176430,46949
206516,46948
5699,46947
248162,46945
226750,46942
178975,46940
264667,46939
225240,46938
281528,46938
11983,46937
259588,46937
271772,46935
295879,46935
190984,46931
22,46929
101490,46928
9016,46927
215667,46927
222235,46926
60688,46926
69888,46925
182827,46923
281173,46923
11698,46923
279040,46922
296160,46921
291263,46920
262469,46918
78773,46917
198302,46914
80152,46914
199573,46912
114625,46912
223502,46912
198616,46910
277202,46909
210754,46906
34278,46902
294335,46900
246875,46899
194124,46899
198033,46898
189398,46896
66095,46895
107551,46895
13474,46895
15686,46895
18430,46894
240388,46894
205116,46893
239866,46891
2946,46890
109878,46890
213635,46888
285118,46886
253469,46885
177815,46884
237641,46883
272079,46883
284324,46881
187627,46881
144588,46879
130056,46879
120112,46878
21633,46878
1134,46876
47368,46875
92734,46874
7107,46874
17487,46873
15550,46873
137150,46872
238916,46870
185524,46869
171788,46867
221818,46865
277323,46864
20437,46861
61834,46861
18386,46860
168975,46857
108273,46856
36516,46855
23561,46851
289429,46851
236893,46851
251197,46851
9457,46849
15216,46849
81886,46848
241805,46847
116877,46844
121453,46843
202017,46839
292790,46838
82832,46837
55511,46836
227841,46835
21329,46833
245412,46833
68200,46832
76387,46830
282719,46828
151783,46827
21861,46824
178881,46823
285627,46822
252820,46822
283740,46820
292613,46819
12477,46819
138608,46818
237110,46818
213774,46818
197822,46817
251914,46816
218835,46816
1818,46814
270647,46808
36354,46807
76078,46807
282891,46806
83320,46805
251159,46805
13269,46803
212219,46801
68798,46798
226598,46797
174393,46797
613,46796
85539,46796
152396,46795
94844,46795
250185,46794
203215,46793
42681,46791
265146,46790
23687,46790
187804,46789
22007,46789
288750,46788
158555,46788
18637,46787
268721,46787
17606,46787
268998,46785
287122,46785
181109,46784
81188,46784
93867,46784
233399,46782
52082,46781
1708,46779
60409,46778
19488,46778
21474,46778
95762,46776
46028,46775
25688,46775
7983,46775
78801,46775
5177,46774
79990,46772
133510,46772
4015,46770
116491,46769
116840,46768
40044,46768
274024,46768
294494,46767
286559,46766
273479,46765
292646,46764
8591,46763
68738,46763
160573,46762
81554,46761
294242,46760
232410,46760
6470,46755
70819,46753
171617,46747
2001,46747
694,46746
254777,46746
143564,46744
279972,46744
197589,46742
273514,46742
16213,46741
116405,46741
200248,46740
189918,46740
98008,46739
54922,46736
288025,46735
20182,46734
256003,46734
283531,46733
606,46732
286957,46732
108975,46731
74968,46729
112528,46728
189773,46728
245294,46727
245538,46727
59554,46725
196175,46722
34711,46722
67030,46721
726,46717
75083,46717
22070,46717
221123,46717
223036,46716
109233,46714
57483,46714
180375,46713
82203,46713
224824,46711
72608,46711
248671,46710
169226,46709
215219,46709
205926,46708
273278,46707
87252,46706
212708,46706
187174,46705
8772,46705
290433,46705
286331,46705
28241,46701
207808,46701
150052,46701
155383,46700
273393,46699
237372,46697
262910,46697
281818,46696
207704,46696
99757,46693
264754,46693
164258,46693
8754,46692
148488,46692
89635,46691
59774,46691
250807,46691
10614,46690
268643,46689
131566,46688
18256,46686
165463,46686
296497,46682
228286,46682
188676,46681
246647,46680
172316,46679
27017,46676
24664,46676
2687,46673
120257,46673
96957,46671
169882,46668
164927,46663
108173,46662
63708,46662
267950,46660
262278,46659
250886,46659
161919,46658
2997,46657
139658,46657
85729,46655
236358,46654
68366,46653
1229,46651
286955,46651
57080,46649
282018,46649
15846,46649
152700,46647
230167,46646
169060,46646
7616,46646
80541,46644
230165,46644
79666,46643
266791,46643
256780,46642
266009,46642
31411,46641
7665,46641
292921,46640
150133,46639
59832,46639
68332,46638
39789,46637
264156,46637
119745,46637
254854,46636
164488,46636
3414,46635
236917,46635
80132,46635
33177,46634
228982,46631
138644,46629
34475,46628
114391,46627
263230,46626
1606,46626
250782,46625
213266,46624
289302,46623
54884,46623
155307,46621
29935,46621
96973,46620
152371,46619
208686,46619
293361,46618
172670,46617
188178,46617
11234,46617
266518,46616
250543,46615
1842,46614
1899,46614
30082,46613
2920,46613
246172,46612
189511,46612
232403,46611
25034,46609
190336,46603
176222,46602
4464,46602
218459,46601
217393,46600
254675,46600
30508,46600
224317,46600
17154,46599
275931,46597
133009,46597
126264,46597
4098,46595
13695,46595
22983,46595
24101,46594
112961,46593
137288,46593
291091,46593
11443,46592
28002,46591
139979,46590
74190,46588
18505,46588
134683,46588
23879,46587
193372,46587
101411,46584
13587,46584
270252,46583
66205,46579
166506,46577
196200,46576
11041,46575
158280,46574
96417,46574
19989,46573
47208,46573
42868,46572
1384,46572
208323,46570
186031,46569
272279,46569
232181,46569
213855,46569
79091,46569
245194,46568
11992,46567
229906,46566
212183,46565
266657,46565
267898,46565
136486,46563
222176,46563
238450,46562
26864,46562
30902,46561
250000,46561
2218,46559
49732,46559
179467,46558
49363,46556
264291,46555
290737,46555
205584,46553
208574,46551
96359,46549
95461,46548
94987,46547
272311,46547
279416,46546
159733,46545
25562,46545
103975,46545
248092,46544
175523,46544
34916,46542
223209,46541
284100,46541
194176,46541
47638,46538
66731,46538
288471,46536
17697,46533
217908,46532
110898,46532
276728,46532
235322,46531
273656,46530
221851,46527
28072,46527
257324,46526
241593,46524
261829,46524
199878,46523
257248,46522
198976,46522
182076,46521
145619,46520
12671,46520
8513,46519
9242,46519
282618,46519
205870,46518
202057,46518
19252,46518
202272,46516
127920,46515
52716,46515
236906,46514
4427,46514
229595,46514
238800,46513
214298,46513
28982,46512
95859,46507
284281,46507
87365,46506
200520,46506
143275,46505
212707,46504
68443,46504
166294,46504
122658,46504
36727,46503
120426,46502
97777,46500
215224,46500
88824,46499
77546,46499
36831,46498
258315,46498
269118,46497
137913,46497
254771,46495
259105,46493
15134,46492
226742,46491
279606,46490
67783,46489
166166,46489
148407,46488
167858,46488
292676,46487
90534,46487
8787,46486
267223,46485
140531,46485
22812,46484
282483,46484
252130,46482
36347,46480
235029,46478
229523,46478
5530,46477
171361,46476
31370,46476
175824,46475
194009,46473
84995,46472
228144,46472
211296,46472
146902,46471
136234,46470
261520,46470
24098,46469
230899,46468
230751,46466
187294,46465
205187,46465
8862,46464
125478,46464
229914,46463
203141,46463
199064,46462
238632,46461
175927,46461
79769,46460
194293,46460
290605,46460
27306,46459
179015,46458
101437,46457
152,46457
221379,46457
288453,46456
71584,46456
182272,46455
273914,46453
214947,46453
39874,46453
82020,46452
262850,46452
20953,46452
14031,46451
142776,46451
48930,46450
259266,46450
215288,46449
53312,46449
290056,46449
173691,46446
30323,46445
34572,46444
271790,46443
118552,46443
262858,46443
107270,46443
13478,46442
296248,46442
140444,46442
17743,46441
142749,46441
190016,46441
1833,46440
260525,46439
163485,46438
259655,46438
6853,46438
98767,46438
243143,46437
102385,46437
3719,46437
231683,46436
86742,46436
5241,46436
183265,46436
223029,46435
27379,46435
70186,46435
16425,46434
295831,46434
216059,46434
54157,46433
116072,46432
262188,46431
289227,46430
274981,46429
90191,46429
9730,46428
32222,46427
245463,46427
59214,46427
72874,46426
2409,46426
38020,46426
267416,46423
28471,46423
43440,46423
204340,46422
115560,46422
195370,46421
17623,46421
199554,46421
291035,46420
189256,46419
26229,46419
73361,46419
13200,46419
206853,46417
118167,46417
66590,46417
137437,46416
260260,46415
257565,46415
26720,46414
6511,46414
4071,46413
147397,46413
121362,46413
147413,46412
11768,46412
100036,46411
57343,46411
239776,46410
281992,46410
266454,46410
4883,46409
123051,46409
123180,46409
144207,46408
164188,46408
67782,46407
225116,46406
226319,46405
208950,46404
250558,46404
275691,46402
275360,46402
238201,46402
174713,46402
111726,46401
292369,46401
148920,46400
52523,46400
163831,46400
150279,46400
187448,46400
285661,46399
18780,46398
281425,46398
201529,46398
5017,46397
193529,46395
43831,46395
63664,46395
100033,46392
16844,46391
33882,46391
240200,46390
114543,46390
16570,46390
278506,46389
170750,46389
263515,46389
291576,46389
39815,46388
71033,46388
87849,46388
153919,46388
47605,46387
170458,46387
253587,46387
21376,46387
256533,46386
222155,46385
10568,46384
269377,46384
291150,46383
30881,46383
224249,46382
154264,46381
22671,46381
162880,46380
35924,46379
233072,46379
244038,46377
68172,46377
16747,46376
202817,46376
282866,46374
6917,46373
34868,46373
88074,46372
279331,46372
192409,46372
11450,46371
176140,46371
252394,46370
6693,46370
37250,46370
285084,46369
282162,46367
220455,46366
221700,46366
165878,46366
30564,46365
200281,46364
12494,46364
52158,46364
291043,46363
138853,46363
83662,46362
77523,46362
247655,46362
187901,46361
174417,46359
109343,46357
288342,46357
275785,46357
224324,46357
129602,46356
53300,46356
250671,46356
168475,46353
166947,46353
291791,46352
164227,46352
162203,46351
17024,46351
183247,46351
108252,46350
215822,46350
241558,46348
13789,46347
262638,46347
38795,46346
2879,46346
80621,46345
119335,46344
43606,46344
164230,46342
72550,46341
221196,46340
218818,46339
107985,46339
20798,46338
152128,46337
226039,46337
267008,46337
146755,46337
125893,46335
92017,46334
148829,46334
288694,46333
142256,46333
111549,46331
24912,46331
136944,46330
293688,46330
287166,46330
6972,46329
73936,46329
120952,46329
193915,46328
211314,46328
68394,46327
41180,46327
103135,46327
158647,46327
242008,46326
265178,46325
154091,46325
279001,46325
128626,46324
287791,46323
242667,46322
159775,46321
18532,46321
10889,46320
186395,46320
203522,46320
34845,46319
30343,46319
271503,46319
521,46319
173218,46318
223063,46317
267306,46317
10070,46317
21481,46316
74435,46316
41850,46315
202922,46315
247500,46314
249134,46313
219380,46313
5250,46312
197751,46312
10993,46312
122649,46311
152167,46311
157804,46311
257124,46311
23368,46310
171349,46310
208603,46310
62712,46309
16067,46309
15468,46308
218235,46308
251679,46307
144755,46307
90811,46305
881,46305
159295,46305
293321,46305
17581,46304
197762,46303
91712,46303
207860,46303
19809,46303
169367,46302
167194,46301
246677,46300
206949,46299
240829,46298
250530,46298
268493,46297
70019,46297
270046,46297
248021,46296
194189,46296
247341,46296
246376,46295
227475,46294
168770,46294
57829,46294
96499,46294
235393,46294
158179,46294
124800,46294
273081,46293
12156,46291
84188,46290
21033,46290
17435,46288
20624,46288
264167,46287
2163,46287
24917,46287
141447,46286
156504,46286
150294,46285
246700,46284
110275,46284
273608,46283
263830,46283
194340,46281
239657,46281
214875,46281
23499,46281
186480,46280
236559,46280
285065,46280
140462,46280
29,46279
26144,46278
229363,46278
264973,46278
19176,46277
220857,46276
171194,46276
212094,46275
288059,46275
170559,46274
281374,46274
138124,46273
204802,46273
220639,46273
109887,46272
269059,46272
107107,46272
249123,46271
6421,46271
3818,46271
229764,46270
292324,46270
214509,46270
249846,46268
97528,46267
275137,46267
23411,46266
292452,46266
260826,46266
289516,46265
249098,46264
213723,46264
230294,46264
31273,46263
155829,46263
41864,46263
18715,46263
94834,46263
2247,46263
27374,46262
214793,46262
114263,46261
122281,46260
126307,46260
247626,46260
145940,46259
285445,46259
119853,46258
215083,46257
193299,46256
25477,46255
43543,46255
19102,46255
239962,46255
131232,46254
171517,46254
248538,46253
226055,46253
194003,46253
22149,46252
260018,46251
215476,46250
99216,46249
212424,46249
3008,46248
10708,46248
245506,46247
274689,46246
166612,46246
25918,46246
55798,46245
39386,46245
198066,46243
282521,46243
105176,46242
209319,46242
233792,46241
287578,46241
28695,46241
201724,46240
258006,46240
3703,46239
234632,46239
8262,46239
241602,46239
136440,46239
15250,46238
16308,46238
154874,46238
185473,46238
210875,46238
230927,46238
164326,46238
155152,46238
248291,46237
267637,46237
87303,46236
2289,46236
198237,46235
227056,46235
214544,46235
234465,46235
49584,46234
232299,46234
185930,46233
216203,46233
145804,46233
296172,46233
230766,46233
230307,46232
45923,46232
220776,46231
229707,46231
283172,46230
198852,46230
201623,46229
140437,46229
199645,46229
76475,46228
3319,46228
39902,46228
220557,46228
1302,46227
147164,46227
269755,46226
210700,46226
58638,46226
295781,46226
6234,46225
175270,46225
257945,46224
23080,46224
272751,46224
291877,46223
227639,46223
184199,46223
80396,46223
227294,46223
279705,46223
23556,46222
61918,46222
272581,46222
276224,46221
16627,46220
279063,46220
16296,46220
3122,46219
279925,46219
273729,46218
166155,46217
21003,46217
71188,46217
175607,46217
290529,46217
179373,46216
264863,46216
252622,46216
18765,46215
116583,46215
147653,46215
288492,46214
221684,46214
2880,46214
233019,46213
261490,46213
295061,46213
239224,46213
82714,46213
240210,46213
284639,46212
285070,46212
266625,46212
293327,46211
182833,46211
225820,46211
204489,46211
288901,46210
275829,46210
13230,46210
176130,46210
173,46209
177671,46209
207965,46209
239881,46208
55193,46208
174407,46208
3347,46208
103235,46207
284968,46207
112141,46207
283596,46207
178337,46206
285303,46206
65595,46206
224817,46205
239555,46205
65619,46205
281122,46205
160897,46204
211013,46204
37591,46203
50857,46203
16055,46203
93389,46202
272618,46202
215272,46202
5977,46202
232155,46202
121062,46201
91071,46201
26766,46201
128078,46201
58827,46201
123583,46200
275538,46198
269187,46198
290191,46197
78252,46196
99571,46196
258697,46195
190274,46195
212294,46195
288829,46194
272865,46194
47243,46193
265118,46193
280600,46193
26288,46193
292605,46192
221221,46192
92351,46192
225298,46191
245501,46191
278066,46190
148734,46189
145302,46189
53028,46189
36193,46188
235872,46188
286027,46188
4322,46187
155,46187
102377,46186
209996,46185
269243,46185
278329,46185
81489,46185
26398,46185
12781,46184
142783,46184
167188,46184
32483,46184
238819,46183
2242,46183
197967,46183
288707,46183
264690,46183
180373,46182
248000,46181
17512,46181
43088,46181
291070,46181
181835,46181
102853,46180
204367,46178
291984,46177
23735,46177
242530,46177
167683,46177
254816,46177
182994,46176
293957,46175
41544,46175
287653,46175
11419,46175
181450,46174
12414,46174
20021,46174
15787,46174
142068,46174
76832,46173
286361,46173
29364,46173
123631,46172
32129,46172
264825,46172
256757,46172
38747,46172
11589,46171
296040,46171
3170,46171
145396,46170
16299,46170
81849,46170
52899,46170
275159,46170
119911,46168
11603,46168
182372,46168
253166,46167
258901,46167
174350,46167
252188,46167
159401,46166
267108,46166
282726,46166
181446,46166
64336,46165
23036,46165
28969,46164
277266,46164
274994,46163
206060,46163
78173,46162
214417,46162
95689,46161
221342,46161
253044,46161
114571,46160
202414,46160
194433,46160
140872,46159
162410,46159
122478,46159
12563,46157
113512,46157
280126,46156
21626,46156
161749,46156
115270,46156
188392,46155
66799,46155
219942,46155
283960,46154
263081,46153
189606,46153
115677,46153
5000,46153
15658,46152
278183,46152
244319,46152
240237,46152
9438,46151
225112,46151
5190,46151
113545,46151
270684,46151
280624,46150
284766,46150
236205,46150
255764,46150
37905,46150
28393,46149
20180,46149
237009,46148
280456,46148
85863,46148
58263,46147
157528,46147
268718,46147
126003,46146
102946,46146
267817,46146
47841,46145
282447,46145
186350,46145
188387,46145
228943,46145
216597,46145
216664,46144
140668,46144
270501,46144
146498,46143
266222,46143
257488,46143
89017,46143
218127,46142
197468,46142
28790,46142
14057,46142
116414,46142
271423,46142
21978,46141
211204,46140
168977,46140
264608,46140
77468,46140
186943,46139
172815,46139
183971,46139
121334,46139
152569,46138
160698,46138
166703,46138
93918,46138
241969,46137
239827,46137
281368,46137
164223,46137
249400,46137
137371,46136
206862,46136
171743,46135
77329,46135
4641,46135
294872,46134
294478,46134
204329,46134
131454,46134
274835,46133
232358,46133
157847,46133
202722,46132
76317,46132
26892,46132
77431,46131
17057,46131
79859,46131
254110,46131
227202,46130
199058,46130
275236,46130
221858,46130
22905,46129
21290,46129
145858,46129
260949,46128
295648,46128
97058,46128
177723,46128
240466,46128
231161,46127
296306,46127
179080,46126
7892,46126
76205,46125
289603,46125
259798,46125
270880,46125
213541,46125
95664,46124
252121,46124
120568,46124
292054,46124
43869,46123
275430,46123
182484,46123
164706,46123
136909,46123
29553,46122
260615,46122
168693,46121
265594,46120
286900,46120
177919,46119
62376,46119
217226,46119
49796,46119
276451,46119
174506,46118
177125,46118
117675,46117
173703,46117
150607,46117
24762,46116
277542,46116
12031,46115
253692,46115
20475,46115
132221,46114
276858,46114
231156,46114
269920,46113
228445,46113
121446,46113
87552,46112
157181,46112
261993,46110
101443,46110
6334,46109
20219,46109
128776,46108
50931,46108
234794,46107
69031,46107
246041,46107
69869,46106
17161,46106
223257,46106
291839,46105
237452,46105
50833,46105
173315,46104
150293,46104
51043,46103
246070,46103
73914,46103
158272,46103
294232,46102
202894,46102
27112,46102
26831,46102
24975,46101
252024,46101
32774,46101
171082,46100
19574,46098
227052,46098
172033,46098
13748,46098
268559,46097
204245,46097
190065,46097
205696,46097
11244,46097
28481,46096
245285,46096
281179,46096
210483,46095
220527,46095
23213,46095
6617,46095
176575,46094
278133,46094
279126,46094
287676,46094
293287,46094
288566,46094
71887,46093
273101,46093
209204,46092
286911,46092
27034,46091
221723,46090
20504,46090
283801,46090
163363,46089
135724,46089
30945,46089
107478,46089
199976,46089
175076,46089
16771,46089
188867,46089
222642,46089
247744,46088
197956,46087
179530,46087
78247,46086
57083,46086
156460,46085
291231,46085
22644,46085
59705,46084
240796,46083
278284,46082
83827,46082
148405,46082
124732,46081
30223,46081
23496,46080
25125,46080
236227,46080
221330,46080
86270,46080
146123,46080
3601,46080
212815,46079
89925,46079
146967,46078
276618,46078
102412,46077
124,46077
226916,46077
11888,46076
180377,46076
18290,46076
190409,46076
222170,46076
289156,46076
239042,46075
46846,46074
28243,46074
101779,46074
29780,46074
103695,46073
180111,46072
50421,46071
198892,46071
142899,46071
162069,46070
188248,46070
30649,46070
191295,46069
111412,46069
174,46069
172532,46069
222766,46068
271140,46068
100705,46068
246675,46068
102448,46067
50195,46066
177429,46066
40337,46065
36290,46065
219790,46065
216103,46065
776,46064
5952,46064
239625,46064
101968,46064
12445,46064
284995,46063
92697,46062
170318,46062
135520,46062
270595,46062
180195,46062
86179,46060
280067,46060
122148,46060
60035,46060
17912,46060
221825,46060
210599,46059
209148,46059
6183,46059
189013,46059
227182,46059
83728,46058
215854,46058
197121,46058
44029,46058
253399,46057
194158,46057
264744,46057
238906,46057
62665,46057
29283,46056
93674,46056
285953,46056
48659,46056
13452,46055
248345,46055
128892,46054
202835,46054
98626,46053
270539,46053
19087,46053
240478,46053
189558,46053
51454,46053
93289,46052
1694,46052
197475,46052
137575,46052
95659,46051
215913,46051
10867,46051
173154,46051
232977,46050
198328,46050
29826,46050
196128,46050
287162,46049
231005,46049
107773,46049
281111,46049
39823,46049
285564,46048
266293,46047
28302,46047
182713,46047
154162,46047
2144,46047
22061,46047
111360,46046
101354,46046
55232,46046
269130,46046
281188,46045
229624,46044
173050,46044
31195,46044
222956,46044
152343,46044
7903,46044
160189,46044
279476,46044
269590,46043
141002,46043
70759,46043
261248,46043
152455,46042
17460,46042
295241,46042
68710,46042
265348,46041
86307,46041
214203,46041
234282,46041
30435,46041
10783,46040
162771,46040
41632,46040
20898,46039
222815,46039
268619,46039
25919,46039
52505,46039
265849,46039
266580,46039
254153,46038
17048,46038
185205,46037
155586,46036
122,46036
37189,46036
239574,46036
145862,46036
61456,46035
292940,46035
143946,46035
242916,46034
89215,46034
109985,46034
289635,46033
178745,46033
294565,46033
73068,46032
5469,46032
238067,46032
46413,46032
6588,46032
18848,46031
7472,46031
199701,46030
250240,46029
129268,46029
256516,46028
205123,46028
60443,46027
81388,46027
242247,46027
129780,46027
218171,46027
72877,46027
10640,46027
129679,46027
290140,46027
93895,46026
236245,46026
243525,46026
101768,46026
271440,46025
8674,46025
269415,46025
245134,46025
287884,46025
218225,46024
289924,46024
282239,46024
203328,46023
76793,46023
1918,46023
281277,46023
66454,46023
23203,46022
286969,46022
123103,46020
36398,46020
246719,46020
31637,46020
7020,46019
163394,46019
161505,46019
294164,46018
140889,46018
70412,46018
175735,46018
138937,46018
142919,46018
128451,46017
217029,46017
171242,46017
129884,46017
9104,46017
262449,46017
21484,46017
128790,46017
38825,46016
175171,46016
90820,46015
254282,46015
13525,46015
16777,46014
232743,46014
39036,46014
270128,46013
120279,46013
294268,46013
267308,46012
91032,46011
255865,46011
189401,46011
119432,46011
13763,46011
251399,46010
282430,46010
247178,46010
233953,46009
186009,46009
168471,46009
201123,46009
47674,46008
6360,46008
281542,46008
174263,46008
206194,46008
265436,46008
17284,46008
178844,46008
173359,46008
124578,46007
285718,46007
142271,46007
21983,46007
50172,46007
252667,46007
103993,46006
234741,46006
115751,46006
94853,46005
267470,46005
233433,46004
268812,46003
72917,46003
123642,46003
252102,46003
6785,46003
184074,46003
72270,46003
183906,46002
228468,46002
85732,46001
220388,46001
186634,46000
294665,46000
84696,46000
230438,46000
65452,45999
270070,45999
174797,45999
283042,45998
245105,45998
157261,45998
2298,45998
278664,45998
163194,45998
223427,45998
775,45997
116885,45997
239788,45997
73127,45997
245357,45996
242062,45996
234181,45996
135586,45996
199076,45996
47448,45996
113542,45996
77846,45995
23481,45995
58481,45995
97104,45994
177819,45994
253423,45993
16471,45993
83715,45993
171477,45993
264875,45993
226190,45993
166455,45993
52099,45993
173790,45992
30213,45992
252158,45992
145962,45991
213643,45991
217700,45991
253784,45991
182480,45991
177136,45990
248204,45990
22529,45990
240666,45990
274856,45990
9099,45989
196174,45989
290345,45989
50589,45989
282943,45988
138909,45988
272532,45988
52404,45987
196537,45987
167987,45987
296189,45987
264323,45986
175367,45986
139336,45985
105961,45985
225435,45985
221692,45985
216786,45984
169664,45984
295903,45984
194969,45984
119499,45984
28021,45984
95319,45983
138518,45983
53203,45983
29268,45983
34106,45982
135631,45982
275336,45982
108100,45981
292853,45981
2998,45980
183430,45980
120962,45980
27980,45979
108457,45979
187556,45979
30132,45979
83553,45978
129291,45978
182879,45977
230351,45977
174426,45977
136826,45977
253050,45976
71108,45976
175753,45976
252765,45976
73730,45976
26799,45975
60284,45975
88050,45975
280571,45974
250457,45974
154744,45973
204216,45973
101944,45973
184208,45973
277183,45973
145631,45972
243005,45972
190057,45972
254370,45972
236547,45971
389,45971
112816,45970
103157,45970
69270,45970
201120,45970
198789,45970
171628,45969
172717,45969
286765,45968
106739,45968
68305,45968
8511,45968
140921,45968
261766,45967
1355,45967
185545,45967
236222,45967
236421,45967
205293,45967
295759,45966
10766,45966
244117,45966
142287,45965
273095,45965
119041,45964
224280,45964
175757,45964
218318,45963
120990,45963
7826,45963
87952,45962
55631,45962
102188,45962
194968,45962
42729,45962
302,45960
280728,45960
135089,45960
81917,45960
116939,45960
231417,45959
214229,45958
272461,45958
215057,45958
268683,45958
276072,45956
217916,45956
204331,45956
102909,45956
45692,45956
274818,45956
187686,45956
116853,45955
43038,45955
285515,45955
27220,45955
171935,45955
172399,45955
241283,45955
225559,45955
13022,45955
186830,45954
56366,45954
164186,45954
218747,45954
222609,45954
221447,45953
263424,45953
4802,45952
160273,45952
5641,45952
274667,45952
198024,45951
236783,45951
255355,45951
209766,45951
22541,45951
5883,45950
98892,45950
112049,45950
281564,45950
182536,45950
187305,45950
266957,45950
296298,45949
222207,45949
293133,45949
27391,45949
188496,45949
245119,45949
110464,45948
101293,45948
27180,45948
14810,45948
15746,45948
288,45948
220012,45947
171819,45947
118370,45947
289425,45947
244455,45945
113615,45945
59512,45945
291893,45945
241920,45944
172468,45944
192135,45944
85292,45944
42022,45944
121600,45944
37111,45943
13543,45943
15233,45943
135952,45943
169782,45942
277638,45942
245593,45942
191685,45942
166759,45942
198597,45942
114044,45942
221393,45942
23492,45941
232683,45941
191527,45941
60630,45941
33284,45940
161894,45940
57182,45940
260125,45940
1282,45940
64477,45939
228944,45938
281951,45937
224539,45937
234493,45937
231616,45936
156040,45936
139212,45936
276503,45936
255337,45936
212188,45935
46756,45935
38712,45935
157691,45935
116668,45935
97439,45935
221509,45935
193375,45935
124117,45935
282977,45935
165480,45934
26168,45934
82041,45934
25249,45933
286196,45933
215983,45933
192605,45933
174610,45933
84645,45932
220593,45932
264954,45932
245635,45932
265263,45932
22818,45931
291168,45931
75599,45931
23956,45931
46668,45931
55505,45930
95345,45930
279809,45930
286549,45930
269142,45929
235071,45929
115146,45929
94083,45929
200793,45929
228925,45929
114149,45928
284613,45927
41114,45927
33944,45927
3168,45926
174173,45926
242880,45926
81735,45926
222468,45926
290120,45925
217805,45925
15148,45925
196788,45925
122388,45924
278175,45924
231199,45924
293328,45924
166032,45924
246553,45923
283766,45923
263309,45923
18348,45922
259418,45922
33298,45922
196278,45922
235408,45922
99522,45922
13298,45921
165405,45921
195333,45921
47539,45921
228089,45920
243432,45920
158019,45920
168721,45919
205502,45919
19069,45919
243770,45918
259355,45918
223178,45918
183026,45918
106746,45918
237790,45917
251654,45917
77023,45917
130938,45917
70968,45917
248620,45916
238724,45916
216519,45916
63436,45916
117,45916
155580,45916
266796,45916
102608,45915
292244,45915
8100,45915
136901,45915
50077,45915
284525,45914
254774,45914
121908,45914
127024,45913
262291,45913
2238,45913
181473,45913
227180,45913
68494,45913
120676,45913
131384,45913
288054,45912
32963,45912
87555,45912
182850,45912
38715,45912
133598,45912
1523,45912
142748,45912
293908,45911
129120,45911
213329,45911
243715,45910
16068,45910
9665,45910
195640,45910
165967,45910
138939,45910
262710,45910
218805,45910
31923,45910
151353,45909
286266,45909
279525,45909
261084,45909
255399,45909
294447,45909
21552,45909
207367,45908
66384,45908
14215,45908
209362,45908
269616,45907
271516,45907
84706,45907
194901,45907
31493,45907
229863,45906
20298,45905
233993,45905
169066,45905
242594,45904
109287,45904
261785,45904
272855,45904
155933,45904
181573,45904
227425,45904
176839,45904
133385,45904
249609,45903
20245,45903
237064,45903
227289,45903
279029,45903
285192,45902
227022,45902
210818,45902
517,45902
216908,45901
11591,45901
182159,45901
188963,45901
189971,45901
42077,45901
132494,45900
284326,45900
3608,45899
164771,45899
157680,45899
117379,45899
21785,45899
242092,45899
75464,45899
146,45898
235128,45898
4889,45898
141587,45898
248248,45898
258205,45897
113305,45897
188536,45897
184141,45897
183197,45897
180134,45897
258383,45897
227648,45897
15406,45896
51921,45896
199578,45896
222750,45895
15353,45895
256562,45895
71561,45895
225794,45895
10411,45894
249044,45894
237330,45894
291652,45894
4474,45894
242235,45893
7614,45893
234710,45893
73199,45893
273988,45893
291868,45892
195945,45892
208110,45892
249414,45892
129949,45892
235802,45892
161725,45892
2726,45891
15373,45891
215440,45891
130682,45891
93031,45891
204787,45891
16569,45890
267045,45890
211303,45890
2069,45890
112859,45889
16058,45889
235877,45889
7130,45889
38646,45889
99099,45888
34585,45888
12333,45888
61597,45888
203047,45888
280798,45888
125099,45888
237389,45888
76253,45887
107943,45887
85758,45887
146946,45886
186842,45886
280055,45886
14219,45885
210634,45885
180011,45885
234481,45885
76315,45884
120695,45884
137322,45884
224074,45884
769,45884
262714,45883
9151,45883
49709,45883
28610,45883
294999,45883
233656,45883
31788,45883
9510,45882
15628,45882
279806,45882
253877,45881
295814,45881
172139,45881
144699,45880
194089,45880
131926,45880
167211,45879
38652,45879
246582,45879
70542,45879
33039,45879
286404,45878
214491,45877
196632,45876
195094,45876
95479,45876
245309,45876
202228,45876
245607,45875
126641,45875
171359,45875
168090,45874
279747,45874
214980,45874
192876,45874
22051,45874
141744,45874
253098,45874
62949,45873
93108,45873
280742,45873
141065,45873
183346,45872
263514,45872
159301,45871
2057,45871
141530,45871
279614,45871
229982,45871
172043,45870
217531,45870
201103,45870
265309,45870
4012,45870
84094,45870
179399,45870
201346,45869
2973,45869
59737,45869
34706,45868
118737,45868
253470,45868
34717,45868
258692,45868
243695,45868
244465,45868
69403,45868
115006,45867
242619,45867
9364,45867
161574,45867
247785,45867
279286,45866
167816,45866
210084,45865
2707,45865
261554,45865
20138,45865
128437,45865
263440,45864
191067,45864
33712,45864
190858,45864
72734,45864
213453,45864
117112,45864
70385,45863
51855,45863
126787,45863
250402,45863
232377,45862
23385,45862
31320,45862
191884,45862
254231,45861
241825,45861
134136,45861
226926,45861
252324,45861
218438,45861
236462,45860
116947,45860
264383,45860
150992,45860
201743,45860
225760,45860
94079,45860
189701,45860
19619,45859
283304,45859
132159,45859
289624,45859
37711,45859
224726,45859
285536,45859
21695,45858
180873,45858
73494,45858
294087,45858
216213,45858
11906,45858
66704,45857
261361,45857
61897,45857
215722,45857
185546,45857
136083,45857
173948,45857
284223,45856
88684,45856
184698,45856
88051,45856
187269,45856
256414,45856
105011,45855
260684,45855
54852,45855
282502,45855
143255,45855
57361,45855
15035,45854
23021,45854
76996,45854
172823,45854
265728,45854
8686,45853
151761,45853
87272,45853
254684,45853
55970,45853
9043,45852
283839,45852
240449,45852
78528,45852
23971,45852
59837,45852
218,45852
225570,45852
132517,45851
117354,45851
10796,45851
243548,45851
263313,45851
296131,45851
66030,45851
270119,45851
276014,45850
245009,45850
22151,45850
275795,45849
124537,45849
288783,45849
248457,45849
209800,45848
285547,45848
183444,45848
183567,45848
176331,45847
146020,45847
217843,45847
284130,45847
129033,45847
284067,45846
180689,45846
107345,45846
193982,45845
65268,45845
295976,45845
40997,45845
10334,45844
33325,45844
36396,45844
167328,45844
246211,45843
174587,45843
230225,45843
18806,45843
170706,45843
46746,45843
138267,45843
226993,45842
214296,45842
37493,45842
266602,45841
279787,45841
204767,45841
264710,45841
236025,45841
230003,45841
288254,45840
4288,45840
157202,45840
132079,45840
49059,45840
7996,45840
59174,45840
295595,45839
146940,45839
244352,45838
162618,45838
24844,45838
112555,45838
176910,45838
37425,45837
251341,45837
201478,45837
291011,45837
20688,45837
57350,45837
243045,45837
7964,45836
144844,45836
159377,45835
30471,45835
167980,45835
30744,45834
65219,45834
200394,45834
108577,45834
133559,45834
215728,45834
274870,45833
105115,45833
70177,45833
187321,45833
143067,45833
11942,45832
119372,45832
105386,45832
45027,45831
237147,45831
135336,45831
44194,45831
36095,45831
174815,45831
183017,45831
234529,45831
280439,45831
153141,45830
259544,45830
38379,45830
188598,45830
128635,45830
155583,45829
79930,45829
266923,45829
141546,45829
92677,45828
290030,45828
280513,45828
179625,45828
82386,45827
159584,45827
239267,45827
122141,45827
186050,45827
6542,45827
242939,45826
245230,45826
27128,45826
263586,45825
192572,45825
135908,45825
255127,45825
145999,45825
131437,45824
245392,45824
77251,45824
38120,45824
220562,45823
13541,45823
217957,45823
10321,45823
100032,45823
285451,45823
183286,45823
60598,45823
36074,45823
24848,45823
210334,45822
181952,45822
117887,45822
83185,45822
158213,45822
45649,45821
129944,45821
121494,45821
199460,45821
189611,45821
254525,45820
286269,45820
231820,45820
119608,45820
113044,45819
103822,45819
168650,45819
151385,45819
270577,45819
190522,45819
224410,45819
9997,45818
147732,45818
68466,45817
199913,45817
281199,45817
161843,45817
7271,45817
8402,45817
84647,45816
285595,45816
268751,45816
214391,45815
7293,45815
72009,45815
230495,45815
211081,45814
226485,45814
112367,45814
177915,45814
295257,45814
66281,45814
143642,45814
269114,45814
266933,45813
3147,45813
241347,45813
267278,45813
211781,45813
95743,45813
288101,45813
248511,45813
183920,45812
166822,45812
276727,45812
274744,45812
264971,45811
266069,45811
162115,45811
254861,45810
31701,45810
12062,45810
7676,45810
185251,45810
7808,45809
188616,45809
71774,45808
223856,45808
7617,45808
242208,45808
207502,45808
170475,45807
21866,45807
276798,45807
50971,45807
153124,45807
133353,45807
230393,45807
263227,45807
90974,45806
151603,45806
275165,45806
178474,45806
222549,45806
199953,45805
117011,45804
284590,45804
188487,45803
281469,45803
198012,45803
9641,45803
79957,45803
106142,45802
283838,45802
2038,45802
284806,45802
217276,45802
149229,45802
63175,45801
290007,45801
125107,45801
8399,45801
10778,45801
11216,45801
236659,45801
266988,45801
73416,45801
292894,45800
195644,45800
262896,45800
18794,45800
11407,45800
273121,45800
221292,45800
43669,45800
175520,45800
74115,45799
263546,45799
256786,45799
250942,45799
205411,45798
82188,45798
57790,45798
182420,45798
246812,45798
223383,45798
392,45797
106731,45797
44526,45797
196333,45797
253425,45797
19755,45797
127393,45796
78122,45796
166419,45796
217434,45796
253460,45796
281739,45795
12105,45795
127693,45795
114215,45795
217248,45795
278154,45795
211720,45795
269753,45795
276793,45795
212456,45794
215068,45794
253,45794
14983,45794
100344,45794
183820,45794
223536,45794
243043,45793
24116,45793
231763,45793
45660,45793
210853,45793
294290,45793
109129,45793
144862,45792
68335,45792
279900,45791
275223,45791
269323,45791
208471,45791
137260,45791
284085,45790
7298,45790
15671,45790
263332,45790
62885,45790
224851,45790
180380,45789
152486,45789
70136,45789
246043,45789
275325,45789
280356,45789
290949,45788
198423,45788
147988,45788
81327,45788
121116,45788
34996,45788
294923,45788
101236,45788
693,45788
6952,45787
139424,45787
281606,45787
45654,45787
243607,45787
211886,45787
178592,45787
220618,45786
230509,45786
282378,45786
126969,45786
87019,45786
181861,45786
246163,45786
147437,45786
244972,45785
48237,45785
9876,45785
73613,45785
227556,45785
249150,45785
131589,45785
37663,45784
248934,45784
31281,45784
44637,45784
209596,45784
225835,45784
202710,45783
274377,45783
272824,45783
195540,45783
199176,45783
169488,45783
78684,45782
239044,45782
271705,45782
56369,45782
270319,45781
264095,45781
182911,45781
238959,45781
238479,45781
231855,45781
178562,45781
71281,45780
253242,45780
74565,45780
186452,45780
176516,45780
216233,45780
69097,45779
126655,45779
214932,45779
15103,45779
263094,45779
234269,45779
201585,45778
215414,45778
207325,45778
22466,45778
258647,45778
277541,45778
14634,45778
170770,45778
86371,45778
5174,45777
24091,45777
18995,45777
284013,45777
79127,45777
223982,45776
204796,45776
269707,45776
287247,45776
110762,45776
38773,45776
159653,45776
64016,45776
244408,45776
114329,45776
35604,45776
57944,45776
99945,45776
11737,45775
14245,45775
295323,45775
253755,45774
294639,45774
11824,45774
49013,45774
181536,45774
254976,45774
38383,45773
17104,45773
204003,45773
103183,45773
113779,45773
88302,45773
288441,45773
226218,45772
170143,45772
167281,45772
153358,45772
288756,45772
37606,45772
139,45771
188719,45771
3880,45770
187091,45770
72450,45770
80788,45770
211019,45770
239422,45770
212125,45770
138099,45770
74864,45769
5782,45769
221049,45769
150856,45769
285008,45769
268031,45768
182815,45768
14479,45768
269583,45768
15053,45768
46065,45767
293627,45767
194352,45767
295590,45767
197733,45767
59755,45767
8065,45767
277972,45766
2181,45766
125630,45766
121690,45766
244684,45766
282835,45766
263843,45766
201994,45765
49092,45765
147461,45765
5501,45765
77358,45765
183377,45765
232579,45765
210443,45764
29166,45764
95470,45764
210676,45764
212264,45763
170427,45763
32465,45762
28547,45762
159451,45762
150872,45762
190086,45762
85413,45762
259996,45761
159130,45761
9869,45761
58759,45761
160468,45761
255579,45761
232383,45761
257434,45761
146008,45761
280774,45760
114440,45760
259327,45760
140708,45760
223054,45760
75538,45760
7790,45760
281331,45760
135444,45760
169709,45760
167560,45759
73285,45759
254587,45759
22280,45758
207106,45758
95241,45758
52544,45758
216737,45757
261856,45757
4477,45756
1260,45756
294619,45756
287777,45755
80395,45755
84157,45755
161074,45755
224303,45754
174924,45754
274294,45754
295560,45753
254787,45753
5923,45753
296437,45753
209336,45753
292368,45752
239820,45752
225894,45752
146658,45752
294070,45752
1274,45752
23123,45751
116380,45751
214358,45751
76490,45751
288744,45751
128590,45751
156885,45751
103983,45750
272813,45750
112226,45750
272679,45750
29223,45749
203498,45749
138483,45749
217282,45749
32403,45749
20674,45749
25384,45749
64510,45748
118451,45748
283543,45748
192882,45748
184722,45748
124594,45748
227211,45748
259557,45748
17540,45747
223663,45747
79808,45747
242066,45747
235495,45747
0,45747
130267,45747
233726,45747
93709,45746
235831,45746
145138,45746
258717,45746
260865,45745
5370,45745
12726,45745
63790,45745
262856,45745
217517,45745
88618,45744
210720,45744
230709,45744
89244,45744
235486,45744
56579,45743
270428,45743
5125,45743
290228,45743
226479,45743
75847,45743
167805,45742
179833,45742
193922,45742
219937,45742
206402,45742
52191,45742
243532,45742
234254,45742
46627,45741
183425,45741
131333,45741
164724,45741
260821,45741
5166,45741
17595,45741
94455,45741
54302,45741
245839,45741
17134,45741
200306,45740
261061,45740
261774,45739
76283,45739
255185,45739
28934,45739
10483,45739
11749,45739
153633,45739
161012,45738
214073,45738
201170,45738
110520,45738
158455,45738
35546,45738
257284,45737
272430,45737
57816,45737
83916,45737
38890,45737
119988,45737
161860,45737
114084,45736
75117,45736
134229,45736
123007,45736
289643,45736
103909,45736
234859,45736
46139,45735
253448,45735
113984,45735
96381,45735
129846,45735
51053,45735
232102,45735
140985,45734
254794,45734
81998,45734
258392,45734
128700,45733
212383,45733
58166,45733
43152,45732
260807,45732
65478,45732
254789,45732
6322,45732
72855,45732
256275,45731
30612,45731
275561,45731
78492,45731
195236,45731
39773,45731
275985,45731
211623,45731
22945,45730
275204,45730
252842,45730
130091,45730
294356,45730
282072,45730
229125,45729
218192,45728
38156,45728
114975,45728
111511,45728
137857,45728
102729,45728
285764,45728
137538,45728
217693,45727
271745,45727
188738,45727
219783,45727
232386,45727
205653,45727
250589,45727
125909,45726
212265,45726
61475,45726
292988,45726
171646,45726
226779,45725
232432,45725
15719,45725
259622,45725
159460,45725
270343,45725
22246,45725
210741,45725
70091,45725
204122,45725
234040,45725
179683,45724
215421,45724
107953,45724
226622,45724
17463,45724
44798,45724
12589,45724
113327,45724
266589,45724
37144,45724
220647,45724
168493,45723
81335,45723
202389,45723
258952,45723
173479,45722
5420,45722
84260,45722
231469,45722
79295,45722
75171,45722
163135,45722
276386,45721
78530,45721
12859,45721
219465,45721
188940,45721
275403,45721
238914,45721
114702,45721
255868,45721
98866,45720
25685,45720
208524,45720
163910,45720
245204,45720
61673,45720
183316,45720
249019,45719
226575,45719
196657,45719
229797,45719
278951,45719
513,45719
242460,45718
75452,45718
206148,45718
186489,45718
136771,45718
166655,45718
227082,45718
295088,45718
237675,45717
26194,45717
201424,45717
193541,45717
259703,45717
154354,45716
186327,45716
126631,45716
290338,45716
219730,45716
286190,45716
93129,45716
11831,45716
152388,45715
70401,45715
252916,45715
147811,45715
263856,45715
176982,45715
199975,45715
268591,45715
281018,45714
124256,45714
189925,45714
264367,45714
130641,45713
108057,45713
53357,45713
65768,45713
46803,45713
159446,45713
172719,45713
57852,45712
176070,45712
178955,45712
26884,45712
287280,45711
209463,45711
19514,45711
83224,45711
155295,45711
282566,45710
273224,45710
68142,45710
255841,45710
59943,45710
7516,45709
287981,45709
203307,45709
215819,45709
183356,45708
234909,45708
109043,45708
15443,45708
227284,45708
247883,45708
279043,45708
265613,45707
187036,45707
249515,45707
185577,45707
221230,45707
6106,45706
272228,45706
173253,45706
217792,45706
149061,45706
109293,45706
246816,45705
85909,45705
258580,45705
50870,45705
21079,45705
220119,45705
180203,45705
69713,45705
4088,45705
261206,45705
208403,45704
111228,45704
255380,45704
238208,45704
27486,45704
226321,45704
169466,45703
242827,45703
51338,45703
150262,45703
131138,45703
236061,45703
189883,45703
105933,45703
32149,45702
157262,45702
124159,45702
232268,45702
186241,45702
159108,45702
234428,45702
60104,45702
94017,45702
102958,45702
274750,45702
283416,45702
112887,45701
227996,45701
60212,45701
272437,45701
112526,45700
163046,45700
254023,45699
75033,45699
233182,45699
130845,45699
135127,45699
260839,45699
3033,45699
39944,45698
102989,45698
261738,45698
4631,45698
66805,45698
280201,45697
251902,45697
35054,45697
60344,45697
246437,45697
117551,45697
281795,45697
198039,45697
239463,45697
245385,45697
164577,45696
128429,45696
208339,45696
165149,45696
242673,45696
90094,45696
1608,45695
287851,45695
126331,45695
213666,45695
6364,45695
255662,45694
16324,45694
236573,45694
96325,45694
211261,45694
207826,45694
250818,45694
291291,45694
87809,45694
14952,45694
115145,45694
63613,45693
208118,45693
177003,45693
245461,45692
290298,45692
28040,45692
132762,45692
213304,45692
203998,45692
264637,45692
253823,45691
13134,45691
90381,45691
212692,45691
94338,45691
265368,45691
178734,45691
293580,45691
181302,45691
134449,45691
293806,45691
130183,45690
7954,45690
207900,45690
2777,45690
69962,45690
175863,45690
169592,45690
256473,45690
212723,45690
259153,45689
245221,45689
6340,45689
141790,45689
172210,45689
176049,45689
272918,45689
102505,45689
250086,45688
282463,45688
156630,45688
201085,45688
274232,45688
148745,45688
226610,45688
262989,45687
292858,45687
48442,45687
72926,45686
220760,45686
276534,45686
287242,45685
141884,45685
262857,45685
115117,45685
291810,45684
6115,45684
287326,45684
172656,45684
281067,45683
286155,45683
10894,45683
182123,45683
230183,45683
149153,45683
62453,45683
256209,45683
146277,45682
281832,45682
20887,45682
218935,45682
104266,45682
6770,45681
218846,45681
92120,45681
41763,45681
150005,45681
62760,45681
234949,45681
202940,45681
215842,45680
285472,45680
175390,45680
158435,45680
170637,45679
102615,45679
11653,45679
74196,45679
32677,45679
265617,45679
187689,45679
226219,45678
189104,45678
4664,45678
274710,45678
35356,45678
137786,45678
88576,45678
69049,45678
261476,45677
11111,45677
263743,45677
135835,45677
199982,45677
288419,45677
239275,45677
173467,45677
287185,45677
32411,45676
120331,45676
69306,45676
258469,45676
166160,45676
166350,45676
106104,45676
21689,45676
134937,45676
247297,45675
39236,45675
267095,45675
55585,45675
257072,45675
257662,45675
184169,45675
281956,45675
275888,45674
45722,45674
124097,45674
248222,45673
233807,45673
267607,45673
162471,45672
33351,45672
15538,45672
219706,45672
251312,45672
39549,45672
248809,45672
244442,45672
240727,45672
149544,45672
16110,45672
291003,45672
265075,45671
163849,45671
80711,45671
267619,45671
163010,45670
277130,45670
139043,45670
154499,45670
228528,45670
259585,45670
259124,45670
36322,45670
263700,45670
79507,45670
153707,45670
101569,45670
238788,45670
77485,45669
198607,45669
258015,45669
206492,45669
383,45669
278068,45669
108235,45669
230891,45668
290273,45668
157454,45668
321,45668
21908,45668
207412,45668
27658,45668
222708,45668
154008,45667
276826,45667
31176,45667
81003,45667
29098,45667
250491,45667
268595,45667
290365,45667
109166,45667
244058,45667
181892,45666
64525,45666
188612,45666
275016,45666
195461,45665
7027,45665
138451,45665
65800,45665
191374,45665
233380,45665
57867,45665
210637,45664
277785,45664
83441,45664
217236,45664
245745,45664
255237,45664
283712,45664
277029,45664
239484,45664
292430,45664
246299,45663
197842,45663
197955,45663
111685,45663
138643,45663
23428,45663
256449,45663
294645,45663
169104,45662
231564,45662
29044,45662
91054,45662
75838,45662
6215,45662
1456,45662
29210,45662
285726,45662
69336,45662
249910,45662
242611,45661
191014,45661
61767,45661
278566,45661
203274,45661
285380,45660
223291,45660
78767,45660
152099,45660
242638,45660
497,45660
279375,45659
89960,45659
248091,45659
3376,45659
185071,45659
169529,45659
13888,45659
12301,45659
232285,45658
141594,45658
98264,45658
8374,45658
53998,45658
239209,45658
242267,45658
199961,45658
214152,45658
180325,45658
103403,45657
232640,45657
220157,45657
268917,45657
241087,45657
12916,45656
48162,45656
85746,45656
163091,45656
129229,45656
113914,45656
208891,45655
46216,45655
182368,45655
149104,45655
84160,45655
187074,45655
247577,45654
73991,45654
16995,45654
128181,45654
265312,45654
159628,45654
183761,45653
170513,45653
189317,45653
261008,45653
241734,45653
182953,45652
105769,45652
49322,45652
198433,45651
2411,45651
239604,45651
12690,45651
260313,45651
152323,45651
229196,45651
53532,45651
240441,45651
20065,45651
173591,45651
213160,45651
137196,45650
115845,45650
281831,45650
267,45650
191209,45650
16457,45650
239563,45650
63174,45650
61656,45650
171513,45649
190123,45649
35858,45649
17863,45649
156111,45649
202560,45649
155797,45649
294138,45648
90995,45648
109466,45648
156100,45648
109978,45648
246733,45648
11694,45648
194460,45647
8138,45647
260943,45647
125724,45647
16040,45646
104003,45646
264251,45646
277561,45646
91688,45646
232172,45646
110818,45646
294500,45646
188082,45646
6101,45645
44483,45645
269338,45645
247247,45645
201860,45645
236953,45645
273231,45645
278579,45645
150032,45645
209736,45644
191277,45644
9523,45644
265912,45644
191622,45644
110759,45644
183134,45644
48009,45644
238286,45644
278989,45644
200789,45643
69039,45643
36190,45643
168760,45643
135081,45643
276066,45643
122970,45642
288198,45642
157988,45642
150379,45642
53994,45642
276035,45642
56322,45642
9515,45641
210101,45641
286706,45641
234620,45641
213869,45641
10054,45641
10464,45641
223785,45641
230483,45641
84940,45641
223365,45640
135660,45640
295422,45640
254368,45640
52469,45640
118455,45640
86397,45640
191091,45640
283637,45639
11439,45639
94299,45639
105770,45639
275690,45638
125954,45638
198887,45638
255829,45638
125340,45638
61216,45638
256706,45637
236360,45637
21398,45637
53208,45637
261038,45637
6561,45637
274077,45637
146137,45637
251793,45637
278408,45637
6977,45637
217816,45637
227954,45637
271595,45636
121898,45636
190265,45636
4617,45636
19523,45636
166633,45635
91808,45635
222047,45635
219437,45635
181421,45635
6207,45635
291415,45635
196956,45635
95954,45635
100551,45635
235129,45634
88792,45634
145086,45634
57314,45634
49211,45634
190561,45634
221390,45633
173578,45633
163797,45633
290912,45633
129272,45633
251124,45633
175847,45633
75430,45633
226,45633
80200,45632
246266,45632
107395,45632
264610,45632
252652,45632
239471,45631
198836,45631
13491,45631
195616,45631
106926,45631
30782,45631
214953,45631
281080,45631
178131,45630
10914,45630
75166,45630
25095,45630
31502,45630
103747,45630
155640,45630
279923,45630
12335,45630
90192,45629
229732,45629
281000,45629
256115,45629
6157,45629
60559,45628
243994,45628
291831,45628
231196,45628
274684,45628
101240,45628
73113,45628
274546,45628
253419,45628
204181,45628
240324,45628
196999,45628
95386,45627
235217,45627
85549,45627
125652,45627
291857,45627
279673,45626
37428,45626
295981,45626
21142,45626
69519,45626
53072,45626
294769,45626
112645,45626
59970,45625
10203,45625
87592,45625
254815,45625
208132,45625
234777,45625
262754,45625
207562,45625
124065,45625
290874,45624
12177,45624
43952,45624
214062,45624
261424,45624
160523,45624
285224,45624
190296,45624
19887,45624
209358,45623
78251,45623
237433,45623
115408,45623
74485,45622
10913,45622
196344,45622
23176,45622
149407,45622
185763,45621
197998,45621
289944,45621
99155,45621
138062,45621
125281,45621
32738,45621
22016,45621
19067,45621
140276,45621
78733,45621
221579,45621
143506,45621
100098,45620
250760,45620
250695,45620
28103,45620
282259,45620
137025,45619
210963,45619
19236,45619
201130,45619
526,45619
192085,45619
255242,45619
96533,45619
66740,45619
85562,45618
158352,45618
241482,45618
21178,45618
191722,45617
129942,45617
71799,45617
197345,45617
182835,45617
207571,45617
194656,45616
291455,45616
212032,45616
141478,45616
53529,45616
135043,45616
245566,45616
288995,45616
205694,45616
244770,45616
271733,45616
290967,45616
3221,45616
271801,45616
278670,45615
223535,45615
254154,45614
194860,45614
1984,45614
193143,45614
52181,45614
37505,45614
145830,45613
182111,45613
186526,45613
125894,45613
39128,45613
205274,45613
126736,45613
250925,45613
16151,45613
71608,45613
53285,45612
288300,45612
286676,45612
270529,45612
256945,45612
160844,45612
92900,45612
218211,45612
16532,45611
26077,45611
176565,45611
205000,45610
214851,45610
157143,45610
181532,45610
232217,45610
16936,45610
252427,45610
65887,45610
205213,45610
213552,45610
15028,45610
229497,45610
99688,45609
215696,45609
256060,45609
89440,45609
251448,45609
160397,45609
277498,45609
226082,45609
20159,45609
105192,45609
260086,45609
103211,45608
277298,45608
256769,45608
37655,45608
21065,45608
266983,45608
199054,45607
136680,45607
80671,45607
146265,45607
22204,45607
195196,45607
295983,45607
293536,45606
123209,45606
263616,45606
82780,45606
96089,45606
257971,45606
283866,45606
282131,45605
109903,45605
32448,45605
117377,45605
240656,45605
9144,45605
44422,45605
277236,45605
12987,45605
12126,45605
174259,45605
22733,45605
229521,45604
293156,45604
235342,45604
196414,45604
223295,45604
199656,45603
151623,45603
244864,45603
264437,45603
118756,45603
243037,45603
169518,45602
44153,45602
14581,45602
226685,45602
213490,45601
269826,45601
253913,45601
258913,45601
217260,45601
208587,45601
217466,45601
194984,45601
293633,45601
179017,45600
281933,45600
75590,45600
195981,45600
288878,45600
674,45600
151612,45599
296080,45599
50551,45599
191634,45599
12912,45598
148276,45598
180364,45598
238558,45598
275424,45598
216122,45598
29328,45598
139679,45597
209711,45597
107112,45597
261247,45597
233966,45597
187858,45597
223194,45597
230432,45597
36035,45597
62780,45597
238519,45596
181029,45596
5192,45596
188385,45595
197521,45595
174566,45595
104986,45595
223309,45595
72601,45595
247685,45595
27240,45595
14506,45595
251489,45594
104194,45594
19464,45594
193817,45594
178338,45594
160097,45594
212037,45594
172787,45594
127173,45594
12604,45593
48102,45593
208749,45593
32767,45593
164196,45593
189601,45593
281650,45592
143325,45592
235750,45592
196561,45592
259604,45592
29202,45592
13426,45592
211407,45592
286834,45591
242440,45591
296517,45591
11343,45591
218376,45591
24426,45591
180106,45591
263760,45591
5546,45591
172842,45590
191224,45590
291556,45590
266108,45590
205477,45590
17467,45590
251918,45590
259888,45590
290752,45590
82825,45590
147265,45590
235771,45589
108538,45589
111129,45589
191323,45589
96623,45589
183205,45589
240421,45589
177189,45589
143401,45589
253125,45589
130208,45589
94930,45589
187360,45588
41823,45588
275996,45587
173381,45587
275807,45587
208916,45587
296458,45587
84922,45587
105763,45587
248018,45587
214867,45587
24388,45587
73714,45587
238768,45586
92992,45586
115441,45586
10081,45585
139390,45585
168089,45585
277454,45585
141816,45585
264574,45585
39119,45585
156615,45584
122024,45584
226708,45584
158999,45584
116870,45584
17730,45584
258558,45584
212069,45584
255357,45584
137847,45584
289646,45583
256957,45583
222334,45583
131075,45583
261989,45583
74973,45583
44221,45583
255210,45583
29611,45583
68178,45582
23883,45582
160663,45582
212502,45582
167838,45582
140794,45582
169031,45582
280771,45582
161119,45581
5682,45581
13028,45581
189662,45581
167542,45581
58078,45581
270059,45581
114045,45580
266574,45580
257940,45580
113897,45580
211119,45580
163751,45580
167159,45580
62752,45580
45663,45579
280045,45579
15739,45579
7923,45579
5912,45579
225129,45579
141295,45579
240470,45579
275756,45579
33442,45578
248096,45578
87727,45578
221048,45578
39142,45578
110009,45578
76649,45578
149808,45578
286811,45577
267275,45577
60682,45577
251670,45577
196146,45577
241757,45577
177526,45577
156954,45577
104711,45577
263216,45577
6278,45576
112903,45576
130862,45576
96976,45576
233416,45575
238657,45575
182127,45575
181690,45575
188912,45575
48828,45575
151343,45574
190370,45574
244185,45574
57351,45574
256139,45574
209142,45573
26755,45573
259085,45573
14551,45573
280286,45573
70366,45573
66641,45573
237795,45573
258165,45573
9328,45573
172659,45572
2628,45572
232269,45572
178867,45572
32506,45572
20789,45571
174995,45571
158880,45571
261239,45571
259306,45571
277718,45571
8814,45571
8968,45571
28514,45570
112421,45570
128975,45570
220853,45570
48376,45570
276680,45570
48125,45570
207522,45570
34368,45570
106420,45569
210270,45569
175798,45569
162841,45569
195930,45569
274094,45569
177400,45569
38916,45569
16847,45569
293237,45569
166413,45569
176296,45568
255363,45568
202411,45568
74235,45568
268777,45568
99691,45568
242389,45568
44926,45568
51299,45567
289057,45567
54521,45567
153974,45567
153303,45566
34740,45566
86947,45566
152504,45566
276606,45566
183587,45566
295238,45565
152967,45565
131122,45565
56582,45565
251484,45565
153743,45565
280144,45564
273675,45564
34130,45564
243979,45564
289124,45564
86140,45564
276117,45564
176902,45563
82363,45563
113983,45563
210650,45563
109424,45562
179634,45562
144641,45562
59322,45562
118131,45562
235799,45562
270269,45562
169755,45562
261938,45561
125003,45561
201636,45561
191856,45561
119739,45561
31222,45561
62199,45561
135648,45561
223066,45560
44522,45560
38429,45560
189857,45560
161036,45560
45008,45560
85466,45560
110171,45559
50307,45559
209185,45559
129933,45559
65351,45559
91458,45559
155980,45559
236639,45559
212650,45559
130375,45559
158722,45558
244733,45558
161538,45558
117631,45558
172542,45558
176881,45558
150799,45558
255974,45558
8871,45558
155773,45558
84930,45558
170328,45557
69443,45557
192367,45557
165894,45557
253577,45557
189298,45557
254062,45557
252455,45557
9795,45556
178872,45556
207519,45556
247318,45556
292555,45556
67952,45556
153618,45556
198047,45556
165954,45556
200523,45556
230581,45556
189655,45555
227466,45555
272513,45555
6077,45555
78289,45555
36357,45555
174168,45555
73713,45555
259352,45554
129578,45554
136007,45554
133894,45554
32419,45554
148393,45554
20072,45554
265618,45554
197096,45553
