50461,100000
47463,65999
44744,65072
50180,64862
50444,64801
54857,64702
50471,64601
46675,64553
48395,64552
50618,64397
51364,64371
49064,64142
45749,64035
47190,64002
53587,64001
54072,63722
48934,63352
44036,63232
54024,62927
43080,62649
41861,62027
45123,61671
43177,61584
44402,61573
39844,61360
41105,61323
41779,61299
43955,61232
44855,61197
38394,61178
44919,61171
39999,61154
37682,61120
43164,61073
41290,60944
39582,60919
48826,60915
41235,60849
42415,60749
42246,60444
39292,60430
41229,60383
38196,60373
38965,60274
45192,60206
35524,60188
39249,60162
41737,60063
41488,59806
37648,59707
38898,59561
40406,59494
46402,59277
41177,59081
72780,58690
40146,58588
63702,58578
45507,58458
34726,58422
37946,58351
73669,58341
75565,58146
86738,58060
44774,58022
57130,57899
61711,57754
57475,57695
57292,57687
47738,57657
74091,57645
75200,57630
63123,57597
68309,57439
81857,57415
51800,57411
71995,57409
60081,57387
55454,57258
53294,57243
72463,57241
74777,57211
74458,57163
68085,57151
65995,57111
50545,57104
76007,57080
73496,57024
67317,56997
69459,56978
67811,56972
56272,56964
70604,56924
57819,56867
56352,56839
62993,56789
48700,56780
78765,56780
64244,56756
64143,56737
66562,56698
54666,56677
68028,56677
61213,56664
70080,56634
72306,56632
54898,56627
52460,56564
49250,56530
48770,56505
75769,56495
76757,56494
51449,56477
52763,56465
47264,56465
47663,56446
62500,56441
51757,56439
68189,56435
61315,56411
75257,56401
77690,56398
71131,56376
50449,56366
58672,56360
88880,56309
67686,56303
56127,56301
69857,56283
51526,56281
56286,56247
73586,56231
58251,56231
64199,56206
69891,56188
50331,56178
54015,56136
57183,56112
49180,56086
58499,56083
48698,56005
59872,55944
54700,55856
67623,55764
67572,55682
61988,55678
74771,55654
54651,55627
66331,55591
141791,55442
62592,55418
59969,55403
111434,55338
58864,55280
51318,55245
130843,55233
72983,55187
162615,55119
62455,55095
59638,55021
86941,55011
176397,54984
56782,54925
56890,54905
124600,54893
133208,54841
122059,54797
85155,54795
153590,54783
116851,54771
112275,54724
95381,54702
141952,54662
87046,54554
46410,54537
79619,54434
89181,54431
111663,54418
115615,54400
115261,54379
101901,54322
50379,54319
94582,54304
106903,54282
57355,54251
84097,54218
94076,54164
84313,54150
115280,54137
108353,54137
112252,54122
121202,54122
99956,54121
102302,54104
33452,54068
151257,54059
71109,53942
112129,53908
88686,53862
136603,53812
171939,53786
127955,53775
88321,53773
95410,53756
95734,53755
100615,53665
91726,53654
122243,53626
103414,53625
86777,53591
89625,53577
113833,53546
105084,53529
93316,53523
78205,53493
90065,53470
129010,53459
5690,53411
88393,53355
234030,53345
96478,53322
97166,53312
79839,53300
79872,53279
78344,53252
118755,53231
127633,53191
88115,53189
115944,53180
75153,53162
287298,53143
97537,53136
115734,53101
95371,53101
133453,53092
93446,53088
83775,52980
220021,52969
90088,52940
123589,52935
76822,52904
94041,52886
124900,52882
102987,52855
90510,52854
91106,52850
73920,52840
98864,52826
96201,52804
262108,52793
229544,52728
128390,52687
91794,52617
118696,52612
219598,52600
227783,52585
94099,52570
132026,52544
91545,52534
82428,52520
206273,52494
96039,52486
284056,52444
87401,52426
96993,52425
77508,52425
179207,52399
86531,52398
191748,52395
82896,52393
251099,52391
75149,52390
107873,52387
97017,52385
162799,52381
181059,52368
292146,52367
288497,52359
103723,52358
127880,52346
186460,52302
92459,52291
99927,52289
255988,52270
237417,52245
90317,52210
90976,52209
195170,52206
186753,52202
102292,52125
63577,52125
83036,52112
88451,52084
185539,52084
265258,52061
108844,52052
87518,52043
238568,52016
199605,51966
96423,51964
237648,51950
242185,51949
283646,51936
28596,51915
115499,51900
199994,51891
247303,51878
100818,51867
202974,51865
207035,51859
96246,51854
104709,51852
244859,51837
175588,51821
129678,51813
281194,51801
290747,51793
91941,51791
194447,51781
87891,51777
220989,51766
240024,51762
204550,51752
92927,51745
100949,51743
66091,51708
81583,51690
94752,51679
103518,51671
257673,51649
281495,51645
103506,51642
287718,51638
242104,51629
101636,51626
91618,51600
137220,51589
100925,51568
212554,51563
241275,51556
86072,51551
285993,51549
198970,51549
97475,51543
243051,51542
254857,51537
212766,51523
212133,51516
163702,51502
281120,51499
76819,51498
277339,51485
93496,51476
240701,51475
278302,51474
202078,51467
99031,51466
206389,51451
109249,51447
98797,51441
99192,51430
234559,51419
291903,51406
159931,51404
292659,51399
217706,51393
294533,51384
279487,51382
3180,51379
104991,51374
108958,51371
286343,51368
273486,51347
194425,51326
103545,51310
253952,51300
288051,51296
98957,51285
96494,51285
263920,51279
261069,51271
249705,51266
86945,51265
190165,51244
293111,51214
283676,51214
84490,51211
187470,51196
286249,51194
104080,51191
216617,51184
89199,51169
232391,51167
276383,51155
192888,51139
287510,51119
295506,51112
256997,51108
286884,51108
264001,51081
205524,51057
237398,51056
253715,51054
97311,51046
287330,51019
101325,51006
286716,50999
96354,50990
232429,50973
188377,50965
91666,50963
38899,50942
106243,50941
105361,50929
85410,50905
251146,50905
85139,50890
271915,50864
113690,50861
96692,50857
242035,50856
100685,50847
204654,50845
65529,50843
87901,50841
255215,50841
220310,50830
100977,50825
226215,50816
234305,50813
279524,50809
283434,50808
294451,50802
106114,50796
189324,50795
95453,50775
94234,50773
92654,50770
102247,50765
73407,50764
276158,50763
97466,50760
118848,50749
109550,50736
108732,50719
138007,50664
95645,50635
266315,50628
78855,50615
227814,50614
277103,50610
97437,50596
76504,50593
87823,50573
85261,50566
38261,50559
91179,50549
117457,50543
103649,50539
239670,50520
282376,50513
96578,50505
110806,50503
110256,50497
132407,50495
80687,50493
101365,50467
96789,50449
88926,50443
107021,50432
98554,50430
95391,50423
49200,50409
93337,50388
83898,50388
233591,50380
237444,50367
84082,50364
99615,50364
243408,50345
92138,50336
101174,50323
266576,50309
67509,50301
42384,50299
99583,50287
46634,50282
104417,50280
52675,50277
250283,50271
104326,50269
45830,50255
111353,50251
231173,50231
50702,50216
54332,50198
81212,50196
98102,50192
102122,50185
42062,50179
42916,50174
91254,50166
141987,50153
102459,50148
103294,50138
92675,50133
76830,50130
39832,50129
100822,50126
47117,50109
103759,50107
117904,50092
238817,50075
106897,50073
86925,50059
94751,50053
111668,50052
99389,50048
43540,50036
41083,50034
77531,50017
97933,50015
101748,50013
55755,50011
51802,50007
100309,50005
96193,50003
67146,49992
75851,49988
53605,49985
50493,49967
127714,49955
70053,49942
295420,49941
48374,49938
89414,49934
39783,49931
86086,49930
97450,49917
108630,49903
37451,49898
35854,49882
153870,49880
89350,49878
49801,49874
63503,49870
98611,49861
195421,49860
94153,49859
94642,49859
52600,49856
43875,49845
99100,49844
51890,49843
45301,49831
75524,49828
97091,49824
52760,49819
229329,49818
50865,49805
47773,49803
62984,49796
45359,49793
88402,49784
97823,49784
46136,49780
247770,49780
77397,49780
47923,49778
49758,49777
131874,49775
80385,49774
103529,49773
105209,49771
118979,49769
43349,49769
43685,49758
114649,49755
207080,49747
57787,49738
84033,49736
93719,49730
56265,49729
78415,49727
37209,49725
72500,49725
40841,49717
50059,49713
45836,49712
47373,49712
75601,49709
82269,49708
35814,49706
62731,49702
100025,49689
46349,49683
82819,49682
67403,49680
91892,49676
82936,49674
104261,49671
46889,49669
81973,49660
94143,49650
42741,49641
50094,49633
68090,49622
59609,49621
76100,49617
42465,49614
89821,49612
36636,49612
63617,49610
290773,49600
84430,49596
170878,49588
43726,49575
53209,49571
47612,49561
83438,49559
93224,49545
83211,49544
48592,49542
46867,49536
273524,49532
45586,49531
98466,49527
41186,49525
76111,49524
45290,49520
52934,49517
78640,49515
50048,49510
45939,49510
92198,49505
46690,49500
62792,49495
48671,49492
77505,49488
55794,49482
59780,49474
50953,49469
83953,49469
86658,49460
54502,49454
49137,49453
251745,49449
233080,49441
71203,49436
68951,49436
213422,49432
72885,49426
78837,49425
39957,49423
50177,49423
37733,49422
102037,49421
84803,49418
60186,49416
41946,49415
41295,49413
50243,49412
62630,49411
51140,49403
76749,49402
260833,49401
113654,49396
130665,49395
75106,49393
37085,49388
191702,49388
89449,49383
42293,49370
225295,49370
51518,49370
178159,49368
41109,49364
88457,49363
76181,49362
37262,49359
54789,49358
61909,49354
43910,49352
48868,49345
53144,49341
49112,49338
87893,49336
48437,49335
94574,49330
44384,49329
253985,49327
38547,49325
43225,49322
64180,49321
46007,49319
51926,49317
37985,49315
45306,49315
84397,49314
42671,49314
89166,49310
106961,49308
54531,49306
44346,49306
42098,49305
80337,49305
45740,49303
96079,49303
50273,49299
32064,49299
37011,49298
48371,49296
38179,49296
44844,49294
44107,49294
253918,49285
48945,49272
43130,49271
37064,49271
59163,49270
94796,49261
26495,49259
73898,49256
281778,49246
37393,49245
80662,49245
51695,49243
67897,49240
65189,49231
70684,49226
55400,49216
43592,49215
229750,49210
82151,49208
67535,49207
79519,49201
77484,49198
90521,49196
44367,49194
78710,49190
29915,49185
43048,49176
80094,49173
41561,49171
44389,49170
42211,49169
76679,49166
83926,49166
51178,49163
37963,49160
44712,49157
54952,49154
102089,49152
45682,49152
13078,49150
32750,49149
293100,49134
45797,49132
47931,49127
271752,49126
36228,49124
38286,49118
45447,49117
60835,49111
62654,49109
47163,49108
73931,49107
37569,49103
63998,49100
37421,49099
79580,49099
70304,49098
42336,49093
72846,49091
49865,49091
63625,49089
53381,49086
90217,49084
35375,49083
258997,49082
44356,49079
40805,49076
81447,49073
261540,49071
48490,49068
32519,49063
42618,49063
80168,49062
45230,49062
99617,49060
65395,49055
34556,49053
54910,49053
116207,49048
26581,49047
37938,49044
52319,49040
96655,49036
9566,49030
38750,49021
74141,49020
88665,49017
46603,49015
69102,49015
84986,49013
42358,49002
16803,49000
53306,49000
31242,48995
43283,48992
39451,48989
290474,48983
32048,48979
42173,48977
151417,48976
49734,48976
55133,48971
53336,48969
51713,48967
76765,48964
133294,48959
47545,48956
73074,48956
68170,48952
287031,48948
74204,48946
45243,48943
44377,48942
201535,48940
52661,48938
65042,48937
28473,48933
42926,48926
115594,48924
8752,48922
32864,48922
295532,48921
222181,48915
61979,48906
25205,48904
208878,48900
285907,48900
50233,48896
72012,48890
26376,48881
66764,48880
62047,48878
44894,48875
294634,48875
271871,48873
266349,48870
58079,48868
46433,48866
11392,48857
66943,48855
61940,48854
31394,48849
42460,48844
9755,48843
36501,48841
13265,48835
36130,48835
49727,48834
25769,48827
213357,48823
51678,48819
28005,48815
36752,48814
101421,48809
136712,48809
58497,48809
59119,48806
270007,48804
67921,48803
19462,48791
51097,48790
42414,48789
35469,48783
48730,48783
71538,48783
265186,48778
82445,48775
10318,48774
25576,48773
67774,48770
278884,48770
50219,48768
41870,48764
47532,48762
281825,48761
10275,48760
9524,48760
265697,48759
227891,48759
105515,48757
44303,48753
11110,48749
217616,48745
50508,48732
88257,48729
76316,48722
74828,48722
68968,48721
176253,48720
26096,48708
53271,48706
258690,48704
262392,48703
239338,48700
12280,48693
59685,48690
171757,48682
8439,48682
214552,48681
26786,48677
79150,48674
76730,48669
12525,48668
67855,48668
43407,48666
29591,48665
24558,48664
13116,48662
115123,48661
295351,48660
161022,48654
12552,48654
11258,48650
44941,48648
230551,48647
8858,48646
50827,48645
13291,48641
12467,48640
11020,48639
63827,48637
51762,48636
77355,48627
239619,48625
28460,48625
13384,48623
27307,48618
46012,48616
25617,48616
9713,48614
57953,48608
13611,48608
244968,48605
25175,48603
33262,48600
68402,48599
189488,48595
269317,48583
68274,48577
19597,48576
28102,48575
77597,48569
27132,48565
204471,48556
71525,48556
55716,48556
46405,48553
13703,48551
64739,48550
12760,48549
30554,48539
76397,48535
34103,48531
279038,48530
14158,48526
10094,48525
34669,48522
46361,48522
10987,48521
10052,48520
47608,48518
85987,48517
33226,48517
13231,48510
16017,48509
51798,48506
290742,48506
168568,48503
266085,48502
16696,48501
32748,48501
57560,48500
29017,48494
205268,48492
190916,48490
45155,48484
81802,48482
27448,48481
42463,48480
34125,48479
10822,48477
57579,48472
285500,48470
265984,48468
29205,48464
271334,48460
30127,48454
7223,48453
10512,48452
282290,48450
7555,48448
22774,48444
23884,48443
24235,48439
246799,48438
13124,48437
292242,48436
63013,48433
146834,48431
284917,48431
10830,48430
26686,48429
25844,48429
211599,48427
15752,48420
242383,48420
12217,48419
21744,48419
24782,48418
277761,48416
30618,48416
281006,48415
252645,48415
26121,48412
24292,48412
13588,48411
53503,48405
25937,48401
12883,48400
156908,48397
11654,48395
40200,48388
33863,48383
13174,48376
17161,48375
25157,48372
25414,48368
82909,48367
17594,48360
27908,48358
6761,48355
28759,48354
25727,48352
217985,48352
26965,48347
9461,48344
84916,48340
26443,48340
30095,48339
26224,48338
253316,48336
24376,48335
28198,48333
13374,48333
34814,48333
22506,48328
35374,48327
44512,48325
198539,48325
39284,48321
20370,48321
258222,48311
225652,48304
25654,48299
19575,48294
26228,48289
49231,48289
262065,48288
29211,48286
220366,48285
26150,48285
19895,48283
61627,48282
81021,48282
64499,48280
16302,48280
287635,48277
165281,48275
24766,48273
26643,48273
8867,48261
23461,48261
27981,48257
20113,48256
216121,48255
26627,48254
70151,48254
262261,48253
26238,48252
25657,48252
280318,48249
71764,48247
12273,48246
190105,48244
32052,48240
23180,48235
15402,48235
24141,48232
16822,48227
280843,48225
170751,48224
42479,48222
13886,48221
209846,48215
17271,48212
13607,48204
58183,48204
23395,48202
7896,48201
290952,48200
280136,48200
23507,48200
25469,48199
14033,48195
12685,48195
284724,48194
96116,48183
12323,48183
24358,48180
30033,48178
194901,48177
7583,48176
267138,48175
21285,48175
23994,48173
26026,48172
24489,48172
14096,48172
3601,48171
26972,48170
4843,48169
260012,48165
24006,48165
36381,48162
6102,48159
20561,48152
24560,48152
199824,48151
25264,48148
27799,48147
22279,48144
29280,48140
24615,48139
18595,48139
469,48138
25124,48133
187298,48131
24950,48130
29325,48126
17707,48126
24589,48125
271396,48120
25456,48118
26970,48117
54890,48116
26548,48115
226270,48114
26155,48113
20405,48112
11185,48112
38399,48110
54986,48103
26711,48102
278253,48100
237424,48099
11156,48098
266876,48096
22867,48094
31910,48094
209821,48093
253327,48090
18017,48087
26918,48085
25770,48080
16180,48078
25808,48077
253018,48076
17221,48076
149925,48074
25738,48073
32960,48072
64378,48072
19305,48071
15363,48068
24230,48066
17624,48066
12663,48065
24763,48065
30411,48063
251294,48062
27232,48062
29425,48061
172977,48056
1485,48055
99135,48053
11217,48048
35995,48040
18826,48039
22799,48038
27335,48037
26300,48033
24833,48031
27203,48028
19352,48026
17729,48025
24059,48025
26092,48025
15232,48025
250699,48024
25479,48023
163475,48021
18945,48018
263799,48013
45531,48013
59365,48012
20203,48005
182638,48004
30490,48003
27134,48002
25466,48001
9870,48000
190135,48000
23197,47999
72677,47996
25405,47993
23168,47992
31228,47982
25429,47981
23072,47980
19404,47978
37295,47978
24477,47974
194086,47970
234319,47969
283965,47966
119757,47965
15830,47957
109980,47953
169014,47952
182285,47952
265440,47950
21250,47949
283228,47947
283226,47945
23737,47945
258889,47945
186937,47942
26469,47940
231503,47940
24407,47939
244195,47939
24614,47936
25216,47931
282590,47931
155665,47930
24931,47930
23694,47929
26046,47929
15582,47929
263134,47925
7369,47925
273625,47921
1408,47920
27619,47919
343,47918
20742,47917
22135,47914
258921,47911
238988,47909
211865,47908
33574,47907
289431,47907
266931,47902
194906,47902
264069,47900
39302,47898
13571,47898
278493,47895
24810,47889
175917,47889
188314,47888
253587,47887
157694,47886
265566,47883
235262,47880
14147,47880
20192,47878
289737,47876
27993,47876
22479,47875
230223,47873
274049,47871
294880,47865
24243,47863
22181,47863
290524,47860
261237,47859
283240,47856
104891,47856
219525,47856
144045,47852
22476,47851
8182,47851
22336,47850
26191,47849
279819,47848
198917,47846
157591,47844
195642,47836
161474,47835
26212,47834
169690,47834
75,47834
266406,47833
25052,47832
225496,47830
22340,47828
24509,47827
8585,47826
250956,47822
169493,47819
25500,47817
20786,47816
140963,47815
23470,47815
61490,47813
246523,47811
227316,47810
25815,47808
267136,47808
260824,47805
220598,47805
257723,47804
24747,47802
23000,47798
252669,47797
19008,47795
80220,47794
226342,47793
286516,47791
30663,47790
7908,47790
138524,47789
264027,47789
10905,47787
236982,47786
24296,47786
9059,47784
211407,47784
210248,47783
185820,47783
255331,47781
224951,47780
204937,47780
207954,47780
26019,47779
25877,47777
132646,47777
236188,47776
98081,47770
239201,47767
230947,47764
20215,47764
203191,47760
134283,47760
179517,47759
284769,47755
273152,47748
257417,47748
84687,47747
263123,47744
191837,47741
21371,47741
210538,47740
28630,47738
225053,47737
238313,47736
24805,47736
199807,47735
238920,47735
272657,47735
12142,47734
43959,47734
17996,47733
238721,47731
102972,47730
5042,47729
99896,47729
263553,47729
14890,47724
25457,47721
225383,47719
20734,47718
256144,47715
188867,47712
24255,47710
161309,47708
84703,47708
216234,47708
205810,47706
236719,47705
231197,47705
276680,47701
170248,47701
273734,47700
215828,47700
240457,47698
25690,47696
137743,47694
24544,47693
14408,47693
230749,47692
248180,47691
216621,47690
26881,47689
17799,47686
195840,47686
296366,47686
25357,47684
212521,47678
31883,47676
69785,47675
212878,47674
284683,47674
224479,47673
220979,47673
197407,47669
28856,47669
261717,47668
272262,47668
189483,47668
289945,47667
262434,47664
199221,47663
8201,47662
7563,47659
199093,47659
255517,47659
231837,47658
211507,47658
251714,47657
175989,47657
27970,47655
202796,47655
116549,47651
226784,47650
202755,47649
212473,47646
248398,47645
293613,47643
273041,47643
282800,47641
217868,47639
12299,47638
116009,47637
154230,47635
291750,47633
200834,47633
279646,47632
2718,47629
283415,47628
216279,47627
8091,47626
269743,47624
18737,47624
254147,47623
218566,47623
227864,47620
195190,47616
62728,47616
32156,47615
215757,47610
238010,47609
190159,47609
242990,47608
278689,47606
255674,47606
235785,47605
246596,47604
218952,47604
244445,47603
141467,47601
229467,47601
285600,47600
125457,47598
269660,47598
190388,47597
259040,47596
13866,47595
296118,47594
174979,47593
213756,47592
18267,47592
151561,47587
24096,47587
203707,47586
26829,47586
241133,47586
189634,47586
152554,47585
12162,47583
280098,47583
38390,47583
13468,47580
19117,47580
25504,47579
15429,47578
266462,47576
8544,47574
286305,47573
260582,47571
187412,47568
206307,47564
29480,47563
8296,47563
25829,47562
158006,47562
22901,47561
23102,47560
249400,47559
273768,47558
11776,47558
30113,47558
259321,47557
169029,47556
106287,47555
237637,47553
42025,47551
203010,47550
179416,47549
263515,47548
211504,47548
19714,47547
269014,47546
20939,47546
72726,47545
138639,47545
172364,47545
258964,47543
133318,47542
183237,47541
150385,47541
210688,47541
21641,47540
824,47540
23605,47538
213730,47537
25096,47536
24085,47535
213667,47535
100871,47535
206910,47534
145981,47533
237154,47531
198107,47527
124130,47527
256807,47522
220806,47521
162674,47520
198948,47520
32344,47519
217501,47517
200783,47517
136645,47517
5914,47516
289456,47511
22510,47511
250222,47509
273018,47506
193842,47506
265829,47506
246556,47505
209233,47505
30733,47504
159551,47504
25786,47503
107515,47502
179236,47501
106467,47501
2442,47500
232516,47499
250265,47499
293559,47498
294421,47497
230140,47496
16428,47495
274698,47493
168644,47491
25074,47490
163090,47489
14982,47488
282208,47488
253147,47485
238030,47485
24264,47484
255605,47483
218272,47479
23539,47479
245677,47478
147768,47478
268400,47475
217417,47474
194838,47473
192275,47472
147987,47472
250350,47472
170257,47471
118760,47470
19868,47469
225972,47469
226707,47468
220060,47467
165165,47467
161333,47464
193054,47464
30116,47464
16406,47462
274674,47461
54776,47461
204597,47461
20388,47458
4414,47458
288692,47457
129754,47457
171007,47455
108685,47455
231708,47453
231132,47452
88246,47451
147429,47450
148791,47450
257034,47450
217345,47450
231198,47449
213291,47448
266810,47446
244265,47445
102525,47441
10722,47438
223374,47438
38511,47437
221906,47436
232366,47436
20503,47435
173656,47435
295486,47435
275455,47434
115137,47432
257331,47432
288222,47432
116532,47432
6499,47431
255258,47429
263406,47428
106240,47427
270366,47425
126618,47424
208929,47423
70639,47423
238879,47422
239441,47422
247897,47422
229252,47422
61708,47419
287450,47418
209623,47418
236439,47416
222939,47415
233703,47413
201251,47411
215307,47410
125516,47409
259316,47408
220156,47407
283536,47407
281312,47405
103985,47405
189775,47401
195294,47400
6772,47399
210292,47398
284176,47393
150598,47393
212426,47392
255803,47392
187138,47391
187496,47389
282021,47386
255875,47385
245300,47384
226880,47382
193245,47382
194871,47381
188,47378
214626,47377
197957,47374
233722,47373
279182,47373
100778,47372
14344,47372
241735,47369
7190,47367
255253,47366
244304,47365
139058,47364
257724,47364
208109,47364
277059,47363
222200,47363
171266,47359
35041,47358
249371,47358
211883,47357
17496,47357
161452,47356
201177,47355
176855,47354
90141,47354
170546,47353
192425,47352
250279,47352
203266,47352
178005,47352
29517,47352
180703,47352
122407,47351
215701,47351
226422,47350
225675,47349
257042,47348
67513,47346
13392,47345
93937,47344
277029,47343
196220,47342
280131,47342
157439,47340
223050,47339
264518,47339
283054,47338
28338,47336
144527,47336
265478,47332
238290,47329
241980,47327
162844,47324
146328,47324
287784,47323
261558,47323
19362,47322
153531,47320
142387,47319
99709,47318
229636,47316
271532,47316
189972,47316
196509,47315
112498,47314
107018,47314
229758,47314
207180,47314
23854,47312
94296,47312
210733,47311
124189,47311
233462,47311
247996,47310
3097,47309
144390,47309
66514,47307
222029,47307
273193,47305
157501,47304
151690,47304
64519,47304
103064,47303
96847,47302
200701,47302
278221,47301
254710,47300
185695,47300
281511,47299
28727,47296
220969,47296
66756,47295
129820,47295
121711,47295
273311,47294
8714,47294
178197,47293
256358,47293
249956,47291
188408,47291
248798,47290
205484,47290
107250,47290
198341,47290
216498,47289
208967,47288
256099,47288
39419,47287
81580,47287
26391,47287
28573,47286
270046,47285
158737,47283
124014,47283
161139,47282
136621,47281
123104,47279
214602,47278
180665,47278
150608,47276
225394,47275
238123,47275
240978,47275
243168,47269
213925,47269
192484,47269
81343,47267
154040,47266
199773,47266
106194,47265
267743,47264
230812,47263
27609,47262
94929,47261
178393,47261
231663,47259
145495,47259
124757,47258
237557,47258
175273,47255
51481,47254
177122,47253
199922,47253
269228,47252
281022,47252
116090,47251
261378,47249
146846,47249
24669,47247
2840,47247
162877,47246
249582,47244
270733,47243
124474,47243
278668,47239
261393,47238
217485,47238
143756,47237
116270,47237
219510,47236
211661,47235
247261,47234
216776,47234
202589,47234
187558,47233
19066,47231
289273,47229
160660,47229
3794,47227
267676,47225
58507,47225
130698,47222
284488,47222
244454,47221
96288,47221
187936,47220
207984,47219
229497,47219
219312,47219
114340,47218
210944,47218
102890,47218
254216,47216
295524,47216
251539,47215
107685,47212
219251,47212
276792,47210
252696,47209
240338,47208
252962,47208
282890,47207
209154,47207
268279,47206
186961,47206
229976,47204
279013,47203
203104,47203
128669,47201
93322,47201
258585,47201
242717,47201
100848,47200
143339,47200
194817,47200
234331,47199
221645,47198
236898,47198
287818,47197
17557,47196
158525,47196
134708,47194
166407,47194
220382,47193
267683,47193
4764,47192
171418,47192
219996,47191
229311,47190
86019,47189
208546,47189
186055,47188
146977,47186
269614,47185
7004,47185
218111,47184
47460,47183
198858,47183
253194,47183
185981,47182
288713,47182
219014,47178
192412,47177
75504,47177
99909,47176
213911,47176
292988,47175
256016,47175
7659,47174
142056,47172
31357,47172
261496,47170
280506,47170
42206,47166
210846,47166
251640,47166
19396,47165
224848,47164
130139,47162
184120,47162
58724,47161
1779,47161
164417,47161
149503,47160
86385,47159
121698,47157
246189,47156
205586,47156
52454,47155
256201,47154
173661,47154
271239,47153
225211,47153
185963,47153
151949,47152
222602,47152
22262,47151
292820,47151
224497,47150
177144,47150
270833,47150
156703,47147
78851,47146
242136,47144
223457,47139
276637,47138
179332,47138
278608,47137
165754,47135
185324,47135
247592,47133
156147,47132
141953,47131
237004,47131
100222,47130
31402,47130
112595,47130
158298,47130
249577,47129
211822,47129
186562,47128
161204,47126
103905,47125
253912,47123
214057,47122
165242,47120
44291,47118
198552,47117
88992,47117
189424,47117
99895,47117
204229,47116
296258,47116
192718,47116
283691,47115
136132,47113
61367,47112
286220,47111
226115,47109
276275,47109
253778,47108
74261,47105
232100,47105
150020,47103
280062,47103
144978,47103
3439,47102
237124,47101
252466,47098
179349,47098
115950,47096
232792,47096
179280,47095
239085,47095
170873,47095
290607,47095
198578,47093
158659,47093
107314,47093
290822,47093
259836,47092
291983,47091
128522,47088
122589,47088
295702,47087
253128,47087
139112,47087
240206,47086
42746,47086
169517,47085
219020,47084
115685,47083
187255,47082
266207,47082
258210,47082
159008,47081
238825,47080
65298,47080
144369,47080
195412,47078
231088,47078
234384,47078
163548,47077
239546,47076
230285,47075
206066,47073
242370,47073
287669,47073
30289,47072
162042,47072
293874,47072
275574,47072
204687,47072
255333,47071
278553,47071
237732,47071
253509,47070
272550,47070
83317,47069
109120,47069
98633,47069
228058,47069
207926,47069
245778,47068
292063,47067
137624,47066
72153,47066
185650,47065
173260,47065
80326,47064
120146,47062
136877,47062
295295,47061
290745,47061
252875,47060
162524,47059
196425,47059
237985,47059
218054,47059
230225,47058
214629,47058
261777,47057
199782,47056
249147,47055
136163,47055
274249,47054
226156,47052
255653,47052
122115,47052
208741,47051
46882,47051
215497,47051
204123,47050
52432,47049
151277,47049
288324,47047
274376,47046
69793,47046
222378,47046
182830,47045
277194,47044
110973,47044
226755,47044
254886,47044
3171,47043
280448,47041
155965,47040
113182,47040
135158,47038
189009,47037
291921,47037
220954,47037
230085,47036
55229,47035
283698,47034
106041,47034
114809,47033
293324,47032
228874,47032
181159,47032
243930,47032
134913,47032
131814,47032
151726,47030
182935,47029
231119,47028
104704,47028
191635,47028
256022,47028
293684,47026
12766,47024
256317,47023
28428,47023
230380,47023
196795,47021
202679,47020
243266,47019
281968,47017
267163,47017
226274,47016
252592,47016
65021,47015
261909,47014
209301,47013
9354,47013
271498,47013
292492,47012
237149,47012
257147,47011
222070,47010
172762,47010
149267,47010
208115,47010
243920,47007
199072,47007
193771,47007
221446,47006
171571,47006
215299,47006
210939,47006
179773,47004
201035,47001
94719,47001
248021,47000
249308,47000
248872,47000
248781,46999
110421,46999
272855,46998
164961,46998
200024,46997
105363,46995
131216,46995
254168,46993
273844,46990
163049,46990
167321,46989
255118,46989
243434,46989
248092,46988
9851,46987
200319,46987
266833,46987
249322,46986
227512,46984
52461,46984
59439,46984
206853,46984
113567,46984
237524,46983
270361,46983
88131,46983
46120,46982
37433,46979
137983,46979
234033,46978
202208,46978
264446,46976
190698,46976
43320,46975
227535,46974
107932,46973
160173,46972
269652,46972
251894,46971
184622,46970
264583,46969
136359,46969
247648,46969
82475,46968
248428,46968
232774,46967
220347,46967
164484,46966
186573,46966
186294,46966
2451,46965
200249,46965
153992,46965
260368,46964
214759,46964
227245,46963
237327,46963
195643,46962
155966,46962
27181,46961
151537,46961
55396,46960
132545,46960
289238,46960
203848,46958
236880,46958
84072,46957
243003,46956
110064,46956
162821,46955
171403,46955
288917,46955
230804,46954
10223,46953
276910,46953
159274,46953
221922,46953
180372,46953
254821,46952
134369,46952
207120,46952
249347,46951
202369,46951
248538,46949
232320,46949
182368,46948
284623,46948
25710,46948
136128,46947
63849,46947
266618,46947
201736,46946
147057,46945
159593,46944
149406,46943
230343,46941
61741,46941
283370,46941
82820,46941
257448,46940
284997,46938
115531,46938
152238,46937
236510,46937
47314,46935
73602,46935
109983,46933
5389,46931
148449,46930
222171,46929
256881,46929
188298,46929
206087,46928
41091,46927
61208,46927
268562,46925
240998,46924
143033,46924
3914,46923
169535,46923
282833,46922
41223,46922
248691,46921
294901,46921
122757,46921
268659,46921
276520,46921
180219,46921
8111,46920
293880,46920
5240,46920
274487,46919
117315,46918
236566,46917
77217,46917
90664,46916
234801,46916
26919,46915
57473,46915
216396,46915
183452,46914
160334,46914
98425,46914
293206,46913
290078,46913
279776,46912
231573,46912
221349,46910
2630,46910
240652,46910
68425,46909
263499,46908
181849,46907
227762,46907
80430,46907
166489,46906
293313,46905
286974,46905
208820,46903
285886,46902
38021,46902
197154,46902
259245,46902
286814,46901
131255,46900
15185,46900
280077,46897
9464,46896
100192,46896
113770,46895
143417,46895
290198,46895
243262,46894
254214,46892
125822,46891
235992,46891
203444,46891
140879,46890
203730,46889
87961,46889
69805,46889
169644,46888
200168,46888
292810,46888
174076,46888
263047,46888
153719,46887
216573,46886
141837,46885
162642,46885
141753,46884
54152,46883
250268,46882
261931,46882
189285,46882
287835,46881
52554,46880
166961,46880
264103,46879
225228,46878
183225,46878
156568,46877
230159,46877
42276,46877
276123,46876
228340,46875
247168,46875
94685,46874
241115,46873
163671,46873
229966,46873
198419,46872
180404,46872
256337,46871
266635,46870
118983,46870
178984,46870
134715,46870
207714,46869
114448,46869
62718,46868
130253,46867
273330,46866
114423,46866
196873,46865
232977,46864
88174,46864
205909,46863
156620,46863
290038,46863
246163,46862
151408,46862
137805,46862
233323,46861
250612,46860
249562,46860
51584,46859
294214,46859
44031,46859
221610,46858
44017,46857
231309,46856
211062,46856
276727,46856
38519,46856
237146,46855
264721,46855
278498,46855
172305,46853
160047,46853
63599,46852
11301,46851
293833,46851
245550,46850
288928,46849
284795,46848
289949,46848
213423,46848
240416,46848
236532,46847
99742,46846
63472,46846
285581,46846
249539,46846
177203,46846
30718,46846
232432,46845
173733,46845
70309,46844
36417,46843
137429,46843
159954,46842
167298,46842
259638,46841
157062,46841
166874,46841
273315,46841
290116,46839
144927,46838
263238,46838
130940,46837
159874,46837
278596,46836
201763,46835
256766,46835
157294,46835
191306,46835
258928,46835
294919,46834
213492,46832
48074,46831
186587,46831
204882,46831
86750,46830
164301,46830
45815,46829
171614,46829
105316,46829
261649,46829
212543,46828
270615,46828
221482,46827
108476,46827
132669,46827
268231,46826
207661,46826
182297,46825
183489,46825
236064,46825
213996,46824
203089,46823
222776,46823
190641,46823
175386,46823
186016,46822
288337,46822
154635,46820
155122,46820
128819,46819
239490,46818
157575,46818
164659,46818
233069,46815
294330,46814
32161,46814
279583,46814
288704,46812
243219,46812
167963,46811
157142,46811
45677,46810
219301,46810
294098,46807
231813,46806
189563,46806
97678,46805
22933,46804
275470,46804
133183,46803
271367,46802
283976,46801
112560,46801
158916,46799
228998,46797
147034,46794
174981,46794
141873,46794
180460,46793
191078,46793
198742,46792
236734,46791
33217,46791
257129,46791
202687,46789
184552,46788
292101,46788
202109,46787
180371,46787
233530,46786
2874,46785
208375,46784
152175,46783
179174,46782
289405,46781
272157,46781
241325,46781
260117,46780
205889,46780
62452,46779
203315,46779
226149,46779
179036,46779
225932,46779
110596,46777
66968,46777
292532,46776
214466,46775
256687,46775
194417,46774
175430,46774
273728,46774
166786,46774
178512,46773
213168,46773
106455,46772
225477,46771
142384,46770
290590,46770
203378,46770
113334,46770
231158,46770
243917,46768
121970,46768
66970,46767
93269,46767
255184,46764
51128,46764
218982,46764
36436,46764
265597,46763
247805,46763
128337,46763
141313,46762
242244,46762
175410,46762
16537,46762
193216,46762
141166,46761
280258,46761
135364,46760
27558,46759
244651,46759
174535,46758
220784,46758
43220,46757
149234,46757
235170,46756
219148,46756
168273,46756
291996,46755
166642,46755
223217,46754
80695,46754
258111,46753
52679,46753
144131,46752
271191,46752
285513,46751
288568,46750
256259,46750
245965,46750
228854,46750
177311,46749
179175,46748
233796,46748
243898,46748
32433,46748
129682,46748
127838,46747
242342,46747
291515,46746
81748,46746
257854,46746
119387,46746
4980,46746
229865,46745
154894,46745
224911,46745
248056,46744
188254,46744
124840,46743
145174,46743
93601,46742
231482,46741
260391,46741
111889,46740
294541,46740
292106,46740
208805,46739
196044,46739
107237,46739
138270,46738
223624,46737
78240,46736
210417,46736
96413,46736
105654,46736
260056,46734
233370,46734
31209,46734
208336,46733
269748,46733
51587,46733
253800,46732
186969,46732
244650,46731
286375,46731
134592,46731
45261,46730
183559,46730
65991,46729
24380,46729
80516,46729
152818,46729
140341,46729
291042,46729
286874,46729
181247,46729
286353,46728
164837,46728
39579,46727
211920,46726
146847,46726
142374,46726
54017,46725
4932,46724
137846,46724
136313,46724
284035,46724
256789,46723
225185,46723
147898,46722
168142,46722
207502,46722
226907,46721
253639,46721
62337,46720
20151,46720
217322,46720
115758,46719
291796,46719
154911,46719
68773,46718
69914,46718
199881,46718
181241,46717
275011,46717
193406,46716
263135,46716
212113,46716
61254,46715
121118,46715
250878,46715
226147,46714
158074,46714
29060,46714
182388,46714
104705,46714
96035,46713
149147,46713
267710,46713
294876,46713
162360,46712
149390,46712
48328,46712
262882,46711
250965,46710
278183,46709
225693,46709
227712,46708
54331,46705
293860,46704
126622,46704
114658,46703
269807,46703
273322,46702
259379,46702
232761,46701
41813,46701
175014,46701
256456,46700
258185,46699
116600,46698
158665,46697
188261,46697
150898,46697
111028,46697
284328,46696
256092,46696
233748,46696
273077,46695
222296,46695
161266,46694
152384,46694
238574,46694
44424,46694
38063,46693
166329,46693
179405,46693
163571,46693
186571,46693
172155,46693
228507,46692
274211,46691
214906,46691
59910,46690
189414,46690
92473,46690
191951,46688
252489,46688
49829,46687
122465,46686
187655,46686
135270,46686
256818,46685
156220,46684
90285,46684
256052,46683
155302,46682
1874,46681
113130,46681
154902,46680
247886,46679
51739,46679
26353,46679
247832,46678
265406,46678
293831,46678
57682,46675
68657,46675
203045,46675
53115,46674
288993,46674
243258,46673
175467,46673
212760,46673
291845,46672
285679,46672
79430,46672
274277,46670
274798,46670
3738,46669
280863,46668
200939,46668
160742,46668
31331,46668
185917,46667
171646,46667
96419,46667
160191,46667
247091,46666
47263,46666
194297,46666
288016,46666
55462,46665
94787,46664
237516,46664
234031,46664
202090,46664
236173,46663
145502,46663
174788,46663
174651,46663
61168,46662
242578,46662
209184,46660
225481,46660
51582,46659
97049,46659
202686,46658
90303,46657
203459,46657
247641,46656
201907,46656
169973,46656
3295,46655
94037,46655
160582,46655
280477,46654
218122,46654
279550,46654
23577,46654
187360,46654
296506,46653
67197,46653
150226,46653
200488,46653
210762,46651
54784,46651
200627,46651
63856,46650
148634,46649
111375,46649
216842,46649
292205,46648
222662,46647
284563,46647
217419,46646
282593,46646
147930,46646
275436,46645
219641,46644
166926,46644
260708,46642
142560,46642
279338,46641
23931,46641
75975,46641
173371,46641
255816,46641
3508,46641
220924,46640
221750,46640
250003,46640
58051,46640
214430,46640
44155,46640
42677,46639
289714,46638
208027,46637
250664,46637
125300,46637
138500,46637
119519,46636
257814,46636
140134,46636
277269,46635
142455,46635
3749,46635
213509,46634
123644,46633
106575,46632
52790,46632
131885,46632
295806,46631
165569,46630
272456,46629
250777,46629
156575,46629
293557,46629
268688,46628
182455,46628
154169,46627
271693,46627
133627,46627
206873,46626
280675,46626
51246,46625
79592,46624
193277,46624
115654,46623
126070,46623
235104,46623
245138,46622
110760,46622
268056,46622
243170,46622
145681,46622
44770,46621
148915,46621
145634,46620
138290,46620
166124,46619
168290,46618
283655,46618
32446,46618
226167,46618
264280,46618
192934,46617
198208,46616
154199,46616
75132,46615
181442,46615
201974,46615
108278,46614
70556,46614
138318,46613
50167,46613
140214,46612
35570,46612
254573,46612
35489,46612
281111,46611
115894,46611
255770,46611
172057,46610
35555,46609
42186,46608
270887,46608
146364,46607
252205,46607
37574,46607
210484,46607
179155,46607
259637,46606
250357,46606
200359,46606
206018,46606
287759,46605
256588,46605
74624,46605
275305,46605
239065,46605
279859,46604
5212,46604
238971,46604
124416,46604
252993,46603
36414,46603
255959,46603
206368,46602
191762,46602
203771,46601
52767,46601
222679,46599
210116,46597
224198,46597
262011,46596
149445,46596
197667,46596
191455,46595
188056,46595
226773,46595
29859,46594
154496,46594
44431,46593
47879,46593
46995,46592
30089,46592
121719,46591
123358,46591
41610,46591
290288,46591
258056,46589
198546,46589
165965,46589
166269,46588
293371,46587
197888,46587
218858,46587
56833,46586
281562,46586
184152,46586
248785,46585
225937,46585
249858,46584
239967,46583
1054,46582
132476,46582
121439,46582
128155,46581
202883,46581
287352,46581
183033,46581
139821,46581
162358,46580
162631,46580
247240,46580
116896,46580
264692,46579
252303,46578
257910,46578
73945,46578
123944,46578
211597,46577
159075,46576
129001,46576
283432,46576
223235,46576
152537,46576
256915,46575
233456,46575
53029,46575
90330,46573
269491,46572
106446,46572
208607,46571
118949,46570
119039,46569
279082,46568
132339,46568
11938,46568
72265,46567
199386,46567
273568,46567
27299,46566
225411,46565
287989,46564
276317,46564
235784,46563
194476,46563
234156,46563
273151,46563
129209,46563
198862,46563
284160,46562
45852,46562
40082,46561
111233,46560
109210,46560
193021,46559
110165,46559
219561,46558
187322,46558
129561,46556
250668,46556
65648,46555
265198,46555
182534,46555
172667,46554
192051,46554
154810,46554
17260,46554
227548,46553
220736,46553
160179,46553
94687,46553
192470,46551
254128,46551
288374,46551
243818,46551
66120,46551
160980,46551
261933,46551
190615,46550
192219,46550
226578,46549
239119,46549
155848,46548
197572,46547
56531,46546
3368,46545
87580,46545
267704,46545
292978,46544
194308,46543
123192,46542
183696,46541
49303,46540
95027,46539
99749,46538
112131,46538
116887,46537
181661,46537
204207,46537
59549,46537
250559,46536
144735,46535
136638,46535
32281,46533
294946,46533
241937,46533
26033,46533
280979,46532
25430,46531
5089,46531
238983,46531
41152,46531
261036,46530
139989,46529
147740,46529
155827,46528
18167,46528
135380,46528
221176,46528
190922,46527
149105,46526
202815,46525
267983,46525
42319,46525
256611,46524
156678,46524
59862,46524
101344,46524
249242,46523
256583,46523
187614,46522
185397,46522
142793,46522
149797,46521
241820,46521
3565,46521
228653,46521
272901,46520
245938,46520
199947,46520
128138,46520
233181,46519
285432,46519
279628,46519
219344,46517
159418,46517
243205,46517
185961,46516
138051,46516
161696,46516
251442,46516
85988,46515
159095,46515
88434,46515
235011,46514
67625,46514
58600,46514
155622,46513
146694,46512
285372,46511
170771,46511
34643,46511
235962,46510
234139,46510
198185,46509
170123,46508
36505,46508
254315,46507
4636,46507
285182,46507
64691,46506
181867,46506
285821,46506
247092,46506
157612,46506
31310,46505
168971,46505
246538,46504
188926,46504
273484,46504
277966,46504
165939,46503
51709,46503
216640,46503
252686,46503
36162,46503
293162,46502
218323,46502
49630,46502
48684,46500
267134,46500
266775,46500
35240,46500
234152,46499
116233,46499
264714,46499
153808,46498
174057,46498
240505,46497
290010,46497
187955,46497
186697,46497
292858,46497
225431,46496
176171,46496
227575,46495
289033,46495
46145,46495
171073,46495
268,46494
273387,46494
182804,46492
250861,46491
123265,46491
286337,46491
281179,46491
42229,46491
62141,46490
163898,46490
48404,46488
226460,46488
280856,46486
188463,46486
23451,46486
100995,46485
146374,46485
89706,46485
114471,46485
216255,46485
142301,46485
34906,46484
51280,46482
285448,46482
93435,46481
120554,46481
242111,46480
153361,46480
53559,46480
253872,46480
219024,46479
216898,46479
288924,46478
252468,46477
93380,46477
140521,46476
155246,46474
125920,46474
210817,46474
112878,46473
233419,46473
270839,46473
225080,46472
117347,46472
247758,46472
93045,46471
59385,46471
175767,46470
292607,46470
263319,46470
204243,46469
117437,46469
63533,46469
198169,46469
169620,46469
130357,46469
173433,46467
294120,46467
105529,46467
146960,46467
228059,46466
117846,46465
197827,46465
204838,46465
291220,46465
25149,46465
199931,46465
25988,46463
82521,46463
262365,46462
278615,46462
180083,46462
5917,46461
265137,46460
191147,46460
44928,46459
199607,46457
233157,46457
61521,46456
194774,46456
292261,46456
37877,46455
167312,46454
106254,46454
49804,46453
92646,46452
43221,46452
158791,46451
296443,46451
192769,46451
258431,46451
243002,46451
109846,46450
271687,46450
288150,46450
186522,46449
279289,46449
149041,46449
234313,46448
242658,46448
56295,46448
247107,46448
260090,46448
181207,46447
169530,46447
208612,46447
286791,46447
272121,46447
212334,46446
55070,46446
29873,46446
200608,46446
115716,46446
139435,46446
49813,46446
89525,46446
151141,46445
133203,46445
284780,46445
247076,46445
222901,46445
3107,46444
285504,46443
171976,46442
290796,46442
264177,46442
291111,46441
138271,46441
199694,46440
186345,46440
131815,46440
285845,46440
109104,46439
261473,46439
140961,46439
161930,46438
122958,46438
2910,46438
991,46437
5114,46437
295831,46437
199564,46436
5135,46436
219151,46436
268778,46436
48927,46436
227754,46435
273755,46435
197430,46434
162508,46433
255146,46433
124664,46433
216975,46433
29784,46432
127370,46432
146907,46431
232397,46431
247334,46431
199600,46430
4706,46430
135097,46429
94246,46429
144940,46426
158414,46426
255105,46426
92213,46424
56762,46423
192407,46423
27410,46423
138969,46423
62329,46423
221401,46422
163874,46422
173774,46422
148638,46421
226976,46421
228063,46421
43293,46420
38326,46420
275745,46420
286629,46420
204448,46419
22942,46419
171761,46418
852,46418
82776,46417
293472,46417
163124,46417
263129,46416
177290,46415
193016,46415
292156,46415
209483,46414
210198,46414
46655,46414
193948,46414
290717,46413
229472,46413
109722,46413
254643,46413
258130,46412
142922,46412
52491,46411
233830,46411
100248,46410
204167,46410
208340,46409
192333,46409
38976,46409
213561,46408
290631,46408
237237,46408
284205,46408
191625,46408
152975,46407
254050,46407
189170,46407
243830,46406
214481,46405
41720,46405
143188,46405
237598,46404
218270,46404
39471,46403
224820,46403
225887,46403
147892,46403
259527,46402
4317,46402
236662,46401
186162,46401
206641,46401
91648,46400
150793,46400
177120,46399
277539,46399
284293,46399
42522,46398
147312,46398
246226,46398
155228,46398
260756,46397
185405,46396
128781,46396
90841,46396
200796,46396
197251,46396
90414,46395
217976,46394
164234,46394
180766,46394
198354,46394
91928,46394
286648,46393
114304,46392
170009,46392
275923,46392
267472,46392
29160,46391
256651,46391
184403,46390
256639,46390
168348,46390
172084,46390
174523,46389
124171,46389
170011,46389
231076,46388
114437,46387
117678,46387
240814,46387
119019,46386
214751,46385
283980,46385
40621,46385
234887,46385
150409,46384
83279,46384
196530,46383
214957,46383
193300,46382
216542,46382
259842,46382
85591,46381
163188,46381
65881,46381
270219,46381
216920,46381
282214,46381
169976,46380
241076,46379
286083,46379
153990,46379
135149,46378
70638,46377
182137,46377
1793,46377
164070,46376
115998,46376
273938,46375
225483,46375
165802,46375
53219,46375
236040,46374
40836,46373
132854,46373
78651,46372
208877,46371
289487,46371
39779,46371
271282,46370
182478,46370
120511,46369
164514,46369
132327,46369
43298,46368
293794,46368
204523,46368
19947,46368
103870,46367
64030,46367
78626,46365
287198,46365
274361,46364
247278,46364
271964,46364
268821,46364
294494,46363
157033,46362
87244,46362
220251,46361
177037,46361
218820,46361
188337,46360
269764,46360
159721,46360
188904,46359
238497,46359
205215,46359
289118,46358
167224,46357
181272,46356
227613,46356
285010,46355
48138,46354
276658,46354
280176,46354
47671,46353
5132,46353
135895,46352
190707,46352
288400,46352
191839,46352
158349,46352
276412,46351
2050,46351
224221,46350
177155,46350
174409,46350
257704,46350
71755,46350
4059,46350
47826,46349
194433,46349
258058,46349
262615,46349
37855,46348
178659,46347
207737,46347
233182,46347
286589,46347
244383,46346
257733,46346
197263,46346
278147,46345
142731,46345
33135,46345
159904,46344
260865,46344
227893,46344
36125,46343
248179,46343
114407,46343
182081,46342
152882,46341
80233,46341
166182,46341
153836,46340
251620,46340
179584,46340
253542,46340
79423,46339
113493,46338
161149,46338
232175,46337
241283,46337
150643,46337
41882,46336
160322,46335
122604,46335
181012,46335
149456,46334
4914,46333
48641,46333
96880,46333
197538,46333
219700,46333
190872,46333
139919,46333
231580,46332
147825,46332
249428,46332
48293,46331
25058,46330
165423,46330
101978,46330
145973,46329
78962,46329
49134,46329
130132,46328
80601,46328
207838,46328
131960,46328
111512,46327
226438,46327
43500,46327
164789,46327
257266,46326
277329,46326
108148,46324
171824,46324
219558,46324
116642,46323
265724,46323
37024,46323
164002,46323
92143,46323
160506,46322
40323,46321
205771,46321
173379,46321
180449,46321
244608,46320
38608,46319
257927,46319
32199,46319
258267,46319
42322,46319
192519,46319
54735,46318
294310,46318
37328,46316
292922,46316
186010,46315
53345,46315
22280,46314
252925,46314
157451,46312
199688,46312
284046,46312
3540,46311
174558,46310
112905,46310
240539,46310
20487,46309
189181,46309
64788,46309
44488,46309
36621,46309
59766,46309
132962,46307
262879,46307
229344,46306
250197,46306
254118,46306
197547,46306
129676,46306
253428,46305
273986,46305
177813,46305
150717,46305
283439,46305
163827,46305
195372,46304
252827,46303
63522,46303
139684,46303
40083,46303
117701,46302
216300,46302
48673,46302
204831,46302
270129,46302
78820,46302
42489,46300
112016,46300
36817,46300
40987,46299
206798,46298
169953,46298
119031,46297
263912,46296
50699,46296
64100,46296
7919,46296
47523,46296
276996,46295
272496,46295
48327,46295
152204,46295
216785,46295
42986,46295
279325,46294
174672,46294
168485,46294
36713,46294
109543,46294
215914,46293
208157,46293
41513,46293
206634,46293
65077,46293
173472,46292
118235,46292
191230,46291
52315,46291
247411,46291
260154,46290
179227,46290
210139,46290
285682,46290
44670,46289
118315,46289
166378,46289
29178,46288
196747,46288
158102,46288
209783,46288
114330,46288
133171,46287
296110,46287
254325,46287
174539,46287
3783,46287
177319,46287
144618,46287
192331,46286
54180,46286
251995,46286
4736,46285
178961,46285
153569,46284
50566,46284
267364,46283
252635,46283
160353,46282
260342,46282
148332,46282
244332,46282
120053,46282
247024,46281
133310,46281
227026,46281
240580,46281
256167,46280
153754,46280
223427,46280
254582,46279
261226,46279
35231,46279
178150,46279
295367,46278
155760,46278
271075,46278
181859,46278
31550,46277
130100,46277
26397,46276
125220,46276
1088,46276
211006,46276
64495,46276
174109,46275
87307,46274
169699,46274
44204,46274
123038,46274
287033,46274
293513,46273
251044,46273
265216,46272
240761,46272
53972,46272
172351,46272
240036,46271
228105,46271
73720,46270
46826,46270
216197,46270
233563,46268
224728,46268
142255,46267
252797,46267
47716,46267
121622,46266
56830,46265
19554,46265
252249,46264
136254,46263
288035,46263
239862,46262
208794,46262
243909,46262
107205,46262
208283,46262
181140,46261
176588,46261
63437,46261
100378,46261
206511,46260
210952,46260
221216,46259
276358,46259
152050,46258
209866,46258
139618,46258
96495,46257
246821,46257
223767,46257
226581,46256
167170,46255
276667,46255
244967,46255
243628,46255
280004,46254
152644,46254
285868,46254
197030,46254
223214,46254
226304,46253
41543,46253
170884,46253
221954,46252
4611,46252
73838,46252
163335,46252
157774,46252
153821,46251
252266,46251
128825,46251
224270,46251
283761,46251
141817,46250
195196,46250
181546,46249
274489,46249
294667,46249
163292,46249
288457,46248
276611,46248
288332,46248
125718,46247
180801,46246
231613,46246
230596,46246
247337,46245
258383,46244
152705,46244
196590,46244
276390,46244
47818,46243
150266,46243
165526,46243
58001,46242
89893,46241
73939,46241
117820,46239
39953,46239
33744,46239
206773,46238
114832,46238
6365,46238
263236,46237
43493,46237
44300,46237
180589,46236
278429,46236
260780,46236
141451,46236
227294,46236
189918,46236
143766,46235
191275,46235
106966,46234
183304,46234
129490,46233
217179,46233
47677,46233
43351,46232
238207,46232
223229,46232
206147,46231
60132,46231
143151,46230
234758,46229
174949,46229
130504,46229
45502,46227
295802,46226
272668,46226
277396,46226
198645,46226
230348,46225
217543,46225
207103,46225
257632,46225
150081,46225
251529,46225
247215,46225
283672,46225
176782,46224
206830,46224
245476,46224
133810,46223
129584,46223
243162,46223
276228,46223
48214,46223
237752,46222
174300,46222
104281,46222
207764,46222
272201,46222
60504,46221
41051,46221
111383,46221
180149,46221
77133,46221
160859,46221
169485,46220
181122,46220
258662,46220
234325,46220
54033,46219
220489,46219
66753,46219
136614,46219
102064,46219
280595,46219
245642,46219
275188,46219
270244,46218
185552,46218
105573,46217
230024,46217
147879,46217
294794,46217
154483,46217
168889,46217
102935,46216
192286,46216
157249,46216
227049,46216
152833,46216
154598,46215
122277,46215
26555,46215
285599,46214
166357,46213
126548,46213
40055,46213
154530,46212
152969,46212
288705,46210
30848,46210
287326,46210
198347,46210
281694,46209
269102,46209
1690,46208
4260,46208
40058,46208
4922,46207
239118,46206
127846,46206
133195,46206
27966,46205
271485,46204
210135,46204
204251,46204
277052,46204
152483,46203
233368,46203
61320,46202
260633,46202
179143,46201
296587,46201
203514,46201
263858,46201
258290,46200
71705,46200
286494,46200
30644,46200
228849,46200
267596,46199
109792,46199
231416,46199
224583,46199
223367,46198
229735,46197
260522,46197
267717,46196
78472,46196
136894,46196
115492,46195
207690,46195
29547,46195
208948,46195
248990,46194
41509,46194
238272,46192
287602,46192
118792,46191
291890,46191
123554,46191
67889,46189
34175,46188
57997,46188
295377,46188
141930,46187
188565,46187
21540,46186
241521,46186
272798,46186
265880,46186
110530,46185
284805,46185
126363,46185
2429,46184
108260,46184
248637,46183
125523,46183
205613,46183
223954,46183
19456,46182
154755,46182
191262,46181
142169,46181
261161,46181
173336,46180
118547,46178
185893,46178
149238,46178
48657,46177
59331,46177
201794,46177
57092,46176
135777,46176
291707,46176
287266,46175
56219,46175
38913,46175
249669,46174
286302,46174
127237,46174
230626,46174
142419,46174
286254,46174
288464,46173
225463,46172
105873,46171
60497,46171
155695,46171
181089,46169
278373,46169
291401,46169
194627,46169
260401,46168
252553,46168
133119,46168
281275,46166
126365,46166
264955,46166
225835,46165
254745,46164
280703,46164
151769,46164
183370,46164
243583,46164
65336,46163
268678,46163
258242,46162
36760,46162
230470,46162
189555,46162
150564,46162
252295,46161
284449,46161
121850,46160
150708,46159
143876,46159
167740,46159
252415,46158
43750,46158
28431,46158
278490,46158
985,46158
134208,46158
254306,46157
278833,46157
167898,46156
19121,46156
114666,46156
149063,46155
3959,46154
71889,46154
248041,46154
265481,46153
261278,46153
37710,46152
45765,46152
51452,46152
3117,46152
20717,46151
110210,46151
264397,46151
240546,46149
119111,46149
280340,46149
203515,46149
28966,46149
239046,46148
36315,46146
211548,46146
18552,46145
212713,46145
262038,46145
187738,46144
27772,46144
161903,46144
201880,46143
45986,46143
86376,46142
150014,46142
94121,46142
160492,46141
21130,46141
287884,46141
285144,46141
137459,46141
58272,46140
232405,46140
47244,46139
220613,46139
258481,46139
226287,46138
77208,46138
134410,46137
194974,46137
206098,46136
170079,46135
99710,46135
48879,46135
180343,46135
229458,46134
226582,46134
65656,46133
241492,46132
284930,46132
138542,46132
193407,46131
27176,46131
149946,46131
244455,46131
45051,46131
279901,46130
145047,46130
222788,46129
218967,46129
230083,46129
166722,46128
113782,46128
282630,46128
38639,46127
207610,46127
46508,46127
184146,46127
281477,46126
87857,46126
186161,46125
161200,46124
215128,46124
192196,46124
51362,46124
249802,46124
127271,46123
171461,46123
290299,46123
271545,46123
216774,46123
119768,46123
211485,46122
8539,46122
126000,46121
118806,46121
136720,46121
29954,46121
266480,46120
42294,46120
165449,46120
83573,46119
215532,46119
98665,46119
161524,46119
155748,46119
130661,46118
207696,46118
52402,46118
240742,46117
290179,46117
185795,46116
283267,46116
271301,46115
208649,46115
279897,46115
279754,46114
178892,46114
280578,46111
191898,46111
189623,46110
27811,46109
134998,46109
135313,46109
204663,46108
31794,46108
243312,46108
153227,46107
222395,46106
291072,46106
159490,46105
290097,46105
164984,46105
34822,46105
202739,46104
148952,46104
50072,46104
145824,46104
290934,46103
159651,46103
55216,46103
226682,46102
167933,46102
277524,46102
266971,46102
180479,46101
293626,46101
95458,46101
200141,46101
118877,46101
103969,46100
160313,46099
55000,46099
128844,46098
244623,46097
230191,46095
199439,46094
265627,46093
146421,46093
127289,46093
205233,46092
183708,46092
274994,46092
285212,46091
144731,46091
219777,46091
250642,46091
234714,46090
267277,46090
281156,46090
174851,46089
190745,46089
155056,46089
206593,46089
190796,46088
140924,46088
202625,46087
148227,46086
53286,46086
196618,46085
220786,46085
186539,46084
178106,46084
252498,46084
48767,46084
234375,46084
233720,46084
230959,46083
234010,46083
139327,46083
178330,46083
154053,46082
49316,46081
197989,46081
207086,46081
4411,46080
19748,46080
185224,46079
292186,46079
43707,46079
260781,46078
162065,46078
145686,46077
99782,46077
200693,46077
150633,46077
145937,46076
161519,46075
35092,46075
253314,46075
294834,46075
260707,46074
136996,46074
194904,46074
170616,46073
200767,46073
216681,46073
282699,46073
55047,46073
116119,46072
53935,46071
2426,46070
125744,46070
114859,46069
205501,46069
169417,46069
47660,46068
104715,46068
182008,46068
144210,46068
17156,46068
164405,46068
215115,46068
30392,46066
271365,46065
129395,46065
51325,46065
289801,46065
117863,46064
45924,46064
216819,46064
244261,46064
202010,46064
14590,46064
279948,46063
146804,46063
272783,46063
198600,46062
186149,46062
284024,46062
165471,46061
106422,46061
82044,46061
132501,46060
96467,46060
131418,46059
57113,46059
196311,46059
251103,46058
226809,46058
25428,46058
57162,46058
178007,46058
81783,46057
142002,46057
220896,46057
222021,46057
46101,46056
58607,46056
4436,46056
238399,46056
103218,46056
260374,46056
243072,46055
132043,46055
56632,46055
193782,46054
261364,46053
244167,46053
261973,46052
111527,46052
121338,46052
290744,46051
176086,46051
70557,46050
53175,46049
35014,46049
139494,46048
295838,46047
25715,46047
212560,46046
230261,46046
146713,46046
213758,46046
44224,46046
166367,46046
207560,46045
153593,46045
222604,46045
253135,46044
295462,46044
207310,46044
167958,46044
281031,46044
699,46043
275633,46043
45481,46043
139005,46043
191330,46042
230059,46041
41816,46041
254247,46041
196723,46041
65941,46040
97582,46040
269285,46039
12829,46039
256430,46038
256169,46038
22982,46038
126900,46038
255478,46038
187207,46037
179177,46037
158093,46036
224359,46035
105224,46035
199364,46034
167682,46034
49578,46033
186047,46033
13803,46033
4158,46031
267316,46031
206981,46030
195856,46030
295514,46029
77791,46029
180685,46028
95404,46028
248644,46027
153441,46027
206241,46026
155761,46026
28843,46026
196294,46026
20696,46026
108915,46026
143249,46026
163591,46026
277203,46025
220692,46025
171843,46025
205187,46025
41820,46025
148012,46024
197817,46023
233887,46023
192133,46023
49478,46023
165383,46022
15461,46021
207603,46021
115837,46021
172500,46021
288820,46020
11021,46019
48145,46019
243711,46019
286420,46019
216859,46019
206628,46019
114876,46018
168065,46018
146673,46018
126846,46018
252932,46017
156640,46017
129141,46017
122521,46017
216259,46017
215027,46017
148627,46016
196931,46016
53127,46016
278806,46016
44220,46015
128592,46015
200147,46014
94747,46014
50779,46013
232522,46013
281136,46013
200412,46013
257488,46012
282022,46012
264412,46010
267634,46010
126888,46010
54500,46009
296019,46008
243525,46008
37736,46008
255470,46008
141651,46007
27197,46006
230012,46006
45032,46006
194310,46005
162166,46005
141082,46004
197465,46004
5083,46004
132340,46004
284498,46003
284018,46003
178996,46003
45375,46003
235027,46003
259735,46003
201191,46003
170686,46003
50932,46002
284954,46001
253121,46001
178863,46000
262817,45999
142661,45998
51525,45998
33693,45998
244882,45998
118565,45998
238536,45997
82431,45997
53712,45996
277957,45996
268007,45996
24943,45996
269181,45996
143098,45995
72452,45995
36395,45994
6860,45994
28019,45994
275733,45993
46018,45993
15417,45993
135269,45993
193777,45993
181245,45992
89063,45992
201652,45991
31335,45991
5183,45991
240081,45991
45559,45990
236610,45990
169759,45990
202649,45989
271882,45988
270255,45988
279559,45988
71074,45988
28660,45988
162795,45988
248564,45988
133030,45987
143080,45987
290034,45987
209068,45986
144855,45986
166777,45985
7844,45984
286561,45984
52785,45984
147257,45983
34974,45983
191089,45983
168261,45983
151662,45983
43274,45983
215894,45982
63174,45982
220846,45982
121350,45981
48115,45981
114433,45981
250590,45981
131522,45980
76042,45979
237190,45979
33874,45979
218135,45978
193089,45978
196492,45977
56604,45977
57861,45977
168483,45976
41975,45976
4639,45975
222509,45974
187219,45974
163183,45973
266370,45973
50262,45973
70086,45973
166361,45972
114839,45972
115095,45971
41678,45971
40037,45971
66946,45971
28169,45970
249359,45970
267837,45970
4614,45969
255518,45969
233817,45969
257252,45968
215838,45968
65261,45968
128536,45968
289509,45968
714,45968
28733,45967
246137,45967
139532,45965
39051,45965
212961,45964
210290,45963
91400,45963
85303,45963
240439,45962
26141,45962
183607,45962
197016,45962
191916,45961
165926,45961
124629,45960
84752,45960
153929,45960
225377,45959
134775,45958
269985,45958
33494,45957
73546,45956
78449,45956
161644,45956
136055,45956
194531,45955
230353,45955
183639,45954
182843,45954
145572,45953
278120,45952
133447,45952
105046,45951
216908,45951
146373,45951
90552,45950
264073,45950
19374,45950
225238,45950
253756,45950
150033,45949
52919,45949
275371,45949
37148,45949
133701,45949
26468,45948
37679,45948
98176,45947
96575,45947
43272,45947
8273,45946
285285,45946
202852,45946
249415,45946
227843,45946
20546,45945
282168,45945
188953,45945
140504,45945
254302,45945
193508,45945
197770,45945
272202,45945
43796,45944
202730,45944
200995,45944
90993,45944
215066,45944
45492,45944
282589,45944
116094,45943
81333,45943
211457,45943
244667,45943
186680,45942
286881,45942
120679,45942
199758,45941
208692,45941
247660,45941
3288,45940
269482,45939
120043,45938
161850,45938
63002,45938
208844,45937
260792,45937
244962,45937
215566,45937
61643,45937
27509,45936
181935,45936
233051,45935
288981,45935
214377,45935
285226,45935
116867,45935
285934,45934
292476,45934
150368,45934
194247,45934
179151,45934
27537,45934
278532,45934
133689,45933
168765,45932
39397,45932
11618,45932
261726,45931
215096,45930
263160,45930
281357,45930
114927,45929
38197,45929
19450,45928
148656,45928
121772,45927
211985,45927
256858,45927
110786,45926
154515,45926
116899,45925
229373,45924
175896,45924
282675,45924
109534,45924
4557,45923
145734,45923
150785,45923
152158,45923
211940,45922
285191,45922
151966,45922
89194,45922
7833,45921
165538,45921
208550,45921
277744,45921
213265,45921
143473,45921
171785,45921
285202,45920
255374,45920
39929,45920
263089,45920
15885,45920
265981,45920
19274,45920
66655,45919
271661,45919
249936,45919
146076,45919
178144,45918
13409,45917
160939,45917
215897,45916
4522,45916
155167,45915
97839,45915
144139,45915
54905,45914
255641,45914
210602,45914
122717,45913
251592,45913
274102,45912
208681,45912
188851,45912
141256,45912
123247,45911
210830,45910
17977,45910
681,45910
116366,45909
173603,45909
187262,45909
109218,45908
27876,45907
149519,45906
55326,45906
73375,45905
200569,45905
178620,45905
102515,45905
56201,45904
283827,45904
143126,45904
177461,45904
23852,45904
276260,45904
264677,45903
271255,45903
165102,45903
245189,45903
160101,45902
204150,45902
236133,45902
122447,45902
172987,45901
53713,45901
273907,45901
200028,45901
86599,45901
85875,45901
162591,45900
108139,45900
295103,45900
195505,45900
106272,45899
76088,45899
291545,45899
101219,45899
22471,45898
182099,45898
117042,45898
48000,45897
56901,45897
165001,45897
18295,45897
77085,45896
2070,45896
159161,45895
3848,45895
259471,45894
134087,45894
59923,45894
196026,45894
241704,45894
254462,45894
185946,45893
238323,45893
223903,45893
193558,45893
456,45893
215626,45892
218173,45892
176889,45892
294787,45892
119863,45891
259061,45891
285035,45890
139521,45890
250859,45890
288009,45889
164337,45888
265241,45888
259495,45888
281468,45888
166209,45887
174139,45886
192631,45886
199341,45885
189076,45885
296357,45885
220155,45884
507,45884
213831,45884
42341,45883
109308,45883
234315,45883
262537,45883
273688,45883
35210,45883
145833,45883
5406,45883
261579,45882
101306,45882
129861,45882
285,45882
213814,45882
189813,45882
30324,45882
185810,45882
199427,45881
5934,45881
20243,45881
125021,45881
172311,45881
235980,45880
61217,45880
122953,45880
27901,45880
267780,45880
135930,45880
257103,45879
42137,45879
22807,45879
157279,45878
210539,45878
232929,45878
252131,45877
291693,45877
23130,45877
166993,45877
294116,45877
235842,45876
139089,45876
202694,45876
135155,45876
149536,45876
190262,45875
183689,45875
228786,45875
243496,45874
148410,45874
141663,45874
197699,45874
40476,45874
247466,45874
128535,45874
258830,45874
1676,45874
269753,45874
251399,45874
211472,45873
239091,45873
221998,45873
183760,45872
203751,45872
187422,45872
137092,45871
48988,45871
240097,45869
35024,45869
196146,45869
257623,45869
92641,45868
156823,45868
292605,45867
193649,45867
127463,45866
157267,45866
44909,45865
170243,45865
16906,45865
64463,45865
116215,45864
243393,45864
130657,45864
111326,45864
659,45863
19128,45863
141179,45863
123126,45862
214223,45861
279249,45861
155364,45861
245916,45861
186379,45860
93842,45860
129927,45860
154928,45860
157505,45859
21659,45859
274780,45859
75150,45858
46687,45857
272829,45857
181167,45857
202833,45857
294381,45857
235670,45856
6692,45856
250165,45856
170997,45856
136373,45856
106402,45854
230020,45854
27291,45853
