6418,100000
6832,51762
4359,51606
2055,51188
9474,50839
31160,50466
5736,50142
63968,50107
172157,50107
24616,50046
7410,49912
64632,49890
47829,49705
92561,49693
2259,49681
35131,49662
17233,49655
9039,49592
23483,49571
45691,49533
55210,49518
5997,49506
18776,49376
53387,49372
42780,49349
9320,49275
11493,49231
1981,49089
30735,49086
12180,49075
594,48992
786,48951
107058,48879
3993,48872
30290,48838
120051,48824
3021,48824
10676,48803
8946,48781
9667,48756
8586,48754
8834,48747
16594,48704
28987,48701
16840,48693
10106,48672
30729,48665
6012,48642
100558,48583
17205,48574
12734,48568
21877,48562
35739,48532
220383,48496
2241,48495
2845,48463
6753,48461
2761,48452
67700,48441
415,48406
9657,48401
16437,48398
316,48377
13239,48375
6553,48369
10323,48348
9948,48342
43193,48324
12390,48305
8113,48278
228890,48272
10177,48259
1947,48254
238152,48247
37303,48244
22712,48238
26980,48199
113703,48187
43357,48177
8800,48173
185004,48166
32201,48155
251945,48152
11621,48137
177599,48124
30332,48121
149220,48121
14894,48088
39572,48074
80524,48070
15178,48045
12293,48017
5998,48004
10887,47996
14768,47989
133619,47969
20736,47960
89285,47944
32244,47942
2652,47940
13065,47933
4739,47932
12079,47924
66076,47910
23501,47884
10188,47870
1191,47845
30499,47833
13247,47832
18289,47807
4340,47804
292660,47802
93048,47794
79656,47786
14261,47780
51683,47774
9709,47773
13429,47762
55558,47750
71468,47750
39738,47744
3759,47743
88845,47726
1791,47718
22975,47709
2689,47706
8637,47702
5908,47699
8764,47696
16566,47695
36180,47690
244930,47685
12606,47682
271257,47681
4182,47677
10453,47675
25485,47663
3911,47660
17143,47654
10664,47653
50196,47647
10304,47641
3937,47641
247329,47626
43705,47620
4829,47598
6473,47596
48056,47591
9002,47588
18696,47587
1182,47570
32934,47562
129196,47559
8999,47557
8344,47554
33794,47552
176246,47544
111806,47542
55126,47531
269573,47530
58139,47527
120826,47527
60124,47525
6932,47525
3393,47522
43360,47521
19987,47520
279680,47518
7750,47516
32970,47514
19685,47514
10381,47513
733,47500
293790,47486
41206,47480
5097,47477
1319,47476
3558,47467
17053,47462
31757,47461
49265,47459
10009,47455
93483,47449
2294,47441
11931,47441
22727,47440
4202,47429
66705,47413
4325,47405
278749,47404
40811,47401
274601,47384
16380,47379
25212,47365
259387,47360
24163,47360
107592,47359
139228,47356
149294,47353
220739,47352
4258,47342
16134,47341
584,47334
118088,47332
7090,47329
18101,47319
9848,47308
8280,47307
1554,47304
12727,47304
117552,47298
25594,47295
28889,47293
27074,47287
288858,47282
18998,47265
11082,47261
257,47261
214429,47259
139457,47245
57294,47243
36163,47242
935,47232
25151,47231
14074,47231
8587,47231
49717,47229
20030,47226
100975,47222
6728,47222
12600,47222
292461,47220
258209,47218
13837,47218
147739,47217
20144,47215
2976,47212
10104,47207
742,47202
144130,47202
287661,47200
6733,47198
8880,47195
295264,47193
20996,47188
33977,47186
39148,47185
9610,47184
79027,47176
7484,47169
7987,47169
12927,47166
5724,47164
2339,47158
11151,47157
4462,47156
20308,47155
54551,47151
11870,47150
275431,47147
78432,47143
262835,47140
35257,47139
10388,47133
21987,47130
287919,47127
54758,47120
195029,47116
8913,47110
37675,47109
239680,47107
48024,47101
6749,47101
8176,47099
109082,47094
18548,47092
18031,47088
1772,47088
1861,47086
947,47085
72241,47083
13619,47081
44172,47080
207371,47075
41430,47069
52702,47067
20093,47065
258246,47062
11689,47061
4117,47059
122099,47052
65342,47052
239803,47051
14184,47051
24369,47048
4937,47045
182088,47042
6650,47039
57736,47033
9414,47033
9906,47028
135072,47026
26523,47020
11678,47016
5872,47010
25237,47008
69009,47002
20770,47002
192073,47002
20849,47000
53289,46997
7813,46991
11846,46990
13806,46987
9895,46987
264869,46987
260109,46986
296285,46984
28469,46980
47017,46976
15136,46976
39687,46974
8460,46971
42700,46971
2612,46971
168329,46967
150881,46965
249268,46962
38767,46954
1895,46950
12332,46949
277063,46948
116014,46945
220931,46945
14699,46939
8669,46938
9305,46937
50615,46933
16256,46931
61586,46931
88119,46930
32876,46926
125524,46925
62372,46922
17759,46921
1800,46920
3990,46913
55710,46912
45310,46911
11723,46910
4486,46909
265390,46908
8210,46905
13128,46903
10438,46902
44327,46897
3701,46893
16367,46892
125952,46891
272799,46888
55784,46888
1532,46887
273633,46886
55650,46882
59104,46882
148612,46881
4814,46878
195396,46875
2721,46874
22383,46868
23369,46866
152157,46865
10538,46864
10865,46864
974,46864
52414,46863
12380,46863
289125,46861
274366,46861
4525,46861
11784,46859
15740,46859
26496,46858
20035,46847
262942,46846
325,46844
57943,46843
2935,46841
25759,46839
32286,46836
2239,46834
64272,46834
6880,46834
5069,46833
85393,46833
245029,46826
217797,46826
14784,46821
26957,46819
13497,46818
8925,46816
64046,46812
60853,46812
12553,46810
55429,46809
113054,46809
19107,46808
8204,46800
56349,46798
5789,46798
144877,46796
57689,46795
13310,46786
6820,46786
191397,46785
162229,46784
217883,46784
13203,46782
25889,46781
29026,46780
62143,46779
256638,46779
30182,46776
34312,46776
26563,46774
11657,46772
182509,46772
12026,46768
17306,46768
231272,46767
12502,46766
255492,46764
207357,46764
283,46763
20820,46762
41658,46761
119903,46760
274159,46759
280681,46757
84363,46757
2559,46754
185364,46752
195409,46750
125644,46749
5001,46749
273366,46748
8239,46748
105074,46745
175835,46745
26611,46744
3510,46741
143761,46738
31188,46736
23491,46735
21610,46734
289790,46733
915,46733
24327,46731
24226,46730
15703,46728
254001,46728
229476,46726
154329,46725
1667,46725
4634,46724
220219,46723
987,46721
49892,46720
135715,46718
267064,46714
294556,46710
204806,46709
235794,46709
127733,46708
9705,46708
21513,46706
7654,46705
2851,46705
276240,46704
17192,46702
203242,46695
2422,46694
9248,46691
1290,46690
43897,46689
42809,46688
73155,46688
276859,46686
290233,46684
26998,46683
88226,46683
18805,46682
31314,46681
2540,46678
13767,46678
36227,46677
12271,46675
3166,46675
174488,46675
107141,46674
67849,46672
21705,46672
258723,46670
49959,46669
70961,46667
118594,46666
55176,46665
13960,46664
3309,46664
11923,46664
58217,46662
10035,46661
1637,46659
14207,46657
102821,46655
144540,46655
6242,46654
3293,46653
87781,46653
15597,46653
5142,46652
242663,46649
161185,46646
8567,46645
288723,46644
10267,46644
276828,46642
2272,46641
88553,46638
3255,46634
4642,46633
82772,46631
100010,46631
14610,46631
15464,46629
44232,46629
131907,46627
14700,46625
34027,46624
274984,46621
30730,46621
20757,46620
67750,46615
21256,46615
244731,46614
14866,46614
146396,46614
121470,46613
10456,46612
36222,46611
1049,46610
272183,46610
178377,46605
278533,46603
182791,46603
89679,46601
10152,46598
33502,46598
10636,46598
12461,46595
49944,46594
2863,46593
162765,46591
16490,46591
23308,46590
56249,46589
41957,46589
2077,46586
31471,46585
8883,46585
15283,46585
140567,46584
8153,46582
237325,46580
229269,46576
244367,46575
66881,46575
289452,46573
24398,46571
293442,46570
37043,46568
83262,46568
211258,46567
10690,46566
30858,46564
269886,46563
3389,46561
106880,46561
144967,46561
160405,46559
2929,46558
65000,46557
42448,46556
21860,46555
191110,46555
42622,46555
24866,46555
13741,46553
22394,46553
156933,46551
54721,46550
53045,46549
186709,46549
62344,46549
87664,46549
12892,46548
211642,46547
131279,46546
96269,46545
13334,46545
2507,46540
65127,46537
16763,46536
75169,46534
12807,46533
2742,46533
290694,46532
32877,46532
6184,46532
5037,46531
59909,46531
3411,46530
1588,46528
14777,46527
295106,46527
3471,46527
250244,46520
44680,46520
88406,46518
264535,46515
10079,46514
13656,46511
178306,46511
10772,46510
173089,46510
101971,46509
122616,46509
1140,46506
224,46505
81194,46502
7463,46501
9183,46500
83274,46499
242481,46498
221917,46493
180974,46493
4101,46493
284295,46493
102887,46492
279473,46491
135629,46489
12001,46489
31545,46488
211350,46487
15392,46484
177834,46483
157933,46482
76050,46481
55283,46480
74605,46479
29203,46479
191910,46478
25824,46478
5343,46477
285040,46477
34477,46474
3334,46473
16349,46473
17339,46473
68362,46471
51129,46470
138799,46469
1401,46468
762,46467
110356,46467
295551,46466
175682,46465
15602,46465
12394,46462
9903,46461
87063,46459
83205,46457
21444,46457
156070,46456
25811,46456
17219,46455
15431,46455
31580,46454
265570,46454
19101,46453
20915,46452
144447,46452
5669,46448
33116,46446
64791,46446
9845,46445
74827,46444
3264,46443
236514,46442
63160,46442
6250,46442
192114,46441
8331,46436
155317,46436
7834,46435
178125,46435
83668,46434
154610,46434
87156,46432
100169,46432
3984,46429
10832,46427
6985,46427
290143,46426
119948,46426
125100,46425
14760,46424
240107,46424
17301,46423
250395,46423
177636,46422
156001,46422
60919,46421
18616,46421
51888,46420
14066,46420
21746,46415
3054,46415
39641,46413
3301,46412
89555,46412
39976,46412
110676,46410
16214,46410
47121,46409
55401,46409
292495,46409
6778,46406
38567,46405
263684,46401
604,46399
41742,46398
264510,46397
161142,46396
13130,46395
2694,46394
163496,46393
34117,46391
6888,46391
196784,46390
19926,46388
12956,46388
55294,46387
16869,46387
223458,46386
39375,46385
5663,46384
245081,46384
31376,46382
113392,46380
39337,46377
207937,46376
28983,46376
169999,46373
260545,46371
92507,46369
50714,46369
201272,46367
89376,46366
32577,46365
1411,46365
261328,46358
5599,46358
292260,46358
57742,46358
7194,46356
167173,46355
13070,46354
205058,46354
28114,46354
171,46351
22547,46350
10922,46350
162242,46350
1158,46348
18841,46347
16466,46347
232224,46347
9540,46345
27032,46345
36869,46345
117707,46343
112170,46343
230991,46343
2093,46343
174020,46343
4337,46342
1679,46342
5859,46340
264132,46339
64493,46339
25863,46338
189322,46337
3665,46337
123006,46336
133505,46335
1329,46334
176543,46331
4574,46331
65748,46330
237665,46330
269456,46329
5085,46328
6350,46326
87408,46325
4809,46325
34411,46325
19627,46324
5790,46324
23403,46323
10754,46322
50341,46320
19701,46320
14139,46320
79702,46320
84923,46318
61951,46318
136900,46316
246305,46314
25705,46313
28683,46312
2397,46312
254924,46310
110810,46309
12319,46308
3537,46307
175930,46306
61104,46306
277617,46306
12816,46306
256444,46306
43949,46302
100510,46301
40864,46300
12980,46300
8018,46298
71947,46297
21456,46297
1962,46296
10330,46295
185950,46295
147358,46293
278695,46293
50682,46292
262641,46292
268459,46291
86901,46290
7848,46290
30684,46290
37745,46288
34182,46288
49677,46287
1020,46287
21170,46286
14529,46286
158966,46286
4763,46286
51285,46284
5569,46282
409,46281
112798,46280
2262,46277
75510,46274
889,46274
7257,46274
53815,46273
3600,46272
140878,46272
4528,46271
208133,46270
15418,46269
160948,46269
112068,46268
282444,46267
263286,46266
73947,46265
119176,46263
219796,46263
185525,46262
63657,46262
154995,46261
269712,46261
64017,46260
8438,46260
59743,46260
207063,46259
115273,46259
96308,46259
276701,46259
4376,46258
81782,46258
225054,46258
16800,46255
113045,46254
21092,46254
188532,46254
190992,46253
53221,46252
201533,46251
40820,46251
45379,46250
46206,46250
282202,46249
13712,46248
147578,46248
62679,46248
291067,46247
241614,46245
139612,46245
152284,46245
45179,46245
3103,46244
10719,46243
368,46243
6181,46242
78852,46242
265970,46241
157511,46240
9764,46238
205432,46237
205588,46237
196811,46236
237349,46235
144698,46232
8679,46232
197282,46231
21850,46231
1436,46230
232978,46229
77156,46228
12189,46228
17311,46227
218555,46226
24983,46225
150053,46225
245211,46223
10001,46222
37984,46221
5637,46220
199215,46220
88749,46218
32874,46217
259389,46217
239259,46216
4885,46215
4102,46211
6892,46209
133725,46207
2746,46207
201508,46207
217696,46207
30571,46206
148641,46205
120438,46205
50998,46203
293849,46203
224675,46203
75836,46203
255468,46202
272319,46201
190393,46199
234310,46199
4941,46197
287866,46197
3693,46197
23064,46196
16112,46196
49792,46195
5320,46194
22454,46194
7421,46194
204788,46194
79093,46193
9964,46193
238590,46193
253285,46192
23133,46189
12290,46188
252192,46188
18697,46187
285073,46186
241501,46185
51954,46185
716,46183
119676,46183
5887,46182
28286,46181
93881,46181
16312,46181
6530,46179
241683,46179
18881,46178
1570,46178
86808,46177
879,46177
22227,46177
5243,46175
286100,46175
12324,46175
275189,46175
125544,46173
13163,46172
45879,46172
4833,46170
292782,46170
87210,46170
21139,46169
67161,46168
24195,46168
73339,46167
177712,46166
3285,46166
40352,46165
251854,46163
9509,46163
17087,46162
85447,46162
103369,46161
25741,46160
36772,46157
12076,46155
34517,46155
48045,46155
258035,46154
80335,46153
31891,46152
72047,46152
4267,46152
57708,46152
41056,46152
40189,46151
39854,46151
113440,46150
2943,46149
46708,46149
15576,46149
121426,46148
46852,46148
25684,46146
145809,46146
87259,46146
28170,46144
31597,46143
202432,46140
229320,46140
35938,46140
288516,46139
10605,46139
50539,46139
76654,46136
208070,46136
3655,46136
132891,46134
23937,46132
146024,46132
210903,46132
5689,46132
264684,46132
17310,46131
96752,46130
198020,46130
184575,46130
195922,46130
257781,46128
56546,46128
278753,46127
16624,46126
34806,46126
14269,46124
96643,46123
293239,46122
137521,46122
6534,46122
276567,46121
101455,46120
257606,46118
8666,46118
112188,46117
22441,46117
2786,46117
40272,46117
166466,46116
168007,46116
3822,46116
181992,46115
206962,46114
3921,46114
57896,46113
241651,46113
279527,46112
18499,46112
106103,46112
152514,46112
1571,46111
227309,46111
31223,46110
289510,46110
14893,46109
15937,46109
38941,46108
13982,46108
33202,46107
207078,46107
193378,46106
421,46105
140999,46104
165490,46103
81544,46101
141102,46099
15722,46099
291910,46098
1465,46097
289287,46097
25061,46097
1819,46097
47941,46095
279726,46095
26557,46094
18347,46094
174200,46093
46637,46092
24393,46091
247338,46091
140366,46091
274738,46090
21648,46088
1722,46088
39287,46087
99939,46087
5959,46087
286587,46087
227433,46086
137773,46086
45714,46086
47437,46085
32974,46085
256402,46085
10972,46084
122007,46083
38067,46083
34330,46083
209797,46082
14122,46082
8543,46081
8054,46081
54510,46081
5921,46079
46775,46079
41166,46079
283495,46078
24412,46077
106957,46077
233845,46077
235998,46076
152612,46075
103320,46075
132072,46074
13428,46074
33641,46073
33079,46073
133738,46072
121573,46072
228052,46071
254468,46070
63666,46070
244050,46069
253805,46069
23292,46068
127298,46067
162029,46067
200848,46066
7455,46066
110274,46065
86605,46065
145455,46064
126,46063
176448,46063
42441,46062
55146,46062
2634,46062
164904,46062
197542,46062
281228,46061
77667,46061
162187,46061
83087,46058
93243,46058
293331,46058
708,46058
222835,46057
210348,46056
7771,46056
97552,46056
66227,46055
111277,46055
11372,46054
159759,46054
123269,46053
60313,46052
1987,46051
75699,46051
280977,46051
235140,46050
203722,46048
119651,46047
7048,46047
282643,46047
288747,46045
41881,46045
244008,46044
167977,46043
53519,46043
14913,46042
222560,46042
7058,46041
282530,46041
180365,46040
11935,46039
294067,46039
753,46038
43634,46038
203718,46037
4246,46036
58310,46036
51619,46036
195755,46035
25319,46035
47813,46035
35155,46034
156646,46034
191123,46033
293751,46031
129086,46031
277970,46030
13460,46030
9326,46030
180088,46029
225098,46029
76089,46029
48687,46029
236179,46029
108292,46028
225815,46028
22829,46028
2500,46027
99010,46027
280401,46027
78338,46026
253865,46025
196069,46025
145477,46024
128679,46024
199157,46024
27100,46023
127235,46023
55362,46023
61651,46023
329,46022
19874,46022
31154,46022
193955,46022
4224,46019
147186,46018
21430,46018
137576,46017
2179,46016
20237,46014
87125,46014
8269,46013
10897,46013
213191,46013
104319,46012
198724,46012
250860,46012
8730,46011
209320,46011
146465,46011
1469,46011
227819,46010
89665,46010
203558,46010
121997,46010
237636,46009
114212,46009
31771,46009
5273,46009
7618,46008
71877,46007
206164,46006
203150,46005
30512,46004
261140,46004
4463,46003
7881,46002
114290,46001
194770,46000
2381,46000
93388,46000
181145,45999
137367,45999
230205,45998
177258,45997
35819,45996
224818,45995
270243,45995
85699,45993
138049,45993
196340,45993
21114,45992
2492,45992
249387,45992
10180,45991
3030,45991
6607,45991
272122,45991
49486,45990
7012,45990
6463,45990
28049,45990
32364,45989
8489,45989
41029,45989
23119,45988
160871,45988
142579,45988
52856,45987
15584,45987
57000,45987
92241,45986
32317,45986
19680,45985
1531,45985
129230,45984
3401,45983
105367,45982
257493,45982
40195,45981
21076,45981
197,45980
260,45979
258643,45979
218134,45979
156444,45978
70479,45977
121758,45974
35620,45973
8057,45972
1477,45971
22064,45971
236392,45970
251451,45970
33775,45970
254962,45969
166224,45968
61747,45968
272717,45968
731,45967
72999,45965
6277,45965
66350,45965
28117,45965
285853,45965
6935,45964
289155,45963
14996,45962
223946,45962
280629,45961
41987,45960
58032,45959
179984,45958
72262,45958
131249,45957
292251,45957
295196,45957
261057,45957
59133,45955
7305,45954
131924,45954
282102,45954
165583,45954
123806,45953
295392,45953
67237,45953
283957,45953
98925,45952
193488,45952
42195,45951
40175,45951
70533,45951
216650,45949
140362,45949
411,45948
3043,45946
83392,45946
8659,45946
175412,45946
252310,45945
2100,45945
19849,45945
10193,45945
216254,45944
155813,45944
46832,45942
283544,45942
209134,45942
151515,45941
54135,45941
4947,45941
93566,45940
113710,45940
216067,45940
1623,45939
23246,45939
248859,45939
46997,45937
14210,45936
7871,45936
231540,45935
228903,45935
49020,45934
1723,45934
8062,45933
26066,45932
242689,45932
47665,45932
47737,45932
87999,45931
179681,45930
235513,45929
65016,45929
20075,45929
138349,45928
6312,45928
15691,45927
268224,45926
243621,45925
16000,45924
278750,45924
210749,45924
190614,45924
117089,45924
143262,45924
294207,45923
21741,45923
155488,45923
206001,45923
193660,45921
3530,45921
73679,45920
2364,45920
3175,45920
7999,45920
199142,45919
133605,45919
17767,45919
38736,45919
173238,45918
242829,45917
118815,45917
1065,45916
19882,45916
65005,45915
14522,45914
14911,45914
245218,45913
840,45912
354,45912
174780,45912
221375,45912
64066,45912
72801,45911
69338,45911
31296,45910
139097,45910
85263,45910
7781,45909
6930,45908
213061,45908
7074,45908
13872,45908
185969,45907
21732,45907
48411,45906
256662,45904
196199,45904
227174,45903
104147,45903
180282,45903
151435,45902
33344,45901
42076,45901
16155,45901
13599,45901
29545,45900
167175,45900
15039,45899
7396,45899
173452,45899
278707,45899
153062,45898
183104,45898
7978,45897
37109,45897
219293,45896
270042,45896
611,45896
7415,45895
22318,45895
49307,45895
39176,45894
262917,45892
44700,45892
111669,45891
10814,45891
166639,45890
56323,45889
46755,45888
263656,45888
28034,45887
7839,45887
229001,45887
31661,45887
278320,45887
1576,45887
16235,45885
169254,45885
281601,45884
370,45884
13286,45883
117223,45883
76346,45882
87963,45882
47812,45881
5843,45881
7899,45881
13039,45880
123573,45879
33970,45878
132016,45878
15727,45878
24743,45878
195064,45877
246264,45877
86353,45877
214,45876
122378,45876
29393,45875
154584,45875
291778,45875
21611,45874
31600,45874
260553,45873
24177,45872
20797,45872
26782,45871
146829,45871
11347,45870
17733,45870
1541,45869
4844,45869
1012,45868
84064,45868
78272,45868
33487,45868
69264,45868
104993,45866
70001,45866
285085,45866
42413,45866
43990,45866
186472,45865
125666,45865
7,45865
191592,45865
156368,45864
14955,45864
94587,45864
272988,45864
1043,45863
12441,45861
1277,45861
264741,45860
139861,45860
276761,45859
33552,45859
149680,45858
89776,45857
90872,45857
17795,45857
203623,45857
3172,45856
1986,45854
68313,45853
194688,45853
20825,45853
13958,45853
15258,45852
207233,45851
186923,45851
14656,45850
22370,45849
22328,45849
23856,45848
5532,45847
140729,45847
217151,45847
236526,45847
223046,45847
6140,45846
451,45846
13809,45846
177421,45845
15065,45845
191842,45845
119344,45844
273737,45844
199528,45844
282317,45843
278365,45843
816,45843
295122,45842
90083,45842
123741,45842
104458,45841
2569,45841
42858,45841
253424,45841
14904,45840
3108,45839
23749,45838
193995,45838
67885,45838
240220,45838
52660,45838
789,45838
244875,45837
78137,45836
8646,45836
256466,45836
31325,45835
53276,45835
8437,45835
63231,45835
37646,45833
13422,45831
3126,45831
204014,45831
14106,45831
221981,45831
150343,45830
4167,45829
9387,45829
176256,45829
58729,45828
13026,45828
32,45828
6968,45827
2450,45827
2861,45827
239518,45827
31913,45827
247901,45827
39923,45826
160156,45825
52058,45825
29631,45825
80752,45824
274026,45824
241140,45823
33732,45822
5776,45822
255582,45821
9171,45821
7346,45821
267614,45820
83818,45820
2081,45820
16786,45820
11201,45819
32112,45819
96178,45818
37108,45818
44524,45818
12889,45817
129500,45816
21938,45815
87462,45814
511,45814
93343,45814
250831,45813
151184,45813
41991,45812
250136,45812
273687,45812
16955,45812
45407,45812
4696,45811
259534,45811
53751,45811
83958,45810
53140,45810
23310,45810
247100,45810
11230,45809
5603,45809
1255,45809
4936,45808
270626,45808
39465,45808
32624,45808
49033,45808
13561,45808
47167,45807
268761,45807
38342,45807
37491,45807
74049,45805
151273,45804
79857,45804
240488,45804
261366,45803
125798,45802
10523,45802
246870,45802
16424,45802
52127,45802
207370,45802
193628,45801
122054,45801
81754,45801
761,45800
1381,45800
2749,45799
191451,45798
241954,45797
19278,45796
27797,45796
8086,45796
95642,45796
75419,45795
274466,45795
238357,45795
18721,45794
146521,45794
32563,45793
56537,45793
211307,45793
190824,45792
223040,45792
11487,45792
276566,45792
88408,45792
90849,45791
148067,45791
233595,45791
160907,45791
6660,45791
263492,45791
89852,45790
9849,45790
70159,45789
278453,45789
21445,45789
1770,45787
2740,45787
247790,45787
196382,45786
10382,45786
82383,45785
117888,45785
282012,45785
270493,45785
65924,45784
7333,45784
215249,45784
2026,45783
8863,45783
80735,45783
86848,45782
2934,45782
236968,45782
183160,45781
54562,45780
284875,45780
56518,45780
86740,45780
131338,45778
125981,45777
87319,45776
150233,45776
37691,45775
169765,45775
247435,45775
190457,45774
15799,45774
6668,45774
257161,45774
50933,45773
62436,45773
266421,45773
228558,45772
139540,45772
269131,45772
176358,45771
101871,45771
235418,45771
34899,45770
290873,45770
193495,45769
28754,45769
214827,45769
4185,45769
146740,45769
272568,45768
268726,45768
39295,45767
243988,45767
40937,45766
137044,45766
127086,45766
64733,45766
397,45764
284658,45764
102854,45763
636,45763
100188,45763
274633,45763
88867,45763
72297,45762
9822,45762
261363,45762
289653,45762
255970,45761
1605,45760
33318,45759
234673,45759
12347,45759
128721,45759
38581,45758
196040,45757
11955,45757
253123,45757
48308,45757
189089,45756
174986,45756
12768,45756
294546,45756
108240,45756
217028,45756
9855,45755
6580,45755
57464,45754
7925,45754
178409,45753
176241,45753
270461,45753
34378,45752
160213,45752
11818,45752
24648,45752
257551,45752
92914,45752
13657,45751
122873,45751
19116,45751
288838,45750
52797,45750
22460,45750
230756,45749
79030,45748
4851,45748
121629,45748
43183,45746
116201,45746
258063,45746
12223,45745
33210,45745
234828,45744
15147,45744
232024,45744
40751,45743
12052,45743
7068,45743
2154,45743
84214,45743
216830,45743
193011,45741
26157,45741
3591,45740
187218,45740
26846,45740
242337,45739
185041,45738
274754,45738
210494,45738
5726,45738
9883,45738
23624,45737
10592,45736
66604,45736
255160,45736
49671,45735
158512,45734
9505,45734
154260,45734
226066,45734
8681,45733
159335,45733
5047,45733
271652,45733
28352,45733
6037,45733
53084,45733
284041,45732
16011,45732
153370,45732
202305,45732
163209,45732
237290,45731
202993,45730
50336,45730
12074,45730
35415,45730
48396,45730
62466,45729
271830,45729
79230,45729
31606,45729
4319,45728
78283,45728
1931,45728
39911,45728
251920,45728
30382,45728
210316,45727
43371,45726
52388,45726
2795,45726
3165,45725
120157,45725
225985,45724
96958,45724
62673,45723
140972,45723
4479,45723
202175,45723
11702,45722
55983,45722
44885,45722
78428,45721
194201,45721
280706,45720
60324,45720
180668,45720
204423,45720
9407,45720
235704,45720
13991,45720
138679,45720
80514,45719
262183,45719
43238,45719
38176,45719
176429,45718
71141,45718
129473,45717
110365,45717
265108,45717
213320,45717
152286,45716
277443,45715
63445,45715
259250,45715
266165,45715
43090,45714
59529,45714
52318,45714
9742,45714
20252,45714
245396,45714
33584,45713
227943,45713
254194,45713
12941,45713
253010,45712
285530,45712
157017,45712
275685,45710
83009,45709
175330,45709
205800,45709
78037,45709
46008,45709
210271,45709
235922,45708
8994,45708
43462,45707
283512,45707
85133,45707
198936,45706
213887,45706
163266,45705
19724,45705
64182,45704
154532,45702
191241,45701
46829,45701
247304,45700
767,45700
140355,45700
57731,45700
143757,45700
58721,45699
288552,45698
16459,45698
100945,45698
159092,45698
251700,45698
235474,45697
239927,45697
271917,45697
718,45696
106677,45695
32498,45695
232239,45694
228224,45694
30920,45694
25098,45693
27562,45693
105535,45692
215039,45692
34593,45691
59675,45691
1943,45691
14873,45690
268308,45690
202853,45690
292617,45689
285916,45689
22830,45688
213220,45688
138147,45688
136641,45688
201102,45687
39706,45686
62446,45685
288050,45684
264771,45684
17066,45683
228350,45682
156572,45682
217887,45682
210781,45681
19324,45681
38029,45681
243148,45681
228636,45681
6488,45681
29885,45681
187895,45680
27378,45680
192932,45680
245864,45680
210573,45680
137783,45679
133434,45679
199378,45679
46230,45679
283700,45678
70306,45678
52978,45677
152207,45677
67784,45677
34272,45677
87403,45676
228479,45676
51537,45676
290856,45676
68696,45676
981,45675
123946,45675
145136,45675
282421,45675
8767,45675
37327,45675
69158,45675
116427,45673
272218,45673
261561,45673
219107,45673
61554,45673
234377,45673
219520,45672
47753,45671
3475,45671
112877,45671
9050,45671
23773,45670
32824,45670
235206,45670
264278,45669
23833,45669
9873,45669
38947,45668
235955,45668
40318,45667
171311,45666
170530,45665
222333,45665
238481,45665
41299,45665
196786,45664
55701,45663
198385,45663
186607,45662
85754,45661
27515,45661
268196,45660
5071,45660
291992,45659
196415,45659
17848,45659
277530,45659
86525,45658
206635,45658
32106,45658
5582,45657
249655,45657
112703,45656
114875,45656
70010,45656
132180,45656
5312,45656
39780,45656
24683,45656
13578,45655
52235,45655
288072,45655
48586,45654
23166,45654
9970,45654
11430,45653
157831,45653
45147,45652
139125,45652
286762,45652
8710,45652
150015,45652
93845,45651
210161,45651
172822,45651
212775,45650
56103,45650
38691,45649
30423,45649
16101,45649
241585,45649
51860,45649
126605,45648
157656,45648
271889,45648
21822,45648
90524,45648
186930,45647
3727,45647
268406,45646
34842,45646
49215,45646
37212,45645
268828,45644
12431,45644
109137,45644
2927,45644
196639,45643
224260,45643
193770,45643
229962,45642
47170,45642
119671,45642
18497,45641
260066,45641
236571,45640
253532,45640
8303,45639
71300,45639
99007,45638
19142,45638
250060,45638
24156,45638
24463,45637
68552,45637
290328,45637
25763,45637
248854,45637
9716,45637
13199,45636
27417,45636
32288,45636
285577,45635
289880,45635
231516,45634
138827,45634
131501,45634
223031,45633
48052,45633
17054,45633
296140,45633
234761,45632
241622,45632
3150,45632
4926,45632
26551,45632
127711,45632
131741,45632
60950,45631
57777,45631
32773,45630
56564,45630
215330,45630
197757,45628
279285,45628
26338,45628
425,45627
193287,45627
111880,45627
239493,45627
22542,45626
1494,45626
234291,45625
22024,45625
3100,45625
16684,45624
67297,45624
207054,45624
453,45623
161352,45623
274099,45622
82878,45621
80138,45621
260710,45621
218156,45620
8742,45620
178161,45620
239667,45620
1646,45619
152830,45619
17426,45619
290662,45618
11982,45617
5331,45616
208093,45616
61434,45616
236145,45616
74386,45616
6216,45616
146059,45616
290151,45615
6018,45615
33441,45615
14652,45614
249061,45613
136857,45613
63890,45613
141624,45613
239941,45611
267455,45611
4162,45611
185542,45611
210300,45610
270951,45610
170804,45610
206122,45610
11231,45609
93915,45609
17365,45609
267105,45609
285585,45608
113285,45608
65355,45608
234191,45607
225161,45607
15172,45607
138874,45606
23146,45606
4818,45605
263461,45605
136380,45605
181882,45605
197294,45605
10325,45604
12288,45604
7933,45604
82846,45604
215155,45604
10138,45603
267642,45602
277891,45602
46339,45602
265920,45601
194222,45601
128120,45601
286759,45600
173796,45600
184979,45600
93121,45600
233144,45600
11350,45599
74640,45599
276135,45599
159927,45599
15364,45599
190493,45599
253534,45599
244371,45599
134896,45599
107051,45599
270182,45599
137204,45598
227860,45598
96722,45598
265551,45598
254607,45598
290456,45597
8582,45597
130246,45597
9310,45596
293252,45595
55204,45595
277400,45595
170450,45595
226817,45595
241387,45594
14735,45594
63879,45594
191621,45594
48795,45593
242896,45593
248761,45593
5279,45593
228461,45593
118464,45591
221031,45591
38667,45591
11744,45591
98467,45591
6872,45591
285673,45590
3495,45590
272083,45590
10066,45589
26597,45589
28751,45588
84779,45588
248263,45588
30476,45587
245700,45587
212519,45586
291038,45586
169416,45586
263629,45586
1664,45585
47496,45585
25764,45585
165071,45585
56414,45584
224268,45584
287048,45584
276410,45584
7577,45584
287733,45583
24210,45583
6443,45583
287860,45581
201097,45581
185757,45581
150869,45580
208238,45580
15011,45580
84515,45580
30027,45579
103063,45579
7909,45579
139645,45578
119845,45578
44722,45578
20139,45578
30447,45578
84667,45577
20538,45577
96802,45577
269143,45577
36564,45577
200021,45576
285712,45576
64886,45576
231097,45575
86466,45575
217448,45575
295932,45575
276877,45574
7258,45574
221771,45574
169198,45574
255664,45574
40020,45574
110431,45574
222261,45574
53007,45574
141921,45573
40789,45573
140639,45573
11602,45573
264363,45573
93748,45573
296243,45572
108889,45572
265365,45571
61710,45571
54478,45571
14536,45571
146121,45570
40609,45570
279899,45570
113888,45569
73242,45569
26477,45568
54001,45567
293602,45567
15666,45567
191233,45567
261822,45566
272590,45566
202328,45566
83427,45565
224907,45565
26159,45564
148893,45564
42255,45564
172521,45564
247795,45563
220578,45563
104045,45562
27386,45562
288108,45562
280434,45562
286483,45561
17239,45561
200377,45560
258838,45560
50901,45560
9336,45560
55589,45560
97162,45559
251444,45558
134362,45558
29066,45558
143853,45558
235314,45558
200980,45558
266197,45557
3105,45557
34493,45557
59704,45557
284173,45556
232688,45556
52310,45556
259516,45556
2199,45556
22406,45555
59158,45555
254061,45555
251827,45555
81416,45555
182637,45555
34928,45554
201150,45554
167699,45554
19873,45554
253954,45553
229273,45553
81556,45553
277306,45553
189637,45552
114074,45552
277237,45551
8430,45551
1122,45551
33352,45550
13403,45550
8164,45549
239747,45548
4749,45548
241519,45548
182680,45548
222492,45548
273913,45548
77464,45547
292663,45547
251052,45546
37503,45546
40797,45546
286470,45546
206264,45546
129041,45546
127151,45546
2418,45546
86181,45546
9652,45546
11235,45545
26896,45545
24187,45545
289519,45545
160329,45545
251617,45545
53764,45545
8501,45545
222471,45545
205003,45545
3405,45544
216718,45544
142117,45544
296480,45544
113042,45544
24162,45544
109014,45543
254162,45543
265337,45543
11661,45543
196038,45543
221718,45542
177531,45542
271051,45542
130857,45542
151495,45541
72736,45541
192728,45541
205318,45541
30665,45540
228288,45540
220676,45540
248282,45540
22152,45540
18547,45539
25572,45539
210970,45538
33597,45538
285346,45538
4894,45538
203926,45537
58154,45537
18155,45537
259,45537
200124,45537
234058,45537
166201,45537
245375,45536
54565,45536
96560,45536
284505,45535
127379,45535
12186,45535
13895,45535
187747,45534
198894,45534
123087,45534
239043,45534
133108,45534
274267,45533
95842,45533
192709,45533
278502,45532
145413,45532
41442,45532
276334,45532
30825,45531
253038,45531
218433,45531
66126,45530
251143,45530
44234,45530
261290,45530
3767,45529
279410,45529
241882,45529
7723,45529
2223,45529
234409,45528
36289,45528
11275,45528
161622,45527
31644,45526
230712,45526
167800,45526
278140,45526
16384,45525
102569,45525
30725,45525
192994,45524
265341,45524
34253,45524
277980,45524
284621,45523
179007,45522
1654,45522
100501,45522
30076,45522
274163,45521
8407,45521
256927,45521
126718,45521
21624,45521
113505,45521
12808,45521
7167,45521
220109,45520
24533,45520
284770,45520
289768,45520
100280,45519
185086,45519
264492,45519
248696,45519
256382,45519
33885,45519
216134,45518
12458,45518
183797,45517
2711,45517
233851,45517
276351,45516
14511,45516
21399,45516
246450,45515
7754,45515
38797,45515
32609,45515
48038,45515
40911,45515
181833,45514
261070,45514
7976,45514
243484,45513
149537,45513
207159,45513
4674,45513
198473,45513
2513,45512
138079,45512
204470,45512
4149,45512
140040,45511
97566,45510
11951,45509
196223,45509
35340,45509
29465,45509
185120,45509
214328,45508
156381,45508
105323,45508
77209,45508
51857,45508
67411,45508
18651,45507
19773,45507
250098,45507
20722,45507
206626,45506
23052,45506
283001,45506
186909,45506
18275,45506
37118,45506
198644,45506
245256,45505
238263,45505
155666,45505
43941,45505
280361,45505
1152,45505
220397,45504
200568,45503
971,45503
282946,45503
67508,45502
1561,45502
3952,45502
13188,45502
85094,45502
15515,45501
21828,45501
248838,45501
26937,45500
216521,45499
23391,45498
275609,45498
270071,45498
54833,45498
40518,45498
6674,45497
282912,45497
21795,45497
10675,45497
259800,45496
234707,45496
152373,45495
20013,45495
284654,45495
8451,45495
70312,45495
200082,45495
72759,45495
196570,45494
13332,45494
143229,45494
77975,45494
9291,45494
182482,45493
173480,45493
268032,45493
2073,45493
103400,45493
283551,45493
250452,45493
175508,45493
218418,45492
193222,45492
281980,45492
1742,45492
93528,45492
36321,45491
223630,45491
284698,45490
289862,45490
278439,45490
60224,45490
278049,45488
131878,45488
197108,45488
170505,45488
170756,45487
242086,45486
229894,45486
137291,45486
267492,45486
87842,45486
256929,45486
29218,45485
157161,45485
272365,45485
163155,45485
263802,45484
154034,45484
295971,45484
122679,45483
86093,45483
16190,45483
222823,45483
230451,45483
247152,45483
122967,45482
234053,45482
7505,45482
50905,45482
121666,45482
201403,45482
141574,45482
104766,45482
32297,45482
23400,45481
265187,45481
49807,45481
75539,45481
259378,45481
152540,45481
254661,45481
180901,45480
94329,45480
206003,45480
206362,45480
202454,45479
275763,45479
54182,45479
3597,45479
223093,45478
191336,45478
98837,45478
54215,45478
190920,45478
2837,45478
167442,45478
157759,45477
14948,45477
228,45477
207463,45476
139300,45476
7467,45476
207249,45476
211833,45475
217716,45475
91435,45475
259816,45475
127752,45475
121811,45474
58956,45474
39265,45474
223664,45474
288994,45474
174127,45473
19091,45473
253153,45473
221570,45473
43313,45473
71287,45472
176372,45472
34119,45472
155051,45472
272509,45472
134784,45472
283224,45472
33920,45472
107433,45472
64528,45472
181630,45471
272981,45471
266516,45471
268518,45471
91233,45471
242681,45470
211633,45470
101576,45470
20948,45470
64783,45470
3031,45470
51387,45470
27928,45469
272249,45469
66839,45469
215183,45469
5358,45469
16576,45469
7716,45469
172093,45468
5814,45468
21893,45468
193,45468
27949,45468
69703,45467
20907,45467
25084,45466
185860,45466
194857,45466
264377,45466
170928,45466
35792,45466
512,45465
24652,45465
184176,45465
142704,45465
17808,45465
7408,45465
150016,45464
193822,45464
178890,45464
280990,45464
279838,45464
238226,45464
93080,45463
39947,45463
173121,45463
295501,45463
70998,45463
192464,45462
292182,45462
281683,45462
254117,45462
232730,45461
12456,45460
196699,45460
144800,45459
41562,45459
241590,45459
64639,45459
42450,45459
240057,45458
288171,45458
175591,45458
295828,45458
235449,45458
167254,45457
12483,45457
166126,45457
293185,45457
25245,45456
23779,45456
2806,45456
283345,45455
215328,45455
114700,45455
247591,45454
14297,45454
16137,45454
220422,45454
410,45454
256098,45454
45577,45453
2974,45453
128424,45453
28358,45453
290749,45453
50194,45453
252463,45453
30562,45453
271035,45452
289044,45452
285579,45452
99052,45452
2380,45452
21162,45451
228984,45451
295812,45451
269107,45451
63561,45451
49554,45451
182495,45451
28600,45451
1424,45449
220849,45449
203416,45448
209518,45448
151852,45448
47232,45447
270300,45447
292385,45447
237420,45447
272100,45447
238709,45447
13943,45446
263989,45446
258161,45446
211383,45446
236950,45446
206959,45446
12566,45445
184924,45445
202663,45445
10034,45444
2383,45444
31936,45444
107027,45444
187851,45444
157638,45444
190520,45444
157114,45443
71467,45443
103739,45442
32032,45442
54082,45442
236277,45441
48808,45441
22004,45441
41248,45441
133214,45441
113372,45439
281502,45439
133266,45439
17727,45439
122841,45439
270237,45438
11887,45437
266912,45437
273877,45437
225622,45437
24082,45436
231050,45436
76936,45436
153856,45435
152682,45434
273631,45434
56692,45434
73144,45434
162075,45433
229385,45433
133281,45433
257826,45433
50274,45432
46079,45432
260520,45432
141072,45432
124652,45432
188323,45431
242819,45431
270913,45431
34744,45431
13496,45431
51288,45430
14369,45430
173493,45430
42082,45429
21031,45429
291970,45429
35999,45429
9806,45429
276750,45429
109696,45429
11260,45429
175939,45428
138852,45428
227711,45428
31588,45428
253588,45428
126518,45428
65734,45428
72201,45428
13717,45427
150023,45427
294013,45427
244820,45427
264891,45427
283579,45426
235728,45426
139804,45426
73096,45425
27281,45425
270083,45424
117280,45424
35011,45424
9492,45424
197174,45424
262860,45424
42806,45424
222862,45423
3527,45423
277635,45423
49214,45423
272280,45423
185079,45423
11980,45423
251735,45422
38172,45422
255811,45422
18895,45422
263786,45421
185874,45421
235659,45421
291926,45421
207801,45420
46228,45420
173464,45420
91127,45420
228398,45420
260539,45420
31718,45419
249752,45419
156957,45419
105953,45419
204560,45419
4297,45419
28262,45419
220831,45419
206540,45418
287991,45418
270311,45418
273245,45418
16496,45418
4578,45418
2688,45418
246694,45417
184628,45417
225320,45417
54306,45417
247001,45417
84804,45416
33157,45416
136624,45416
281584,45416
203898,45416
292572,45416
201716,45416
89140,45416
2624,45415
15649,45415
280327,45415
168015,45415
174782,45415
99063,45415
218165,45415
179237,45415
5118,45415
63507,45415
295231,45414
163000,45414
171156,45414
290855,45414
19963,45412
1427,45412
25698,45412
118448,45412
10657,45412
205564,45412
269451,45411
31062,45411
202567,45411
113274,45411
139322,45410
222847,45410
262684,45410
10424,45410
20903,45410
2639,45409
136223,45409
6619,45409
141471,45409
81446,45408
227486,45408
126904,45408
187921,45408
136577,45407
85005,45407
222854,45407
257182,45407
105658,45406
49836,45406
287660,45406
192419,45406
106055,45406
234586,45406
214303,45406
267751,45406
61720,45405
263951,45405
294063,45405
187246,45405
4468,45405
18782,45403
148441,45403
187098,45403
180780,45402
138801,45402
80657,45402
275589,45402
202386,45402
252499,45402
156989,45402
42901,45401
116176,45401
6902,45401
9356,45401
8634,45400
216332,45400
158656,45400
289333,45400
296518,45400
60839,45400
244293,45399
237213,45399
285748,45399
2434,45399
274740,45399
249498,45399
74009,45399
190658,45399
88808,45399
99962,45399
136569,45398
168041,45398
16402,45398
203294,45398
72749,45397
281623,45397
16954,45397
240785,45397
36667,45397
278873,45397
2478,45397
72033,45396
257828,45396
127143,45396
200058,45396
1190,45396
260977,45396
108372,45396
132411,45396
25781,45396
218429,45395
50335,45395
233463,45395
2766,45395
12336,45395
261679,45395
162512,45395
102405,45394
46447,45394
117494,45394
63006,45394
109994,45394
23754,45393
251506,45393
167169,45393
62185,45392
114188,45392
44469,45392
276248,45392
278440,45392
102230,45392
173129,45391
35959,45391
123960,45391
38096,45391
262031,45391
254897,45391
264062,45391
206085,45391
282054,45391
47836,45391
252734,45390
288754,45390
155720,45390
147951,45390
28238,45390
206672,45390
5757,45390
19591,45389
25141,45389
223882,45389
174528,45389
265338,45389
262344,45389
209969,45389
14830,45389
35957,45389
17720,45389
84828,45389
56766,45389
226151,45388
27709,45388
206646,45388
158573,45388
105043,45388
48717,45387
108483,45387
234385,45387
203324,45386
7887,45386
225279,45386
73850,45386
209341,45385
258192,45385
15660,45385
28786,45385
68288,45385
125572,45385
98490,45384
13295,45384
19757,45384
39653,45384
140135,45384
21097,45384
222414,45384
279291,45384
1245,45383
266337,45383
246351,45383
19473,45383
226950,45383
281893,45383
231634,45383
157260,45383
54621,45383
83520,45382
195858,45382
181925,45382
278298,45382
256170,45382
253935,45381
295081,45381
287855,45381
173435,45380
273536,45380
234899,45380
27016,45380
262345,45380
122782,45380
194773,45379
8463,45379
224763,45379
20484,45379
248666,45379
123367,45379
265197,45378
245732,45378
215217,45378
242324,45377
85136,45377
162733,45377
188102,45377
214897,45377
15459,45377
153315,45377
148491,45377
189786,45377
194111,45377
292533,45376
100227,45376
12747,45376
23201,45376
152579,45376
31009,45376
21609,45375
261094,45375
262470,45375
66432,45375
34894,45375
16673,45375
122506,45374
86908,45374
9987,45374
112658,45374
155263,45373
197666,45373
96214,45373
163902,45373
183221,45373
46703,45373
148813,45373
20489,45372
219400,45372
199271,45372
115233,45372
52215,45371
180968,45371
261589,45371
6540,45371
260333,45371
23238,45371
3416,45370
208195,45370
145741,45370
6948,45369
190058,45369
257758,45369
258052,45368
36700,45368
246205,45368
24930,45368
25533,45368
133508,45367
242831,45367
263242,45367
138836,45367
131718,45367
210237,45366
193510,45366
272821,45366
91265,45366
6895,45366
27869,45366
155186,45366
15618,45365
163276,45365
23865,45365
85287,45365
272156,45364
61748,45364
260642,45364
72879,45364
244004,45364
6799,45363
215649,45363
157305,45363
12082,45363
245812,45363
279767,45363
100431,45363
143539,45362
58042,45362
58627,45362
229983,45362
25396,45362
58988,45361
265167,45361
126950,45360
272945,45360
23038,45360
13983,45360
283576,45360
178827,45360
246433,45360
35944,45360
10399,45360
254776,45360
230128,45360
145539,45359
6146,45359
31233,45359
5455,45359
74985,45359
37338,45359
127021,45359
23445,45359
51786,45359
246656,45359
86290,45359
58388,45358
84365,45358
236431,45358
260517,45358
222545,45358
270953,45358
62402,45357
37479,45357
172632,45357
262951,45357
290310,45357
15723,45357
84347,45357
276428,45356
250180,45356
229430,45356
277283,45356
6709,45356
257663,45355
268373,45355
3158,45355
76107,45355
149014,45355
252626,45355
43828,45355
207843,45355
13582,45355
33106,45354
168438,45354
195521,45354
226870,45354
286742,45353
9692,45353
142288,45353
239560,45353
20229,45352
277731,45352
204513,45352
11142,45352
110673,45351
286530,45351
227670,45351
278278,45351
166274,45351
137747,45350
245880,45350
284561,45350
39830,45350
37300,45350
12329,45350
181761,45349
77994,45349
217468,45349
129197,45349
228245,45349
9049,45349
255129,45349
223119,45349
241447,45348
11383,45348
178915,45348
251331,45348
229018,45348
50158,45348
143811,45348
42023,45348
61952,45347
256340,45347
12057,45347
233573,45347
61243,45347
234281,45347
53872,45346
114346,45346
165077,45346
271022,45346
151080,45346
11166,45346
277565,45345
295432,45345
165036,45345
284301,45345
16823,45345
127291,45345
158915,45345
198542,45344
99606,45344
9963,45344
229160,45344
79881,45344
20520,45344
285479,45344
1633,45344
253317,45343
287615,45343
167619,45343
271060,45342
220354,45342
193389,45342
245736,45342
117124,45342
244726,45342
85757,45341
111953,45341
52676,45341
33770,45341
1041,45341
197500,45341
3313,45341
39972,45340
63259,45340
289533,45340
28631,45340
79845,45340
142697,45339
96787,45339
5416,45339
193408,45339
140002,45338
11646,45338
58616,45338
276413,45338
39390,45338
8415,45338
7023,45338
17846,45337
111466,45337
135877,45337
255767,45337
31000,45337
245193,45336
5584,45336
291422,45336
67075,45336
104517,45336
245980,45336
289610,45336
113869,45335
189820,45335
280987,45335
16130,45335
150913,45335
21311,45334
71884,45334
116507,45334
173255,45334
125532,45334
11397,45334
32261,45333
222738,45333
243759,45333
19467,45333
291469,45333
19099,45332
34273,45332
2087,45332
288269,45332
296463,45332
192486,45332
214710,45332
26023,45331
272204,45331
185573,45331
1131,45331
1108,45331
4256,45330
230346,45330
39896,45330
165884,45330
216069,45330
134480,45330
28192,45330
282689,45329
251637,45329
209768,45329
42966,45329
21152,45329
254497,45329
92954,45328
110249,45328
99708,45328
86936,45328
271176,45328
287565,45327
260297,45327
168780,45327
280709,45327
86983,45327
266643,45327
274484,45327
12337,45326
6701,45326
103355,45326
136677,45326
44425,45326
83209,45326
244497,45326
196948,45326
13972,45325
66558,45325
159679,45325
1103,45325
265431,45325
131215,45325
224432,45325
53363,45325
273606,45325
237683,45325
185112,45325
192835,45325
165033,45324
171027,45324
253130,45324
245639,45324
17657,45324
51969,45324
258176,45323
34478,45323
267514,45323
160211,45323
80545,45323
12787,45323
99809,45323
5402,45322
278355,45322
221505,45322
98495,45322
3252,45322
141223,45322
268599,45322
247441,45322
24769,45321
240172,45321
141134,45321
11176,45321
4495,45321
182253,45321
209208,45320
203264,45320
219009,45320
90159,45320
184323,45320
113162,45320
58172,45320
2356,45320
90338,45319
71370,45319
87375,45319
49516,45319
107118,45319
118723,45319
291968,45318
241296,45318
278822,45318
102535,45318
132729,45318
127275,45318
30831,45317
192381,45317
11043,45317
27743,45317
38157,45317
148473,45317
60915,45317
191169,45317
7144,45317
293254,45317
275213,45317
126038,45317
296494,45316
265516,45316
246945,45316
5742,45316
18316,45315
37654,45315
455,45315
193426,45315
218340,45315
192237,45315
135580,45315
141338,45315
233117,45315
246625,45314
192316,45314
176472,45314
214614,45314
253813,45314
18942,45314
262111,45313
146303,45313
259212,45313
155011,45313
184706,45313
30732,45313
259905,45313
119072,45312
285805,45312
154030,45312
116841,45312
92740,45312
239581,45311
254227,45311
25167,45311
290794,45311
56541,45311
264693,45310
32215,45310
269234,45310
27438,45310
90888,45310
241634,45310
109376,45310
15460,45309
142155,45309
100110,45309
8133,45309
267756,45308
19043,45308
197075,45308
200542,45308
256890,45308
206336,45308
136666,45307
31245,45307
152450,45307
7769,45307
35464,45307
13089,45307
142380,45307
234787,45307
25609,45307
246925,45306
88805,45306
148616,45306
150028,45306
23347,45306
73472,45306
207772,45306
252484,45306
265001,45306
11863,45306
25543,45305
275947,45305
229977,45305
42899,45305
652,45305
68283,45305
168100,45304
23909,45304
143484,45304
208000,45304
189313,45304
157730,45303
274012,45303
238302,45303
238965,45303
275136,45303
240013,45302
194885,45302
243545,45302
68509,45302
177664,45302
185013,45302
3802,45302
102518,45301
195404,45301
218904,45301
288113,45301
222185,45301
116618,45301
13521,45301
25967,45300
295491,45300
109648,45300
87330,45300
204902,45300
260664,45300
29722,45300
268426,45299
119568,45299
6712,45299
4318,45299
222568,45299
265789,45299
124773,45298
12505,45298
25123,45298
267926,45298
125484,45298
147501,45298
39714,45298
208333,45298
288751,45297
782,45297
92631,45297
240181,45297
266976,45297
206636,45297
263433,45297
65935,45297
206156,45297
105294,45297
55,45296
14542,45296
23969,45296
231904,45295
212016,45295
70934,45295
179505,45295
16212,45295
8429,45295
110004,45295
238723,45295
129096,45295
203157,45294
203117,45294
270228,45294
245167,45294
290498,45294
253660,45294
109038,45293
195948,45293
248443,45293
170817,45293
287239,45293
277295,45293
217859,45293
282858,45292
186494,45292
283380,45292
8470,45291
152894,45291
52383,45291
191713,45291
218931,45291
7561,45291
118933,45291
21199,45291
232732,45291
8935,45290
13550,45290
125182,45290
252615,45290
199323,45290
25075,45290
157996,45289
165225,45289
38642,45289
230377,45289
252117,45288
280734,45288
29087,45288
223861,45288
95909,45288
259750,45288
37389,45288
132573,45288
209835,45288
228046,45287
105425,45287
121070,45287
296099,45287
21185,45287
296089,45287
284476,45287
183749,45287
191076,45286
113959,45286
186124,45286
47516,45286
66058,45286
11202,45286
11969,45286
179039,45286
167906,45286
231765,45285
255808,45285
259934,45285
55170,45285
290536,45285
52595,45284
291822,45284
586,45284
271700,45284
137301,45284
151022,45283
11072,45283
36450,45283
285112,45283
139832,45283
276833,45283
89070,45283
266068,45283
258738,45282
114609,45282
118593,45282
178236,45282
267334,45282
270278,45281
56351,45281
205453,45281
204289,45281
205139,45281
51072,45281
287036,45281
43567,45281
187633,45280
120573,45280
293871,45280
26709,45280
169256,45280
289694,45280
293473,45280
259531,45280
290542,45279
143990,45279
289008,45279
128495,45279
290052,45279
214106,45279
54466,45279
112880,45279
235714,45279
287421,45279
293796,45278
243246,45278
85233,45278
98694,45278
207966,45278
131849,45278
238151,45278
22609,45278
179703,45277
158786,45277
153859,45277
18451,45277
229684,45277
285942,45277
8000,45277
84677,45276
293079,45276
195139,45276
92388,45276
263807,45276
273626,45276
213468,45276
122926,45275
47022,45275
283202,45275
35927,45275
180823,45275
173084,45275
74030,45275
260806,45274
48302,45274
238270,45274
624,45274
250215,45274
205278,45274
265447,45274
131624,45273
23727,45273
181038,45272
284200,45272
165684,45272
35566,45272
12729,45272
213041,45272
243085,45272
240284,45271
13187,45271
30565,45271
175515,45271
289280,45271
24506,45271
268525,45270
364,45270
243370,45270
278059,45270
12790,45270
242355,45270
265119,45270
200663,45270
27867,45269
287174,45269
116495,45269
72194,45269
209440,45269
238720,45269
149171,45269
215658,45269
116076,45268
108406,45268
60882,45268
138511,45268
97050,45268
258154,45267
47730,45267
292570,45267
14244,45267
293679,45266
128433,45266
169929,45266
237798,45266
53193,45266
104227,45266
282885,45266
269673,45266
257133,45266
244217,45266
238342,45266
97165,45266
205629,45266
209245,45266
180442,45266
207518,45265
109125,45265
253076,45265
269515,45265
7249,45265
9342,45265
75433,45264
42526,45264
253321,45264
53950,45264
18372,45264
228140,45263
29785,45263
272186,45263
105173,45263
245837,45262
55843,45262
164075,45261
198485,45261
259802,45261
273126,45261
69849,45261
8607,45261
178513,45261
21277,45261
102722,45260
177448,45260
280526,45260
46292,45260
222153,45260
287457,45260
3315,45260
179741,45260
209078,45259
157359,45259
228780,45259
216327,45258
294627,45258
242087,45258
34917,45258
45059,45258
8417,45257
92484,45257
251128,45257
288195,45257
256602,45257
6611,45256
30075,45256
119628,45256
164309,45256
281493,45256
279055,45256
244869,45256
283227,45256
268397,45255
153803,45255
117174,45255
37772,45255
182448,45255
68852,45255
42228,45255
9478,45255
270113,45254
250141,45254
48969,45254
115011,45254
34656,45254
246224,45254
146287,45254
284506,45253
164365,45253
15743,45253
287380,45253
275995,45253
291454,45253
15060,45252
1866,45252
242882,45252
5012,45252
37088,45252
217945,45252
9637,45252
282543,45252
250438,45252
197569,45252
202293,45252
119309,45252
3572,45251
180198,45251
282314,45251
249759,45251
294142,45251
215092,45251
39141,45250
251898,45250
255783,45250
15496,45250
230368,45250
227497,45250
122989,45250
8285,45249
281752,45249
202558,45249
279575,45249
246399,45249
26311,45249
21060,45249
6260,45249
219170,45249
264773,45248
231075,45248
12558,45248
11061,45248
177101,45248
33578,45248
110429,45248
39113,45248
58313,45248
279195,45248
85634,45247
250358,45247
269651,45247
106025,45247
231817,45247
251259,45246
163250,45246
61788,45246
250755,45246
16709,45246
145787,45246
252098,45245
170903,45245
263955,45245
212587,45245
292618,45244
261669,45244
85904,45244
66319,45244
36022,45244
275120,45244
248899,45244
280371,45244
173612,45244
13951,45243
26042,45243
253686,45243
241398,45243
294623,45243
142429,45243
69089,45243
245101,45243
286492,45243
5890,45242
102195,45242
287237,45242
296020,45242
80992,45242
281577,45242
16036,45241
42708,45241
85632,45241
16838,45241
32298,45241
216356,45240
142039,45240
57710,45240
253372,45240
232329,45240
151915,45240
44127,45240
10033,45239
285593,45239
199239,45239
12338,45239
208892,45239
218257,45239
261095,45239
292926,45239
3232,45238
173806,45238
19195,45238
237551,45238
238682,45238
281653,45238
262664,45237
258567,45237
149524,45237
279929,45237
280719,45237
291249,45236
105794,45236
105408,45236
135176,45236
5585,45236
238715,45236
19549,45236
11828,45236
151017,45236
32130,45235
177432,45235
3544,45235
65897,45235
2528,45235
13220,45235
1250,45234
14100,45234
125555,45234
2472,45234
217961,45234
10888,45234
118396,45234
165325,45233
176366,45233
70038,45233
296367,45233
205150,45233
167072,45233
132542,45232
294829,45232
239920,45232
252071,45232
818,45232
15362,45232
101547,45232
233889,45232
268606,45232
12439,45232
99119,45232
25361,45231
63349,45231
165969,45231
162578,45231
15728,45230
139455,45230
111291,45230
99320,45230
289847,45230
80879,45230
210564,45230
184944,45230
149442,45230
148080,45229
109174,45229
7962,45229
38032,45229
272632,45229
151364,45228
16880,45228
6286,45228
53243,45228
38358,45228
148022,45228
293598,45227
20644,45227
19267,45227
260263,45227
111385,45227
106999,45227
18066,45227
263150,45227
123213,45227
15856,45227
99498,45226
295508,45226
282199,45226
68110,45226
153384,45225
110678,45225
213727,45225
43572,45225
4596,45225
7571,45225
6382,45225
271593,45225
146260,45225
255030,45225
95573,45225
34309,45225
129916,45225
228995,45225
280735,45225
4765,45224
55876,45224
210518,45224
225632,45224
144586,45224
176587,45223
288085,45223
208549,45223
130858,45223
235571,45223
77818,45223
271600,45223
193410,45223
156355,45222
146357,45222
62317,45222
6821,45222
27088,45222
25387,45222
26966,45222
220380,45222
26502,45222
284145,45222
25431,45222
278937,45222
222936,45222
199764,45221
107262,45221
82092,45221
271821,45221
189040,45220
1420,45220
286657,45220
3470,45220
48632,45220
225949,45220
184092,45220
193061,45220
9912,45219
99009,45219
32582,45219
175611,45219
288811,45219
295019,45219
1693,45219
51878,45219
262216,45219
57190,45219
243849,45219
182206,45219
186020,45219
55271,45218
141676,45218
265585,45218
64173,45218
234126,45218
272588,45218
204118,45218
124667,45217
260506,45217
14140,45217
198589,45217
125386,45217
187311,45217
157208,45217
145976,45217
264472,45217
223359,45216
122819,45216
281435,45216
801,45216
3333,45216
146669,45216
98226,45216
95799,45216
85626,45216
271050,45216
175839,45215
109674,45215
293168,45215
239853,45215
273872,45215
220026,45215
96559,45215
52528,45215
279541,45214
10229,45214
5783,45214
99634,45214
295659,45214
252410,45214
226267,45214
54424,45214
253133,45214
21756,45214
228997,45213
126053,45213
172310,45213
220905,45213
225087,45213
46046,45213
108945,45213
43426,45213
150507,45213
15378,45213
256527,45213
3049,45213
100604,45213
42626,45212
128462,45212
282096,45212
87121,45212
235510,45211
163742,45211
284916,45211
246531,45211
129386,45211
92692,45211
164015,45210
31663,45210
127209,45210
56409,45210
246882,45210
6725,45210
246168,45210
286365,45210
290739,45210
173531,45210
17395,45209
165637,45209
218678,45209
203300,45209
56617,45209
213064,45209
270439,45209
247109,45208
73477,45208
177340,45208
4197,45208
20485,45208
180058,45208
76848,45208
163007,45208
160370,45208
85723,45208
12171,45207
245683,45207
238731,45207
115288,45207
3949,45207
277640,45207
191554,45207
14788,45207
26406,45207
2360,45207
289937,45206
183680,45206
188798,45206
240944,45206
161380,45206
595,45206
33249,45206
29451,45206
83072,45205
186901,45205
22132,45205
3088,45205
24858,45205
63288,45205
253951,45204
208410,45204
4837,45204
142097,45204
293336,45204
187830,45204
277591,45204
147640,45204
100935,45204
17888,45204
155647,45204
267687,45204
242210,45204
68331,45204
117476,45204
76804,45203
139967,45203
3253,45203
132723,45203
273761,45203
8334,45203
67085,45203
285005,45203
191406,45203
285483,45203
281470,45203
173652,45202
242845,45202
196432,45202
104240,45202
264,45201
94671,45201
247630,45201
4154,45201
296034,45201
195483,45201
9632,45201
188526,45201
5107,45201
183614,45201
156110,45200
195055,45200
106089,45200
202717,45200
24004,45200
1510,45200
262488,45199
35552,45199
239588,45199
3847,45199
290961,45199
292972,45199
207689,45199
9548,45199
75291,45199
94586,45199
288053,45198
113261,45198
240258,45198
271342,45198
29030,45198
261960,45198
143403,45198
49673,45198
161750,45197
155736,45197
240683,45197
13793,45197
253292,45197
17650,45197
38204,45197
274458,45196
225173,45196
144469,45196
15892,45196
236627,45196
286374,45196
90856,45196
153463,45195
191007,45195
288024,45195
21272,45195
144246,45195
274210,45195
289186,45195
73667,45194
167537,45194
291916,45194
238097,45194
97020,45194
188573,45194
185853,45194
99764,45194
171740,45194
169863,45194
164866,45194
5895,45193
167507,45193
66563,45193
232467,45193
28769,45192
276442,45192
82375,45192
30197,45192
246293,45192
198358,45192
16242,45192
101467,45192
220221,45192
1929,45192
24124,45192
17443,45192
270600,45192
14565,45191
34709,45191
236799,45191
254269,45191
7596,45191
247521,45191
16441,45191
296538,45191
189561,45190
92833,45190
9352,45190
113889,45190
157670,45190
125765,45190
81724,45190
17091,45190
169969,45190
195810,45190
130635,45190
281383,45190
81454,45189
223814,45189
130442,45189
90564,45189
78596,45189
163122,45189
128342,45189
9593,45189
234683,45189
41581,45189
587,45189
47062,45188
45771,45188
262969,45188
235590,45188
117442,45188
152563,45188
174677,45188
218729,45188
150093,45188
203417,45187
208564,45187
283837,45187
148663,45187
82632,45186
221457,45186
9676,45186
265846,45186
215877,45186
227102,45186
54925,45186
26964,45185
96859,45185
170181,45185
173132,45185
97830,45185
100061,45184
162803,45184
9169,45184
6928,45184
281725,45184
291051,45184
117883,45184
293942,45183
293537,45183
45034,45183
13003,45183
53670,45183
83831,45183
56,45183
49436,45183
78928,45183
48701,45183
29529,45183
20246,45182
132429,45182
25866,45182
268657,45182
3417,45182
268255,45182
170035,45182
245991,45181
194562,45181
2344,45181
257712,45181
233536,45181
30675,45181
177571,45181
186940,45181
1383,45180
135509,45180
274579,45180
169358,45180
184317,45180
275679,45180
28628,45180
278540,45179
91816,45179
58448,45179
224361,45179
69780,45179
133396,45179
184318,45179
292762,45179
15847,45179
194112,45179
21377,45179
148031,45179
257742,45179
5919,45179
19351,45178
53783,45178
224425,45178
13794,45178
292327,45178
36472,45178
243592,45177
26360,45177
9445,45177
39230,45177
171654,45177
76142,45177
250545,45177
221992,45177
64212,45177
416,45177
116485,45176
220181,45176
257013,45176
82126,45176
221699,45176
4213,45176
86359,45176
211711,45175
118905,45175
41776,45175
276565,45175
2585,45175
151255,45175
230925,45174
27003,45174
260723,45174
243149,45174
227454,45174
235734,45174
226680,45174
38800,45174
51700,45173
18997,45173
211476,45173
239483,45173
169570,45173
245555,45173
192222,45173
164848,45172
86176,45172
186318,45172
138974,45172
7746,45172
97983,45172
108568,45172
248037,45172
109901,45172
250769,45172
232029,45172
292033,45172
255250,45171
193276,45171
16433,45171
130480,45171
169603,45170
152227,45170
207252,45170
136819,45170
248309,45170
250436,45170
35980,45170
261734,45170
39684,45170
267585,45170
196834,45170
171355,45170
30795,45170
710,45170
78522,45170
310,45169
23511,45169
185938,45169
161952,45169
151513,45169
219809,45168
43109,45168
147711,45168
229202,45168
221829,45168
266736,45168
160802,45168
268633,45168
256529,45168
3999,45168
17547,45168
235968,45167
176608,45167
149738,45167
272261,45166
127610,45166
128481,45166
13408,45166
152582,45166
173377,45165
88928,45165
223188,45165
103368,45165
127356,45165
147502,45165
136722,45165
142903,45165
288888,45165
226157,45164
29472,45164
8831,45164
1627,45164
262178,45164
229901,45163
6875,45163
155732,45163
275096,45163
252279,45163
978,45163
193838,45163
249494,45163
242110,45163
222446,45162
159988,45162
213404,45162
188743,45162
180202,45162
222831,45162
74654,45162
24961,45162
161415,45162
3598,45162
104041,45161
171524,45161
71046,45161
260059,45161
246929,45161
92322,45161
265005,45160
181651,45160
3056,45160
214574,45160
142442,45160
125493,45160
10441,45159
9905,45159
122403,45159
74295,45159
31210,45159
129109,45159
3871,45159
264426,45159
216634,45159
160285,45159
20457,45158
3042,45158
13412,45158
208910,45158
215638,45158
199981,45158
210219,45158
13544,45158
62350,45158
201740,45158
22002,45157
138162,45157
183457,45157
26779,45157
240976,45157
6039,45157
119000,45157
230853,45157
4170,45157
774,45156
198050,45156
244877,45156
111467,45156
189518,45156
79735,45156
251576,45155
188943,45155
292508,45155
55920,45155
11075,45155
283669,45155
121190,45155
150074,45155
190904,45154
276682,45154
166292,45154
26093,45154
158578,45154
285933,45154
214316,45154
140146,45154
197176,45153
7743,45153
188870,45153
27753,45153
49314,45153
12364,45153
254928,45152
142035,45152
132044,45152
268177,45152
113186,45152
178422,45152
236261,45152
212216,45152
203797,45152
279032,45151
116693,45151
5505,45151
39595,45151
288896,45151
48528,45151
1361,45151
5517,45150
147075,45150
50106,45150
17752,45150
242725,45150
23229,45150
232225,45150
262210,45150
22418,45149
268808,45149
258636,45149
203555,45149
171181,45149
243576,45149
86889,45149
112729,45149
283550,45149
23291,45149
180096,45148
256747,45148
113181,45148
257003,45148
248486,45148
234119,45148
143413,45148
294516,45148
140183,45148
153913,45148
133482,45148
15962,45148
134268,45148
81291,45147
182763,45147
128178,45147
192939,45147
288905,45147
230505,45147
145651,45147
130327,45147
250327,45147
9736,45147
166967,45147
86355,45147
96408,45147
198373,45147
250897,45147
57373,45147
173872,45147
128308,45147
257225,45147
1463,45146
142062,45146
60067,45146
89296,45146
209504,45146
181237,45146
229389,45146
440,45146
268382,45145
82024,45145
268339,45145
118252,45145
8394,45145
74314,45145
289332,45145
6518,45145
296344,45145
28446,45145
11220,45144
263944,45144
288498,45144
240520,45144
32495,45144
282008,45144
247169,45144
272266,45144
188973,45144
1767,45143
191552,45143
21767,45143
42191,45143
183771,45143
