65186,100000
104763,62122
26255,61016
23041,60340
49090,59202
38283,57230
227142,54716
55641,54532
87615,52325
282930,51582
202393,49639
217466,49578
1397,49378
230751,48706
208853,48648
246075,48437
255042,48331
111231,48315
220697,48279
1614,48232
124348,48227
23078,48166
278651,48142
2924,48138
117312,48069
193776,47948
100398,47888
263313,47869
157467,47864
71360,47783
158455,47763
176226,47717
97285,47702
12859,47681
1555,47660
5128,47644
51715,47620
254186,47618
281705,47593
228405,47583
235893,47560
76832,47560
46065,47506
166375,47490
29432,47474
19939,47447
216205,47423
18954,47420
110783,47391
282032,47370
249393,47370
41694,47368
288696,47359
84706,47358
23452,47337
294372,47326
166485,47324
245580,47297
185231,47276
249994,47273
28851,47265
234362,47240
5254,47240
192153,47225
183482,47223
94204,47201
247741,47201
170513,47200
145627,47181
249864,47180
48125,47178
223162,47178
183513,47166
96623,47159
64776,47150
241244,47139
89748,47133
230003,47120
275748,47120
3168,47117
26332,47090
126659,47089
107516,47080
241668,47068
126087,47066
108653,47065
236133,47032
49019,47028
282101,47013
98903,47010
143477,47005
285228,47004
222334,47004
292915,46998
222606,46989
161137,46988
218138,46976
296272,46958
178844,46930
67957,46927
16841,46906
568,46904
68252,46897
18814,46895
263231,46886
290066,46878
205603,46876
182506,46869
78334,46865
216845,46858
266188,46853
258102,46849
12119,46837
207293,46835
180440,46835
277844,46833
12402,46822
108077,46813
195007,46812
16347,46810
214793,46810
227640,46808
44721,46805
132049,46802
221700,46801
13695,46790
237623,46782
101810,46781
188239,46777
100642,46754
131403,46753
24396,46744
240116,46742
653,46728
196903,46726
163223,46719
196634,46718
86682,46717
83667,46714
284819,46708
211182,46707
237947,46696
175200,46694
193559,46685
253823,46684
135326,46683
184713,46682
81023,46681
155487,46677
13761,46669
3577,46667
251841,46667
209800,46664
210788,46658
288506,46658
149305,46655
198579,46652
72408,46651
10672,46640
112959,46638
292544,46636
89410,46635
144282,46632
122301,46632
207485,46629
10588,46628
295590,46625
286171,46623
159957,46620
166522,46618
259396,46617
119481,46614
221599,46614
178763,46612
139459,46608
182879,46607
184772,46596
31496,46595
207963,46595
203236,46591
160052,46590
6221,46582
68814,46579
8699,46578
119515,46567
206814,46563
9468,46557
293767,46554
84754,46549
264193,46548
285445,46546
183176,46544
86731,46537
130956,46532
149501,46529
161247,46521
71112,46521
259508,46516
37766,46515
34844,46514
123690,46507
96965,46505
31241,46505
39587,46503
138163,46502
40891,46501
241226,46500
34698,46500
10994,46500
180041,46497
86610,46494
111227,46491
29917,46486
201959,46485
17449,46485
266105,46477
138215,46472
97719,46472
78570,46471
237201,46471
276291,46464
163483,46459
143277,46456
231951,46456
158658,46454
229510,46451
285299,46450
263097,46445
236520,46444
138788,46443
210437,46438
290519,46438
171881,46433
215584,46429
210955,46426
195855,46424
293584,46423
271511,46419
64221,46416
32663,46413
288438,46405
295814,46403
220555,46402
231194,46400
204474,46392
243080,46390
232082,46388
207308,46385
191810,46382
4207,46382
101295,46379
138953,46378
99150,46378
130509,46378
133476,46377
21079,46376
281084,46374
151796,46372
160796,46372
294070,46366
241013,46366
282558,46364
195750,46357
68047,46357
229533,46356
262423,46350
171423,46347
27023,46345
291144,46341
230309,46340
63732,46340
293607,46340
211671,46332
239555,46331
164827,46330
231530,46325
179251,46324
55227,46323
107107,46323
251159,46312
193242,46306
143602,46305
109205,46304
165713,46301
100813,46296
167089,46296
152323,46295
23169,46295
7163,46293
11103,46292
154398,46290
23894,46290
295140,46289
186913,46286
285596,46285
229953,46280
14055,46280
291090,46278
264095,46278
281304,46277
189200,46274
81532,46273
293906,46272
197044,46271
264637,46270
284527,46269
242029,46268
221105,46262
218879,46261
119867,46260
264789,46258
77846,46258
12386,46256
229672,46255
235771,46255
16161,46252
19681,46248
136108,46247
75661,46246
190689,46246
151386,46245
278929,46244
12604,46240
80379,46239
125848,46239
286668,46238
23871,46236
76871,46233
290808,46231
280490,46225
170565,46224
276172,46224
287438,46224
285992,46215
62320,46214
134247,46213
149776,46203
249700,46201
40096,46201
280463,46199
19118,46190
80829,46189
229125,46186
251263,46182
245597,46177
43944,46177
291981,46165
196927,46164
5812,46164
8715,46161
189537,46151
85913,46150
91071,46149
160092,46148
156182,46148
101921,46147
45221,46145
132693,46144
37905,46142
176516,46141
273111,46140
222724,46138
92072,46132
295016,46130
241185,46130
186195,46130
207575,46129
98064,46126
287671,46126
11114,46125
164948,46125
151874,46123
196955,46122
284007,46112
280415,46111
216679,46111
211325,46109
145152,46107
256275,46106
5389,46106
206859,46106
55505,46104
141845,46104
259377,46103
219329,46103
133952,46103
170482,46102
178688,46100
145830,46096
8547,46096
181278,46095
201721,46093
120973,46093
228376,46090
124369,46090
120131,46089
76904,46085
209521,46084
86028,46083
187294,46082
94468,46081
207018,46078
187080,46078
210405,46077
288810,46074
3133,46071
250237,46067
222736,46066
277009,46065
261518,46065
87791,46065
181839,46064
4793,46063
215068,46063
146418,46061
111741,46052
143308,46051
272714,46050
262008,46050
118734,46050
55504,46047
207525,46046
13144,46045
88815,46045
108838,46044
269868,46044
185987,46044
252240,46043
4474,46042
267149,46040
5253,46040
133283,46036
23397,46036
111493,46035
193747,46031
173476,46029
267323,46029
196196,46028
212460,46028
55037,46028
204412,46027
31482,46026
104224,46025
93847,46018
43719,46017
54675,46015
210673,46015
192021,46012
75348,46012
237916,46012
271967,46011
167136,46011
2677,46009
139624,46009
4190,46008
129923,46006
80767,46005
164716,46004
132343,46002
291239,46002
274724,46002
80857,46000
154452,45999
224569,45998
129954,45998
212041,45997
135562,45997
281527,45994
139399,45993
164411,45992
248105,45992
54553,45992
112997,45992
96133,45992
132700,45991
30279,45991
243376,45983
41356,45982
254861,45977
12156,45975
280107,45973
203550,45971
119550,45970
257619,45969
139415,45967
111711,45966
295447,45966
185930,45964
154554,45963
41092,45960
71404,45959
164040,45958
268362,45957
242219,45957
177758,45956
14465,45955
15907,45954
172462,45952
245390,45951
26081,45950
24975,45949
241616,45948
143540,45947
70968,45945
152016,45942
226471,45941
172222,45940
149013,45934
233263,45932
135278,45931
232928,45930
163140,45930
89948,45930
286461,45928
21631,45928
276117,45927
288277,45927
100555,45925
111421,45924
275795,45924
20219,45924
247768,45923
42729,45922
27685,45921
37425,45919
288957,45917
113288,45916
2760,45915
234118,45915
254343,45915
277433,45913
118455,45913
213153,45912
177000,45911
31340,45911
244793,45910
190408,45907
10097,45906
35546,45906
23014,45905
9210,45904
257265,45904
10540,45903
19245,45903
108666,45902
226133,45901
96686,45901
195984,45901
151324,45901
218127,45899
225368,45898
114391,45897
284102,45893
31706,45891
248090,45891
213868,45890
90534,45890
190423,45889
292827,45888
5942,45887
195158,45887
27781,45887
13564,45886
258685,45885
184873,45884
280201,45883
217497,45883
249160,45883
238235,45880
140201,45877
183122,45877
199158,45877
236205,45876
287982,45874
250191,45872
252936,45871
195171,45871
273149,45870
175448,45868
6118,45868
139976,45867
263081,45867
40904,45866
11831,45863
222437,45863
130056,45863
274274,45862
174728,45861
47586,45856
133049,45856
128350,45855
172837,45853
127829,45851
211014,45851
95396,45848
270280,45847
1134,45846
271271,45845
167577,45845
251630,45843
229910,45843
77073,45839
117042,45837
286845,45837
19265,45836
263070,45836
6521,45835
255966,45835
259028,45833
264111,45833
35771,45832
221007,45831
79445,45831
187253,45826
202710,45825
281626,45824
276008,45824
119513,45822
262710,45822
105728,45820
9894,45816
190395,45815
152516,45814
35668,45812
87155,45812
197842,45812
266589,45812
267637,45808
20708,45807
78188,45806
170936,45806
157272,45805
46143,45805
175698,45805
177250,45803
1279,45803
11321,45803
92098,45799
78251,45799
256315,45799
78524,45799
3763,45798
260091,45797
231736,45797
287675,45796
286622,45795
116671,45793
222281,45792
277858,45792
112127,45790
191496,45789
16221,45788
257990,45788
266656,45784
32690,45782
128471,45782
92539,45782
276973,45782
129961,45780
9768,45779
46296,45776
282732,45772
4798,45772
229833,45772
19002,45771
147019,45771
157878,45771
234086,45770
163318,45769
197571,45768
281205,45764
290660,45762
31923,45760
128282,45758
4310,45756
214898,45755
286783,45754
144536,45754
278867,45754
82203,45754
63483,45754
248031,45753
282385,45753
8884,45749
24972,45748
193727,45746
27331,45742
272136,45741
109159,45740
205905,45740
144914,45739
247570,45737
285240,45737
84978,45735
86479,45732
278232,45731
56514,45731
250536,45724
166548,45718
191715,45717
152944,45716
192086,45716
89704,45714
284709,45714
6979,45712
41925,45712
296526,45712
11446,45709
294206,45706
22352,45705
81735,45704
30707,45704
292613,45703
130372,45700
86270,45700
87312,45698
289762,45698
274902,45697
275016,45696
284998,45693
45024,45691
270239,45690
15480,45689
141763,45689
218225,45689
165741,45689
69371,45689
233744,45689
282509,45687
98378,45687
189931,45687
141218,45687
167774,45686
290947,45684
73689,45683
150992,45683
252082,45682
130278,45679
257782,45678
117117,45678
144993,45678
107561,45677
233951,45677
259075,45677
239209,45676
272049,45676
284091,45676
51806,45675
146356,45675
114044,45674
193412,45673
44473,45673
159485,45672
191029,45672
286862,45672
158997,45671
281222,45671
259024,45669
71254,45669
267345,45669
28378,45669
175173,45667
291323,45667
41611,45667
43110,45666
256743,45666
200394,45665
47605,45664
232395,45663
57303,45663
188851,45662
187313,45662
185395,45661
191118,45661
259523,45661
241400,45660
222236,45660
194124,45660
259748,45659
205951,45658
139979,45658
164263,45657
111117,45656
84877,45656
105192,45655
260943,45654
214856,45653
291024,45653
211261,45652
241930,45652
4382,45652
94325,45651
157888,45650
178697,45650
35560,45649
225298,45649
10210,45649
240292,45648
108941,45648
284684,45646
230958,45645
11106,45645
265887,45645
129240,45645
244720,45645
91032,45643
20509,45637
253475,45637
201724,45637
4823,45636
245352,45636
285756,45636
150685,45634
243532,45633
268906,45633
170711,45633
164692,45632
45834,45631
33653,45631
285502,45631
266198,45629
74448,45628
151629,45627
235347,45627
210926,45626
5014,45626
234493,45626
148271,45625
30929,45625
133077,45625
263532,45624
57838,45624
149606,45624
13114,45622
108690,45622
36261,45621
127637,45621
271948,45620
239815,45619
841,45619
264273,45619
266275,45618
200872,45617
272892,45616
126392,45614
188004,45614
265513,45614
240796,45612
6772,45612
225160,45610
194835,45610
150847,45610
241810,45609
25725,45604
252330,45603
231616,45601
140167,45601
23091,45600
285982,45599
135401,45599
7157,45599
194096,45599
17064,45598
52132,45596
249855,45595
243026,45595
157061,45594
291893,45594
249474,45593
280893,45592
36521,45590
291991,45590
188243,45590
251858,45589
154339,45588
284313,45587
27419,45587
83198,45586
177526,45585
26607,45584
176583,45584
103183,45583
294181,45582
48679,45582
163165,45581
29328,45581
60511,45580
208044,45580
104944,45580
190093,45579
115441,45578
85244,45578
148640,45578
51465,45577
99222,45576
224155,45575
293361,45575
269066,45572
276808,45572
171506,45571
287501,45570
291198,45570
203308,45570
186050,45570
180477,45570
184331,45569
222549,45568
29096,45568
15053,45568
222020,45567
29502,45566
204037,45566
6711,45565
139991,45565
280901,45565
53028,45564
294779,45563
108843,45563
155906,45563
218273,45563
251610,45562
111705,45562
6320,45561
296275,45561
220557,45560
111066,45560
291886,45560
91235,45558
285923,45557
245786,45557
248186,45557
91014,45556
10401,45556
174754,45556
20039,45556
126547,45555
96160,45554
259836,45553
271529,45553
50186,45553
258436,45553
82292,45553
146534,45552
283131,45552
34984,45550
101774,45550
234811,45549
71750,45549
296533,45548
37126,45548
277593,45546
174652,45546
209015,45545
265607,45545
292699,45542
175642,45542
269055,45542
43078,45541
105884,45540
118682,45539
281529,45539
151532,45537
250639,45537
17290,45535
100033,45535
58416,45534
227818,45534
105769,45534
267545,45533
211204,45533
281164,45533
265589,45533
216626,45532
176672,45532
153863,45532
3102,45532
137472,45531
255329,45531
238559,45531
109647,45531
161080,45530
868,45530
295660,45529
257580,45528
30376,45528
113801,45527
217813,45527
198461,45527
3277,45527
162740,45526
157346,45526
62525,45526
133959,45526
69142,45525
189342,45525
291031,45524
26240,45523
201996,45523
158035,45523
275780,45521
54574,45518
18771,45517
175739,45517
54227,45517
143278,45516
279274,45516
113697,45516
193676,45516
177847,45516
221316,45514
289035,45514
144715,45514
135648,45513
240838,45513
155383,45512
133767,45512
2729,45511
8686,45509
198024,45509
56128,45508
72594,45508
231019,45507
234424,45506
5285,45505
267470,45505
293062,45505
71019,45504
213205,45503
261243,45503
14916,45500
283366,45500
236475,45499
235668,45499
88089,45499
77763,45498
160515,45496
197793,45496
169396,45496
38523,45495
280850,45495
151219,45495
96523,45494
203998,45493
164608,45493
13244,45493
36555,45493
286714,45492
296289,45492
236251,45491
199054,45490
286013,45490
255024,45490
246724,45488
288644,45488
218441,45488
255513,45487
122225,45487
236625,45486
64156,45485
30998,45485
42385,45484
3657,45483
206148,45483
54298,45482
165019,45482
288463,45481
70108,45479
285320,45479
17809,45479
177974,45478
119217,45476
9185,45476
251951,45475
155821,45475
182484,45475
269518,45474
265109,45474
68575,45474
19338,45473
69275,45472
122861,45472
101716,45472
222291,45471
222707,45471
195590,45470
4416,45469
153089,45469
158232,45468
24402,45467
203953,45467
211886,45466
137361,45466
27440,45466
93499,45465
295885,45464
141345,45463
264646,45463
12856,45463
20337,45463
41844,45461
189190,45461
287147,45460
95574,45457
4054,45457
49461,45457
68626,45456
243222,45456
214229,45455
235158,45455
93065,45455
274978,45453
90451,45452
235447,45452
285843,45451
237476,45450
243177,45449
258911,45449
227354,45448
284325,45447
56469,45446
90846,45446
211256,45445
173185,45445
283401,45445
141546,45444
441,45442
178995,45441
138036,45441
296060,45439
47379,45439
246794,45439
102905,45439
265815,45439
78514,45438
39818,45438
269267,45437
276242,45437
272381,45437
188775,45437
183401,45437
259409,45436
18794,45434
241929,45433
245921,45433
40794,45432
54639,45431
183674,45431
230296,45431
155569,45431
177209,45430
111258,45429
56892,45429
145569,45429
156900,45428
177375,45428
62637,45428
243874,45427
43533,45426
114468,45425
4088,45425
241555,45424
265403,45424
163842,45424
148731,45423
293935,45423
230492,45422
202251,45422
9338,45421
39056,45421
289961,45419
249923,45419
260163,45418
497,45417
128280,45417
71438,45415
131566,45415
151392,45415
96984,45415
206157,45413
257707,45412
229681,45411
57051,45410
111,45409
268480,45409
165073,45409
43205,45407
205051,45407
274070,45406
56740,45406
272742,45406
143642,45405
229829,45405
191974,45404
253662,45404
139247,45403
200163,45403
145619,45403
3443,45403
198149,45402
36184,45402
143129,45402
239969,45402
181846,45402
18537,45401
98013,45400
296517,45400
219739,45399
231283,45398
10345,45398
206863,45398
278291,45397
194623,45396
221677,45396
184854,45395
237775,45395
260984,45395
250878,45395
220861,45393
261858,45393
98736,45392
7143,45392
246568,45392
91396,45392
211179,45391
45578,45391
254733,45391
1135,45390
210809,45390
234794,45390
249740,45389
154652,45389
9654,45388
8939,45388
85629,45388
281173,45387
79315,45387
141716,45386
143127,45385
11896,45385
78829,45384
284878,45384
24734,45384
181643,45384
56212,45384
138146,45383
245506,45383
205552,45383
40141,45383
140872,45382
112289,45382
105831,45382
236289,45382
260795,45381
273948,45381
47816,45381
256993,45380
280589,45380
184662,45380
92583,45380
11295,45380
141646,45377
211228,45376
21971,45376
201789,45376
171000,45375
307,45375
194668,45375
4883,45374
101444,45374
86168,45373
265998,45373
274368,45373
245615,45372
271581,45372
15148,45371
247744,45371
50551,45371
196267,45371
221668,45371
100,45370
105030,45370
69079,45370
291332,45369
177201,45369
270094,45369
206282,45369
59673,45369
135846,45367
128326,45365
81257,45365
32403,45365
96139,45365
219330,45364
36272,45364
24454,45364
250661,45364
45750,45363
33436,45362
5965,45361
110026,45361
217938,45361
175770,45360
60944,45360
131925,45360
65340,45359
150606,45359
181738,45359
246323,45358
55835,45358
282170,45358
140335,45356
156115,45356
72062,45355
223866,45355
230464,45354
31411,45354
7983,45354
289429,45353
83381,45353
217717,45353
277917,45353
193115,45353
116198,45352
11469,45352
10568,45351
173313,45351
81634,45351
243714,45351
295095,45350
65816,45350
206361,45350
2877,45350
256739,45349
278029,45349
190684,45349
104113,45348
16247,45348
278653,45348
9603,45348
237935,45347
286968,45346
210738,45346
118711,45346
237017,45346
92137,45346
46574,45345
205584,45345
169332,45343
162493,45342
236292,45342
211,45342
203408,45342
110479,45341
111248,45340
182134,45340
90967,45339
160026,45339
149609,45339
210825,45338
44530,45338
239692,45338
240199,45338
245144,45337
285903,45336
4371,45336
172565,45335
289834,45335
174560,45335
259777,45334
219869,45334
84797,45334
166495,45333
194271,45333
279375,45332
206899,45332
214335,45331
283368,45330
39789,45330
167394,45330
205415,45329
288253,45329
43387,45329
3414,45329
268716,45328
36452,45328
12126,45328
175424,45328
270072,45327
26126,45327
78349,45326
4275,45326
253735,45326
262212,45326
48780,45325
101233,45324
126982,45324
197007,45324
6159,45323
190764,45323
6163,45322
252991,45322
212668,45322
284562,45322
36023,45321
21129,45321
137453,45321
238560,45321
34457,45321
142632,45321
207424,45320
173088,45320
268435,45320
37709,45319
272222,45319
57790,45319
143896,45318
119425,45317
83049,45317
110725,45317
273234,45316
30648,45316
284450,45316
277715,45316
125662,45315
125272,45315
270167,45314
103418,45314
291257,45314
34413,45313
55249,45313
57506,45313
75177,45313
290555,45312
271539,45312
199176,45312
264245,45312
76736,45312
288566,45311
163064,45311
51125,45310
264145,45310
220743,45310
19830,45309
82613,45309
189094,45308
241722,45308
287444,45308
133617,45308
278731,45307
143656,45306
80128,45305
171188,45305
198223,45304
69656,45304
194518,45304
168498,45303
31905,45303
248879,45303
192895,45302
10874,45302
107109,45302
178584,45302
280173,45302
25673,45301
245095,45301
294356,45300
120608,45300
106412,45300
30713,45300
6295,45299
260534,45299
286207,45299
183820,45299
62108,45299
12823,45298
228813,45297
295154,45297
194791,45297
129436,45297
259390,45296
179662,45296
147811,45295
200596,45295
154359,45295
67224,45294
212260,45293
228712,45293
174365,45293
266446,45293
131452,45292
247354,45292
72800,45291
146257,45291
25121,45291
231181,45290
139263,45290
151955,45290
40734,45290
50006,45289
104103,45289
156241,45288
147437,45288
170559,45287
268647,45287
24132,45287
216726,45287
3314,45286
262924,45286
113089,45285
24426,45285
60466,45285
197414,45285
164184,45284
197626,45284
35287,45284
133611,45284
231498,45283
157450,45283
218462,45283
11341,45283
25947,45282
282033,45282
70614,45282
153767,45282
24726,45281
114195,45280
106081,45280
10321,45280
294650,45280
46934,45279
280169,45278
180934,45278
202248,45278
263536,45278
268344,45277
286969,45277
220567,45277
146899,45277
121350,45276
257230,45276
15004,45275
152047,45275
22657,45275
216095,45275
160189,45274
153961,45274
243514,45274
158050,45274
17597,45273
273101,45272
15686,45272
262075,45272
21193,45271
9283,45271
212669,45271
198922,45271
119979,45271
52158,45271
15750,45270
46072,45270
275318,45269
32059,45269
56378,45269
220346,45269
195257,45268
232806,45267
230233,45267
260681,45267
110194,45267
245185,45266
9238,45266
219441,45266
127799,45266
211845,45266
255557,45265
29802,45264
7344,45264
131187,45264
253751,45264
278897,45264
120324,45264
42452,45263
262231,45263
206432,45262
29651,45262
120183,45262
157655,45262
156694,45261
259068,45261
109531,45261
245302,45261
1863,45260
176867,45260
184774,45260
12690,45259
96504,45259
207632,45258
261251,45257
269792,45257
88612,45257
205052,45257
27925,45256
22037,45256
176793,45256
52463,45256
254525,45256
286679,45255
276932,45255
187139,45255
283334,45255
282825,45254
143147,45253
146787,45253
274989,45252
245487,45252
110267,45252
235335,45252
149860,45252
235770,45252
228286,45252
127317,45250
64670,45250
247512,45250
268051,45250
14498,45250
33120,45250
284532,45250
151989,45250
30213,45248
263077,45248
285714,45248
263537,45247
29834,45247
59490,45247
48931,45247
79739,45247
227099,45247
292940,45246
264875,45246
176945,45245
262063,45245
231132,45245
71389,45245
92048,45245
78311,45244
133790,45244
146577,45244
295460,45244
179715,45243
86241,45243
115751,45243
140629,45242
143749,45241
13711,45241
27733,45241
247197,45240
185794,45239
40881,45239
284751,45239
95958,45239
17904,45238
293390,45238
122323,45237
88843,45237
265676,45237
12120,45237
157431,45237
258695,45236
280760,45236
285433,45236
147354,45236
264478,45235
61405,45235
226340,45235
278477,45235
207220,45235
229038,45234
237322,45233
98866,45233
44016,45233
211335,45232
197724,45232
13522,45232
225380,45232
7372,45232
164402,45231
59016,45231
151778,45230
235785,45230
66380,45230
246852,45229
170624,45228
212294,45228
208272,45228
254151,45228
167544,45228
165691,45228
33153,45227
238643,45227
250266,45227
282364,45227
142749,45227
167465,45227
221380,45227
141705,45227
243928,45227
158330,45227
144424,45227
255755,45226
108934,45226
92677,45225
99527,45225
148762,45225
66082,45225
91701,45225
256068,45224
254550,45224
152852,45224
190598,45224
183377,45223
223008,45222
17163,45222
53431,45222
262875,45222
289062,45222
180028,45222
200337,45221
3823,45221
84621,45220
21733,45220
77805,45220
20752,45220
83729,45220
45382,45219
233658,45218
57693,45218
242046,45218
216051,45218
180100,45217
3437,45217
717,45217
265039,45216
222661,45216
226502,45216
2632,45215
159101,45215
74690,45214
275204,45214
19053,45213
177855,45213
2605,45213
243664,45213
58787,45213
150356,45212
132397,45212
266253,45212
107616,45212
242873,45212
121876,45211
284326,45211
114984,45211
182967,45211
215721,45211
19440,45211
32236,45211
32142,45210
285170,45210
214781,45210
146351,45210
156743,45210
28415,45209
133923,45209
71376,45209
295443,45208
210950,45208
51435,45208
33768,45208
218621,45208
18465,45207
186729,45207
43490,45206
62316,45206
22826,45206
281603,45205
271138,45205
278482,45205
38858,45205
172368,45204
170340,45204
136814,45204
135434,45204
187707,45204
13238,45203
2437,45203
207419,45203
11798,45202
14869,45202
205896,45202
262873,45202
187591,45202
128069,45201
169,45201
36510,45201
234115,45200
122167,45200
157949,45200
291172,45199
65434,45199
46481,45198
139542,45198
290241,45198
80206,45198
260125,45197
111834,45197
6360,45197
203911,45197
91586,45196
280587,45196
203480,45196
158897,45196
186934,45196
121592,45196
234903,45195
229396,45194
197969,45194
16892,45194
82647,45194
240396,45194
50295,45194
69065,45194
220808,45193
272032,45193
65141,45193
154279,45193
234132,45192
64586,45192
140444,45192
67068,45192
187844,45192
251375,45191
241144,45190
39692,45190
249212,45190
8175,45190
218238,45190
204593,45189
75923,45189
236245,45189
281095,45188
1183,45188
292058,45188
33934,45188
26359,45188
96417,45187
285451,45186
38889,45186
262430,45186
221821,45186
174842,45186
203789,45186
273414,45185
153960,45184
269806,45183
192301,45183
215131,45182
157991,45182
70467,45182
277449,45182
281815,45182
266441,45182
117637,45181
253576,45181
257506,45181
151358,45181
155894,45180
32759,45180
195130,45180
146252,45180
281055,45179
106601,45179
217103,45179
84930,45179
27850,45178
286350,45178
44034,45178
16532,45178
257455,45178
278567,45178
261330,45178
84829,45178
291702,45178
267709,45177
275384,45176
270421,45176
210195,45176
47457,45175
287900,45175
279416,45175
13308,45175
253082,45175
186865,45174
55029,45174
146974,45174
110276,45174
179691,45174
159728,45173
262809,45172
95975,45172
146143,45172
294887,45172
27367,45171
44092,45171
156316,45170
15733,45170
209103,45170
234253,45169
93520,45169
265433,45169
158134,45169
225771,45169
286604,45169
267096,45168
215522,45168
229595,45168
194984,45168
11639,45168
165473,45168
210625,45167
111384,45167
5466,45167
140828,45166
60245,45166
61097,45166
288870,45166
111952,45166
176615,45166
27988,45165
27862,45165
131469,45165
136117,45165
20735,45165
289733,45164
19455,45164
227084,45163
177404,45163
232346,45163
40646,45163
220293,45163
174690,45162
44841,45161
226513,45161
65031,45161
72892,45161
174704,45160
108771,45160
233871,45160
163908,45160
274719,45159
168926,45159
8718,45159
3799,45159
286937,45159
198258,45158
287757,45158
247090,45158
261883,45158
178592,45158
220307,45157
242269,45156
62542,45156
79930,45156
230393,45155
218928,45155
154238,45155
129889,45154
168874,45154
130634,45154
204652,45154
275951,45154
8468,45154
90108,45154
157789,45153
187260,45153
132279,45153
259710,45153
195539,45153
13339,45153
180740,45152
14125,45152
126760,45152
196850,45152
138798,45152
185682,45151
201235,45151
218932,45150
104727,45150
116496,45150
262786,45149
274254,45148
158137,45148
48487,45148
139581,45147
77415,45147
126396,45146
155832,45146
195715,45146
296352,45146
162046,45145
79135,45145
175863,45144
236833,45144
89424,45144
161438,45143
155919,45143
123131,45143
86861,45143
261665,45142
179345,45142
46085,45142
69207,45141
81500,45141
65356,45141
5699,45141
26792,45141
200593,45141
143939,45141
180639,45140
95244,45139
14794,45139
182623,45139
264372,45139
15749,45138
258006,45138
55640,45138
189401,45138
198640,45138
14938,45137
108072,45137
133761,45137
179966,45136
293170,45135
140955,45135
50838,45135
247946,45135
97321,45135
260713,45135
9908,45134
54911,45134
176842,45133
257565,45133
66450,45132
266727,45132
132620,45132
99775,45132
246647,45132
261685,45132
289498,45132
24796,45131
234014,45131
151104,45131
165463,45131
82328,45131
9443,45131
113133,45130
280500,45130
294492,45130
151965,45129
31695,45129
166228,45129
176769,45129
161531,45129
123465,45129
230096,45128
200771,45128
15143,45128
238513,45128
41711,45127
109887,45127
230457,45126
249464,45126
41,45126
174342,45126
173529,45126
244710,45126
294699,45125
154178,45125
90569,45125
84050,45125
146316,45125
46186,45124
16018,45124
82640,45124
50366,45124
217249,45124
32084,45124
5588,45123
81607,45123
265515,45123
288428,45122
117813,45122
43855,45122
1495,45122
66215,45121
237896,45121
296547,45121
264995,45121
236646,45121
156919,45121
69850,45120
118951,45120
167189,45120
199918,45120
252242,45119
82143,45118
5046,45118
128021,45118
83201,45118
145410,45118
167296,45117
96718,45117
84830,45117
63604,45117
168505,45116
5211,45116
247891,45116
27625,45116
29637,45116
182607,45116
228642,45115
245593,45114
288812,45114
98848,45114
272232,45114
200431,45114
218943,45113
210657,45113
206462,45113
119082,45113
239384,45113
67786,45112
178118,45112
252497,45112
225201,45111
151688,45111
218291,45111
214432,45110
16040,45110
8615,45110
233617,45109
76899,45108
161742,45108
222917,45107
197219,45107
199166,45107
89474,45107
119603,45107
245566,45106
279166,45106
161734,45105
189713,45105
290453,45105
281545,45104
8015,45103
275428,45103
96594,45103
152014,45103
123693,45102
142375,45102
28429,45102
123184,45102
276991,45102
36643,45102
27873,45101
173289,45101
213288,45101
288417,45100
211185,45100
220240,45099
256724,45099
44763,45099
119495,45099
262846,45099
156458,45099
910,45098
167968,45098
281327,45098
51043,45098
198597,45098
260539,45098
158424,45098
160274,45097
267552,45097
151603,45097
33199,45097
245781,45097
14965,45096
259269,45096
113776,45096
278132,45096
202940,45095
130183,45095
244401,45095
32978,45095
225328,45095
238074,45095
232669,45094
80996,45094
149956,45094
180345,45094
287080,45093
229764,45093
158728,45093
243084,45093
157617,45093
209018,45093
57680,45092
283209,45091
287170,45091
87475,45091
243372,45091
17816,45090
138622,45090
268047,45090
214019,45090
146487,45089
90957,45089
6046,45089
262278,45089
21630,45088
164449,45088
136551,45088
243258,45087
286682,45087
182482,45087
291877,45087
101097,45087
1164,45087
283297,45086
776,45086
186853,45086
185415,45086
65208,45086
74937,45086
261979,45085
199987,45085
179719,45085
190106,45085
131370,45085
48652,45085
142184,45085
154460,45084
27679,45084
173808,45084
140343,45083
43241,45083
25090,45083
102881,45083
43189,45083
57028,45083
112603,45083
219279,45083
5561,45082
153934,45082
8774,45082
17072,45082
294630,45082
220518,45081
58804,45081
128066,45081
229063,45081
38883,45081
94373,45081
192121,45080
246484,45080
196065,45080
229890,45080
239042,45080
290055,45080
55232,45080
130290,45079
255949,45079
271795,45079
41104,45079
180106,45079
279472,45078
274893,45078
127572,45078
223472,45078
197779,45078
148694,45078
209329,45078
268909,45077
123860,45077
71176,45077
74241,45077
198781,45076
225340,45076
199337,45076
194789,45076
254562,45076
194615,45076
152549,45075
117184,45075
54883,45075
21266,45075
136470,45074
261486,45074
220282,45074
117279,45074
160661,45074
106798,45074
203418,45074
280512,45073
156504,45073
185966,45073
198479,45073
77661,45073
237904,45073
40817,45073
201972,45072
177465,45072
178011,45072
126937,45072
259558,45071
70064,45071
56416,45071
158318,45071
130641,45070
154827,45070
89548,45070
122180,45070
153551,45069
116131,45069
1196,45069
254723,45068
177479,45068
286983,45068
83222,45067
63110,45067
217932,45067
976,45067
281018,45067
251342,45066
175613,45066
172053,45066
56042,45066
164545,45066
266020,45066
224244,45066
180227,45066
277,45065
81977,45065
20893,45065
207808,45065
136906,45064
165851,45064
143443,45063
108972,45062
142570,45062
170343,45062
247616,45062
82438,45061
61068,45061
23110,45061
163992,45061
194486,45061
185024,45061
288833,45061
285210,45061
27785,45060
68520,45060
132971,45060
237536,45060
214978,45060
216753,45060
223,45060
37250,45060
1697,45059
273063,45059
30533,45059
87273,45059
192580,45058
5955,45058
10878,45057
147418,45057
19479,45057
144122,45057
288141,45057
127448,45056
44846,45056
263728,45056
220809,45056
236887,45055
30504,45055
164648,45055
27355,45055
136307,45055
259266,45055
36682,45055
286620,45055
269432,45055
154831,45054
75750,45054
69203,45054
275719,45054
191424,45054
3187,45054
281396,45053
87552,45053
245357,45053
258556,45053
12860,45052
65602,45052
197449,45052
41945,45052
60914,45052
218916,45051
142984,45051
186941,45051
171742,45050
196301,45050
59503,45050
204344,45050
150327,45050
58554,45049
130346,45049
287867,45048
268077,45048
166196,45048
249638,45048
161482,45048
247318,45048
155405,45048
249881,45047
281130,45047
117592,45047
248709,45047
54653,45047
150115,45046
253247,45046
191845,45046
55027,45046
252865,45046
187319,45046
291688,45046
129899,45045
179103,45045
232443,45045
256421,45044
143946,45044
176885,45044
187366,45044
223604,45044
29268,45044
284214,45043
247449,45043
85167,45043
149240,45043
275854,45042
2080,45042
103116,45042
263593,45041
204577,45041
278325,45041
287014,45041
31044,45040
281920,45040
266410,45040
127821,45040
291881,45040
165168,45040
289686,45039
243796,45039
282243,45039
286094,45039
62034,45039
185639,45039
281852,45039
240247,45038
219216,45038
107876,45038
47184,45038
198840,45038
276849,45037
240874,45037
129620,45036
159560,45036
85069,45036
221918,45036
130167,45036
206117,45036
269090,45035
186442,45035
198105,45035
94556,45035
128444,45035
217773,45035
2446,45034
41027,45034
44444,45034
168475,45034
160309,45034
161919,45033
209247,45033
70532,45033
237027,45033
105960,45033
44991,45032
103869,45032
185738,45032
255172,45032
99957,45031
8321,45031
273689,45031
26720,45031
185703,45031
78574,45031
975,45031
249605,45031
177077,45030
51381,45030
247531,45030
225677,45030
117544,45030
84293,45029
16628,45029
180011,45028
229455,45028
46452,45028
33606,45028
87085,45028
239174,45027
5451,45027
145315,45027
200222,45027
279621,45027
234591,45026
230773,45026
295680,45026
157038,45025
260623,45025
160310,45025
177074,45024
296330,45024
242231,45024
219625,45024
173513,45023
125274,45023
112732,45023
194208,45023
157034,45023
294727,45023
205458,45023
161014,45022
87634,45022
186966,45022
201207,45022
167831,45021
769,45021
126595,45021
51766,45021
238537,45021
259184,45021
266103,45021
34701,45020
170322,45020
38720,45020
11568,45020
41867,45019
296283,45019
30181,45019
127245,45019
113391,45019
185389,45019
287752,45018
77348,45018
143580,45018
153210,45018
43767,45018
237419,45018
21823,45018
9622,45018
288019,45018
64319,45018
129307,45017
4075,45017
222775,45017
49031,45017
282434,45016
294575,45016
245912,45016
251012,45016
295138,45016
3257,45016
54428,45015
265236,45015
71226,45015
257237,45015
48629,45015
252920,45014
293399,45014
209260,45014
294105,45014
143591,45014
249609,45014
93134,45014
224444,45014
125119,45013
1703,45013
231611,45013
155237,45013
279809,45013
295874,45013
111228,45012
216338,45012
229022,45012
8104,45012
9720,45011
277447,45011
98274,45011
43878,45011
148278,45011
270570,45011
188014,45010
219410,45010
169122,45010
44847,45010
193868,45009
248531,45009
235366,45009
267295,45009
4842,45009
85712,45009
263956,45009
240768,45008
58470,45008
104027,45008
249044,45008
215597,45008
127825,45008
196592,45008
245681,45007
9902,45007
160685,45007
295962,45007
13466,45007
157519,45007
286836,45006
287682,45006
265586,45006
224320,45006
50114,45006
79144,45006
217598,45006
241978,45006
156546,45005
221858,45005
236917,45005
290479,45005
177753,45005
234701,45005
274712,45005
276770,45004
131094,45004
212094,45004
229258,45003
41544,45003
150411,45003
142827,45003
272851,45003
29639,45002
245805,45002
275364,45002
2647,45001
25049,45001
19235,45001
255572,45001
270266,45001
72216,45000
8757,45000
213610,45000
74158,45000
153734,45000
284088,45000
23982,44999
22434,44999
247359,44998
35213,44998
100814,44998
210853,44998
294550,44998
116109,44998
132458,44998
214060,44998
232875,44997
248408,44997
125809,44997
247032,44997
225947,44997
68673,44997
292690,44997
29055,44996
126741,44996
264916,44996
198302,44996
236639,44995
239317,44995
167898,44995
41845,44995
105049,44995
60857,44995
255842,44994
41944,44994
167770,44994
114084,44994
231284,44993
274131,44993
115284,44993
269108,44993
209291,44993
203445,44992
151191,44992
8324,44992
2681,44992
204471,44992
42100,44991
106811,44991
165653,44991
110292,44991
5865,44991
278116,44991
122854,44991
156463,44990
197445,44990
275839,44990
1347,44990
48689,44990
130626,44990
286421,44990
133777,44990
250941,44989
292005,44989
251616,44989
28355,44989
248751,44989
104181,44989
1917,44989
219295,44988
249472,44988
65792,44988
267533,44987
164656,44987
222160,44987
233054,44987
220179,44986
220529,44986
187488,44986
224611,44986
148653,44986
222105,44986
183514,44986
145292,44986
292968,44985
91278,44985
150837,44985
103446,44985
268201,44985
25070,44984
165188,44984
259036,44984
263513,44984
248877,44983
220200,44983
292241,44983
125940,44983
117,44983
229657,44983
257314,44982
105911,44982
907,44982
196921,44982
1848,44981
54866,44981
236398,44981
122146,44981
246799,44981
209423,44981
234040,44981
240252,44980
223211,44980
261626,44980
77029,44979
178398,44979
66832,44979
99444,44979
216706,44978
202472,44978
289830,44978
281813,44978
210089,44978
90885,44978
69719,44978
151587,44978
249306,44977
21127,44977
137553,44977
85562,44977
53126,44977
281207,44977
127473,44977
3346,44976
217452,44976
25337,44976
166776,44976
312,44976
275454,44976
294525,44975
105748,44975
116216,44975
246902,44975
239105,44975
213808,44975
77967,44974
98711,44974
7637,44974
278852,44974
263359,44974
245159,44973
95317,44973
52409,44973
230758,44972
31738,44972
174834,44972
50466,44972
10026,44972
119026,44972
106070,44972
194042,44971
244443,44971
177614,44971
240595,44971
24872,44971
90453,44971
243964,44971
87932,44971
78009,44970
258965,44970
62263,44970
100028,44970
1075,44970
197160,44969
256537,44969
180113,44969
293055,44969
185685,44969
78997,44969
254096,44969
13538,44968
106450,44968
38825,44968
194081,44968
261158,44968
88043,44967
8590,44967
188034,44967
124095,44967
201176,44966
238094,44966
216928,44966
56282,44966
32251,44966
72394,44965
221264,44965
34952,44965
182618,44965
290577,44964
148922,44964
66916,44964
158264,44964
183284,44964
295263,44964
194632,44964
174099,44964
225455,44964
81778,44964
69018,44963
132723,44963
119733,44963
88355,44962
209,44962
9551,44962
68220,44962
273972,44962
279503,44961
220857,44961
237426,44960
263342,44960
179765,44959
187067,44959
260416,44959
171906,44959
121130,44959
50504,44959
36664,44959
272569,44959
119802,44959
276749,44958
204227,44958
171178,44958
2734,44958
238532,44958
94408,44958
41809,44958
194299,44957
196157,44957
188178,44957
244461,44957
191722,44957
88194,44957
129582,44956
91942,44956
199975,44956
229506,44956
191054,44955
165670,44955
17184,44955
259925,44955
235665,44955
241796,44955
65848,44955
212658,44954
95224,44954
288419,44954
7749,44954
6644,44953
6986,44953
254797,44953
39152,44953
280621,44952
188873,44952
205024,44952
283232,44952
20661,44951
126377,44951
30223,44950
246796,44950
15880,44949
250905,44949
112223,44949
94753,44949
128587,44949
174964,44949
199007,44948
161705,44948
48967,44948
93852,44948
216489,44948
228531,44947
255065,44947
30950,44947
15581,44946
79816,44946
52126,44946
13721,44946
225569,44946
178281,44945
104106,44945
242565,44945
239603,44945
225817,44945
280338,44945
3163,44945
205170,44944
49518,44944
65022,44944
216900,44944
77749,44944
89018,44944
118527,44943
63209,44943
263780,44943
186538,44943
7724,44943
60478,44943
289787,44943
267745,44942
538,44942
217990,44942
168482,44942
190852,44942
14031,44942
138326,44942
136864,44942
169031,44942
49097,44941
158250,44941
101354,44941
128025,44941
62686,44941
274503,44941
261057,44940
109627,44940
118283,44940
95778,44940
188809,44940
84528,44939
270572,44939
277159,44939
125331,44939
183522,44939
92621,44939
294006,44939
189988,44939
8891,44939
9258,44938
100710,44938
209460,44938
53288,44938
1661,44938
229719,44938
112525,44937
1602,44937
42390,44937
174684,44937
12089,44936
211291,44936
112645,44936
135885,44936
134758,44936
37183,44936
125332,44935
26288,44935
18151,44935
282950,44935
99632,44934
211569,44934
72366,44934
86519,44934
169723,44934
36583,44933
221529,44933
250785,44933
245030,44933
67997,44933
156642,44932
270166,44932
255788,44932
263180,44932
250613,44932
221062,44932
246145,44931
236780,44931
176469,44931
104530,44931
3337,44931
91471,44931
96808,44930
229340,44930
167128,44930
180675,44930
27245,44930
35658,44930
183352,44929
132499,44929
216884,44929
119619,44929
189406,44928
290972,44928
104685,44928
84,44928
264722,44928
200819,44927
39804,44927
111121,44927
61878,44927
66722,44927
286665,44927
115664,44927
108557,44927
223740,44927
276751,44926
221569,44926
90323,44926
122,44926
274508,44926
229880,44926
158289,44926
294656,44925
172776,44925
235562,44925
78517,44925
161120,44925
126913,44925
157847,44924
136187,44924
195568,44924
191060,44923
260301,44923
220531,44923
15216,44923
280888,44923
67194,44923
79966,44923
58063,44923
244823,44923
289542,44922
145673,44922
164196,44922
157402,44922
82966,44922
266333,44922
32025,44922
231393,44922
245926,44922
46172,44921
188376,44921
172853,44921
112429,44921
288353,44921
280078,44920
224537,44920
92166,44920
61161,44919
294691,44919
262791,44919
245793,44919
255711,44919
7733,44919
224794,44918
267498,44918
153628,44918
134296,44918
270001,44918
73905,44918
162472,44918
294137,44918
271708,44918
180332,44918
257838,44918
205788,44917
8793,44917
253642,44917
155935,44916
79833,44916
75446,44916
158302,44916
143061,44916
50472,44916
255233,44916
228415,44916
152760,44916
212136,44916
93067,44916
294125,44916
264225,44916
93959,44916
238457,44915
276386,44915
2417,44915
185263,44915
147982,44915
290912,44915
51403,44915
23187,44915
58891,44915
47026,44915
228821,44915
196516,44915
207002,44915
85879,44915
206811,44914
82207,44914
281170,44914
129051,44914
292449,44914
165669,44914
152886,44913
194274,44913
64423,44913
174707,44913
97617,44913
115693,44913
229255,44913
274145,44912
13135,44912
22134,44912
146227,44912
36322,44911
123779,44911
179121,44911
190346,44911
72448,44910
71792,44910
152458,44910
55958,44910
205964,44910
3989,44910
8797,44909
265252,44909
246665,44909
249052,44909
70985,44909
255364,44909
32432,44908
290998,44908
267850,44908
40243,44908
72944,44908
177178,44908
209342,44908
189824,44908
154426,44908
169376,44908
116762,44908
127070,44907
284673,44907
9508,44907
2706,44907
215445,44907
224878,44906
263230,44906
225435,44906
186600,44906
239300,44906
25678,44906
194123,44906
201717,44906
40579,44906
286782,44906
244780,44905
234089,44905
58685,44905
16482,44905
219465,44905
179684,44905
252994,44905
27795,44904
60572,44904
168445,44904
66295,44904
239806,44904
87019,44903
7672,44903
142204,44903
176733,44903
183129,44902
220534,44902
142951,44902
187721,44902
232174,44902
116091,44902
140313,44902
196190,44902
156899,44902
77850,44901
293890,44901
13191,44901
196787,44901
101169,44901
12272,44901
208239,44900
152628,44900
279807,44900
267799,44900
293048,44900
228468,44900
230397,44899
187213,44899
213209,44899
96969,44899
136004,44899
24494,44899
152793,44898
201120,44898
63369,44898
3101,44898
178509,44897
194140,44897
65206,44897
274397,44897
130262,44897
33585,44897
124239,44897
212657,44897
278761,44897
110593,44897
266235,44896
185934,44896
139319,44896
102287,44895
195348,44895
270285,44895
249623,44894
107139,44894
190903,44894
54315,44894
180319,44894
286590,44894
227119,44893
287181,44893
257472,44893
107285,44892
273033,44892
140709,44892
149385,44892
45137,44892
237028,44891
111210,44891
109929,44891
265863,44891
134227,44891
221379,44891
92845,44891
170295,44891
282038,44891
38030,44890
263334,44890
204517,44890
95558,44890
46092,44889
152977,44889
89,44889
278390,44889
69713,44889
323,44889
182006,44889
284174,44888
84914,44888
81804,44888
206638,44888
269843,44888
290554,44887
286270,44887
118601,44887
89664,44887
238959,44887
246630,44887
21083,44887
266864,44887
245219,44887
270946,44887
281003,44886
53188,44886
11696,44886
6148,44886
189291,44886
240239,44885
166120,44885
97051,44885
11581,44885
188064,44885
241224,44885
169722,44885
185532,44884
275660,44884
136027,44883
99688,44883
173658,44883
19762,44883
81349,44883
102870,44883
129898,44883
105729,44883
224321,44883
269170,44883
168090,44882
235818,44882
21288,44882
8941,44882
11425,44882
201745,44882
175672,44882
209591,44881
21315,44881
211303,44881
278909,44881
29032,44881
12434,44881
36519,44881
163374,44881
3155,44881
15274,44880
200161,44880
276634,44880
29981,44880
2416,44879
276776,44879
103493,44879
58514,44879
262301,44879
260913,44879
18626,44879
243284,44878
280997,44878
89976,44878
183765,44878
69655,44877
223173,44877
30500,44877
242659,44877
159505,44877
209385,44877
219623,44877
186551,44876
76841,44876
118368,44876
29545,44876
132255,44876
228384,44876
288539,44876
207298,44876
277684,44875
173891,44875
139844,44875
175155,44875
276931,44875
85201,44875
206289,44875
239517,44875
27583,44874
70989,44874
15513,44874
104722,44874
27744,44874
39960,44873
201281,44873
253223,44873
23170,44873
130968,44873
277167,44873
267328,44872
30265,44872
190562,44872
140662,44872
236998,44872
257263,44872
28224,44871
15286,44871
51915,44871
24911,44871
256615,44871
286422,44871
7322,44870
5057,44870
23338,44870
269942,44870
5199,44870
162985,44869
10105,44869
255862,44869
215542,44869
28425,44869
240198,44868
26553,44868
279895,44868
53551,44868
75461,44868
231537,44867
36085,44867
199523,44867
25900,44867
93966,44867
17936,44867
22957,44867
200188,44866
194556,44866
77870,44866
178843,44866
285742,44866
177981,44866
45821,44866
178989,44866
212437,44866
281676,44866
133533,44866
252243,44865
192882,44865
261212,44865
290925,44865
215476,44865
25586,44865
103803,44865
106344,44865
20682,44865
285706,44865
243131,44865
278003,44865
187867,44865
136846,44865
175367,44865
239176,44864
138565,44864
267906,44864
3546,44864
213795,44864
179219,44864
267915,44864
165450,44863
193079,44863
13850,44863
147745,44863
176744,44863
15173,44863
78801,44863
268900,44863
126449,44863
295831,44863
9874,44862
23077,44862
51022,44862
149261,44862
276844,44862
170637,44862
72419,44862
200960,44862
283748,44862
219466,44862
104772,44861
284656,44861
285630,44861
278665,44861
21433,44861
275232,44861
269619,44861
20313,44861
241667,44861
2752,44860
61002,44860
216780,44860
210053,44860
127778,44860
56320,44860
288622,44860
107289,44860
187656,44859
13671,44859
269962,44859
255519,44859
287828,44859
182720,44859
163078,44859
262984,44859
149113,44859
29726,44859
77707,44858
128636,44858
175343,44858
56912,44858
193217,44858
970,44858
76393,44858
29523,44858
228639,44857
161770,44857
1871,44857
208718,44857
202402,44856
164520,44856
283848,44856
212986,44856
190145,44856
124,44856
248269,44855
228648,44855
266551,44855
190480,44855
27676,44855
218733,44855
100514,44854
158433,44854
27141,44854
155262,44854
10976,44854
284281,44854
139414,44854
9675,44854
216761,44854
46585,44854
163538,44854
76403,44854
200441,44853
172336,44853
245252,44853
266028,44853
289435,44853
285114,44853
240910,44853
218505,44853
227393,44852
201153,44852
129295,44851
215854,44851
161948,44851
87938,44851
215699,44851
194333,44851
169879,44851
295468,44851
188418,44851
289292,44851
207717,44850
212090,44850
139960,44850
95726,44850
180803,44850
234365,44850
172395,44850
30691,44849
7268,44849
87478,44849
35274,44849
193878,44849
168,44849
63228,44849
52038,44848
34887,44848
201812,44848
6149,44848
6342,44848
105991,44848
95062,44847
36776,44847
262200,44847
84417,44846
143734,44846
238704,44846
290345,44846
93351,44846
16067,44846
52841,44846
261585,44846
202634,44845
1619,44845
130392,44845
288837,44845
247807,44845
285155,44845
185754,44845
220008,44844
158350,44843
264667,44843
30933,44843
210687,44843
205772,44843
82244,44843
5302,44843
175407,44843
69014,44842
525,44842
81409,44842
79876,44842
75665,44842
176759,44842
289174,44842
34004,44841
268762,44841
152441,44841
59277,44841
174865,44841
196900,44841
188763,44841
265388,44840
237477,44840
148931,44840
282841,44840
272374,44840
24126,44840
167844,44840
70474,44840
154421,44840
100269,44840
282966,44840
231291,44839
269532,44839
44623,44839
295294,44839
250903,44839
266040,44839
218494,44839
52897,44839
243538,44839
224646,44838
12408,44838
151640,44838
20372,44838
200773,44838
143953,44838
241861,44838
274542,44838
51037,44838
228825,44838
230899,44837
294721,44837
246876,44837
264278,44837
249459,44837
160524,44837
176508,44837
45093,44836
240792,44836
1050,44836
220134,44836
114504,44835
140938,44835
294934,44835
112104,44835
261698,44835
278999,44835
201831,44835
4336,44835
188062,44835
205525,44835
267282,44834
19647,44834
271842,44834
29505,44834
199732,44834
121641,44834
12891,44834
169576,44834
46019,44833
54652,44833
10770,44833
42124,44833
178909,44833
245324,44833
19576,44833
43633,44833
151698,44833
26726,44832
16114,44832
220312,44832
202419,44831
28468,44831
117133,44831
31352,44831
109156,44831
275571,44831
131808,44830
292147,44830
232885,44830
238572,44830
31770,44830
47378,44830
1802,44830
284402,44829
180742,44829
181581,44829
113014,44829
40193,44829
283688,44828
280753,44828
289314,44828
198560,44828
280536,44828
222532,44828
124861,44828
288034,44828
15614,44827
217745,44826
15628,44826
74121,44826
189486,44826
157324,44826
278544,44826
212771,44826
258393,44826
115282,44826
244916,44826
281388,44826
192618,44825
190247,44825
257991,44825
105057,44825
239828,44825
33691,44825
40667,44824
18152,44824
230906,44824
48009,44824
158858,44824
281467,44824
96786,44824
28901,44823
212403,44823
279043,44822
168056,44822
176643,44822
47290,44822
129448,44822
41595,44822
142339,44822
285070,44822
193583,44822
202278,44822
139937,44822
202021,44821
259126,44821
68093,44821
146849,44821
282782,44821
210943,44821
239163,44821
290781,44821
233752,44821
31930,44821
175735,44821
158415,44821
254893,44821
84736,44820
4496,44820
241451,44820
269128,44820
62793,44820
181339,44820
235524,44819
59053,44819
179296,44819
294995,44819
112217,44819
255168,44819
162861,44819
99040,44819
101653,44819
147602,44819
294482,44819
184959,44819
148504,44819
246487,44819
275162,44819
262947,44819
264825,44819
291405,44819
140783,44818
24348,44818
139,44818
267398,44818
97646,44818
234258,44818
220856,44817
206896,44817
211109,44817
215042,44817
240466,44817
64059,44817
144292,44817
107848,44816
155499,44816
78490,44816
213008,44816
17730,44816
237833,44816
197376,44816
150659,44815
257830,44815
113624,44815
276004,44815
148510,44815
108636,44814
113200,44814
188522,44814
236163,44814
244421,44814
87629,44814
18378,44814
5973,44814
198834,44814
60854,44814
114883,44814
236877,44813
163506,44813
119377,44813
254174,44813
153932,44813
226176,44813
167899,44813
103051,44813
249441,44813
196214,44812
247416,44812
263494,44812
53763,44812
195725,44812
3048,44812
288639,44812
152319,44812
133254,44812
139032,44812
44616,44811
134123,44811
126714,44811
258312,44811
289302,44811
147201,44811
125102,44811
58377,44810
20693,44810
275796,44810
181755,44810
209296,44810
252840,44810
36132,44810
218478,44810
42349,44810
49742,44810
81003,44809
218760,44809
82591,44809
232879,44809
257498,44809
126802,44809
78753,44809
152396,44809
14436,44808
163752,44808
181789,44808
81793,44808
14385,44808
9275,44808
296259,44807
173263,44807
134809,44807
121599,44807
154753,44807
239031,44807
51260,44807
177838,44806
109352,44806
233975,44806
33527,44806
17032,44806
289306,44806
188103,44806
231753,44806
36798,44806
135073,44806
82087,44805
49228,44805
167181,44805
114441,44805
237791,44805
125514,44804
290807,44804
209734,44804
131665,44804
226405,44804
203085,44804
158481,44804
67021,44804
19067,44804
162668,44804
216864,44804
170175,44804
83674,44803
147663,44803
219694,44803
131607,44803
156284,44802
140256,44802
128010,44802
279587,44802
253266,44802
107745,44802
242748,44801
225885,44801
100850,44801
206385,44801
37143,44801
160044,44801
243787,44801
193195,44801
178520,44801
102516,44801
172870,44801
142282,44801
250558,44800
189454,44800
22455,44800
93858,44800
20058,44800
157974,44800
189017,44800
246162,44800
129333,44800
51548,44800
285574,44800
89400,44799
224410,44799
118695,44799
256003,44798
31370,44798
194352,44798
142658,44798
190234,44797
76205,44797
231601,44797
226415,44797
204757,44797
163687,44797
260225,44797
129011,44797
232709,44797
39353,44796
187754,44796
135763,44796
290021,44796
247685,44796
100423,44796
273655,44796
68360,44796
114083,44796
171643,44795
177019,44795
292303,44795
255729,44795
13325,44795
121905,44795
177530,44795
58441,44795
224525,44795
247821,44795
213003,44795
256872,44795
286518,44794
75668,44794
24930,44794
286960,44794
127476,44794
237300,44794
104597,44794
69747,44794
203721,44794
223334,44794
114557,44793
185143,44793
88276,44793
111687,44793
57434,44793
96005,44793
10842,44792
257005,44792
61274,44792
865,44792
12149,44792
162323,44792
228472,44792
29945,44792
286226,44792
153978,44792
212193,44791
253041,44791
114295,44791
24057,44791
203215,44791
210734,44791
112863,44791
279330,44791
191050,44791
29373,44790
165600,44790
94790,44790
171410,44790
247775,44790
240562,44790
279812,44790
173341,44790
63751,44790
5122,44790
15282,44790
157437,44790
295986,44789
30304,44789
277853,44789
209086,44789
201231,44789
203154,44789
221054,44789
173378,44789
213935,44789
268739,44789
267378,44788
4414,44788
288382,44788
208327,44788
105435,44788
159715,44788
238609,44788
294603,44788
65036,44788
175377,44788
117702,44788
184901,44788
212876,44787
203410,44787
120259,44787
282265,44787
92367,44787
70697,44787
221003,44787
20537,44787
122611,44787
96404,44787
42272,44787
290783,44787
175072,44787
16078,44787
21474,44786
37576,44786
230957,44786
103916,44786
6433,44786
51193,44786
286545,44786
246830,44786
291169,44786
249704,44786
132677,44786
177669,44785
293256,44785
90504,44785
22326,44785
23040,44785
215918,44785
260344,44785
70006,44785
84329,44784
36192,44784
285003,44784
99074,44784
277998,44784
249073,44784
2300,44783
85821,44783
222628,44783
161497,44783
233531,44783
259480,44783
250015,44783
207545,44782
266866,44782
220853,44782
246373,44782
197469,44782
577,44782
46177,44781
239336,44781
231818,44781
188680,44781
268502,44781
197055,44781
261595,44781
241836,44781
205298,44781
214790,44781
179105,44780
27454,44780
34232,44780
153850,44780
81519,44780
74915,44780
218250,44780
162726,44780
228325,44780
140435,44780
144452,44780
283927,44779
251104,44779
70190,44779
95085,44779
170980,44779
82536,44779
226601,44779
274731,44779
159414,44779
221279,44779
64055,44779
253692,44779
7767,44779
143752,44779
274452,44779
258375,44778
130623,44778
72471,44778
26736,44778
44423,44778
117829,44778
250714,44778
23788,44778
56394,44777
208825,44777
250474,44777
251803,44777
281411,44777
79973,44777
233230,44777
243057,44777
257654,44776
32729,44776
101629,44776
144509,44776
242432,44776
60040,44776
261122,44776
107585,44776
188627,44776
21693,44775
145584,44775
290865,44775
200868,44775
231758,44775
21325,44775
286196,44775
150451,44775
55856,44775
89833,44775
189050,44775
32241,44774
41327,44774
264292,44774
239952,44774
93135,44774
30927,44773
14713,44773
169952,44773
235514,44773
101113,44773
181976,44773
214544,44773
71774,44773
255394,44773
118149,44773
165156,44773
254286,44773
38419,44773
37493,44773
72147,44773
154840,44773
202076,44773
199623,44772
281318,44772
209200,44772
115370,44772
243737,44772
12551,44772
205310,44772
220622,44772
25470,44772
76340,44771
134936,44771
198111,44771
207025,44771
140373,44771
100319,44771
1929,44771
27663,44771
178487,44771
215408,44770
145665,44770
25688,44770
222319,44770
278445,44770
256603,44770
68322,44770
53147,44770
16088,44770
227398,44770
251055,44770
189865,44769
228264,44769
135240,44769
43565,44769
42223,44769
236264,44769
257228,44769
5443,44769
183666,44769
247695,44769
9809,44769
42945,44769
246061,44769
219524,44768
100346,44768
48757,44768
207366,44768
219208,44768
268933,44768
99881,44767
258858,44767
203307,44767
174048,44767
146888,44767
87179,44767
116082,44767
191068,44767
156751,44767
59225,44766
189571,44766
103731,44766
115929,44766
172661,44766
282430,44766
243459,44766
246499,44766
270056,44766
43425,44766
263562,44766
280793,44766
87761,44766
289728,44766
10599,44765
148679,44765
105994,44765
110433,44765
132050,44765
152371,44765
278834,44765
186613,44765
183397,44765
175702,44765
140406,44765
179053,44765
9959,44765
71139,44765
84813,44764
74803,44764
283970,44764
213319,44764
153109,44764
95789,44763
236586,44763
36819,44763
205668,44763
280749,44763
98712,44763
123483,44763
25422,44762
250589,44762
202024,44762
63789,44762
223655,44762
244614,44762
164816,44762
42579,44762
259085,44762
284260,44762
269944,44762
257063,44761
220450,44761
150073,44761
261401,44761
168388,44761
32985,44761
162142,44761
279919,44761
164989,44761
288616,44761
112582,44760
128966,44760
64844,44760
294325,44760
117429,44760
269851,44760
182798,44760
262557,44760
21075,44760
45511,44760
94896,44760
262114,44759
99790,44759
104256,44759
220070,44759
2544,44759
137819,44759
4479,44759
40742,44759
66147,44759
117367,44759
198830,44759
89566,44758
255634,44758
246532,44758
296346,44758
205244,44758
58880,44758
46428,44758
105592,44758
90905,44758
47987,44757
226586,44757
185425,44757
131,44757
204811,44757
82373,44757
275310,44757
151944,44757
40506,44757
294848,44757
154606,44757
158586,44757
281782,44757
87265,44757
45734,44757
213620,44756
182454,44756
221781,44756
211162,44756
296566,44756
277050,44756
28572,44756
267572,44756
131689,44756
54759,44756
65378,44756
164323,44756
226956,44756
223321,44756
165706,44756
129928,44755
287246,44755
29387,44755
58484,44755
145460,44755
66218,44755
294269,44755
54922,44755
166389,44755
199993,44754
178677,44754
239861,44754
188486,44754
255961,44754
40800,44754
166419,44754
58836,44754
33133,44754
126605,44754
211663,44753
100358,44753
156852,44753
29780,44753
20257,44753
117335,44753
248520,44753
226002,44753
203170,44752
296170,44752
105715,44752
141197,44752
208921,44752
197750,44752
27220,44751
194052,44751
101234,44751
245890,44751
279916,44751
77223,44751
49083,44751
12406,44751
225426,44750
271082,44750
96299,44750
287440,44750
221619,44750
150248,44750
150665,44750
108307,44750
164479,44750
173002,44750
251007,44750
233374,44750
221336,44750
169693,44749
124265,44749
75791,44749
182248,44749
64457,44749
215350,44749
277578,44749
117623,44749
35669,44748
190208,44748
151924,44748
86702,44748
97409,44748
173753,44748
295716,44748
30649,44748
194382,44747
203806,44747
235822,44747
169110,44747
260110,44747
32004,44746
279687,44746
106746,44746
70227,44746
263382,44746
55348,44746
113712,44746
226010,44746
250154,44746
201975,44746
198882,44745
60257,44745
10923,44745
35705,44745
151289,44745
89406,44745
212342,44745
178164,44744
7070,44744
183190,44744
202586,44744
7968,44744
12442,44744
11204,44744
66556,44744
254916,44744
36413,44743
227371,44743
273919,44743
159263,44743
292040,44743
125505,44743
247632,44743
52182,44743
289978,44743
65274,44743
173326,44742
52363,44742
143346,44742
84025,44742
287250,44742
17983,44742
249487,44742
164517,44742
122891,44741
12210,44741
115127,44741
280926,44741
30576,44741
293105,44741
123544,44741
254803,44741
108940,44741
206360,44741
217924,44741
281547,44741
159313,44740
169724,44740
189235,44740
270406,44740
200014,44740
209658,44740
89941,44740
295456,44740
47904,44740
253853,44740
44479,44739
247755,44739
161323,44739
220453,44739
56242,44739
162059,44738
292310,44738
41418,44738
185384,44738
280798,44738
247190,44738
278347,44738
147304,44738
108968,44738
78305,44738
73016,44738
73778,44737
54726,44737
284343,44737
146460,44737
191342,44737
3789,44737
49301,44737
114593,44736
52583,44736
260938,44736
238655,44736
122332,44736
38735,44736
251081,44736
150293,44736
43190,44735
200712,44735
168647,44735
289130,44735
27357,44735
38227,44735
120138,44735
227469,44735
261416,44734
284105,44734
149926,44734
245429,44734
259441,44734
263974,44734
130522,44734
226475,44733
127487,44733
233993,44733
230515,44733
74102,44733
274518,44733
32273,44733
236023,44733
261992,44732
192577,44732
195067,44732
250285,44732
169191,44732
147069,44732
274327,44732
86641,44732
40346,44731
267601,44731
134724,44731
10583,44731
8453,44731
135653,44731
37998,44731
25656,44731
166797,44731
65447,44731
144568,44730
257667,44730
290089,44730
177793,44730
751,44730
9641,44730
126987,44730
162020,44730
100032,44730
273362,44730
63836,44730
256946,44729
37101,44729
42981,44729
286957,44729
212482,44729
203629,44729
152703,44729
279926,44729
132735,44728
213091,44728
268604,44728
110236,44728
142496,44728
264985,44728
44828,44728
8039,44728
291995,44727
41693,44727
18937,44727
186505,44727
133693,44727
239275,44727
253449,44727
122385,44727
154466,44727
59751,44727
238143,44726
10624,44726
294776,44726
202704,44726
160165,44726
58579,44726
92302,44726
52889,44726
58194,44726
144392,44726
242270,44726
20510,44726
183325,44726
173319,44725
174029,44725
139150,44725
207955,44725
70477,44725
34423,44725
287041,44725
253626,44725
207284,44725
93226,44725
145111,44725
278128,44725
196395,44725
154046,44725
34285,44725
128751,44725
210579,44724
259532,44724
163490,44724
251070,44724
135443,44724
234391,44724
270179,44724
142824,44724
260486,44723
117309,44723
75125,44723
87037,44723
235441,44723
29580,44723
149073,44723
140886,44723
144839,44723
205114,44723
251532,44723
45761,44722
200544,44722
93315,44722
5874,44722
181707,44722
153482,44722
181533,44722
210783,44722
222984,44722
104136,44721
252210,44721
245967,44721
294268,44721
106576,44721
276829,44721
231213,44721
1421,44721
110828,44720
193240,44720
108040,44720
219532,44720
182019,44720
204171,44720
229294,44720
225793,44720
271651,44720
274700,44720
39438,44720
125705,44720
202886,44720
21618,44719
208567,44719
466,44719
282014,44719
276832,44719
252820,44718
174590,44718
279540,44718
280217,44718
96640,44718
129181,44718
226130,44718
136043,44718
60170,44717
240237,44717
218699,44717
217770,44717
33252,44717
165607,44717
191773,44717
221241,44717
183846,44716
262974,44716
34130,44716
211829,44716
184760,44716
257254,44716
7359,44716
276403,44716
83361,44716
47954,44716
16421,44716
22594,44716
196192,44716
41429,44716
172308,44715
282355,44715
193187,44715
51978,44715
90284,44715
187111,44715
229820,44714
256050,44714
38993,44714
175245,44714
233335,44714
276477,44714
152864,44714
281186,44714
128227,44714
92941,44714
189845,44714
109356,44714
143047,44713
118339,44713
25751,44713
269262,44713
83321,44713
61330,44713
114028,44713
124638,44713
210526,44713
228299,44713
245958,44712
275843,44712
165308,44712
286237,44712
114964,44712
200351,44712
254899,44712
195297,44712
260334,44712
226740,44712
233430,44712
116627,44711
282244,44711
144804,44711
226954,44711
28137,44711
162287,44711
119978,44710
266290,44710
206545,44710
183558,44710
248081,44710
99983,44710
9404,44709
207467,44709
72934,44709
182953,44709
183791,44709
77509,44709
152803,44709
238507,44709
115427,44709
20334,44709
276952,44709
96976,44709
256896,44709
65595,44709
7746,44708
17375,44708
248453,44708
87466,44708
220955,44708
57794,44708
285735,44707
139326,44707
5889,44707
135183,44707
288750,44707
42006,44707
16644,44707
283348,44707
127301,44707
275302,44707
265752,44707
246785,44707
231279,44707
258868,44707
187884,44707
238937,44706
222804,44706
290970,44706
174072,44706
273831,44706
264657,44706
265323,44706
84763,44706
214847,44706
22186,44706
291853,44706
290981,44706
260220,44706
291536,44706
53740,44706
213958,44706
12508,44705
292290,44705
30566,44705
279060,44705
83949,44705
266330,44705
6232,44705
126607,44705
229082,44705
25912,44704
275075,44704
111326,44704
264368,44704
116957,44704
7099,44704
248037,44704
281097,44704
166272,44704
281424,44704
223864,44704
268790,44704
255559,44704
247565,44704
287236,44704
261691,44704
21918,44704
158533,44703
270490,44703
274810,44703
81927,44703
55665,44703
197789,44702
191465,44702
241172,44702
157661,44702
145440,44702
87887,44701
123726,44701
49557,44701
158043,44701
284045,44701
39396,44701
72770,44701
281069,44701
17031,44701
286275,44700
113379,44700
194544,44700
252806,44700
292457,44700
141751,44700
17856,44700
5019,44700
162467,44700
214505,44700
84979,44700
196779,44699
62656,44699
270205,44699
205831,44699
85817,44699
38629,44699
296175,44699
121553,44699
284571,44699
109800,44699
278305,44699
288046,44698
34506,44698
243777,44698
84136,44698
135262,44698
271916,44698
250030,44698
144371,44698
274717,44698
157573,44697
203682,44697
246148,44697
75398,44697
14401,44697
101569,44697
63745,44697
208264,44697
234812,44697
278421,44697
153903,44696
225123,44696
237024,44696
239817,44696
100102,44696
69449,44696
285129,44696
107773,44696
285316,44696
77916,44696
113496,44696
290649,44696
197093,44695
149238,44695
210751,44695
254816,44695
239258,44695
16695,44695
288390,44695
112680,44695
199748,44695
224991,44695
32218,44694
186856,44694
67244,44694
52369,44694
29239,44694
129737,44694
288422,44694
296047,44694
77183,44694
236829,44694
