72,100000
295089,50763
206128,50718
140677,49756
138316,49339
1441,49149
202043,48944
253514,48905
200988,48655
226296,48650
19184,48640
276096,48457
186990,48434
156540,48357
176839,48353
221196,48348
23971,48244
250672,48204
13,48187
222343,48163
486,48072
14086,48007
205539,48006
247112,47987
188446,47984
269428,47859
29166,47840
5216,47840
250164,47810
277457,47727
123003,47723
232598,47715
236992,47689
147882,47666
219465,47654
219090,47652
271516,47644
151313,47628
124761,47589
279344,47589
255630,47575
1863,47569
138422,47551
262006,47549
262956,47532
289369,47532
242056,47518
254905,47509
47272,47493
242715,47483
138994,47452
117953,47436
36250,47421
143808,47419
287112,47417
5214,47417
218438,47380
213352,47368
134,47366
179664,47365
235642,47360
190894,47358
252201,47319
260500,47318
269321,47311
254565,47310
182555,47307
217437,47305
258619,47298
211100,47297
276198,47293
262458,47289
225130,47285
286572,47276
253893,47266
4893,47252
19525,47239
152228,47236
284174,47229
216978,47228
241044,47226
37774,47219
287869,47201
240464,47201
203394,47199
223689,47194
271134,47180
203082,47171
7757,47165
274586,47159
264590,47156
228512,47153
288661,47152
225600,47128
185072,47126
228411,47108
224222,47101
236748,47099
274078,47098
262214,47071
34529,47055
240731,47053
209382,47051
245491,47051
39387,47042
264368,47040
136255,47029
189826,47015
225999,47015
234859,47000
181545,46999
75879,46989
238859,46986
256617,46984
244745,46980
96769,46980
281123,46974
159803,46966
5661,46958
188897,46957
284475,46955
267,46952
165310,46950
6581,46945
157498,46944
416,46943
11094,46939
123435,46939
279079,46934
227758,46930
147411,46928
268182,46922
140826,46917
241384,46917
226787,46909
237394,46905
186985,46905
283045,46901
205384,46897
200759,46887
2556,46881
84842,46881
31055,46880
278464,46880
229208,46873
219652,46873
286765,46872
2716,46869
180067,46869
269085,46867
258874,46864
240094,46863
202632,46862
210609,46858
275330,46855
187105,46855
220,46845
1168,46845
271061,46839
156806,46837
250400,46836
155511,46833
149988,46827
117506,46821
292527,46819
196923,46819
63030,46807
285491,46805
186579,46804
278484,46801
254236,46801
167692,46797
220967,46795
285313,46792
294795,46790
118303,46789
220781,46789
197720,46778
268952,46774
209350,46773
169533,46771
295199,46767
66222,46765
230540,46765
249341,46763
264373,46761
53,46759
277107,46759
277028,46757
283735,46755
192390,46754
244736,46753
137032,46744
213658,46744
284124,46737
271507,46727
23177,46726
196013,46724
133474,46724
248557,46718
286800,46718
208232,46717
279228,46715
1932,46714
5202,46713
253253,46712
247300,46706
272687,46703
275705,46702
289559,46701
67468,46701
144096,46700
864,46700
293971,46693
289362,46693
27631,46685
226416,46685
262513,46685
1304,46684
2238,46684
294948,46682
164579,46680
229800,46675
261914,46673
295999,46668
230131,46667
264860,46665
211289,46664
232640,46658
207813,46657
284568,46652
205641,46652
269756,46650
282479,46647
170796,46645
255843,46641
180881,46636
146417,46635
13292,46633
8598,46632
237886,46631
288870,46628
117002,46628
269686,46628
136787,46627
266451,46625
1647,46625
255246,46615
162031,46613
9892,46611
274024,46605
8298,46604
256511,46604
239034,46600
191194,46599
269272,46596
271721,46595
114403,46590
18485,46589
108654,46588
135,46587
123154,46586
1016,46585
267612,46583
267898,46582
218857,46579
184413,46576
201735,46574
150518,46570
228406,46566
142127,46565
27639,46565
131525,46563
273394,46563
237912,46562
626,46561
115718,46559
17689,46557
252574,46555
156128,46555
250459,46555
15065,46554
261084,46553
177537,46544
292563,46544
187224,46542
226491,46541
179812,46538
233399,46535
210,46529
409,46529
178680,46525
216272,46525
140106,46522
293218,46521
249279,46519
281005,46518
273726,46518
286559,46515
224926,46514
258393,46514
252118,46513
188070,46510
179034,46507
226106,46503
261593,46495
181240,46494
266148,46491
197616,46490
280906,46489
61656,46487
213605,46487
197315,46484
245346,46482
288416,46479
44194,46477
288003,46475
12573,46474
30433,46469
178818,46469
292683,46469
247557,46466
279665,46465
295645,46461
262857,46460
196630,46460
224851,46459
99866,46456
16319,46456
160293,46455
215698,46454
6949,46450
192893,46448
233684,46444
168183,46443
175926,46442
203700,46440
19347,46439
73683,46438
211444,46438
143807,46436
274865,46435
293894,46435
134688,46435
97598,46434
15936,46432
240372,46432
167852,46431
190733,46430
199693,46430
218196,46429
146425,46428
283220,46428
282485,46425
201926,46424
257743,46424
277185,46424
181216,46422
3072,46421
234775,46418
8835,46417
66979,46414
161170,46413
235486,46412
248216,46411
12524,46411
265702,46410
280621,46407
291047,46406
98310,46406
280560,46404
290998,46404
220593,46400
93701,46399
284103,46399
70962,46399
152470,46397
6908,46396
224982,46396
242827,46393
279806,46393
277722,46393
263821,46393
143463,46391
170198,46391
294994,46391
167882,46390
275585,46388
274053,46381
2957,46380
278797,46379
4772,46378
257772,46378
242067,46370
69403,46367
125910,46365
1742,46364
205140,46363
162343,46363
289624,46362
29684,46361
196423,46360
240852,46359
191413,46357
224263,46357
245480,46356
119565,46356
233898,46355
37323,46354
296616,46353
206266,46353
223459,46352
271493,46352
247974,46351
253763,46350
183752,46350
144784,46346
137891,46345
273182,46343
256327,46341
282239,46336
232698,46335
10007,46334
112526,46332
21137,46328
196200,46327
273106,46326
26821,46326
148289,46325
51437,46321
736,46320
268319,46320
221049,46316
208276,46315
12844,46314
132947,46314
237794,46313
15671,46313
238050,46312
225671,46312
270893,46311
51856,46310
222569,46308
243548,46308
127951,46306
181297,46304
205,46302
115029,46299
283374,46299
244473,46298
264369,46297
196065,46295
27705,46290
237908,46289
209498,46283
242099,46279
252652,46278
1542,46277
183800,46273
165264,46273
292119,46272
163152,46271
121663,46270
10,46270
228602,46269
184143,46269
170528,46268
238613,46265
150114,46264
238489,46263
178942,46263
260504,46263
259004,46261
181755,46260
228623,46259
280584,46256
230740,46254
7188,46252
221726,46248
264934,46248
130057,46247
261925,46244
251914,46243
284404,46242
280914,46240
139019,46239
125401,46239
10153,46238
277954,46237
238014,46236
250294,46236
204653,46234
238724,46234
140507,46232
6148,46232
828,46231
244058,46230
206438,46230
179710,46228
195796,46227
247258,46227
41445,46223
257,46223
255783,46221
104029,46221
238434,46220
2153,46220
173525,46219
290018,46216
280576,46216
262958,46216
258809,46215
196829,46214
221596,46214
249458,46213
48763,46213
217553,46212
282821,46209
8646,46209
272705,46206
265303,46205
170591,46205
239855,46203
278560,46202
237452,46202
243841,46201
290609,46201
43996,46201
271664,46199
295823,46199
129945,46198
271364,46198
135163,46195
254156,46195
227936,46194
150146,46193
101876,46193
119578,46193
15103,46192
224277,46191
126687,46190
562,46188
255330,46188
9503,46187
168754,46183
179256,46182
292535,46182
209712,46181
246752,46180
181680,46180
284252,46180
239117,46180
245922,46178
270343,46176
1506,46175
215988,46175
249019,46174
4856,46174
186994,46174
69431,46174
2188,46174
22301,46173
194116,46171
285224,46171
134350,46171
196616,46166
226916,46166
163075,46166
226229,46165
233848,46163
230374,46163
277327,46163
274030,46162
221613,46162
8,46160
67884,46159
249724,46158
80395,46158
292907,46157
228716,46157
209611,46155
172693,46152
159779,46151
209961,46151
294032,46150
236542,46150
82919,46148
287341,46148
220853,46146
216606,46145
237549,46145
261483,46144
284247,46143
4073,46142
266003,46141
266066,46140
95836,46139
4790,46136
196963,46134
165051,46133
286334,46127
96267,46126
57,46126
281403,46126
192091,46125
254067,46124
171604,46124
248519,46123
97161,46121
175637,46120
220553,46120
256830,46118
533,46114
64196,46114
283241,46110
219070,46108
1569,46108
228161,46108
10907,46106
267332,46105
218273,46105
252862,46105
141144,46103
291869,46103
258353,46102
270892,46102
238449,46101
260027,46101
234975,46100
266346,46099
81525,46099
232297,46098
23587,46097
231435,46097
188564,46096
1560,46095
185204,46093
235999,46093
295284,46093
221409,46093
260935,46092
201923,46092
281089,46091
205195,46091
152727,46089
291408,46088
113549,46087
3825,46087
225567,46087
81426,46086
249748,46086
153098,46086
12845,46085
225585,46083
210641,46082
285771,46082
104128,46081
116779,46081
11196,46080
280450,46080
263898,46079
2187,46079
109961,46078
245710,46078
66729,46078
222655,46078
269574,46075
5401,46074
8536,46074
20070,46073
271330,46073
225844,46072
27726,46072
22108,46072
20253,46071
79055,46071
225818,46070
133568,46067
280823,46067
251659,46066
288913,46065
251047,46064
242739,46064
275615,46062
268944,46062
182282,46061
275941,46060
68366,46060
236608,46059
261487,46059
124953,46057
236455,46057
253408,46056
289380,46055
278073,46055
252192,46053
282262,46053
225343,46049
250741,46048
259716,46047
289227,46047
285373,46045
213839,46045
253038,46044
145343,46043
271312,46042
188611,46036
217795,46036
42021,46034
236127,46033
229659,46032
261606,46030
231479,46029
216210,46029
280072,46029
83348,46028
226209,46028
256957,46028
279087,46028
238213,46027
200011,46026
247406,46026
276536,46024
11418,46024
244403,46024
129677,46023
222245,46023
271127,46023
285681,46023
206875,46022
74973,46019
168246,46019
296347,46019
165092,46018
123441,46018
168093,46017
245424,46015
245316,46012
98272,46012
192694,46012
206026,46011
154807,46011
247627,46011
233533,46008
45824,46008
239127,46008
290933,46007
265853,46003
34489,46002
169931,46002
241026,46001
195780,46001
271995,46000
91352,46000
52573,46000
249228,45998
151066,45998
250169,45997
266958,45997
280127,45996
58467,45995
223508,45994
281715,45993
131447,45993
274643,45993
9394,45992
196059,45992
269413,45991
127235,45991
181695,45990
157528,45989
212861,45988
1181,45987
281460,45987
7574,45985
271130,45985
256767,45985
226302,45983
270986,45983
95800,45982
5141,45982
231861,45981
54103,45980
272628,45980
253242,45980
194144,45980
137396,45979
185294,45979
248902,45978
2168,45978
115468,45978
214876,45976
255553,45976
253914,45976
120459,45975
274603,45974
189391,45974
218676,45974
220502,45974
220117,45974
260684,45974
177697,45972
288745,45972
296214,45971
127077,45971
278703,45971
231249,45970
272480,45970
237608,45970
231946,45970
258362,45968
93994,45968
7613,45963
152832,45963
100645,45962
32916,45962
18765,45961
134491,45960
271874,45960
288477,45960
2358,45960
146801,45959
222841,45959
228825,45959
195622,45958
217310,45957
280554,45956
276551,45956
13573,45955
261256,45953
255384,45952
256784,45951
270219,45950
92975,45949
292763,45949
182899,45948
22464,45946
259917,45944
260223,45944
198433,45944
2901,45942
198886,45942
260773,45941
152862,45939
232383,45939
91436,45937
20657,45937
221367,45937
148601,45937
111167,45937
21783,45936
3361,45936
239008,45935
271196,45934
168535,45934
247749,45934
2835,45933
286461,45933
87887,45933
143508,45932
231058,45931
1367,45931
58345,45930
2436,45929
215863,45929
3549,45929
267288,45928
398,45927
244722,45926
25868,45926
270583,45924
261724,45923
163,45923
45729,45922
69616,45921
288869,45919
35462,45919
193883,45917
265221,45917
264581,45917
2529,45916
219063,45912
263416,45911
236429,45910
277874,45908
158113,45908
279790,45908
243155,45908
166243,45908
283766,45908
123320,45907
240749,45907
264434,45904
287451,45904
144768,45904
235693,45903
212245,45903
266281,45902
163446,45902
194180,45901
291461,45901
208510,45900
280732,45900
153067,45899
163403,45899
288238,45899
2892,45899
381,45898
89640,45898
262906,45897
69855,45896
98601,45896
154415,45896
220887,45895
216923,45895
6032,45895
132719,45894
167085,45894
236928,45894
252915,45893
1125,45893
51748,45893
219427,45892
213818,45891
126039,45891
245452,45891
60083,45890
127174,45890
59291,45888
219513,45887
218136,45887
237253,45886
40098,45886
7353,45885
267635,45885
279925,45884
200226,45884
255036,45884
154786,45884
238125,45883
56366,45883
227739,45883
137409,45883
235161,45883
189511,45882
217462,45882
262082,45881
154566,45881
256294,45880
61761,45880
17225,45878
212825,45878
271521,45877
220659,45877
283379,45877
47040,45873
177115,45873
125010,45873
226638,45873
194762,45873
287645,45871
194850,45870
3903,45870
96153,45869
285556,45869
190019,45868
2991,45868
4071,45867
269255,45866
226897,45866
52888,45864
13238,45864
223506,45864
203950,45864
125915,45863
210409,45862
258818,45861
263976,45860
185965,45860
237278,45860
227774,45860
158251,45858
278987,45858
231303,45857
239421,45856
164774,45856
291830,45856
281154,45855
245157,45855
154219,45855
296392,45854
118537,45854
100545,45854
6072,45854
142756,45852
212176,45852
275219,45851
274981,45849
223305,45849
232964,45848
290651,45848
261580,45848
167380,45848
41900,45846
59500,45846
53619,45846
118107,45846
257531,45845
23459,45843
294944,45843
285614,45843
246989,45842
241897,45842
179467,45842
275686,45842
293465,45842
291965,45841
214376,45841
138509,45841
190793,45840
23627,45840
169336,45839
144348,45839
250031,45839
182820,45839
266780,45839
276054,45838
163930,45838
744,45838
246525,45838
197715,45837
241860,45837
153705,45836
199282,45836
7635,45836
223379,45835
188127,45835
288835,45834
226909,45832
209171,45832
275749,45830
249491,45830
185465,45828
190643,45828
262430,45827
284844,45827
282535,45826
215515,45826
247248,45826
291626,45825
117105,45825
76159,45824
245964,45823
252053,45823
126937,45821
6931,45821
3091,45820
202193,45820
126064,45820
266132,45820
234831,45820
245541,45819
155121,45818
213697,45818
166246,45818
150349,45817
181172,45816
282134,45816
215164,45815
4725,45815
144980,45815
26249,45815
289048,45814
187344,45814
211593,45814
87916,45814
260747,45814
236372,45814
234400,45814
249765,45813
145235,45813
219956,45813
227459,45812
40041,45812
244229,45811
220483,45811
45885,45810
294230,45810
32515,45810
78832,45810
40774,45810
192649,45810
273853,45810
118999,45810
207840,45809
235783,45809
15458,45809
289868,45809
128119,45808
94860,45808
257324,45808
270034,45807
189484,45806
23213,45804
131542,45804
255823,45803
266955,45801
274027,45800
239845,45800
231204,45799
190625,45799
205351,45798
256157,45798
185438,45797
266149,45797
248230,45796
98269,45796
207987,45795
291165,45795
2282,45795
279917,45794
223278,45794
92,45793
206999,45793
1013,45790
80714,45790
238996,45790
119287,45790
264113,45789
231459,45788
147547,45788
193209,45787
118455,45787
165744,45786
136323,45786
9299,45786
166882,45784
253724,45784
41065,45783
256384,45783
238121,45782
156171,45782
295803,45782
194747,45782
275430,45781
161707,45781
217306,45781
294242,45781
139230,45780
155583,45779
64837,45778
249719,45778
226519,45778
126927,45778
245026,45777
13935,45776
278316,45775
248809,45775
240847,45774
281984,45774
110621,45773
193299,45772
3735,45772
286438,45771
249810,45770
138097,45770
210746,45770
268725,45769
200787,45769
244622,45769
223204,45768
276511,45767
169348,45767
189839,45766
257361,45766
286200,45766
277083,45766
125561,45765
243717,45765
247043,45764
261674,45764
751,45764
284585,45763
116389,45763
237929,45761
269571,45761
16344,45760
271673,45759
169879,45758
282517,45757
279503,45757
99260,45756
277996,45756
250321,45755
260284,45755
2263,45755
175464,45755
183265,45755
177147,45754
235154,45754
272931,45753
281642,45753
1711,45753
41533,45752
19873,45752
759,45751
237871,45750
241782,45750
292899,45749
274067,45749
194344,45749
324,45748
282875,45748
282489,45748
170770,45747
3106,45747
293893,45747
232319,45745
180115,45745
242476,45745
214169,45745
30390,45745
258145,45745
292517,45745
18692,45744
135614,45744
294411,45743
273008,45743
13217,45743
286072,45743
293840,45742
1565,45742
232154,45742
3875,45741
223515,45741
1745,45741
242135,45740
295200,45740
270755,45740
232909,45739
119693,45739
203,45738
275561,45738
269908,45737
277926,45737
176853,45736
224379,45734
2914,45734
226532,45734
265507,45734
162559,45734
168156,45733
225402,45733
1011,45732
244215,45732
241516,45732
33614,45732
270131,45730
13858,45729
294804,45728
253979,45728
139699,45727
117251,45726
240189,45725
215234,45725
108802,45725
94,45725
284937,45725
271132,45725
170548,45724
28897,45724
252225,45724
252768,45724
166337,45723
12212,45723
253881,45723
208315,45722
86680,45722
150630,45721
263254,45720
13709,45720
267822,45720
239482,45719
16910,45719
243798,45719
134626,45719
266824,45719
240078,45717
198816,45717
254921,45717
205895,45716
209878,45716
182699,45715
272332,45715
209347,45715
160193,45715
146702,45715
10679,45715
166962,45714
97118,45714
266103,45714
258973,45713
252431,45713
176041,45712
283315,45711
292038,45711
261427,45710
280930,45710
296456,45710
251416,45709
224029,45709
280305,45709
29563,45709
10330,45708
263689,45708
277459,45706
263111,45706
262142,45706
225732,45706
243474,45706
195081,45705
252263,45705
239221,45705
126895,45704
113947,45704
112832,45704
247874,45702
88593,45702
117577,45702
263909,45701
2925,45701
251095,45700
281910,45700
177087,45700
191463,45699
180325,45699
287801,45699
170045,45699
246446,45699
17899,45698
60940,45698
94468,45698
247789,45697
189125,45697
2158,45697
217064,45697
163828,45697
9295,45696
180978,45696
11890,45696
174173,45696
291622,45696
233780,45696
246195,45695
40362,45695
279941,45694
131172,45694
15376,45693
224245,45693
221825,45693
289371,45693
213453,45693
218818,45692
182813,45692
24,45692
149479,45691
289818,45691
278776,45691
198813,45691
276791,45691
107600,45689
181794,45689
210791,45689
203476,45688
289671,45688
123896,45687
207475,45686
200943,45686
238420,45685
291339,45685
214184,45684
123889,45684
265933,45684
66792,45684
62129,45683
50856,45683
5903,45683
11844,45683
21,45682
22855,45682
193224,45681
236379,45680
2512,45679
261560,45679
269068,45679
258038,45679
264193,45679
2890,45678
96982,45678
16956,45678
103712,45677
771,45676
2598,45676
147447,45676
294,45675
237893,45675
291383,45674
209392,45674
242355,45674
172640,45673
4289,45673
182625,45673
178581,45672
47151,45671
7677,45670
247099,45670
178329,45669
228392,45669
204773,45669
198153,45668
261142,45668
249361,45668
208826,45668
162593,45668
233084,45667
293032,45666
273573,45665
182259,45665
162988,45665
279827,45664
28335,45664
246541,45664
200071,45664
26258,45664
249702,45663
181899,45662
23284,45662
232943,45661
290134,45661
161849,45661
190997,45661
262528,45661
296106,45661
261093,45660
20172,45660
120728,45660
237002,45660
510,45660
4372,45660
267852,45659
173735,45659
259478,45658
23774,45658
242602,45657
99510,45657
88755,45657
265632,45657
238794,45656
12639,45656
227165,45655
244904,45654
21833,45654
269297,45654
247881,45654
149764,45654
207277,45654
156637,45653
280836,45653
258432,45652
217531,45652
250846,45651
76,45651
195864,45651
263769,45650
210614,45650
281656,45650
222489,45649
132478,45649
209597,45649
1995,45648
125247,45647
214978,45646
166860,45646
237836,45646
119852,45646
22432,45645
171102,45645
140325,45645
248286,45644
240979,45644
20708,45644
223330,45644
288682,45644
272259,45643
290422,45643
222757,45643
218218,45642
198962,45642
154573,45641
294625,45641
177027,45641
184160,45641
272229,45640
211500,45640
209757,45639
188305,45639
278376,45639
150814,45638
237387,45638
176092,45638
256763,45638
267491,45638
3563,45637
89517,45637
262463,45636
39053,45636
193720,45634
261489,45633
288144,45633
222922,45633
101257,45633
235082,45633
174170,45632
235202,45632
226625,45632
281585,45631
220840,45631
185861,45631
230958,45630
104559,45629
281614,45628
183302,45628
24522,45627
124182,45627
203706,45627
157741,45626
225209,45626
248205,45626
247828,45626
4958,45625
95304,45625
189438,45625
177961,45624
146424,45624
206947,45624
209042,45624
38314,45623
105851,45623
16627,45623
255257,45622
79313,45622
436,45621
214819,45621
154560,45621
233072,45621
294440,45620
213337,45620
278424,45620
181050,45619
52193,45618
290277,45618
270142,45618
248315,45617
4739,45616
2816,45616
51032,45616
151563,45616
244054,45615
161781,45615
15758,45615
155305,45615
150849,45614
66356,45613
153316,45613
63506,45613
274032,45611
269863,45611
46987,45611
215250,45611
217428,45610
191601,45610
284164,45609
274327,45609
283325,45609
270320,45609
137868,45609
180857,45609
260355,45608
148337,45608
260525,45608
239132,45607
193717,45607
257049,45606
457,45606
14270,45605
86516,45605
258,45605
8937,45604
257057,45604
6249,45604
253969,45603
294226,45603
95343,45602
160104,45602
1855,45602
285102,45602
258455,45602
227665,45601
176881,45601
161218,45601
287263,45600
295175,45600
25977,45600
32226,45600
291427,45600
218674,45600
2314,45600
139167,45599
234005,45599
122426,45598
223192,45598
247360,45598
73514,45597
109177,45597
281441,45597
230272,45597
218359,45597
278795,45596
169961,45596
23938,45596
254057,45596
173334,45595
285260,45595
269896,45595
281215,45595
151176,45595
189134,45594
273343,45594
236657,45593
274750,45593
23640,45593
221574,45593
282465,45593
171709,45592
291994,45592
245840,45592
274992,45592
71756,45591
266655,45591
44948,45591
261598,45591
294043,45590
259351,45590
5832,45589
167329,45589
276986,45589
254504,45589
197872,45589
287421,45588
199963,45588
218661,45588
24166,45588
1823,45588
181303,45588
1658,45587
199908,45587
71048,45587
163753,45586
247677,45586
233913,45586
262325,45586
202606,45585
151842,45585
115160,45585
253917,45585
178590,45585
51138,45585
178588,45584
168526,45584
249595,45584
48563,45584
244757,45584
158213,45583
153813,45583
166568,45583
273276,45583
272800,45583
191871,45583
78741,45582
223373,45582
259628,45581
164228,45581
280424,45581
295565,45581
199358,45580
146462,45580
206453,45580
113381,45580
158894,45579
146733,45579
200229,45579
279798,45578
258105,45578
283407,45578
296488,45578
250142,45578
263941,45578
167459,45578
295361,45578
270659,45578
1090,45578
134008,45577
278258,45577
240812,45577
73674,45577
127854,45576
218649,45575
293198,45575
148417,45574
196994,45574
129942,45574
290217,45574
258324,45574
66230,45573
258827,45572
267562,45572
259252,45572
200358,45572
175696,45572
235397,45572
243316,45571
164928,45571
229168,45571
262226,45571
206354,45571
101530,45570
272475,45570
243261,45569
68301,45569
1419,45569
253392,45569
192209,45569
153723,45568
296056,45568
127125,45568
46942,45567
271,45567
3090,45567
40147,45566
427,45566
63904,45566
239289,45566
262797,45566
294250,45566
187278,45565
16313,45565
195431,45565
273119,45564
220361,45564
219464,45564
258467,45563
146884,45563
295707,45563
7616,45563
146316,45563
94389,45563
269369,45562
264520,45562
92732,45562
264799,45562
241253,45562
286604,45561
225070,45561
126274,45561
278395,45561
121863,45560
182306,45560
278616,45560
241582,45559
291897,45559
220524,45558
273462,45558
183563,45558
276006,45558
295044,45557
169862,45557
262646,45557
150572,45557
182396,45556
26942,45555
211042,45555
27102,45554
251141,45554
5972,45554
24490,45553
269993,45553
204174,45553
258334,45553
158511,45553
121274,45553
134613,45553
185085,45552
259133,45552
213276,45552
1519,45551
245911,45551
243513,45550
13393,45550
235974,45550
185721,45550
223178,45550
272178,45550
203856,45550
207327,45550
201720,45549
256005,45548
193905,45548
212008,45548
161556,45548
269699,45548
265415,45547
226496,45547
56143,45547
219438,45547
157205,45546
10473,45546
251580,45545
144389,45545
225702,45545
7053,45545
271774,45544
145724,45544
245427,45544
14161,45544
1134,45544
209401,45544
139169,45543
231970,45543
254853,45543
237801,45543
199275,45543
189492,45543
270190,45542
71868,45542
248000,45542
282410,45541
232026,45541
267904,45541
274532,45540
211834,45540
271309,45539
279084,45539
148677,45539
211526,45539
53801,45538
132076,45538
169154,45538
284040,45538
245330,45537
204329,45537
29642,45537
260482,45537
58680,45537
284855,45537
266623,45536
94784,45536
144003,45536
227347,45535
2390,45535
62442,45535
15554,45535
272267,45534
151410,45534
217875,45534
54841,45533
239097,45533
277139,45533
187081,45533
268039,45533
133198,45532
902,45532
268603,45531
175111,45530
209012,45530
21897,45530
275829,45530
241237,45529
6178,45529
232632,45529
215131,45529
188455,45528
122702,45528
192770,45527
180143,45527
147371,45527
228494,45526
200898,45526
219567,45526
248449,45526
227687,45526
206343,45525
221680,45525
278673,45525
282524,45525
207548,45525
268674,45525
203715,45524
214864,45524
278640,45524
238512,45524
116501,45524
227997,45524
263922,45524
115544,45524
135366,45523
234280,45522
139935,45522
271960,45521
287703,45521
203713,45521
211498,45521
232905,45521
22705,45520
212392,45520
150866,45520
46899,45520
247093,45520
165555,45519
294057,45519
195393,45519
206158,45519
265241,45518
229297,45518
122346,45518
191039,45517
147356,45517
292340,45517
269534,45517
702,45517
293741,45516
199177,45516
180341,45516
285309,45516
264658,45516
180338,45516
232392,45515
122422,45515
63770,45515
258418,45515
291281,45514
225473,45514
231747,45514
266520,45514
3314,45513
12019,45513
162786,45513
189543,45513
173248,45513
294572,45513
276030,45513
129882,45513
287941,45513
200485,45513
244395,45513
18301,45512
281079,45512
296368,45512
244186,45512
206794,45511
146783,45511
263792,45510
199324,45510
212666,45510
243369,45510
55,45509
173220,45509
250457,45509
253511,45509
270647,45508
279127,45508
183924,45508
264534,45507
116357,45507
8092,45507
266115,45507
126606,45507
292273,45507
151602,45506
111947,45506
45,45506
287836,45506
250411,45506
290853,45505
137857,45505
176060,45505
167467,45505
246119,45505
275012,45504
229185,45503
169325,45503
95010,45503
284192,45503
214253,45503
159042,45502
295993,45502
255438,45502
24571,45501
182491,45501
108963,45501
104020,45501
202493,45500
110485,45500
132801,45500
207754,45499
280971,45499
270772,45499
283594,45499
271698,45498
209101,45498
211154,45497
275342,45497
276588,45496
99272,45496
261869,45496
247550,45495
253492,45495
243795,45495
229900,45495
212956,45495
217745,45495
293575,45494
61462,45494
197562,45494
101633,45494
148605,45494
267656,45494
229516,45493
253693,45493
278723,45492
283605,45492
127407,45492
86562,45492
187217,45492
283710,45491
236801,45491
237003,45491
270071,45491
46379,45491
191259,45491
255687,45491
239512,45490
281993,45490
194104,45490
255965,45490
131677,45490
52,45489
178127,45489
141266,45489
123194,45489
261927,45489
237518,45489
160485,45488
136495,45488
235101,45488
288402,45488
201527,45488
98505,45488
202426,45488
357,45488
205274,45487
212620,45487
162483,45487
173460,45486
190325,45486
163054,45486
295160,45485
292590,45485
247657,45485
268214,45485
20407,45484
229422,45484
192027,45484
278780,45484
210821,45484
238639,45483
246206,45482
152685,45482
197080,45482
49407,45482
159334,45482
150991,45481
280526,45481
168598,45481
278150,45481
181967,45480
1955,45480
138379,45480
283546,45480
135915,45480
203309,45480
229284,45480
233326,45480
268689,45479
161951,45479
5484,45479
227724,45479
158817,45479
119913,45478
127103,45478
273848,45478
254541,45478
226218,45478
19479,45478
147631,45477
295373,45477
264334,45477
169484,45476
252016,45476
240620,45475
4613,45475
39839,45475
255933,45475
246332,45475
235071,45475
107139,45474
11087,45474
274726,45474
188796,45474
209254,45474
142314,45473
4869,45473
249381,45473
104370,45472
229595,45472
262815,45471
228030,45471
35,45471
213520,45471
3381,45470
196452,45470
228887,45470
281818,45470
188804,45469
137824,45469
97144,45469
247976,45469
261145,45468
192822,45468
266879,45468
267890,45468
194043,45467
276382,45467
116087,45467
252066,45467
241347,45466
243622,45466
243414,45466
200381,45466
8820,45466
206006,45465
155676,45464
256080,45464
6689,45464
278248,45464
226164,45464
277265,45464
43217,45463
157389,45463
11799,45462
266310,45461
257621,45461
1099,45460
104903,45460
104639,45460
286499,45459
1757,45459
237897,45459
174605,45459
256280,45458
920,45457
1901,45457
185381,45457
215199,45457
285544,45457
260241,45456
171611,45455
214685,45455
255997,45455
264398,45454
52721,45454
154499,45453
265494,45453
225284,45453
140783,45453
147318,45452
277293,45452
281058,45452
238862,45452
232209,45452
13796,45451
257805,45451
97159,45451
271612,45451
292025,45451
289670,45451
100216,45451
154247,45451
178481,45450
283246,45449
187962,45449
113409,45449
160502,45449
206949,45448
287761,45448
169496,45447
12499,45447
148793,45447
100821,45447
237742,45446
231845,45446
222272,45446
268872,45446
188006,45446
236614,45446
259466,45446
196524,45445
278644,45445
118419,45444
276840,45444
257762,45444
234633,45444
1327,45444
201451,45444
267457,45444
57676,45444
170432,45443
131855,45443
107214,45443
279891,45443
294875,45443
85726,45443
187687,45443
275308,45442
291295,45442
272791,45442
212951,45442
247481,45442
224410,45442
216572,45442
212709,45441
189832,45441
205187,45441
149642,45441
161535,45441
249695,45441
252685,45441
248977,45440
114272,45440
108441,45440
242230,45440
228246,45440
143017,45440
211705,45439
256741,45439
176393,45439
230142,45438
75643,45438
283694,45438
6788,45438
295127,45438
220891,45438
256473,45438
212814,45438
132375,45438
229240,45438
169242,45437
246339,45436
279868,45436
118185,45436
93364,45436
189575,45436
292706,45436
213384,45436
241904,45435
221770,45435
2618,45434
143304,45434
235483,45434
270854,45434
3358,45433
223853,45433
285190,45432
203134,45431
7686,45431
184278,45431
218384,45431
128824,45431
263661,45431
173823,45431
48790,45431
246937,45431
198775,45430
292334,45429
223443,45429
165215,45429
220047,45428
260682,45428
211800,45428
191801,45428
100133,45428
59585,45428
237184,45428
119440,45428
256452,45428
204570,45427
289819,45427
248682,45427
275311,45427
279062,45427
296350,45427
37994,45427
8986,45427
200925,45427
244992,45427
270393,45427
249319,45426
139041,45426
292596,45426
244940,45425
233963,45425
239571,45425
36486,45424
260914,45424
18253,45424
200619,45424
295979,45424
282181,45423
250140,45423
266470,45423
295246,45423
238201,45423
260633,45423
116446,45422
100008,45422
280225,45422
8780,45422
1094,45422
281257,45422
254101,45421
83828,45421
111053,45421
282998,45421
148796,45421
289748,45421
21243,45421
220392,45420
291445,45420
229917,45420
241421,45420
223284,45419
3901,45419
264185,45419
185563,45419
3059,45419
205202,45419
281458,45419
210932,45418
115225,45418
151295,45418
219050,45418
222678,45418
145227,45418
227012,45417
125591,45417
274632,45417
242391,45417
284873,45417
222053,45417
20790,45416
292503,45416
270509,45416
279068,45416
1276,45416
221437,45415
184555,45414
247233,45414
203041,45414
203782,45414
135778,45414
284933,45414
251021,45413
159613,45413
249110,45413
120354,45413
1350,45413
236374,45413
230167,45413
213410,45413
234911,45412
251158,45412
285111,45412
288782,45412
230330,45411
245221,45411
247970,45411
194756,45411
233798,45411
2281,45411
287272,45410
232452,45410
229151,45409
144603,45409
270857,45409
271773,45409
214301,45409
13454,45408
163230,45408
10698,45408
282323,45408
294868,45408
159673,45407
262280,45407
86343,45407
284432,45406
221356,45406
227630,45405
179401,45405
165480,45405
246046,45405
200994,45405
3111,45405
8965,45405
41378,45405
56864,45405
278727,45404
112722,45404
3849,45404
41076,45404
187374,45404
286512,45404
289212,45403
7352,45402
223023,45402
63467,45402
260208,45402
154506,45402
25007,45401
232472,45401
248931,45401
143878,45401
5709,45401
206314,45401
240938,45400
185356,45400
28220,45400
285449,45400
245433,45400
260212,45400
213596,45399
35188,45399
1919,45399
211731,45399
289692,45398
283794,45398
3764,45397
240251,45397
8741,45397
61484,45396
213926,45396
228918,45396
279536,45396
180961,45396
82856,45395
200322,45395
211432,45395
230171,45395
215568,45395
197492,45395
249975,45395
167391,45394
94869,45394
290973,45394
242554,45394
11257,45394
275565,45394
213441,45394
228643,45394
125271,45393
169547,45393
168843,45392
192811,45392
279965,45391
208831,45391
207360,45391
237249,45391
235837,45390
100295,45390
240054,45389
168020,45389
260211,45389
8120,45389
237403,45389
134808,45388
32635,45388
137427,45388
279939,45388
294279,45387
35229,45387
204565,45387
262715,45387
139937,45385
270292,45385
294801,45385
88564,45384
25614,45384
5520,45384
177570,45384
269629,45384
162238,45384
249613,45384
151002,45384
247377,45384
155988,45384
294650,45383
287948,45383
240962,45383
211282,45383
229346,45383
244171,45382
218317,45382
189781,45382
186510,45382
294922,45382
205664,45382
279621,45382
271640,45381
273808,45381
116923,45381
279058,45381
1918,45381
255299,45381
247409,45381
242247,45381
208897,45380
6574,45380
106117,45380
94930,45380
158054,45380
260596,45380
123175,45379
243356,45379
242037,45379
78725,45379
45612,45378
86403,45378
158874,45378
232832,45378
147940,45378
68731,45378
265433,45377
219061,45377
263145,45377
109203,45377
245782,45377
218005,45377
203482,45377
226212,45376
195909,45376
2682,45376
224325,45376
23157,45376
187268,45376
168268,45375
259100,45375
205944,45374
181744,45374
271210,45374
133097,45374
295167,45374
180162,45374
179441,45373
274525,45373
295465,45373
140522,45372
278825,45372
253537,45372
159198,45372
265524,45371
232351,45371
261429,45371
193752,45371
213412,45371
146740,45371
204540,45371
3363,45371
296580,45370
167832,45370
157574,45370
147081,45370
168957,45370
183276,45369
218972,45369
281448,45369
190133,45369
291130,45369
80707,45369
142867,45369
101459,45369
1244,45368
149746,45368
232143,45368
242433,45368
2982,45367
176383,45367
32775,45367
250782,45367
225277,45367
231082,45367
198151,45367
218481,45367
235201,45366
46284,45366
281381,45366
228759,45366
296374,45366
135404,45366
237091,45365
124871,45365
255042,45365
212616,45365
105164,45365
254115,45365
171220,45365
245606,45365
5201,45365
163291,45365
145009,45365
32891,45364
280473,45364
169377,45364
260234,45364
58164,45363
75589,45363
247778,45363
88433,45363
198202,45363
257517,45363
145842,45363
272538,45363
251928,45362
295965,45362
133376,45362
4523,45362
274651,45362
9791,45361
239605,45361
18203,45361
273914,45361
70587,45361
243637,45361
89482,45361
193655,45361
283029,45360
207733,45360
291249,45360
173074,45360
130483,45360
294616,45359
203704,45359
170682,45359
56408,45359
178518,45359
292936,45358
215268,45358
155404,45358
140962,45358
219647,45358
172552,45358
268736,45357
91437,45357
271034,45356
289735,45356
259342,45356
201513,45356
247051,45356
34057,45356
269165,45355
162175,45355
265525,45355
229126,45355
134460,45355
127182,45354
134107,45354
62865,45354
50785,45354
211557,45354
1214,45353
257443,45353
139115,45352
157090,45352
236896,45352
203586,45352
295934,45352
27567,45352
228421,45352
263942,45352
259579,45352
169443,45351
240395,45351
252505,45351
201959,45351
208195,45351
286253,45350
193900,45350
148138,45349
259138,45349
171381,45349
120491,45348
262898,45348
283930,45347
178183,45347
220591,45347
202809,45346
241607,45346
292626,45345
274816,45345
261246,45345
2082,45344
138339,45343
85026,45343
196932,45343
11228,45343
195209,45343
291791,45343
262883,45343
252651,45343
4209,45343
231322,45343
186287,45343
288644,45342
231754,45342
268591,45342
252393,45342
120159,45341
282151,45341
129114,45341
221856,45340
240789,45340
149311,45340
260070,45340
272133,45340
180217,45340
165643,45340
247637,45340
270382,45340
295208,45340
167479,45340
204900,45340
18984,45339
264539,45339
217617,45339
272493,45339
264040,45339
277201,45339
273477,45339
296290,45339
951,45339
201440,45338
237256,45338
186104,45338
238037,45338
274034,45338
252760,45338
176750,45338
209674,45337
169367,45337
185522,45337
80886,45337
163071,45336
75376,45336
191501,45336
3513,45336
232067,45336
259702,45336
228189,45335
239793,45335
41242,45335
243569,45335
104139,45334
206760,45334
210147,45334
182157,45334
67729,45334
239042,45333
200896,45333
172686,45333
239192,45333
4601,45333
223066,45333
106560,45333
134372,45332
276505,45332
292751,45332
248949,45332
131055,45332
239382,45332
164020,45332
204964,45332
4360,45331
266912,45331
20967,45330
271785,45330
175127,45330
143306,45330
52919,45330
268881,45329
186724,45329
288298,45329
198128,45329
289487,45328
293051,45328
4933,45328
5045,45328
217540,45328
67893,45328
159515,45328
170393,45328
174495,45328
259173,45328
48792,45326
262933,45326
104642,45326
269657,45326
96003,45325
208279,45325
246115,45325
227056,45325
13237,45325
104267,45325
201473,45325
199979,45325
164139,45325
147690,45324
228418,45324
157913,45324
342,45324
61100,45324
155776,45323
291214,45323
275960,45323
268961,45323
275264,45323
144379,45323
187171,45322
15419,45322
266130,45322
217979,45322
216417,45321
198219,45321
268990,45321
265789,45321
258024,45321
219347,45321
133452,45320
28054,45320
271083,45320
144560,45319
224298,45319
21039,45319
230053,45319
118832,45319
275744,45318
238252,45318
260868,45318
292417,45318
135312,45318
100081,45318
282039,45317
30435,45317
266998,45317
265230,45317
205077,45317
279471,45317
2499,45316
78193,45316
270383,45316
1287,45316
249302,45316
179643,45316
188859,45315
240711,45315
55398,45315
186310,45315
227042,45314
238870,45314
138489,45314
264433,45314
263154,45314
236572,45313
244556,45312
230041,45312
70479,45312
275028,45312
273996,45312
235739,45312
242918,45312
284407,45312
242422,45312
277647,45312
270015,45312
237928,45312
241713,45312
278966,45312
188567,45311
82004,45311
185712,45311
183132,45311
157673,45311
260350,45311
248843,45310
114133,45310
261220,45310
229523,45310
288445,45310
213546,45310
36964,45310
127840,45310
245239,45310
264039,45310
34628,45310
48975,45309
282024,45309
254672,45309
146058,45309
251968,45308
117887,45308
276101,45308
5196,45308
267669,45308
245078,45308
40647,45308
271987,45307
290642,45307
209070,45307
153320,45307
206231,45307
293380,45307
80132,45307
247619,45307
285451,45306
128828,45306
264947,45306
150977,45306
203607,45306
44276,45306
112740,45305
258487,45305
38912,45305
149811,45305
140210,45305
4297,45305
291019,45304
246409,45304
154868,45304
250736,45303
248276,45303
247044,45302
242220,45302
161227,45302
273954,45302
278590,45301
283490,45301
112930,45301
92281,45301
166877,45301
30918,45301
52068,45301
8848,45300
289676,45300
233065,45299
257418,45299
200212,45299
224181,45299
271816,45299
98187,45299
226587,45299
216360,45298
289255,45298
202706,45298
2678,45298
163027,45298
223790,45298
78047,45297
100633,45297
153975,45297
260342,45297
3694,45297
78998,45297
177173,45296
184263,45296
278184,45296
75110,45296
280792,45296
187893,45295
103388,45295
281219,45295
95261,45295
220780,45295
115336,45295
74117,45295
14640,45295
67653,45294
80097,45294
237975,45294
187107,45294
274066,45294
96132,45294
178839,45294
261612,45294
1002,45294
271765,45293
23680,45293
92628,45293
239335,45293
253390,45293
194869,45292
115880,45292
89841,45292
270194,45292
219335,45292
139799,45291
160629,45291
197364,45291
196165,45291
265498,45291
40300,45290
277795,45290
237636,45290
242055,45289
285355,45289
3147,45289
248674,45289
97971,45289
286694,45289
16372,45288
257422,45288
97571,45288
275665,45288
122649,45288
253579,45287
109571,45287
286784,45287
142014,45287
122801,45287
284745,45287
250258,45287
176767,45286
245931,45286
257279,45286
245119,45286
164673,45286
174,45286
169892,45285
35483,45285
188051,45285
275106,45285
81847,45285
269055,45285
1993,45285
185104,45285
174084,45284
206498,45284
3195,45284
41512,45284
289225,45284
263678,45284
221135,45284
260206,45284
280164,45284
96091,45284
221086,45284
293348,45283
228,45283
264080,45283
207355,45283
39076,45282
258922,45282
232555,45282
260005,45282
113906,45282
253063,45281
119657,45281
280795,45281
267383,45281
21095,45281
287260,45281
233159,45280
257607,45280
176463,45280
162518,45280
9820,45280
234586,45280
193853,45280
294537,45280
189506,45279
191298,45279
169837,45279
292064,45279
295747,45278
147782,45278
9702,45278
140560,45278
285827,45278
5421,45278
266797,45278
261158,45278
93608,45277
266744,45277
172145,45277
3602,45277
247237,45277
17279,45277
285073,45276
184730,45275
266332,45275
11039,45275
15209,45275
280728,45275
185836,45275
244111,45275
1274,45274
272423,45274
149100,45274
248341,45274
291278,45274
242000,45274
30746,45273
223710,45273
141797,45273
224070,45273
1186,45273
180501,45272
236325,45272
190806,45272
243525,45272
248811,45272
54239,45272
222564,45272
144908,45271
230327,45271
26065,45270
240663,45270
208472,45270
175753,45270
236100,45270
78058,45269
184838,45269
253187,45269
181271,45269
218179,45269
161905,45269
120796,45269
284243,45269
24707,45268
32833,45268
289686,45268
264722,45268
52398,45268
70838,45268
287241,45268
289061,45268
292231,45267
242297,45267
268837,45267
40,45267
286837,45267
182235,45267
55552,45267
174131,45267
235911,45266
246172,45266
279146,45266
13586,45266
122938,45266
137536,45266
255403,45266
117269,45266
238911,45266
219908,45266
277534,45266
155189,45266
281471,45265
236893,45265
254516,45265
203735,45265
172108,45265
140077,45265
143200,45265
191603,45265
278375,45264
174690,45264
207090,45264
2145,45264
5137,45264
3884,45264
171434,45263
236365,45263
253543,45263
283749,45263
48757,45263
245662,45263
2488,45263
171560,45262
137021,45262
280708,45262
278063,45262
231512,45262
192055,45262
73555,45262
237330,45261
157671,45261
272204,45261
221758,45261
242606,45261
289788,45261
233140,45260
264236,45260
271799,45260
292837,45260
167369,45260
144836,45260
274337,45259
288113,45259
245737,45259
193023,45259
229534,45259
220330,45258
199242,45258
249343,45258
279909,45258
80957,45258
253391,45258
168632,45258
196993,45257
283425,45257
197085,45257
295968,45256
258198,45256
182871,45256
142827,45256
220071,45256
45342,45255
267512,45255
247083,45255
218262,45255
252803,45255
113346,45255
44,45255
32,45255
248010,45255
185243,45255
222777,45255
181544,45254
10515,45254
232385,45254
12275,45254
288452,45254
229059,45253
16927,45253
84618,45253
214752,45253
33743,45253
269781,45253
204485,45253
296458,45253
226289,45252
277739,45252
239168,45252
190369,45252
271883,45251
278342,45251
177458,45251
274517,45251
191116,45251
236840,45251
168548,45251
81082,45250
226713,45250
150289,45250
233233,45250
275355,45250
265709,45250
25526,45250
256734,45250
237315,45250
275849,45250
284182,45249
172666,45249
279989,45249
85362,45249
234480,45249
2414,45249
54428,45249
122366,45249
200472,45249
277751,45249
211669,45248
251531,45248
211805,45248
228429,45248
210110,45248
219192,45247
234273,45247
228851,45247
277556,45247
164682,45247
231852,45247
225069,45247
50250,45247
226947,45247
289929,45246
238788,45246
62089,45246
191051,45246
232343,45246
199819,45246
264380,45246
251272,45246
44899,45245
235054,45245
295285,45245
136547,45245
19776,45245
3980,45245
175730,45245
148515,45244
227652,45244
391,45244
13895,45244
203662,45244
149216,45244
210342,45244
221023,45244
111337,45243
204873,45243
266025,45243
283971,45243
165603,45243
296121,45243
209690,45243
276498,45242
171997,45242
175352,45242
224703,45242
160591,45241
286601,45241
160435,45241
195820,45241
205617,45241
160767,45241
183119,45241
201238,45241
279517,45241
195025,45241
13215,45241
197823,45240
8631,45240
263493,45240
225056,45240
272306,45240
240323,45240
167289,45239
51192,45239
20419,45239
64781,45239
282591,45239
22282,45239
290991,45239
125652,45238
20275,45238
26863,45238
273587,45238
223290,45238
252527,45237
291202,45237
147626,45237
222120,45237
1341,45237
254926,45237
236214,45237
85890,45236
144313,45236
141263,45236
253941,45236
205543,45236
30889,45236
232683,45236
62541,45236
93635,45236
268013,45235
269695,45235
126161,45235
239951,45235
228093,45235
270878,45235
114003,45235
137913,45235
262149,45235
65612,45234
64050,45234
244166,45234
169231,45234
1193,45234
110403,45234
295007,45233
26513,45233
64832,45233
284469,45233
240538,45233
246998,45232
95732,45232
252488,45232
193122,45232
17012,45232
137542,45232
175587,45231
274681,45231
120631,45231
262555,45231
261391,45230
188027,45230
280798,45230
33790,45230
253223,45230
109163,45230
282560,45230
293376,45229
266807,45229
234562,45229
105173,45229
217480,45229
160345,45229
256755,45229
240959,45229
89671,45228
246034,45228
121764,45228
251591,45228
138142,45228
281508,45227
270410,45227
283472,45227
195189,45227
177187,45227
283932,45227
822,45226
288653,45226
256127,45226
241085,45226
28984,45226
295370,45226
23083,45226
230709,45226
104587,45226
228958,45226
293663,45225
198754,45225
225850,45225
3725,45225
240669,45225
131,45225
236904,45225
210475,45224
167857,45224
417,45224
267516,45224
260041,45224
35620,45224
249179,45224
256647,45224
226182,45223
170040,45223
189115,45223
165873,45223
156282,45223
222657,45223
101583,45223
151909,45223
207514,45222
246340,45222
38901,45222
104240,45222
877,45222
207093,45222
216656,45222
230369,45222
84226,45222
110919,45222
4722,45221
254230,45221
288048,45221
29745,45220
242255,45220
292520,45220
25082,45219
262757,45219
264004,45219
7034,45219
200057,45219
178170,45218
263010,45218
171889,45218
16546,45218
2225,45218
296168,45218
235079,45217
294177,45217
286172,45217
244885,45217
673,45217
195003,45216
254200,45216
263394,45216
264392,45216
296415,45216
207082,45216
293128,45215
214674,45215
2427,45215
219041,45215
271440,45215
186377,45215
186412,45215
173839,45215
258271,45214
107178,45214
286687,45214
286174,45213
116187,45213
173932,45213
262861,45213
66747,45212
285485,45212
256462,45212
265698,45212
128451,45211
249546,45211
7777,45211
184282,45211
265076,45211
246729,45211
250766,45210
250636,45210
280241,45210
224078,45210
291164,45210
276250,45210
288950,45209
243827,45209
11721,45209
294358,45209
82205,45209
172340,45209
162454,45209
207882,45209
29537,45208
244071,45208
54597,45208
267522,45208
145450,45208
161605,45208
211194,45208
201595,45207
167693,45207
245585,45207
253558,45207
203836,45206
191873,45206
86143,45206
264014,45206
284241,45206
180408,45206
202522,45206
13792,45205
137018,45205
224740,45205
91604,45205
160185,45205
235765,45205
37590,45205
100165,45205
70,45205
170858,45205
6741,45205
236681,45204
275795,45204
254633,45204
236769,45204
184208,45204
133894,45204
140919,45204
227503,45203
248112,45203
91334,45203
300,45203
68802,45203
287288,45203
31,45203
160249,45203
269334,45202
25607,45202
264056,45202
60223,45202
261956,45202
66946,45201
242811,45201
129030,45201
237181,45201
205442,45201
149351,45201
205281,45201
134339,45201
201435,45201
259292,45200
280774,45200
251142,45200
68392,45199
284260,45199
168968,45199
258183,45199
215373,45198
7192,45198
219966,45198
284454,45198
179323,45198
134973,45198
2384,45198
117316,45198
187561,45198
177696,45198
74791,45198
59214,45198
267269,45197
287098,45197
192572,45197
76750,45197
243607,45197
234103,45197
250093,45197
117654,45196
288578,45196
217738,45196
140053,45196
204850,45196
296592,45196
135585,45196
280711,45196
183348,45196
207863,45195
150052,45195
95131,45195
214757,45195
219603,45195
204905,45195
232800,45195
257541,45195
71205,45194
203931,45194
256438,45194
224945,45194
237301,45194
207236,45194
205357,45194
267790,45194
38894,45194
189717,45193
248254,45193
167013,45193
15538,45193
12871,45193
23273,45193
237909,45193
176201,45193
264811,45192
211664,45192
42887,45192
253029,45192
209,45192
242370,45192
269645,45191
147471,45191
115899,45191
247375,45191
18767,45191
209273,45191
150707,45191
173054,45190
250830,45190
259849,45190
157795,45190
291624,45190
182966,45190
250330,45190
169194,45190
547,45190
290677,45189
266885,45189
238694,45189
226631,45189
117896,45189
233070,45189
16214,45189
291522,45189
275900,45189
99496,45188
213019,45188
179389,45188
176933,45188
129501,45188
15050,45188
174767,45188
134427,45188
206798,45188
267179,45188
202509,45187
186676,45187
135216,45187
261652,45187
12490,45187
124780,45187
97397,45187
250430,45187
110028,45187
3516,45186
145565,45186
44119,45186
257266,45186
228326,45186
258698,45186
115373,45186
228747,45186
1762,45185
93538,45185
260878,45185
125510,45185
193217,45185
262027,45185
248184,45184
745,45184
142208,45184
197140,45184
10857,45184
265968,45184
141510,45184
200535,45184
274512,45184
23820,45184
282624,45183
4374,45183
206109,45183
230844,45183
267008,45183
211935,45183
266020,45182
25075,45182
150596,45182
86029,45182
183720,45182
221795,45182
172066,45182
222070,45181
232828,45181
208023,45181
261494,45181
119630,45181
107685,45181
242145,45180
195826,45180
130763,45180
243325,45180
124810,45180
242515,45180
189988,45180
159015,45179
22208,45179
289156,45179
97926,45178
55873,45178
158558,45178
276077,45178
210676,45178
120706,45178
277135,45177
279436,45177
250704,45177
242389,45177
189096,45177
247357,45177
268873,45176
241289,45176
193164,45176
259106,45176
196276,45176
168421,45176
294098,45176
261561,45176
271069,45176
171663,45176
275800,45175
83813,45175
5514,45175
227156,45175
27343,45175
278267,45175
253849,45175
278919,45175
101267,45175
135018,45175
284778,45174
278744,45174
278530,45174
84552,45174
168944,45174
210728,45174
220494,45174
204574,45174
261460,45174
232316,45174
188580,45174
207048,45174
282665,45174
293265,45174
200813,45173
252349,45173
6295,45173
159116,45173
203337,45173
287219,45173
164652,45173
152143,45173
253487,45173
95232,45173
295817,45172
181563,45172
149877,45172
9311,45172
206441,45172
130327,45171
187880,45171
251855,45171
204631,45171
289627,45171
232458,45171
271089,45171
294614,45171
191228,45171
253863,45171
106589,45170
148599,45170
41668,45170
283296,45170
285094,45170
243759,45170
220896,45169
177176,45169
193753,45169
286302,45169
96338,45168
274085,45168
263059,45168
220956,45168
235160,45168
172904,45168
16738,45168
174952,45168
106725,45168
265017,45168
150874,45168
119356,45168
264165,45168
187870,45168
7007,45168
284349,45168
245134,45167
1663,45167
249809,45167
157338,45167
186418,45167
227941,45166
65436,45166
284530,45166
217385,45166
188710,45166
141151,45166
261614,45166
243384,45166
197717,45166
286721,45166
225283,45166
268119,45166
247040,45166
117152,45166
192565,45166
180860,45165
149507,45165
278497,45165
144628,45165
200421,45165
232874,45165
159587,45165
192978,45165
242306,45165
174411,45165
2377,45165
149161,45165
133240,45165
223194,45164
112776,45164
270853,45164
184887,45164
274083,45164
219961,45164
276961,45164
4666,45164
261550,45164
173845,45163
233669,45163
212148,45163
14451,45163
59761,45163
191661,45163
278677,45163
223897,45162
224059,45162
166646,45162
287174,45162
61262,45162
153634,45162
260627,45162
129573,45162
236203,45162
64583,45162
294433,45161
274476,45161
88655,45161
193281,45161
239308,45161
130663,45161
284606,45161
216503,45161
187155,45161
252054,45161
81236,45161
168011,45161
219349,45161
102354,45161
217067,45160
64663,45160
291086,45160
285718,45160
261050,45160
259861,45160
156531,45160
214603,45159
191381,45159
187713,45159
209204,45159
209596,45159
277404,45159
273126,45159
200248,45158
283866,45158
44392,45158
172248,45158
281961,45158
223396,45158
7983,45158
95241,45158
171080,45158
247937,45158
169412,45158
167429,45158
230084,45157
240602,45157
199139,45157
7182,45157
266826,45156
112967,45156
129923,45156
131641,45156
277809,45156
187553,45156
45247,45156
183131,45155
97983,45155
149894,45155
150996,45155
181890,45154
185012,45154
205647,45154
185260,45154
171024,45154
281708,45154
242893,45154
291899,45153
120814,45153
158177,45153
289366,45153
129438,45153
273845,45153
846,45153
202585,45153
51515,45153
174983,45152
153315,45152
265591,45152
9516,45152
237070,45152
2927,45152
274242,45152
256235,45152
84566,45152
211791,45152
275668,45152
199673,45151
113537,45151
190804,45151
50093,45151
283632,45150
292615,45150
242929,45150
194567,45150
266929,45150
151599,45150
277848,45150
4190,45150
190184,45149
184583,45149
1135,45149
248117,45149
287063,45149
277154,45148
262457,45148
6356,45148
196465,45148
251464,45148
173740,45148
236654,45148
267869,45147
189050,45147
261591,45147
41019,45147
237423,45147
183072,45147
44054,45147
224321,45146
260465,45146
166785,45146
219405,45146
191863,45146
784,45146
238094,45146
92998,45146
230767,45146
98474,45146
202793,45145
1018,45145
211894,45145
279421,45145
293059,45145
265061,45145
273901,45145
203033,45145
41897,45145
107467,45144
54233,45144
188870,45144
241478,45143
96754,45143
200139,45143
252869,45143
270490,45143
87039,45143
99328,45143
173397,45142
167149,45142
81084,45142
236628,45142
230447,45142
119000,45142
3319,45142
273691,45142
204661,45141
289757,45141
179891,45141
126401,45141
280236,45141
57626,45141
242363,45141
184954,45141
169527,45140
36190,45139
183766,45139
21594,45139
230117,45139
84129,45139
124489,45139
77651,45139
51602,45139
287122,45139
235939,45138
32215,45138
185218,45138
249342,45138
280428,45138
261822,45138
77562,45138
266987,45138
138930,45138
25316,45138
165947,45138
48793,45138
203615,45138
505,45137
68716,45137
271528,45137
273747,45136
282441,45136
271265,45136
163080,45136
17660,45136
286555,45136
268326,45135
734,45135
90082,45135
182667,45135
281628,45135
208509,45135
209540,45135
205325,45134
243309,45134
71601,45134
2318,45134
167714,45134
59667,45134
1320,45134
90992,45134
275773,45134
246933,45134
105530,45133
145347,45133
153462,45133
228881,45133
81819,45133
8666,45133
352,45133
129717,45133
275054,45133
291771,45132
57008,45132
273023,45132
277922,45132
260255,45132
130936,45132
212764,45132
155074,45132
175361,45132
245508,45132
233993,45132
159756,45132
210778,45132
272651,45131
89111,45131
253977,45131
136353,45131
109940,45131
186226,45131
166766,45131
162880,45131
258446,45131
48930,45131
196064,45130
295543,45130
219723,45130
100617,45130
132568,45130
185203,45130
26807,45130
290265,45130
289351,45130
209495,45129
257290,45129
166553,45129
198730,45129
215108,45129
277986,45129
84664,45129
251334,45129
159603,45129
284650,45128
265530,45128
137786,45128
148721,45128
2247,45128
265202,45128
88168,45128
156953,45128
153351,45128
257159,45128
216358,45128
271839,45127
22447,45127
281160,45127
32662,45127
100035,45127
288936,45127
151164,45127
123561,45127
276513,45127
245728,45126
210354,45126
256186,45126
95619,45126
209852,45126
176901,45126
259916,45125
254974,45125
278527,45125
225930,45125
275163,45125
117203,45125
541,45125
51423,45125
295240,45125
285528,45124
181980,45124
248995,45124
283950,45124
237351,45124
203928,45124
242675,45124
221995,45123
220266,45123
240274,45123
199783,45123
280485,45123
26115,45123
292649,45122
256633,45122
1283,45122
295908,45122
60925,45122
149210,45122
252530,45122
169400,45122
7003,45122
296,45122
238414,45121
265576,45121
149402,45121
254309,45121
218483,45121
292542,45121
13008,45121
280000,45121
148570,45121
208774,45121
255663,45121
285743,45120
100106,45120
125847,45120
230004,45120
251,45120
141613,45119
175871,45119
219167,45119
171159,45119
234610,45119
293938,45119
175071,45119
108338,45118
285481,45118
148568,45118
232308,45118
41146,45118
223307,45118
178892,45118
276334,45118
180210,45118
241810,45118
108704,45118
205186,45118
20877,45118
130406,45117
108210,45117
235670,45117
259005,45117
276103,45117
183101,45117
161461,45117
188332,45117
225645,45117
160778,45117
102532,45116
133180,45116
239797,45116
263872,45116
167110,45116
28738,45116
188172,45116
208876,45116
14936,45115
8750,45115
238448,45115
223589,45115
197962,45115
290581,45115
205927,45115
206778,45115
39089,45115
218189,45115
130029,45114
270487,45114
242889,45114
8395,45114
79455,45114
258015,45114
292725,45113
237533,45113
289685,45113
219211,45113
55042,45113
43383,45113
3704,45113
232506,45113
276682,45113
228859,45113
266330,45113
282122,45113
133595,45113
123520,45113
207576,45112
240921,45112
242736,45112
252875,45112
3715,45112
123572,45112
253202,45112
6990,45112
284800,45112
3529,45112
76627,45112
115329,45112
190827,45111
453,45111
178405,45111
199743,45111
212949,45111
171254,45111
250843,45111
150038,45111
181820,45110
262643,45110
257616,45110
253677,45110
233551,45110
1501,45110
203219,45110
145773,45110
39568,45109
14902,45109
157285,45109
257649,45109
268248,45109
218125,45109
234823,45109
228501,45109
1714,45109
236415,45109
15524,45109
221517,45109
1305,45109
281088,45108
189114,45108
283993,45108
206997,45108
183906,45108
131676,45108
272803,45108
192766,45108
63015,45108
195962,45108
168081,45108
96010,45108
141979,45107
40504,45107
253867,45107
242537,45107
262345,45107
268764,45107
173653,45107
237089,45107
165895,45107
59982,45107
280982,45107
287023,45107
276442,45107
216613,45107
163279,45107
70136,45107
224853,45107
6292,45107
139642,45107
230214,45107
287575,45106
223171,45106
292009,45106
198261,45106
251201,45106
4463,45106
163959,45106
242653,45106
258374,45106
3164,45106
252718,45105
181369,45105
274748,45105
12937,45105
131373,45105
153380,45105
202466,45105
204334,45104
213922,45104
172644,45104
206768,45104
54477,45104
49951,45104
204381,45104
117178,45104
246355,45103
64184,45103
286822,45103
185801,45103
117833,45103
247518,45103
13613,45103
170988,45103
280771,45102
93582,45102
266577,45102
57780,45102
14186,45102
109709,45102
78153,45102
92254,45101
287169,45101
208798,45101
143135,45101
153777,45101
198586,45101
85041,45101
233706,45101
216266,45101
252498,45101
250886,45101
160989,45101
242113,45101
82028,45101
192330,45101
259565,45100
283116,45100
294652,45100
159107,45100
188296,45100
125387,45100
13724,45100
74831,45100
162614,45100
173872,45100
249138,45100
187531,45100
27881,45099
61069,45099
168063,45099
143349,45099
272955,45099
179069,45099
73,45099
80031,45099
279168,45099
213671,45098
207578,45098
10884,45098
234303,45098
224534,45098
250044,45098
239110,45098
147671,45098
186059,45098
159341,45098
134789,45098
191579,45098
279610,45097
113942,45097
199251,45097
221379,45097
262238,45097
229604,45097
248722,45097
282788,45097
180147,45097
221253,45097
84775,45097
81015,45096
273253,45096
273301,45096
288000,45096
182130,45096
272350,45096
244216,45096
281039,45095
133521,45095
201993,45095
151254,45095
29495,45095
260625,45095
108479,45095
281650,45095
292426,45095
295905,45095
290012,45094
182989,45094
148190,45094
189398,45094
286371,45094
203344,45094
278416,45094
291367,45094
166437,45094
237865,45094
102013,45094
152974,45093
284501,45093
117604,45093
193041,45093
160285,45093
210558,45093
241634,45093
241109,45093
257108,45093
29746,45093
276125,45093
244536,45093
161110,45092
258953,45092
246961,45092
97939,45092
58517,45092
174582,45092
228166,45091
233378,45091
244573,45091
120518,45091
213727,45091
260349,45091
174968,45091
280748,45091
25505,45091
264276,45091
3651,45091
208467,45091
166519,45090
148799,45090
246774,45090
260799,45090
247335,45090
279442,45090
259232,45090
184,45090
140412,45090
13346,45090
265467,45090
204263,45090
145985,45090
274068,45090
42678,45090
103570,45090
97843,45090
71609,45090
268146,45089
248277,45089
131898,45089
165271,45089
211896,45089
162436,45089
240057,45089
287214,45089
119003,45089
189536,45089
246221,45089
143082,45088
4283,45088
103943,45088
10993,45088
268812,45088
292860,45088
253067,45088
196090,45088
293245,45088
176081,45088
72106,45087
294460,45087
215437,45087
36151,45087
228809,45087
264825,45087
54673,45087
259590,45086
184518,45086
189090,45086
109193,45086
294510,45086
173561,45086
196506,45086
133024,45086
7218,45086
294762,45085
191125,45085
200582,45085
172764,45085
116027,45085
295164,45085
265022,45085
237566,45085
99631,45085
254228,45084
177755,45084
191938,45084
277540,45084
247057,45084
287326,45084
175933,45084
269601,45084
82487,45084
279064,45084
244465,45084
182994,45084
230491,45084
223387,45083
253577,45083
259367,45083
247747,45083
268788,45083
237064,45083
260537,45083
175095,45083
204121,45083
84636,45082
227591,45082
274300,45082
84,45082
289392,45082
237051,45082
21154,45082
191586,45082
248668,45081
272197,45081
212973,45081
270980,45081
205003,45081
173075,45081
141581,45081
392,45081
238690,45081
238634,45081
167111,45081
202164,45080
256847,45080
250991,45080
133673,45080
242181,45080
270801,45080
222599,45080
130815,45080
154774,45080
238474,45080
277291,45080
291023,45080
291892,45080
225763,45079
1984,45079
292908,45079
140774,45079
264720,45079
240013,45079
218682,45079
271991,45079
62966,45079
203281,45079
147317,45079
219932,45079
16093,45079
292095,45078
285018,45078
3951,45078
33081,45078
76567,45078
124813,45078
108584,45078
115,45078
193170,45078
226664,45078
2827,45078
128454,45077
119048,45077
142135,45077
101226,45077
167622,45077
212512,45077
224916,45077
145384,45077
222391,45076
292103,45076
161933,45076
284439,45076
292605,45076
136340,45076
129738,45076
237083,45076
212331,45076
111122,45076
285822,45075
291215,45075
117986,45075
134173,45075
272982,45075
240950,45075
8049,45075
19732,45075
229406,45075
122704,45074
257338,45074
211551,45074
231715,45074
152577,45074
85881,45074
204384,45074
239990,45074
276857,45074
56243,45073
231819,45073
235993,45073
219608,45073
174849,45073
255229,45073
265819,45073
284424,45073
65055,45073
284277,45072
166778,45072
198798,45072
31015,45072
286894,45072
290941,45072
216679,45072
192852,45072
288622,45071
208821,45071
192638,45071
183799,45071
197762,45071
252837,45071
2802,45071
2257,45070
254741,45070
19153,45070
68763,45070
131464,45070
270486,45070
120290,45070
198492,45069
160215,45069
220234,45069
222,45069
244018,45069
147619,45068
152618,45068
5819,45068
259725,45068
229508,45068
234851,45068
274878,45068
175131,45068
227708,45068
231718,45068
277279,45068
244289,45068
272460,45068
285406,45068
77913,45068
291224,45068
137753,45067
114493,45067
218858,45067
219587,45067
204790,45067
252351,45067
248133,45067
186231,45067
184707,45067
196356,45066
228431,45066
286864,45066
184534,45066
283937,45066
160857,45066
222323,45066
263991,45066
111742,45066
91126,45066
27383,45066
187738,45066
184342,45066
38103,45065
261905,45065
146018,45065
271982,45065
1003,45065
265569,45065
267697,45065
270922,45065
221025,45065
277436,45065
57519,45065
290527,45064
20905,45064
5099,45064
168015,45064
93858,45064
8215,45064
99466,45064
295137,45064
280673,45064
228787,45064
9087,45064
205568,45063
250126,45063
264474,45063
237544,45063
9609,45062
191705,45062
7663,45062
253777,45062
265737,45062
39380,45061
230565,45061
50601,45061
225760,45061
57101,45061
263724,45061
236836,45061
68613,45061
171811,45061
127610,45061
263861,45061
184943,45060
223351,45060
188933,45060
6310,45060
281893,45060
195422,45060
271881,45060
266235,45060
16176,45059
260222,45059
41551,45059
273154,45059
269311,45059
182569,45059
127469,45059
135908,45059
201419,45059
200477,45059
280471,45059
294565,45059
199437,45059
131463,45059
273618,45059
15006,45058
277010,45058
246396,45058
250220,45058
256106,45058
187997,45058
107536,45058
79295,45057
8695,45057
210950,45057
211808,45057
215530,45057
137550,45057
92174,45057
122720,45057
5358,45057
201101,45057
191551,45057
291973,45057
23201,45057
6117,45056
151144,45056
258639,45056
194133,45056
128418,45056
230679,45056
67357,45056
257717,45056
208440,45056
274675,45056
29075,45056
88389,45056
185897,45056
9869,45056
17734,45055
221533,45055
295263,45055
25368,45055
250424,45055
184609,45055
6259,45055
221387,45055
220724,45055
214270,45054
192723,45054
127073,45054
234381,45054
148541,45054
90686,45054
210443,45054
129686,45054
182816,45054
210832,45053
1019,45053
270086,45053
241208,45053
239949,45053
133384,45053
149338,45052
258463,45052
296182,45052
175108,45052
279012,45052
270470,45052
260905,45052
251389,45052
268281,45052
246361,45052
246647,45052
253137,45052
25516,45051
258816,45051
206219,45051
281726,45051
7321,45051
197334,45051
229552,45051
156355,45051
12482,45051
124909,45050
195759,45050
215910,45050
287544,45050
195760,45050
247793,45050
290871,45050
291736,45050
10503,45050
107537,45050
244922,45049
235518,45049
200816,45049
280261,45049
195528,45049
434,45049
269809,45049
219807,45049
264602,45049
84889,45049
17179,45049
217286,45049
133645,45049
186544,45048
159225,45048
193606,45048
109188,45048
286401,45048
263762,45048
280800,45048
98448,45048
60326,45048
160598,45047
