7656,100000
23963,55643
282,54027
259236,51917
170473,51113
260748,50904
269542,50871
269866,50707
244484,50558
280556,50492
4735,50457
205763,50380
217281,50256
210009,50236
147252,50216
218673,50000
5942,49988
169637,49957
6370,49956
152912,49913
4852,49861
288481,49835
197271,49776
271450,49694
284666,49691
79814,49690
187929,49672
71,49661
272444,49656
208287,49643
213133,49642
295154,49632
280060,49625
274767,49575
34133,49572
251443,49571
232454,49567
22352,49537
95884,49523
4091,49513
189505,49513
271924,49510
229088,49473
209249,49443
174414,49438
276207,49431
12443,49425
589,49420
162321,49406
4498,49405
161827,49375
289063,49358
225381,49357
270650,49353
213677,49323
75,49322
246947,49298
260434,49288
270820,49277
223030,49277
101796,49272
248150,49266
158587,49263
294368,49249
253276,49245
221247,49238
3277,49234
284279,49232
249936,49210
291532,49190
135774,49184
268734,49181
242358,49176
234337,49174
247203,49173
148089,49153
232947,49150
284607,49132
226401,49125
254030,49122
272142,49122
286235,49113
671,49103
1206,49101
214731,49091
3198,49087
106197,49081
169075,49078
222856,49069
293769,49063
273642,49059
157380,49054
296414,49044
255889,49020
284996,48992
211099,48990
60532,48972
241833,48949
283234,48944
244303,48940
267961,48938
42232,48925
31477,48923
256239,48923
285698,48923
230006,48916
248568,48913
274572,48909
142818,48896
221936,48890
126279,48881
170774,48878
258372,48873
24370,48862
5016,48854
236430,48845
170300,48833
287482,48829
284863,48820
122423,48819
265132,48819
293483,48818
99183,48817
214416,48814
178595,48812
292162,48795
52632,48791
4620,48787
191029,48780
190001,48777
294553,48776
274593,48773
279154,48772
268069,48763
113558,48758
161004,48748
226228,48748
263680,48744
293064,48741
236876,48740
248553,48736
202390,48735
215413,48735
253080,48735
203759,48732
154226,48728
231321,48727
229490,48727
264705,48725
141728,48712
262773,48712
70769,48710
88221,48708
293243,48708
288801,48708
184671,48705
252241,48698
241480,48693
81865,48692
266919,48690
162227,48682
161904,48679
10570,48675
270936,48671
263423,48669
242828,48669
286407,48667
72626,48662
226768,48656
111145,48647
253629,48645
231522,48644
154675,48637
171596,48637
11485,48631
177084,48631
285481,48629
219225,48625
34685,48623
292757,48621
205038,48620
199644,48618
165558,48615
239397,48613
120134,48612
282403,48609
122406,48606
123958,48603
257490,48594
178916,48594
249376,48592
128719,48589
211095,48589
45648,48584
62136,48582
288490,48577
269422,48577
230967,48576
129660,48571
165687,48570
1022,48561
266173,48552
285995,48550
134352,48547
2141,48540
165602,48537
120834,48537
75446,48528
3698,48526
269215,48525
162539,48518
136898,48517
213066,48510
232088,48506
58718,48504
291207,48501
242559,48500
179762,48494
219591,48488
215442,48488
292314,48482
292008,48481
84331,48475
229228,48473
94444,48466
231779,48456
170898,48455
269442,48455
89344,48450
194655,48448
59667,48445
83173,48443
128310,48441
111826,48438
264573,48436
284984,48435
26303,48427
176801,48424
280799,48418
188338,48403
205975,48399
255802,48397
285351,48378
255637,48376
107030,48373
152281,48372
150850,48370
199333,48366
115862,48365
172014,48365
255800,48358
250539,48355
274127,48354
52354,48350
217454,48347
274838,48345
280415,48343
294031,48341
20672,48340
161263,48339
233102,48338
231132,48334
92142,48328
194994,48326
19440,48326
205620,48318
3400,48316
191093,48313
286713,48305
254592,48305
163502,48305
156086,48302
238015,48300
196879,48298
27589,48297
211149,48297
93346,48295
136824,48294
269777,48287
284746,48285
1086,48284
247315,48284
214308,48284
218261,48280
140249,48278
289501,48275
267553,48272
249921,48270
160308,48268
89335,48265
197146,48263
191937,48261
2666,48261
10798,48260
290068,48260
108116,48255
9602,48253
179402,48247
231351,48246
178591,48245
202023,48244
237454,48243
213038,48242
2174,48240
87695,48239
288522,48236
261525,48236
190006,48234
118657,48233
69409,48230
270564,48228
281835,48223
227791,48218
2720,48214
252647,48210
197189,48208
173679,48206
236503,48200
103431,48199
289753,48197
109833,48194
3066,48192
191061,48190
284971,48189
4916,48189
296130,48188
281103,48188
13073,48185
19970,48185
86413,48183
220617,48180
203203,48179
218411,48179
268506,48177
284602,48175
249008,48174
281264,48171
292745,48170
263957,48169
270582,48167
233325,48166
186001,48166
238963,48166
246208,48165
34725,48164
284340,48161
151965,48158
133527,48158
196889,48156
292111,48153
564,48152
182941,48151
10251,48150
286997,48149
271784,48149
261797,48147
139051,48147
256283,48147
166226,48145
2892,48144
131881,48143
220955,48141
73826,48140
153794,48139
40365,48136
182441,48135
270337,48134
293286,48133
203271,48132
235196,48128
132732,48128
223183,48121
194177,48121
181471,48119
284389,48116
232192,48111
277909,48111
2768,48110
292499,48108
91294,48107
267365,48107
157210,48106
40665,48104
271759,48099
259933,48099
213923,48097
42554,48095
66922,48095
95164,48095
159143,48094
172743,48086
175830,48083
96978,48080
289860,48080
261264,48079
783,48078
277589,48078
180463,48078
289866,48075
212411,48073
21105,48071
283727,48068
230504,48067
286301,48065
64822,48062
123021,48062
226703,48062
125649,48061
244509,48060
278214,48059
112770,48057
176152,48053
263496,48051
251982,48051
286434,48050
271146,48048
117461,48047
295481,48046
219851,48045
287561,48044
236023,48043
214290,48042
244645,48042
269126,48041
243973,48041
267055,48040
241751,48039
286683,48038
133693,48038
115797,48038
1716,48037
128602,48036
243921,48035
247650,48034
175034,48033
196061,48032
273408,48031
276479,48031
210927,48029
191911,48023
244765,48023
230232,48021
94059,48019
268199,48018
271791,48018
220448,48018
89924,48017
230731,48015
204742,48015
275207,48011
246357,48010
248134,48009
247498,48009
64903,48008
234674,48007
263708,48007
38198,48007
171639,48006
207603,48006
253608,48003
165709,48002
80179,48002
243360,48001
260754,48000
111986,48000
222365,47997
261672,47990
227794,47988
262201,47983
284987,47983
2883,47981
147706,47981
150347,47980
46093,47980
255405,47980
161680,47976
254081,47976
125274,47971
239280,47971
270161,47971
56401,47968
291172,47967
266388,47964
71085,47964
61546,47962
291523,47961
165352,47960
282095,47959
270955,47958
166599,47958
22906,47958
177963,47957
248826,47956
182814,47956
220768,47954
62283,47954
236696,47954
179403,47953
171244,47953
257853,47948
245144,47945
3281,47945
180539,47942
278472,47939
199164,47938
171164,47936
150155,47935
150101,47935
1976,47935
141895,47934
208630,47933
290656,47929
269557,47924
258882,47923
148118,47921
276992,47919
118575,47919
166441,47918
277966,47918
270091,47917
287501,47917
92095,47917
208659,47916
271669,47914
296614,47913
212092,47913
278369,47912
252832,47910
15070,47909
255704,47908
275717,47907
2705,47907
270573,47907
191504,47907
16835,47906
192699,47906
260771,47905
293669,47903
204193,47902
181431,47901
50386,47900
169908,47897
253343,47895
162113,47895
227830,47892
209070,47892
273975,47892
248523,47890
10685,47889
279631,47888
260210,47887
273847,47886
294917,47886
280777,47885
282775,47885
19936,47884
181553,47883
212187,47883
189227,47882
259671,47882
24999,47882
171109,47881
164185,47878
50980,47874
221192,47874
201592,47873
235621,47873
144272,47872
2094,47870
52415,47869
270287,47869
159636,47866
271420,47865
248597,47864
209432,47862
294104,47862
217997,47861
181380,47860
90642,47858
204320,47858
185686,47857
2916,47857
283079,47856
275196,47855
234518,47854
9340,47853
4649,47852
273834,47852
14097,47852
295145,47851
179067,47851
291630,47849
258103,47849
271815,47848
230120,47848
152577,47846
283863,47846
256045,47845
42826,47843
219627,47840
193379,47840
239339,47839
295535,47839
112154,47838
258893,47837
213571,47837
287316,47834
254693,47833
272615,47831
226592,47831
272381,47829
167826,47828
868,47827
259926,47826
231025,47825
222186,47825
286147,47824
236420,47823
10689,47820
240039,47820
135241,47816
284156,47815
263201,47814
98829,47814
134945,47811
186654,47810
232097,47809
292241,47809
218047,47807
238712,47807
184482,47806
206013,47805
272674,47805
267431,47803
230514,47802
288140,47800
262583,47800
145176,47800
98745,47799
183362,47798
159568,47797
147003,47796
230539,47796
143240,47795
77433,47794
197147,47794
268474,47792
225043,47791
106005,47791
94414,47791
207617,47790
35926,47789
296384,47787
200709,47787
227837,47787
222522,47787
273140,47786
107601,47785
149175,47783
147463,47783
138721,47782
265290,47782
203074,47781
222476,47780
8256,47777
283732,47776
202065,47776
282305,47776
792,47775
281432,47772
279467,47771
175653,47770
191679,47769
49672,47767
5648,47767
269894,47766
30517,47765
220283,47764
89446,47763
134238,47763
275570,47762
284487,47761
293556,47760
250577,47759
252697,47758
62289,47757
101535,47756
223369,47756
134842,47754
193244,47754
197871,47753
55884,47752
283214,47751
52761,47751
149391,47751
51259,47750
125663,47750
254177,47747
34498,47747
275767,47747
153873,47745
204183,47743
274207,47740
262018,47740
9817,47737
273482,47733
168430,47733
49217,47733
266728,47733
14958,47732
20058,47730
144816,47730
274136,47729
284761,47726
135185,47726
44615,47726
251501,47725
138439,47724
293745,47723
257999,47720
13660,47720
287976,47719
227306,47719
260663,47718
138229,47717
201719,47717
79740,47716
15747,47716
230282,47715
166504,47715
162868,47713
276638,47712
127472,47711
155509,47711
278186,47709
2121,47708
97732,47708
58501,47706
262598,47706
176850,47704
98493,47704
65158,47704
82992,47701
283923,47699
288591,47699
274447,47699
43824,47697
224720,47697
235176,47696
281465,47693
289117,47693
4848,47692
255480,47692
207028,47690
151348,47689
172793,47689
145026,47686
264157,47686
148868,47686
224638,47682
281147,47682
246926,47681
109793,47677
238833,47677
217343,47677
138632,47672
77930,47672
114163,47670
245998,47668
70250,47668
141638,47668
269646,47667
41683,47667
131100,47666
155870,47666
80,47665
219822,47664
180262,47661
13998,47661
142344,47660
114681,47660
180281,47659
137225,47658
43,47658
2036,47658
213147,47658
283348,47657
110,47653
262546,47652
193899,47652
218798,47652
223610,47651
4798,47650
213096,47649
184101,47648
198241,47647
72321,47646
193232,47645
82459,47643
125529,47643
275376,47643
272158,47642
296300,47641
212496,47641
108532,47640
280191,47638
229968,47638
102130,47636
288461,47636
174342,47636
192826,47636
210082,47636
234845,47634
175285,47632
186006,47632
240151,47632
220868,47631
871,47630
211959,47630
260942,47629
230018,47629
114918,47627
296151,47625
273526,47625
211891,47625
223522,47624
20333,47623
244394,47623
225786,47622
241917,47621
173752,47621
261240,47619
224550,47618
241443,47618
239185,47617
266744,47617
281007,47614
243547,47614
168188,47614
178608,47613
110111,47612
201216,47612
345,47612
256754,47611
257734,47611
276197,47610
291258,47609
264732,47607
290073,47602
275399,47601
159701,47600
224168,47600
262494,47599
234946,47598
279200,47598
188619,47596
52974,47595
84455,47595
245569,47594
197828,47594
183484,47593
1731,47592
277040,47591
233549,47590
131576,47590
295065,47587
203958,47587
174871,47585
215149,47585
278892,47584
123002,47583
267413,47582
254972,47581
289499,47580
61115,47579
245673,47578
115651,47577
194983,47576
259000,47576
116167,47576
116386,47574
36536,47574
287846,47574
78658,47572
257207,47572
194234,47570
225032,47569
244616,47567
231402,47567
72610,47564
138075,47564
269353,47564
131090,47563
243359,47563
280405,47562
1904,47562
252660,47562
260195,47562
294059,47561
7291,47560
38871,47559
225238,47557
55413,47557
260140,47556
199891,47555
436,47554
283987,47554
195242,47553
60064,47553
196791,47553
250021,47551
81966,47549
221497,47548
256526,47548
113745,47548
196755,47548
132921,47547
97340,47547
290970,47547
147255,47546
75880,47545
184211,47545
248558,47544
199683,47544
189361,47544
139258,47544
121944,47544
41711,47543
254542,47543
173137,47542
14515,47541
283707,47540
278942,47540
230907,47540
206038,47540
291795,47538
234730,47536
188466,47535
244308,47535
9272,47534
265986,47532
243041,47532
224835,47532
232156,47530
2428,47530
137269,47529
231288,47528
65076,47527
191639,47527
267581,47526
203954,47526
210257,47524
283875,47522
244136,47522
261830,47522
268114,47520
240117,47519
234639,47519
1650,47518
294372,47518
163374,47518
295541,47517
158576,47517
275125,47516
261254,47516
286273,47515
15819,47515
125194,47514
67435,47514
15639,47513
282865,47513
220415,47512
173637,47511
8378,47510
277036,47510
243106,47510
187506,47509
232481,47509
280232,47509
206110,47507
191571,47507
170775,47507
237552,47506
296297,47505
282839,47505
9468,47504
264784,47503
219490,47502
235296,47502
144673,47502
208513,47501
267829,47501
152976,47501
39564,47500
199001,47499
63596,47499
205849,47499
286985,47498
205509,47497
284711,47497
95204,47497
161979,47495
54216,47495
64606,47495
126553,47494
274087,47494
279991,47492
292465,47491
272167,47490
281343,47489
282265,47489
169328,47488
143551,47487
185826,47486
251462,47485
164937,47484
218575,47483
53598,47482
166565,47478
223829,47477
287734,47475
290833,47475
125627,47475
288535,47475
219196,47474
275673,47474
53630,47473
251028,47472
242130,47471
279745,47471
217336,47469
287083,47468
223603,47467
111831,47467
218946,47464
178880,47464
176475,47463
43308,47463
191536,47462
246413,47462
218526,47461
2084,47461
267316,47461
43162,47460
144527,47459
137833,47458
284266,47458
235075,47456
143235,47455
245322,47455
228347,47454
146747,47452
124878,47452
106031,47452
121013,47452
256907,47450
287701,47449
235882,47449
254534,47448
185822,47448
275567,47448
175763,47447
243190,47447
291247,47447
223478,47446
53093,47445
274650,47444
21212,47444
293653,47444
294985,47444
29770,47444
247993,47443
155366,47443
195080,47441
1850,47440
139178,47439
174164,47438
196072,47438
248353,47438
291065,47438
16269,47436
39992,47435
93517,47435
3816,47434
140438,47434
186217,47433
252306,47431
244211,47431
95270,47430
248219,47430
215353,47430
1347,47428
106299,47428
286679,47428
1412,47425
56152,47425
157118,47425
199371,47425
148331,47423
275239,47423
251086,47421
216056,47420
216080,47419
178144,47419
285016,47419
228194,47419
135027,47418
195238,47418
168410,47418
23612,47417
129723,47417
95572,47415
287403,47415
243492,47415
211413,47415
282361,47415
20242,47414
5026,47414
223751,47413
145043,47413
244506,47413
225451,47412
197338,47411
16580,47410
145494,47408
222877,47408
174974,47408
266459,47407
249682,47407
162102,47406
205930,47404
65177,47404
176606,47404
164451,47403
138783,47403
284133,47403
154893,47402
282332,47402
120334,47402
105484,47401
128363,47401
285705,47399
228641,47399
245037,47398
201634,47397
219168,47396
274325,47396
274629,47396
209027,47394
78876,47394
294957,47392
26134,47392
255504,47392
290355,47392
234301,47392
260587,47391
260341,47391
118247,47391
69536,47389
287332,47389
103659,47388
115759,47388
225808,47388
22017,47388
163866,47388
295573,47388
283570,47388
285464,47387
88848,47387
32772,47386
239843,47386
27464,47386
170630,47385
232704,47385
54732,47383
154624,47383
239251,47381
94419,47381
291882,47380
246851,47380
237189,47379
157002,47379
276888,47379
282344,47379
17514,47379
193869,47378
154282,47377
213407,47377
285524,47377
250785,47376
211341,47376
270584,47376
293151,47376
190737,47375
258595,47374
207599,47374
219525,47374
200756,47374
215764,47373
3392,47373
199103,47373
213400,47372
223656,47372
272861,47372
133318,47371
187313,47370
132617,47370
200270,47368
189754,47368
276302,47368
226570,47368
28205,47368
74749,47367
191615,47367
95757,47367
285414,47367
3437,47366
259525,47366
128307,47366
75317,47365
238537,47365
214766,47365
187948,47365
193263,47364
222491,47364
283818,47364
61375,47364
147856,47363
227933,47361
212143,47361
241865,47361
203629,47360
45927,47360
208337,47360
23383,47359
193133,47359
270616,47359
196654,47357
250318,47356
278232,47356
149005,47355
210252,47355
108325,47354
213221,47354
193892,47354
237439,47352
20060,47352
175815,47351
23871,47351
293183,47351
245544,47349
19869,47349
249094,47348
252095,47347
226770,47347
3215,47347
229116,47347
110079,47347
211277,47345
2009,47344
285935,47344
12265,47344
181906,47343
249222,47342
292432,47341
288541,47340
253013,47340
37286,47340
200435,47339
216784,47339
212482,47339
181855,47339
294400,47339
288767,47338
270743,47338
279822,47337
294576,47336
190566,47336
61667,47335
221901,47335
166847,47335
289298,47334
175790,47334
272411,47333
162768,47332
288135,47331
9927,47331
7960,47331
294406,47331
186371,47330
217615,47329
237250,47329
66214,47329
273891,47327
151026,47327
84792,47327
263606,47326
62399,47324
57277,47323
189371,47322
257625,47322
272503,47321
214049,47321
278926,47321
226630,47321
177662,47320
213766,47320
156731,47320
122420,47319
139001,47318
10460,47318
272072,47317
266995,47317
191970,47317
272765,47317
217591,47317
219230,47315
243081,47315
164780,47315
281092,47314
17141,47314
66,47312
92176,47311
266339,47311
291434,47311
191017,47310
251322,47310
296261,47310
137626,47309
74005,47309
154648,47309
597,47307
251204,47307
227331,47306
94822,47305
261174,47305
211439,47305
223219,47304
223898,47304
263702,47303
75390,47303
41413,47303
255175,47302
265827,47302
38837,47301
247799,47301
275494,47300
276312,47300
165606,47300
35795,47300
115326,47298
210529,47297
262460,47297
226354,47296
231354,47295
146102,47295
208405,47294
201402,47294
213836,47294
194162,47293
191642,47293
277906,47292
110727,47291
191561,47290
292278,47290
182930,47290
67293,47289
182687,47288
234805,47288
136854,47287
258666,47286
75178,47285
123348,47285
106250,47285
197260,47285
114610,47285
253792,47285
188575,47283
1812,47282
226337,47282
284451,47282
81542,47281
193559,47281
288918,47281
288432,47281
192545,47280
250573,47279
281766,47279
282832,47278
196443,47278
217217,47277
207029,47276
283092,47276
127469,47276
206665,47276
61190,47274
265480,47274
283478,47274
276634,47274
152419,47273
43195,47272
293909,47272
191267,47271
218454,47270
281922,47270
271665,47270
235708,47270
150435,47267
222625,47267
292700,47266
45115,47266
219847,47266
174914,47265
243946,47264
257311,47263
2766,47262
227615,47262
204521,47261
80081,47260
106511,47259
202803,47259
73091,47258
258961,47257
204697,47257
98161,47256
279450,47256
5751,47255
120766,47255
129710,47255
222784,47254
39701,47254
116196,47254
132697,47251
86746,47251
219519,47250
187459,47250
58818,47250
92829,47248
7547,47247
292275,47247
229448,47245
159342,47245
58837,47245
213589,47244
223560,47243
266788,47242
265562,47241
292667,47241
133111,47241
71980,47240
243452,47240
271236,47240
128022,47240
244105,47239
142175,47239
193211,47239
291508,47238
90719,47237
61907,47237
241735,47236
281453,47236
114255,47236
113544,47235
262208,47235
276984,47235
109844,47234
145875,47233
244144,47233
39316,47233
295676,47232
276004,47231
263659,47230
287505,47230
180745,47230
9585,47230
231213,47229
8253,47229
86872,47229
70480,47229
269267,47228
188652,47226
160894,47226
71923,47226
157814,47225
254744,47225
254221,47225
186853,47224
286243,47224
270802,47224
171001,47224
271897,47224
200706,47224
258072,47223
225048,47223
176360,47223
223099,47222
11996,47222
204984,47221
233571,47220
264212,47219
278264,47219
230236,47219
38892,47218
251122,47218
241008,47217
280375,47217
181999,47217
13617,47217
174651,47216
268650,47215
132047,47215
286391,47215
294604,47215
235983,47214
232466,47214
260236,47213
171776,47212
164486,47212
132470,47211
126623,47211
201347,47211
167029,47210
134477,47210
200321,47210
213593,47210
204845,47210
175937,47209
189540,47209
225426,47208
124438,47208
232875,47208
211982,47206
186252,47205
196360,47205
262203,47204
156448,47204
200957,47204
245832,47204
222574,47203
210111,47203
126325,47202
16412,47202
254102,47201
73507,47200
171874,47199
189731,47199
1008,47199
256038,47198
203124,47198
78390,47197
120638,47197
1397,47196
245763,47196
156392,47196
247872,47195
35405,47193
27555,47193
190140,47192
245252,47191
23794,47191
205876,47191
193970,47190
19181,47190
85813,47190
134213,47190
106886,47190
239271,47190
109218,47189
205761,47189
292040,47188
213371,47187
256399,47187
160384,47184
210809,47184
90759,47182
245182,47182
18351,47182
7825,47182
180336,47182
255,47181
244068,47180
282414,47180
113435,47178
250540,47178
242108,47177
62257,47177
208357,47177
116497,47176
195905,47176
268705,47173
23243,47173
281442,47172
287613,47172
275719,47171
229452,47171
179841,47171
31819,47170
113927,47170
232914,47170
141419,47169
152946,47169
99711,47168
200515,47168
197810,47168
208012,47167
160601,47166
236347,47166
165413,47165
40183,47163
144831,47163
269763,47162
227473,47161
22299,47161
185040,47161
253170,47160
249367,47160
208880,47160
7650,47160
128430,47159
229719,47158
71090,47158
167517,47158
184088,47157
122690,47157
195479,47157
184466,47156
291284,47156
251036,47156
4697,47155
38146,47155
271115,47155
254514,47155
152578,47155
277316,47154
188913,47153
164984,47152
235828,47152
265755,47152
194081,47152
261961,47151
270621,47151
204960,47151
83008,47151
185952,47150
270613,47150
44867,47150
175136,47149
224687,47149
275797,47149
112119,47149
142385,47149
217674,47148
31515,47148
278359,47148
179586,47148
95996,47147
204837,47147
202394,47147
256034,47146
28620,47146
790,47146
77154,47144
220975,47144
278667,47144
12623,47138
91020,47138
275641,47138
233525,47137
76523,47137
130544,47136
269925,47136
252546,47134
294609,47134
169758,47134
261858,47134
255027,47134
227874,47133
275621,47133
115952,47133
215015,47132
244278,47132
281443,47131
70676,47131
119802,47130
201916,47130
112155,47129
286179,47129
187733,47129
185124,47127
270384,47126
54515,47125
157851,47125
166046,47124
190828,47124
204471,47124
245130,47124
92681,47124
28572,47123
35438,47123
148537,47122
116882,47122
68444,47121
86257,47121
203770,47121
84406,47120
98082,47120
246496,47120
56658,47119
198387,47119
169477,47117
171019,47117
137470,47117
172825,47115
172920,47115
280788,47114
62977,47113
238413,47112
245631,47112
228567,47112
289893,47112
216722,47111
237428,47110
17477,47109
228671,47109
287235,47108
56182,47107
58944,47107
140867,47106
92615,47106
262932,47105
227776,47105
29578,47104
17734,47104
290432,47104
233423,47104
273905,47103
156064,47101
220357,47101
221028,47101
157189,47101
292691,47101
275587,47100
10965,47100
222428,47100
234436,47100
140101,47099
27795,47099
10028,47098
41875,47098
63567,47098
253035,47098
266013,47097
40968,47097
273953,47097
86168,47096
237984,47095
272445,47095
269279,47094
266208,47094
172942,47094
142156,47093
293474,47093
295822,47092
164169,47092
250493,47091
257770,47091
219362,47090
151799,47090
158468,47089
42118,47089
12163,47089
186596,47088
153142,47088
635,47087
238234,47086
86291,47086
143428,47086
216152,47086
155321,47085
112808,47085
247644,47085
159995,47084
268773,47084
130462,47083
278646,47083
115480,47083
249869,47083
191644,47082
3159,47081
140245,47081
289779,47081
127732,47080
228498,47080
203202,47078
259621,47078
186888,47078
288618,47076
20686,47076
223853,47076
184528,47076
137175,47074
86552,47074
225380,47073
281661,47073
57639,47073
32590,47073
161628,47072
263456,47071
190514,47071
207273,47071
46645,47071
282562,47071
151833,47070
188839,47070
198865,47069
78545,47068
141033,47067
230678,47067
132512,47066
35644,47066
101651,47066
94525,47066
157806,47065
181779,47064
241337,47064
249580,47064
100571,47064
6047,47063
281873,47063
266431,47063
250718,47062
279739,47060
217341,47060
209845,47060
268875,47059
11207,47058
54455,47058
103020,47058
223044,47058
57036,47058
242802,47058
123307,47058
265496,47057
269306,47057
213815,47057
257518,47055
210627,47055
176604,47055
13938,47054
287697,47054
288610,47053
113238,47052
116039,47051
219604,47051
24794,47051
194383,47050
214209,47050
285266,47049
28529,47048
178381,47048
127374,47048
267296,47048
148576,47048
82839,47048
79120,47047
174570,47047
169980,47047
271728,47046
248422,47046
196005,47046
13704,47045
208075,47045
137605,47045
289842,47045
290947,47045
256009,47045
291388,47043
289759,47043
152139,47042
16314,47042
256049,47041
65510,47041
288573,47041
247985,47041
4295,47041
280919,47040
194970,47040
105174,47040
16098,47040
230799,47040
203455,47040
152586,47039
150088,47039
252786,47039
228537,47038
204649,47038
50241,47037
33682,47036
12887,47035
123368,47035
268927,47035
277678,47035
37507,47035
288093,47035
192196,47034
282546,47034
192347,47034
25643,47033
134168,47031
20928,47031
214396,47030
121835,47029
167717,47029
214345,47028
250296,47028
74550,47028
215286,47027
267921,47027
146288,47027
33702,47027
72340,47026
260058,47026
46837,47025
197375,47025
129095,47025
87960,47025
283642,47024
293220,47024
226407,47024
272093,47023
16949,47023
83599,47023
143916,47023
163484,47022
287179,47022
51320,47022
169995,47022
171984,47021
228218,47018
117939,47017
33603,47017
192301,47016
237685,47016
148045,47016
256727,47015
239294,47015
290548,47015
148918,47014
39491,47013
26069,47012
232566,47012
74344,47011
26252,47011
247930,47009
145203,47009
128970,47009
293722,47009
274239,47008
202215,47008
129771,47008
271303,47008
115937,47008
77223,47008
235466,47007
29644,47007
145133,47007
209828,47006
124005,47006
286537,47006
276095,47005
234501,47005
266829,47005
173579,47005
99452,47005
206711,47004
176996,47004
292832,47004
239179,47003
50733,47003
213319,47002
209,47002
180223,47002
175185,47001
290744,47001
195135,47001
248828,47000
188076,46999
275543,46999
230222,46998
148998,46998
271207,46998
247905,46997
237531,46997
93210,46996
101393,46996
284315,46996
132466,46995
64388,46994
190929,46994
249374,46993
208272,46993
291195,46993
93264,46993
73463,46992
240545,46992
259196,46991
28616,46991
174248,46991
187841,46990
138926,46990
54269,46989
259169,46989
162108,46989
255952,46987
261364,46986
202452,46986
233069,46986
250512,46985
225044,46985
16404,46984
252959,46984
75957,46984
147070,46983
57877,46983
118341,46981
161312,46981
229414,46980
54831,46979
219236,46978
141348,46978
218566,46977
19245,46977
154958,46976
172022,46976
293862,46976
212643,46974
214361,46974
296094,46974
201153,46973
29829,46973
180530,46973
271413,46972
239317,46971
137448,46971
267625,46971
249425,46971
53721,46970
1058,46970
167490,46970
80365,46970
116999,46970
71021,46970
96607,46969
202358,46969
296485,46968
228460,46968
192551,46968
285468,46968
5606,46968
176065,46968
84155,46968
272068,46967
274891,46967
213071,46966
293452,46966
174855,46966
265671,46966
133796,46966
40734,46965
3048,46964
248606,46964
282606,46964
131622,46964
241408,46963
254998,46963
165438,46962
210713,46962
71348,46962
36539,46962
42054,46962
276289,46961
247857,46961
114540,46961
264281,46960
137477,46960
113924,46960
221392,46960
296449,46959
72467,46959
248306,46959
110281,46958
27660,46958
205041,46958
112587,46958
7348,46958
116810,46957
108386,46955
262731,46955
71098,46955
220735,46954
199732,46954
269001,46953
212943,46953
172749,46953
208222,46953
16080,46953
50281,46952
42954,46952
193582,46951
190750,46951
240154,46950
11095,46949
145867,46949
60663,46949
216264,46948
295726,46948
117230,46948
88038,46948
239067,46946
233461,46946
263125,46946
292498,46945
99703,46945
280980,46944
194757,46944
175552,46944
152210,46944
242437,46943
260487,46943
18176,46943
287723,46943
149090,46942
131192,46942
290551,46942
141655,46941
237684,46941
217397,46941
95021,46941
256752,46941
22775,46940
86344,46940
255421,46939
172218,46938
117150,46938
171271,46937
178314,46937
226402,46936
209557,46936
220167,46936
36369,46936
83706,46935
163850,46935
259185,46935
131765,46934
47095,46934
161005,46934
195263,46934
196858,46933
236002,46933
293213,46932
74352,46932
254035,46932
219814,46931
131703,46931
263405,46931
257366,46931
137636,46930
278281,46930
3433,46930
5123,46929
228846,46929
173107,46929
249973,46928
266761,46928
224783,46928
57374,46928
106613,46927
3026,46927
71247,46926
265884,46926
262636,46926
165043,46925
294691,46924
194213,46924
189212,46923
17272,46923
294398,46923
125289,46923
34265,46922
280173,46922
218986,46921
193453,46921
245169,46921
148246,46921
65365,46920
271704,46920
267136,46919
290589,46919
21463,46919
24972,46918
58952,46918
175794,46917
13832,46917
158144,46916
154567,46916
281252,46915
197982,46915
235192,46915
167067,46915
221280,46915
19414,46915
146106,46915
183974,46915
247662,46914
184267,46914
136443,46914
143973,46913
1602,46913
114791,46913
187154,46912
4554,46912
223833,46911
271886,46911
276652,46911
238498,46911
226200,46911
204790,46909
160066,46909
99564,46908
157904,46908
198212,46908
221027,46907
296491,46906
53917,46906
139709,46906
241475,46905
54870,46904
268230,46904
192616,46904
172190,46903
210118,46903
140966,46902
214857,46902
252322,46900
183046,46900
197073,46900
279987,46900
49198,46898
250910,46898
102672,46898
295483,46897
267480,46896
156422,46896
213395,46896
260822,46896
291261,46896
82172,46895
162742,46895
166152,46894
26362,46894
181773,46894
263975,46894
175898,46893
212237,46893
250071,46893
253245,46893
158699,46893
158331,46893
290727,46892
153326,46892
222242,46892
268407,46892
217932,46891
54955,46891
214481,46891
40435,46891
157087,46891
243068,46891
18826,46891
260972,46889
115980,46889
207740,46889
222157,46888
204962,46888
157014,46888
251802,46886
248508,46886
91615,46886
99985,46886
288724,46886
256490,46885
186147,46885
226985,46885
84990,46885
130311,46884
16519,46883
10480,46882
195343,46881
10312,46881
251534,46881
220210,46881
237657,46881
144723,46881
268681,46881
1636,46880
238758,46880
179445,46879
199106,46878
188194,46878
241753,46878
129285,46877
230620,46877
222288,46877
43802,46877
274789,46877
24650,46876
112869,46876
194474,46876
292625,46876
60792,46875
39587,46875
129677,46875
92012,46875
251983,46874
240770,46874
139331,46874
253161,46874
152699,46873
268243,46873
140756,46873
213314,46873
255145,46873
197664,46873
188775,46873
2849,46873
109987,46872
276232,46872
265911,46872
129139,46872
147244,46872
15907,46871
224512,46871
120608,46870
135453,46870
113909,46870
204248,46869
238612,46869
245699,46868
30514,46868
20754,46868
1243,46867
120791,46867
212770,46867
144493,46867
290263,46866
177251,46866
250613,46866
222325,46865
284313,46865
195800,46864
203987,46864
128034,46864
263715,46864
115043,46864
289005,46863
199960,46863
281847,46863
4075,46861
144512,46861
222219,46860
170284,46860
169068,46860
179592,46860
230954,46860
116101,46859
272431,46858
251858,46858
179760,46857
285299,46857
28202,46857
267467,46857
213730,46856
222758,46856
71099,46856
81379,46856
227834,46855
221787,46855
228018,46855
238842,46855
65061,46855
27157,46854
255300,46854
26556,46853
77921,46852
6817,46852
295074,46852
40512,46852
54757,46852
36370,46852
274678,46851
73021,46851
37482,46851
31352,46850
150697,46850
275481,46849
226995,46849
266745,46849
115354,46848
4760,46848
35538,46848
277375,46848
67672,46847
292712,46847
262038,46847
226707,46846
197712,46846
206168,46846
269268,46846
32825,46845
88501,46845
159695,46845
107803,46844
208677,46843
145002,46843
260328,46843
166700,46843
289483,46843
240149,46842
234435,46842
224587,46842
21666,46841
238797,46841
258586,46840
184686,46840
5732,46840
217210,46839
209034,46839
234466,46839
172621,46839
30097,46839
283720,46838
249937,46838
36674,46838
87805,46837
208618,46837
229134,46837
10274,46837
256871,46836
229574,46836
248466,46836
14499,46834
254013,46834
143042,46834
37713,46833
204978,46833
232206,46832
237689,46832
51916,46832
245659,46832
225405,46832
151951,46830
286494,46830
202697,46830
98880,46829
238000,46829
232916,46829
197900,46828
144343,46827
147229,46827
236258,46827
69294,46826
168946,46826
218002,46826
272611,46826
284406,46826
252902,46826
235203,46825
119610,46825
211141,46824
144038,46823
261477,46823
88478,46823
228565,46823
241139,46823
293619,46822
46052,46822
231784,46822
276803,46822
151124,46822
193382,46821
182000,46821
207751,46821
294883,46821
252799,46821
66247,46820
288612,46820
185065,46820
249802,46820
92848,46820
182724,46819
106942,46819
124121,46819
263871,46818
286276,46817
1754,46817
5504,46817
245893,46817
95161,46815
288236,46815
289240,46815
46030,46815
174590,46814
90057,46814
60760,46813
104313,46812
215674,46812
260491,46812
210024,46812
20988,46811
180166,46811
296042,46811
38866,46811
252039,46810
122454,46810
291095,46810
164390,46809
265676,46809
178079,46809
292222,46809
217081,46809
243222,46809
130231,46808
215368,46808
171167,46808
280007,46808
122781,46807
161577,46807
154158,46807
139806,46807
294382,46807
224207,46807
281102,46807
95778,46806
253618,46806
262739,46806
274144,46805
64079,46805
249296,46805
88605,46805
285928,46804
285622,46804
29391,46804
228301,46804
252897,46804
148220,46803
193652,46803
108022,46803
47503,46803
20871,46803
162374,46803
148642,46802
149169,46802
234287,46801
267037,46801
109323,46801
5074,46801
243794,46801
9828,46801
295374,46800
139903,46800
196311,46800
252011,46800
154560,46799
102373,46799
160108,46799
245862,46799
275232,46799
104223,46799
208457,46798
136460,46798
178287,46797
115306,46796
195324,46796
18937,46796
152804,46796
264991,46794
288644,46794
215664,46794
5686,46794
3467,46794
222794,46793
105811,46793
175460,46793
62375,46793
273481,46793
268274,46793
207375,46792
265862,46792
212950,46792
75162,46791
253985,46791
262744,46790
294173,46790
266717,46790
211853,46790
79480,46790
203703,46790
278984,46789
268029,46789
253825,46789
282948,46789
183994,46789
95924,46789
162863,46788
201467,46788
270105,46788
249299,46787
42586,46787
253552,46787
268810,46787
108904,46786
212651,46786
2810,46786
204176,46786
266786,46786
83058,46786
174579,46785
262255,46785
134944,46785
43425,46785
2771,46785
494,46784
213972,46784
57506,46783
159016,46783
246532,46782
117210,46782
10944,46782
285775,46781
199798,46781
292984,46780
131111,46780
232197,46780
165276,46780
264100,46780
202195,46780
286004,46779
105773,46779
48468,46779
45133,46779
154353,46779
44106,46778
288890,46777
262577,46777
190779,46776
261970,46776
279813,46776
291528,46776
62554,46775
255107,46775
104105,46775
249844,46775
185550,46774
6700,46774
78345,46774
279764,46774
263709,46774
1572,46773
286983,46773
206327,46773
256609,46773
86189,46773
268250,46772
86610,46772
116783,46772
138094,46772
187164,46772
170886,46771
296068,46771
233198,46770
262877,46770
147806,46770
218850,46770
164357,46768
269746,46768
190905,46768
224876,46768
40475,46768
260672,46767
65650,46767
137757,46767
212165,46767
280285,46767
193249,46766
29059,46766
225744,46766
179304,46765
214294,46765
153507,46765
168341,46765
215595,46765
288283,46765
92870,46764
279768,46764
194609,46764
19632,46764
255251,46764
6926,46764
256969,46764
72298,46763
230116,46762
150864,46762
257016,46762
279788,46762
220449,46762
262651,46761
22520,46761
54872,46761
277277,46761
227506,46761
182950,46760
24772,46760
132938,46760
96266,46760
263095,46760
187608,46759
256771,46759
267529,46759
218448,46759
83704,46758
171092,46757
279452,46757
149951,46757
257383,46756
138369,46756
249899,46756
227221,46756
279345,46756
212124,46756
206931,46756
122151,46755
255902,46755
153645,46755
77947,46755
239821,46754
200740,46754
88649,46754
224695,46754
16109,46752
258517,46752
235451,46752
177442,46751
207219,46751
244952,46751
167296,46750
256021,46750
238218,46750
18284,46750
100820,46750
126527,46750
241521,46750
174047,46749
14359,46749
235562,46748
235069,46748
194518,46748
119482,46746
226582,46746
65414,46746
123608,46745
227172,46745
85625,46743
111598,46742
56527,46742
33545,46741
142550,46741
204313,46741
1168,46741
122519,46741
272358,46741
221256,46740
272352,46740
259944,46739
287721,46739
178059,46739
212663,46738
219739,46738
143116,46738
285790,46737
105045,46737
204017,46737
168031,46737
242143,46737
8123,46736
6547,46736
80028,46736
143139,46736
228034,46735
229041,46735
202054,46735
211817,46735
48359,46734
87262,46734
18265,46734
290081,46734
36935,46734
105018,46734
249160,46733
216232,46733
293195,46732
116666,46732
284293,46732
143872,46732
78041,46731
80412,46731
228860,46731
275188,46731
262819,46731
41550,46730
183558,46729
181512,46728
190706,46728
131856,46728
248644,46727
219612,46727
295618,46727
290993,46727
292544,46727
216144,46727
257402,46727
252526,46726
248003,46726
229786,46726
292781,46726
20336,46726
207585,46726
148345,46726
17551,46725
270905,46725
237763,46725
244304,46724
28264,46724
218595,46724
66707,46724
102713,46724
247610,46723
222256,46723
281969,46723
158616,46723
14075,46723
148262,46722
5953,46722
188875,46722
237867,46722
260403,46721
277109,46721
243192,46721
203326,46721
98814,46720
274303,46720
67350,46719
107812,46719
118005,46719
242929,46719
200298,46719
276228,46719
262813,46718
121939,46718
159724,46718
33303,46717
203972,46717
271523,46717
129968,46716
100667,46716
248823,46716
267152,46715
269461,46715
187552,46715
185413,46715
60644,46715
41449,46714
119833,46714
208409,46714
271120,46713
244936,46713
111324,46712
296378,46712
254,46712
32474,46711
122643,46710
227748,46710
261144,46710
137708,46710
187513,46710
261158,46710
121134,46710
245426,46710
68658,46710
80025,46710
12402,46710
261148,46710
284149,46709
253971,46709
180426,46709
289118,46709
21660,46709
217561,46709
186237,46708
273103,46708
269683,46708
296519,46708
205170,46708
287428,46708
237233,46707
123638,46707
256816,46706
110210,46706
213922,46706
96113,46706
166617,46706
221769,46705
169534,46704
282607,46704
110475,46704
256999,46703
215897,46703
55734,46702
26293,46702
224403,46702
132500,46702
273493,46701
183684,46701
153127,46701
175672,46701
72512,46701
204820,46700
209131,46700
263849,46700
198390,46700
275322,46700
124504,46700
294201,46699
282630,46699
176016,46698
282034,46698
244757,46698
245529,46698
21515,46698
288064,46698
11593,46697
143201,46697
15227,46697
195113,46697
244530,46696
68669,46696
78001,46696
247696,46696
2606,46695
291517,46695
207677,46695
258794,46694
44415,46694
253854,46694
291843,46693
122184,46693
177689,46693
217598,46693
135582,46693
199153,46693
243169,46693
173057,46693
11236,46693
94066,46692
294259,46692
213528,46692
208913,46692
149271,46692
235523,46692
285682,46691
174879,46691
182134,46691
171220,46691
286939,46690
250625,46690
213380,46690
268354,46689
259988,46689
294920,46689
76362,46689
235031,46689
145636,46689
222209,46688
164955,46688
39320,46688
176094,46688
277797,46688
105694,46688
13790,46687
213969,46687
230929,46687
250089,46687
162909,46687
257208,46687
191697,46686
87347,46686
97728,46686
148315,46686
258276,46686
197815,46685
68292,46685
230355,46685
155807,46685
71464,46685
194834,46684
178887,46684
295594,46684
99092,46684
290519,46684
168694,46684
203470,46684
188724,46683
177090,46683
154149,46683
227805,46683
198409,46683
244808,46683
285007,46682
27176,46682
152826,46682
121767,46682
155935,46682
149210,46682
163079,46682
219667,46682
62391,46681
213381,46681
84307,46681
15890,46681
291199,46680
106844,46680
159674,46680
111977,46680
111204,46679
252764,46679
75101,46679
125979,46679
5473,46679
219885,46679
176618,46678
40150,46678
145294,46678
146727,46677
202498,46677
212121,46677
264151,46677
154007,46677
79665,46677
258109,46676
281638,46676
263983,46675
200159,46675
376,46675
60,46674
244614,46674
274330,46674
240437,46674
114386,46674
218628,46674
190090,46674
181051,46674
202694,46673
215548,46673
104863,46673
86856,46673
240391,46672
212137,46672
18539,46672
66820,46672
2314,46672
272896,46672
44800,46672
67220,46672
282908,46671
4419,46671
29678,46671
243840,46671
207158,46671
96055,46670
226333,46670
104948,46670
249339,46670
158670,46670
169260,46670
260954,46669
212401,46669
163792,46669
144574,46669
199623,46668
30918,46668
119533,46668
271986,46668
256909,46668
30853,46668
79729,46667
68778,46666
157201,46666
167661,46666
523,46666
158844,46666
246022,46665
177008,46664
165889,46664
40309,46664
281006,46664
292585,46663
218587,46663
74275,46663
291829,46663
101109,46663
122693,46663
268747,46662
114162,46662
228204,46662
132281,46662
78638,46662
157949,46662
226927,46661
20348,46661
179873,46660
256694,46660
207310,46660
253497,46660
207180,46660
192937,46660
102271,46660
267132,46659
164581,46659
124619,46659
162941,46659
291048,46658
151983,46658
182832,46658
277270,46658
28502,46658
83037,46658
201598,46657
138089,46657
165942,46657
21272,46657
75048,46657
239812,46657
226955,46656
272625,46656
95106,46656
63927,46656
139130,46656
181537,46655
63077,46655
35344,46655
35771,46655
92882,46655
223022,46655
65258,46655
239610,46654
182770,46654
102697,46654
158557,46654
257533,46654
256107,46653
67555,46653
218791,46653
246817,46652
277727,46652
180895,46651
107105,46651
200707,46651
239890,46651
220790,46651
137855,46651
287809,46651
194889,46650
279245,46650
200799,46650
154935,46650
288066,46650
285010,46650
211392,46649
102444,46649
73546,46649
263501,46649
271793,46648
154184,46648
269889,46648
273330,46648
127474,46648
188921,46647
228988,46647
133056,46646
121786,46646
255725,46646
181483,46646
247994,46646
171008,46646
238408,46645
287989,46645
166444,46645
43244,46644
275415,46644
258675,46644
268123,46644
90376,46644
226920,46643
176638,46643
162107,46643
217011,46643
226481,46643
241544,46643
278806,46642
258542,46642
269148,46642
293375,46641
149960,46641
151005,46641
293138,46641
163634,46641
96939,46640
44080,46640
27787,46639
51729,46639
90651,46638
241088,46638
58524,46638
220690,46638
145094,46638
134445,46637
258503,46637
209241,46637
177408,46637
87876,46637
209617,46637
243478,46637
154976,46637
203920,46636
287744,46636
142036,46636
8209,46636
195430,46636
220697,46636
280582,46635
222118,46635
225648,46634
58282,46633
278564,46633
9275,46633
81821,46633
237964,46632
152125,46632
233319,46632
59615,46631
222105,46631
238337,46631
281280,46631
171443,46631
288417,46631
276951,46631
130840,46631
277810,46631
101468,46630
238480,46630
63207,46630
98769,46630
17806,46630
64794,46630
248716,46629
219898,46629
235501,46629
174998,46629
185922,46628
131498,46627
204499,46627
17635,46627
71136,46627
211173,46627
192917,46626
215375,46626
226621,46626
95987,46626
187246,46625
234061,46625
62182,46624
164901,46624
237854,46624
206671,46624
124106,46624
261139,46624
86292,46624
182290,46624
63266,46623
264511,46623
82239,46623
163519,46623
214365,46623
8884,46622
268731,46622
187842,46622
107888,46622
238453,46621
120799,46621
7658,46620
234650,46620
138342,46620
199820,46620
259660,46619
177803,46619
223852,46619
241537,46619
53983,46618
161839,46618
200819,46618
294708,46618
2363,46617
150158,46617
290872,46617
281485,46617
63252,46617
163579,46616
85351,46616
186802,46616
182329,46616
279776,46616
196186,46614
168379,46614
166551,46614
238464,46614
98585,46613
60677,46613
36662,46613
167342,46613
193491,46612
10447,46612
201423,46612
262980,46612
130419,46612
244688,46612
203036,46611
177178,46611
258206,46611
213864,46611
272823,46610
243632,46610
83902,46610
288925,46610
241664,46609
124832,46609
26741,46609
188154,46609
254793,46609
42471,46609
99168,46608
218569,46608
248947,46608
176439,46607
277867,46607
38390,46607
272448,46607
252547,46607
97184,46606
139079,46606
286533,46606
214585,46605
260287,46605
221520,46605
3498,46605
281220,46605
283562,46605
286730,46605
177889,46604
281898,46604
201453,46604
59102,46604
290914,46604
180036,46604
254203,46604
293981,46603
29765,46603
78210,46602
117978,46602
72017,46602
225309,46602
159467,46601
196913,46601
186725,46601
279299,46601
290957,46600
193554,46599
17072,46599
64991,46599
283742,46599
268220,46599
62148,46599
73501,46598
225036,46598
140400,46598
205207,46597
239692,46597
145823,46597
104756,46597
274491,46596
42975,46596
66935,46596
123712,46596
275315,46595
165075,46594
233012,46594
244055,46594
30390,46593
247230,46593
257272,46593
185528,46593
195564,46593
270279,46592
263472,46592
215875,46592
258817,46592
210423,46591
37352,46591
74108,46590
150265,46590
166118,46589
282315,46589
103363,46588
52972,46588
3577,46588
72221,46588
182574,46587
151855,46587
208107,46587
171036,46587
111488,46586
98158,46586
59736,46586
71115,46586
137393,46585
139264,46585
224855,46585
212239,46585
205899,46585
293735,46585
238099,46585
187822,46585
75541,46585
223110,46584
152122,46584
173077,46584
279249,46584
2564,46583
142596,46583
287250,46583
221479,46583
151154,46582
181235,46582
88046,46582
275744,46582
128185,46581
168847,46581
136088,46581
133066,46580
55807,46580
3135,46580
87815,46580
133360,46579
47066,46579
256659,46579
40887,46579
271693,46579
207748,46579
258946,46579
260791,46579
244746,46579
252766,46579
206012,46579
259868,46579
4575,46578
149822,46578
273708,46577
124259,46577
47174,46577
48570,46577
253767,46577
256905,46577
247277,46577
13345,46577
222577,46577
185127,46577
255932,46576
295765,46576
289623,46576
92873,46576
270121,46575
76782,46575
135962,46575
270654,46575
280518,46575
268106,46575
127409,46575
237127,46574
2965,46574
262789,46574
250466,46573
133592,46573
273501,46573
294062,46573
978,46572
11073,46572
150899,46572
221599,46572
201808,46572
82881,46572
248637,46572
209097,46571
127924,46571
239700,46571
239731,46571
254343,46570
239254,46570
131523,46570
214132,46570
286500,46569
119243,46569
69450,46569
284677,46569
195860,46568
263337,46568
214521,46568
272345,46568
289281,46567
275234,46567
147466,46567
273390,46567
235335,46567
248230,46567
270284,46566
176425,46566
236857,46565
112484,46565
7182,46564
179110,46564
66022,46564
257782,46564
260211,46564
252524,46564
130041,46563
231518,46563
233087,46563
190434,46563
63584,46562
294658,46562
115334,46562
224892,46561
112189,46561
63288,46561
240873,46561
154876,46561
209552,46561
296426,46561
1214,46560
126181,46560
284468,46560
255594,46560
278304,46560
170989,46559
265880,46558
242921,46558
253224,46558
12049,46557
230485,46557
252559,46557
213728,46557
97827,46557
27931,46557
255069,46557
163545,46556
136407,46556
254657,46556
220770,46555
259748,46555
70855,46555
220281,46555
200251,46554
167286,46554
176143,46554
262522,46553
282347,46553
229461,46553
6822,46553
279576,46553
85862,46552
242636,46552
164094,46552
133536,46552
121531,46551
126104,46551
69360,46550
16146,46550
104352,46550
239535,46550
242833,46550
7742,46550
8556,46550
50791,46549
108631,46549
266673,46548
246015,46548
265840,46548
228620,46548
157783,46547
284794,46547
241608,46547
68036,46547
206866,46547
137861,46547
135181,46546
134340,46546
63499,46546
276504,46546
267053,46546
256544,46545
84563,46545
272023,46545
40745,46545
236386,46544
140168,46544
240597,46544
10597,46544
217440,46544
180499,46544
177221,46543
27791,46543
100555,46543
196553,46543
235763,46543
286512,46543
248979,46543
272149,46543
244150,46542
94649,46542
155311,46542
260285,46542
103709,46542
244036,46542
262485,46542
102578,46542
239442,46541
195421,46541
173303,46541
177419,46541
252082,46541
14669,46541
199139,46541
180130,46541
265667,46540
242305,46540
260856,46540
98631,46539
90472,46539
242524,46539
7846,46539
219440,46538
127916,46538
171601,46538
11542,46538
227232,46538
214484,46538
218346,46538
2474,46538
212014,46537
52710,46537
222138,46537
189460,46537
38979,46536
111955,46536
185750,46536
195224,46536
166403,46536
259041,46535
245093,46535
152043,46534
52083,46534
173169,46534
167268,46534
163148,46534
43541,46533
224872,46533
89085,46532
259969,46532
198720,46532
203957,46532
208181,46531
256146,46531
53027,46531
291655,46530
148284,46530
279955,46530
189610,46530
160908,46529
34417,46529
90775,46529
5276,46529
220585,46529
167191,46528
68056,46528
281478,46528
219330,46528
282477,46527
138828,46527
271184,46527
265759,46527
283575,46526
235768,46526
253278,46526
11962,46526
31285,46526
126680,46526
118632,46525
251539,46524
46158,46524
235366,46524
233729,46524
166802,46524
87456,46524
41408,46524
248016,46524
213868,46524
205820,46524
8978,46524
60873,46523
49539,46523
28692,46523
132299,46523
225970,46523
244954,46522
177058,46522
281637,46522
244112,46521
240954,46521
257336,46521
233073,46521
188799,46520
127071,46520
16347,46520
276260,46519
110226,46519
294157,46519
88739,46518
277324,46517
56514,46517
28719,46517
89982,46517
60666,46517
179886,46516
118899,46516
262868,46516
35724,46516
83307,46515
134395,46515
183911,46515
241599,46515
236594,46514
175925,46513
101464,46513
233179,46513
141599,46513
187777,46513
91173,46512
83703,46512
232530,46512
150075,46512
223840,46512
137675,46512
104588,46512
237900,46512
258265,46511
277703,46511
238873,46511
207513,46511
226360,46511
226044,46511
229882,46510
84087,46510
147574,46510
271119,46510
49471,46509
228855,46509
180256,46509
294303,46509
284507,46509
282639,46508
287960,46508
100493,46508
255012,46507
228544,46507
151060,46507
135339,46507
289984,46506
129687,46505
99229,46504
39887,46504
192124,46504
251167,46504
78416,46504
209424,46503
287369,46503
207019,46503
260185,46503
65501,46503
133873,46502
134887,46502
283849,46502
153082,46502
25306,46502
188425,46501
223688,46501
249978,46501
7250,46501
117427,46500
88227,46500
162400,46500
124568,46500
197281,46500
27884,46500
238530,46500
193207,46500
286738,46500
225548,46499
276541,46499
61075,46499
59122,46499
176240,46499
181993,46499
190571,46499
199934,46498
32702,46498
70195,46498
147306,46498
133345,46498
294686,46498
262266,46497
260903,46497
167246,46497
164311,46497
251730,46496
235980,46496
255572,46496
108965,46496
244347,46495
217638,46495
155442,46495
89910,46495
76363,46494
168161,46494
88070,46494
144307,46493
107966,46493
1926,46493
172174,46493
225537,46492
212836,46492
267219,46491
291184,46491
106673,46491
214770,46490
184999,46490
273404,46490
191160,46490
148213,46490
222277,46490
161832,46489
230966,46489
141860,46488
201361,46488
244389,46488
28070,46488
189569,46488
251406,46487
114344,46486
224918,46485
16664,46485
194903,46485
143471,46485
290599,46485
104225,46485
249154,46484
240415,46484
275185,46483
93170,46483
128864,46483
63036,46483
150162,46483
57210,46483
190018,46482
278091,46482
124524,46482
234063,46481
71788,46481
170277,46481
186835,46481
60970,46480
229879,46480
283181,46480
50186,46480
237718,46480
177581,46479
191619,46479
158127,46479
7163,46479
257480,46479
95096,46479
218434,46479
260515,46478
263122,46478
220185,46478
86635,46478
39364,46478
150324,46478
49735,46478
246521,46477
100353,46477
277249,46477
275282,46477
151535,46477
147607,46476
50775,46476
108329,46476
130224,46476
97780,46476
121828,46475
3149,46475
202221,46475
161385,46475
189058,46475
136096,46475
5831,46475
205510,46475
249696,46475
127961,46475
1360,46474
278630,46474
95169,46474
200994,46474
257778,46473
262655,46473
27907,46473
152649,46473
169618,46472
187310,46472
95732,46472
227111,46472
80466,46471
251490,46471
248031,46471
174227,46471
254028,46470
160545,46470
83577,46470
101981,46470
279948,46470
116169,46470
217757,46469
128243,46469
123249,46469
253328,46469
175159,46469
261204,46469
127947,46468
276523,46468
138032,46468
120642,46468
183299,46467
223701,46467
207251,46467
174899,46467
258040,46467
118732,46467
142216,46466
252972,46466
88521,46466
260262,46466
153313,46466
227054,46466
68084,46465
180133,46465
151922,46465
232037,46464
199758,46464
230815,46464
125581,46464
275863,46464
139530,46464
240716,46464
290300,46464
68614,46463
141492,46463
119994,46463
100065,46463
280336,46463
248495,46463
285089,46462
19187,46462
78911,46462
12669,46462
289711,46462
208027,46462
40778,46462
134528,46461
22022,46461
286254,46461
172309,46461
164657,46461
280522,46461
90491,46461
202226,46460
24433,46460
98376,46459
295245,46459
133118,46459
85579,46458
172570,46458
169053,46458
106195,46458
94749,46457
251912,46457
195770,46457
1371,46457
279334,46457
208747,46456
217861,46456
187152,46456
49739,46455
279433,46455
291605,46455
228164,46455
197007,46454
27522,46454
145767,46454
93213,46454
161620,46453
208918,46453
156186,46453
207269,46453
237995,46452
243417,46452
165768,46452
165594,46452
173374,46451
57091,46451
215358,46451
8539,46451
78399,46450
207632,46450
148485,46450
163897,46450
94185,46450
221088,46449
253930,46449
140679,46449
284545,46449
276872,46449
20022,46448
140293,46448
59535,46448
112710,46448
236819,46448
262547,46448
130505,46447
276970,46447
178519,46447
201459,46447
226799,46446
167080,46446
278226,46446
151778,46446
294166,46446
205571,46446
237505,46445
286149,46445
206550,46445
135146,46445
158247,46445
231232,46444
157035,46443
46591,46443
124255,46443
9328,46443
218486,46442
241172,46442
247151,46442
226560,46442
200279,46442
294492,46442
277819,46441
256443,46441
254139,46441
29234,46440
296056,46440
242767,46440
215466,46440
245335,46439
229248,46439
275227,46439
170653,46439
45300,46439
61876,46439
202253,46439
182387,46438
133204,46438
280448,46438
57637,46438
13153,46438
277455,46438
235661,46437
139042,46437
172645,46436
10899,46436
273205,46436
26792,46436
237295,46436
239982,46436
249003,46435
231344,46435
3799,46434
164339,46434
15942,46434
8796,46434
241766,46434
211533,46434
208579,46434
202302,46433
117307,46433
8744,46433
274923,46433
269447,46433
268374,46433
146030,46433
196904,46432
105269,46432
276190,46432
116879,46432
6608,46432
242392,46431
215402,46431
60161,46431
256358,46430
168597,46430
208291,46430
134993,46430
126939,46430
202999,46430
105513,46430
193973,46430
93902,46430
167604,46429
64515,46429
3773,46429
104975,46429
74887,46428
89688,46428
285806,46428
279081,46427
284955,46427
11440,46427
137459,46427
284459,46427
189928,46427
256653,46427
17297,46427
280854,46427
126247,46426
259962,46426
211213,46426
114627,46426
179424,46426
195285,46426
278724,46425
268476,46425
253926,46424
258767,46424
202431,46424
161632,46424
156571,46423
276576,46423
2083,46423
232188,46423
104508,46423
217985,46422
268988,46422
239372,46422
178166,46422
35962,46421
278669,46421
157286,46421
190390,46421
11871,46421
225737,46421
58614,46421
186880,46421
285626,46420
175512,46420
68996,46420
239213,46420
65566,46420
258711,46420
286171,46420
49395,46419
287668,46419
85324,46419
264783,46419
91438,46419
200627,46419
246038,46418
167918,46418
44156,46417
267660,46417
239815,46417
285232,46416
22534,46416
215009,46415
128163,46415
258125,46415
216763,46414
153144,46414
72491,46414
279205,46414
167710,46414
18190,46414
193553,46414
204069,46414
42573,46414
277052,46413
177785,46413
117187,46413
224320,46413
38079,46412
231222,46412
88670,46411
129431,46411
157377,46411
210600,46411
8715,46411
247345,46411
38590,46410
172824,46410
90846,46409
87551,46409
196647,46409
284651,46409
50278,46409
206879,46409
187162,46408
96781,46408
58861,46408
50720,46408
229855,46408
218183,46408
37090,46407
98802,46407
161205,46407
133294,46407
162356,46406
169933,46406
8739,46406
24732,46406
69817,46406
252471,46405
39919,46405
69878,46405
280693,46404
76854,46404
254393,46404
252619,46404
47581,46404
292354,46404
263792,46404
57026,46404
182055,46403
271228,46403
196773,46403
53877,46403
216877,46403
196581,46402
5691,46402
98051,46402
38945,46402
190067,46402
264375,46401
285966,46401
176230,46401
144632,46401
22852,46400
138612,46400
220424,46400
74121,46399
114555,46399
46971,46399
112700,46399
295337,46399
50105,46398
137862,46398
99237,46398
253183,46398
156496,46398
181973,46398
194537,46397
138963,46397
295897,46397
271813,46397
215310,46396
78817,46396
292570,46396
175498,46395
242100,46395
38793,46395
134430,46395
263030,46394
189488,46394
77347,46394
286502,46394
160471,46393
288193,46393
285972,46393
149341,46393
118736,46393
139920,46393
91982,46393
77961,46392
276799,46392
197600,46392
188782,46391
49308,46390
166982,46390
260781,46390
258788,46390
201894,46390
155090,46390
109777,46390
249734,46388
258189,46388
163668,46388
64650,46388
251459,46388
102547,46388
153145,46388
198653,46388
267019,46388
258379,46388
106784,46388
162438,46388
279877,46387
149490,46387
253339,46387
29636,46387
142290,46387
178712,46387
250536,46387
148963,46387
260293,46386
4121,46386
264588,46386
253068,46386
283455,46386
96315,46385
76345,46385
8716,46384
29043,46384
294381,46384
186638,46384
5360,46384
202698,46384
97007,46384
72207,46384
95776,46384
274285,46384
289899,46383
153676,46383
119475,46383
235822,46382
217389,46382
281128,46382
187507,46382
295183,46382
158121,46382
220182,46382
249799,46382
138324,46381
204946,46381
266070,46381
210606,46381
152314,46381
209355,46380
124198,46380
133332,46380
171219,46380
157688,46380
282861,46380
262851,46380
221209,46379
109613,46379
119323,46379
157165,46379
27848,46378
4269,46378
93226,46378
227883,46378
248147,46378
212993,46378
52895,46378
235575,46376
247763,46376
235636,46375
173729,46375
291611,46375
243376,46375
36687,46374
5567,46374
160714,46374
220129,46374
185053,46374
142827,46374
249502,46373
269474,46373
293596,46373
277858,46373
121899,46372
250096,46372
218631,46372
141652,46372
174983,46372
79684,46371
94516,46371
167409,46371
191239,46371
106675,46370
244775,46370
248262,46370
113868,46370
99225,46369
226660,46369
181094,46369
176845,46369
275241,46368
245989,46368
212695,46368
5631,46368
296085,46368
188860,46367
179782,46367
265988,46367
175000,46367
228749,46367
222746,46367
292471,46367
55676,46367
283391,46366
115667,46366
116592,46366
259089,46366
147651,46366
178269,46365
265070,46365
138157,46365
58235,46365
282229,46365
112962,46365
251900,46365
271410,46364
287297,46364
289338,46364
95711,46364
202422,46364
214891,46364
44375,46364
117915,46363
152071,46363
208389,46362
6691,46362
202850,46362
231197,46362
27377,46361
275364,46361
172596,46361
71238,46361
30755,46361
288338,46360
177937,46360
290965,46359
107301,46359
206185,46359
40064,46359
229155,46359
180337,46358
269091,46358
173330,46358
104440,46357
255092,46357
256377,46357
277720,46356
294330,46356
202373,46356
284059,46356
222286,46356
84041,46355
200175,46355
226595,46354
231095,46354
191663,46354
45356,46354
38989,46354
144981,46354
109406,46354
26472,46353
47257,46353
57116,46353
213222,46353
273858,46353
254623,46353
218821,46353
218932,46352
149857,46352
128714,46352
278929,46352
202243,46352
221274,46352
69730,46352
27922,46352
277577,46351
32822,46351
289567,46350
12762,46350
213232,46350
234879,46350
162837,46349
270201,46349
264838,46349
33197,46349
131884,46349
117510,46349
218049,46348
260331,46348
286967,46348
291979,46348
241668,46348
247637,46348
263406,46347
1630,46347
260440,46347
257705,46347
207271,46347
261547,46347
195741,46347
148170,46347
69324,46346
287219,46346
7865,46346
214674,46346
238832,46346
203341,46346
248068,46346
280393,46345
94095,46345
281722,46345
223989,46345
282892,46344
224100,46344
75260,46344
5862,46344
264401,46344
112569,46344
51980,46343
194671,46343
277232,46342
180993,46342
161670,46342
168189,46341
54559,46341
235403,46341
149788,46341
154492,46340
38149,46340
116790,46340
279474,46340
198669,46339
91390,46339
236029,46339
141707,46338
262909,46338
267632,46338
27047,46338
216952,46338
261270,46338
67736,46338
185074,46337
284069,46337
274328,46337
2301,46336
31050,46336
255558,46336
200487,46336
195250,46336
4594,46336
250593,46336
81027,46335
279936,46335
186893,46335
284153,46335
164731,46335
230487,46335
141532,46334
231181,46334
136025,46334
201863,46333
291981,46333
76865,46333
287275,46333
240519,46333
40462,46333
264362,46332
25434,46332
167655,46332
7739,46332
231694,46332
78979,46331
130468,46331
112272,46331
207878,46331
137652,46330
246382,46330
271301,46330
168353,46329
280157,46329
36093,46329
285478,46329
87607,46329
183105,46329
273079,46329
111874,46329
43380,46328
257715,46328
242138,46328
207012,46328
81009,46328
131974,46328
267153,46327
132327,46327
269527,46327
77674,46327
272655,46327
59345,46327
30372,46327
120822,46327
93468,46327
211900,46326
75718,46326
40096,46326
244318,46326
67565,46325
218241,46325
106123,46325
245762,46324
154753,46324
118725,46324
27527,46324
52279,46324
104454,46324
125198,46324
23712,46323
106319,46323
62031,46323
250907,46323
268979,46323
261323,46323
144043,46322
202613,46322
79501,46322
227131,46321
163851,46321
176307,46321
229995,46321
250205,46321
94832,46320
63680,46320
4772,46320
264190,46320
96071,46320
65949,46319
197555,46319
285458,46319
130276,46319
266815,46319
173495,46319
245597,46319
234010,46319
280744,46319
161668,46319
67449,46318
254258,46318
282764,46318
41883,46318
11748,46318
282345,46318
234825,46317
279399,46317
201956,46317
273989,46317
33948,46317
199174,46317
24471,46317
224741,46317
285602,46317
284587,46316
3901,46316
224569,46316
282073,46316
292159,46315
36756,46315
144465,46315
193156,46315
265546,46315
115448,46315
278347,46315
158931,46315
8956,46315
146761,46315
244201,46314
214968,46314
294794,46314
287031,46314
295372,46314
280893,46314
190151,46314
106440,46314
217394,46314
200380,46313
231160,46313
117654,46313
175414,46313
30984,46312
28556,46312
128194,46312
276687,46312
153185,46312
120198,46311
175072,46311
294938,46311
180988,46311
23017,46310
186565,46310
195168,46310
276971,46310
168541,46310
215981,46310
40822,46309
210594,46309
273895,46309
221776,46309
163078,46309
229181,46309
125668,46309
210866,46308
103022,46308
206874,46308
238215,46308
31429,46307
83195,46307
244070,46307
46263,46306
241575,46306
54965,46305
168383,46305
6949,46305
271245,46304
249375,46304
38482,46304
90821,46304
72094,46304
264931,46303
262615,46303
219845,46303
236976,46303
116701,46303
144717,46302
123757,46302
67907,46302
134652,46302
53207,46302
196201,46301
282782,46301
193368,46301
43710,46301
33553,46301
161435,46301
107960,46301
234463,46300
71927,46300
36089,46300
160303,46300
208059,46299
275155,46299
109532,46299
81581,46299
64672,46298
264651,46298
152100,46298
181636,46297
235595,46297
258861,46297
12711,46297
245272,46297
245789,46296
177303,46296
222811,46296
88087,46296
68701,46295
254665,46295
144600,46295
248246,46295
107315,46295
260362,46295
238440,46295
191792,46294
86526,46294
262888,46294
268013,46293
247528,46293
100420,46293
260400,46293
707,46293
167606,46293
224396,46293
288272,46292
272551,46292
255090,46292
200960,46292
39209,46291
141061,46291
190316,46291
227190,46291
238278,46291
197036,46290
12147,46290
238571,46290
283414,46290
52917,46289
232642,46289
182436,46289
8561,46289
284489,46289
254111,46288
279565,46288
98234,46288
30912,46288
291889,46288
252059,46288
48921,46288
211021,46288
258163,46287
259342,46287
98598,46287
205183,46286
69486,46286
201767,46286
153360,46286
53633,46286
132181,46285
141767,46285
214453,46285
97008,46285
115720,46284
188905,46284
3352,46284
90374,46284
117493,46284
222935,46284
259984,46283
88887,46283
79422,46283
94226,46283
83243,46283
281202,46282
192796,46282
166607,46281
190865,46281
178509,46281
189439,46281
39989,46281
146075,46281
280090,46281
166298,46281
274278,46281
257395,46281
44140,46280
155129,46280
36921,46280
130952,46280
38511,46279
119698,46279
233627,46279
224561,46279
291693,46278
207232,46278
32025,46278
8198,46278
260419,46277
107059,46277
213297,46277
241759,46277
242463,46277
185761,46277
170076,46277
158757,46276
276542,46276
263128,46276
154402,46276
1044,46276
201980,46275
104759,46275
237982,46274
177916,46274
67004,46273
41172,46273
112074,46273
254891,46273
202429,46273
186246,46273
106034,46272
263153,46272
77425,46272
188130,46272
248904,46272
110707,46271
86960,46271
294898,46271
249878,46271
81287,46271
289668,46270
211482,46270
265495,46270
195609,46270
84790,46270
120849,46270
102133,46269
21202,46269
269009,46269
57945,46269
246298,46269
69760,46269
152293,46269
61685,46268
17427,46268
149480,46268
218893,46268
271174,46268
6221,46267
272786,46267
290972,46267
142343,46266
285819,46266
196686,46266
252318,46266
239169,46266
146177,46266
11083,46266
166206,46266
137374,46266
261370,46266
224934,46265
190682,46265
109347,46265
148693,46265
255218,46265
74305,46265
75896,46265
29956,46264
56956,46264
282577,46264
171072,46264
229590,46264
197391,46264
102402,46264
152317,46264
245723,46263
187343,46263
220111,46263
108450,46263
187730,46262
132626,46262
42384,46262
239338,46262
68125,46262
252179,46262
271655,46262
233765,46262
