8,100000
1354,52013
29117,50954
206,50867
730,50788
44,50580
642,50016
1542,49353
3,48949
19759,48830
20,48787
198556,48704
32,48579
1784,48538
251,48529
13851,48449
28876,48406
52,48299
213924,48238
77314,48227
2001,48226
1013,48217
256019,48180
223572,48174
221086,48162
3423,48058
682,48034
5230,48014
242295,47978
990,47977
337,47947
734,47936
4360,47927
180,47896
270314,47891
1781,47856
135001,47855
40,47854
5418,47839
172842,47813
8693,47785
34489,47752
73191,47736
265415,47731
163,47724
760,47720
394,47711
2169,47708
256706,47706
279108,47685
0,47633
136,47620
264334,47592
219939,47581
284454,47575
237801,47565
585,47555
230183,47542
39157,47540
35088,47534
236490,47534
465,47512
4864,47504
268928,47494
200322,47489
4457,47468
5141,47447
3613,47445
2978,47430
4161,47422
600,47409
276513,47396
4994,47390
559,47386
62349,47382
223856,47377
2038,47360
226916,47318
232472,47306
2721,47306
215813,47305
265309,47301
144030,47295
1180,47285
235877,47282
175683,47276
291329,47275
1861,47265
276694,47261
208592,47258
207935,47255
159651,47254
292971,47251
225146,47250
275700,47240
287076,47228
294,47224
8306,47224
187040,47219
2673,47206
1698,47186
252158,47169
285086,47165
3847,47164
196200,47153
3822,47140
241347,47137
197,47115
182293,47111
156542,47109
295477,47107
161,47100
43231,47097
4182,47090
296445,47087
222320,47083
495,47076
236573,47076
7877,47057
215492,47053
162106,47051
282217,47034
5421,47033
283764,47026
11877,47023
8734,47019
2395,47014
15725,47011
254228,47004
1918,47004
277855,47004
78171,47002
1857,47002
192572,47001
244019,47001
2073,46995
279972,46994
1,46992
76,46992
205728,46989
256677,46984
3407,46973
213125,46973
1060,46964
259544,46959
66747,46953
255863,46951
231976,46938
2135,46937
257248,46934
221367,46933
3628,46932
99522,46932
232141,46932
30953,46926
236611,46926
161743,46923
152036,46922
130936,46920
2862,46919
292233,46918
301,46911
273646,46911
251914,46909
274681,46907
223589,46902
33449,46902
188977,46901
35225,46899
1663,46897
260525,46892
206939,46886
233399,46883
6095,46879
274030,46877
280065,46869
262992,46866
55950,46866
2068,46866
274327,46865
710,46862
977,46851
170013,46851
290111,46844
229917,46841
10366,46840
4722,46836
174495,46835
258,46834
15209,46832
547,46828
272863,46827
286438,46825
3859,46823
1379,46823
28000,46823
147078,46820
242827,46820
954,46818
254863,46815
239855,46809
288133,46803
260739,46802
276295,46799
621,46798
19835,46797
248254,46796
256312,46795
234533,46794
184,46788
2138,46776
7976,46774
221303,46764
240033,46760
287879,46754
268040,46752
1305,46750
234481,46747
359,46746
172,46742
204570,46737
125910,46735
1011,46735
411,46734
220969,46733
5154,46732
879,46726
2746,46726
160103,46724
192605,46724
2813,46723
277541,46719
273265,46719
264590,46718
271408,46717
257748,46715
5008,46715
6686,46713
1304,46713
234668,46712
274931,46712
291164,46712
249695,46706
250331,46705
270330,46701
249427,46701
18203,46700
280044,46700
263700,46697
287169,46690
205186,46690
286549,46687
24768,46684
222030,46682
9,46682
178365,46681
7283,46680
236266,46678
267933,46676
270883,46673
5047,46670
244992,46669
194829,46667
293396,46667
131504,46666
251526,46661
248501,46660
169733,46660
211582,46660
68854,46659
261219,46658
219514,46658
291295,46650
30671,46650
257290,46649
255364,46646
455,46645
197228,46645
888,46644
286224,46639
269258,46634
257743,46634
35595,46633
228556,46633
182176,46630
35,46629
227056,46628
215244,46628
233233,46627
19809,46624
192852,46624
257324,46623
180667,46620
271516,46618
182306,46617
268793,46614
244012,46612
266222,46612
174,46612
265436,46610
226191,46609
2212,46609
182262,46608
257925,46608
201494,46607
41,46605
23036,46604
1094,46604
2884,46603
206026,46599
256023,46599
6832,46595
291617,46592
225455,46590
269068,46589
256122,46589
18411,46585
238608,46581
173823,46580
173312,46576
198703,46568
76974,46568
225760,46565
38159,46565
250054,46563
189419,46562
4528,46562
273747,46561
2284,46561
77421,46561
250945,46561
52595,46561
165336,46560
30016,46559
234312,46554
252225,46551
174645,46549
282239,46548
252108,46548
285844,46545
268195,46543
281448,46543
1000,46543
277652,46539
267869,46536
20732,46535
5491,46535
157862,46534
280774,46533
281818,46531
245779,46531
276066,46530
2160,46530
286263,46529
627,46523
265819,46517
185085,46515
294490,46515
5843,46515
76609,46515
280823,46514
293270,46512
273303,46510
282409,46510
271790,46510
270194,46508
263685,46505
2802,46504
286999,46501
274655,46500
278020,46500
125749,46499
5509,46498
172074,46498
225,46498
174173,46497
288295,46496
65801,46495
255610,46495
127,46494
258509,46494
269202,46494
216280,46491
294826,46490
202139,46490
276536,46489
326,46488
237516,46486
267786,46485
74,46482
271953,46482
186468,46480
186842,46480
263667,46476
215576,46475
113037,46474
292646,46473
165891,46470
212176,46470
78,46469
265530,46469
245374,46469
271113,46468
138840,46467
295246,46467
108457,46465
16784,46465
3231,46464
265022,46464
252652,46464
137841,46460
252760,46459
194244,46458
12532,46458
224308,46456
253552,46456
159599,46456
289789,46455
78187,46452
223563,46452
236004,46448
256703,46447
257539,46446
8394,46446
203806,46445
272069,46444
119618,46444
249505,46443
260696,46443
226469,46443
183720,46440
25718,46439
183906,46438
10546,46437
271440,46432
173321,46431
123886,46430
143847,46429
257883,46429
133,46428
139801,46425
226900,46425
259501,46424
204329,46424
295200,46423
190200,46423
2,46422
207335,46422
12717,46421
288165,46417
253179,46416
269993,46416
275656,46416
94724,46415
123462,46415
286021,46414
102608,46413
168868,46413
4202,46412
200485,46411
14685,46410
187848,46408
247415,46408
250820,46405
243426,46404
215166,46404
274525,46404
284247,46403
293422,46401
269297,46400
287887,46400
36379,46399
208,46397
262006,46397
193808,46397
207489,46396
195859,46395
284053,46395
186841,46395
189331,46393
2040,46393
12607,46393
245119,46392
264033,46391
181377,46389
258457,46387
281407,46384
10,46384
282378,46383
156987,46383
50572,46382
143393,46381
295257,46380
237612,46379
258580,46378
273680,46378
274074,46378
4487,46378
6795,46377
291015,46376
170857,46374
133894,46374
277795,46373
129014,46373
289370,46372
245620,46370
198775,46369
285745,46367
243805,46366
196135,46365
267026,46365
196657,46364
160932,46364
146775,46363
275596,46363
174013,46362
246913,46362
272065,46361
13796,46360
280860,46360
272270,46359
255438,46359
9072,46358
182511,46358
268214,46357
270742,46357
250989,46357
288526,46357
265981,46357
246154,46356
285029,46355
33,46355
236864,46354
210203,46354
184537,46354
216741,46353
116625,46353
58378,46352
197701,46352
164652,46352
218458,46351
2540,46350
1061,46348
205337,46348
260010,46347
17186,46346
211294,46346
256075,46344
259579,46342
278744,46342
236511,46342
3216,46342
229346,46341
39566,46340
258547,46340
295504,46339
191452,46339
163522,46339
255521,46337
252387,46333
287730,46332
222878,46331
263309,46331
215288,46331
164462,46330
189781,46329
296327,46326
173,46326
276475,46324
282446,46324
159962,46324
222438,46323
226416,46322
6448,46321
274241,46321
273100,46320
9893,46320
216818,46318
271364,46318
209429,46317
255292,46317
10006,46317
252726,46317
278679,46315
194360,46313
189231,46312
288389,46312
210195,46312
230679,46310
242847,46310
37468,46310
269988,46308
117935,46308
182827,46308
284817,46308
42233,46306
243102,46306
1662,46306
245316,46306
266953,46305
268689,46305
278150,46304
94424,46304
188421,46303
260036,46302
269470,46302
356,46301
294778,46299
276788,46298
207236,46298
293923,46297
242265,46296
263898,46296
169882,46295
280945,46294
1302,46294
181412,46293
6025,46293
157736,46293
286072,46292
216789,46291
295341,46289
161654,46288
260086,46286
295844,46285
199058,46285
239859,46285
170890,46283
295576,46282
230545,46281
2949,46280
256251,46280
206019,46280
4100,46279
276196,46278
2213,46278
235299,46278
35723,46277
120,46277
260719,46275
251095,46274
2470,46274
281083,46273
15059,46273
148541,46272
211397,46272
140687,46271
7843,46271
269908,46270
148505,46268
202706,46267
185,46267
14946,46266
219928,46266
223166,46265
286931,46265
263257,46264
293573,46264
283982,46263
262608,46263
178428,46263
4658,46262
212396,46261
129700,46260
201791,46259
287396,46259
98580,46259
132884,46258
256668,46257
254236,46257
161907,46257
293511,46256
291412,46254
274427,46253
283324,46252
256453,46251
238362,46251
293891,46250
216945,46250
201814,46249
9310,46249
205758,46249
250184,46249
273948,46249
223515,46248
226935,46248
252862,46247
174514,46247
294440,46246
177945,46245
214169,46243
213364,46243
532,46242
281877,46242
169176,46241
134289,46241
292605,46240
2450,46238
226246,46238
236342,46237
194094,46237
202711,46235
282573,46234
197018,46233
283859,46233
247726,46232
9465,46232
290912,46232
225669,46231
77981,46231
67457,46230
228300,46230
214352,46230
168395,46228
185794,46228
22480,46227
285770,46227
231201,46226
144999,46226
280203,46226
197850,46225
212188,46225
247811,46224
951,46224
270659,46224
163831,46224
177872,46223
281365,46223
273704,46223
3431,46222
128204,46222
251288,46221
273394,46220
151867,46220
244615,46219
273557,46219
265498,46219
264539,46217
147,46215
261227,46215
265069,46214
3647,46214
238184,46213
216554,46213
18,46213
21735,46212
283026,46211
226332,46211
259014,46211
257212,46210
227833,46208
214864,46208
124586,46207
289147,46207
221252,46207
84984,46206
289371,46203
2976,46202
160904,46201
249724,46201
93798,46201
55,46200
270259,46200
200352,46200
197958,46199
107919,46199
98313,46198
268332,46198
202990,46197
7105,46197
206711,46197
266440,46197
43826,46196
207469,46196
275338,46196
264854,46196
276165,46195
253063,46194
185010,46194
266066,46194
267028,46194
44450,46194
152322,46193
4535,46193
93395,46192
270470,46191
165757,46191
270213,46191
209732,46191
261902,46191
241044,46190
250782,46189
219065,46189
240078,46189
285880,46189
245424,46188
107983,46187
245026,46186
193123,46186
284940,46185
120958,46184
218012,46183
208774,46183
266454,46182
218617,46182
272679,46182
245401,46181
257584,46181
226218,46181
210293,46180
206949,46180
171947,46179
194,46179
167625,46178
128101,46178
5507,46178
7184,46177
253581,46177
13273,46177
282488,46176
282055,46176
20790,46175
189543,46175
168491,46175
266181,46175
153941,46172
13033,46172
198497,46172
202820,46172
240938,46171
187223,46171
272136,46170
96579,46170
80348,46169
210443,46168
260582,46168
135656,46168
201601,46167
292680,46167
16622,46167
258809,46166
160093,46165
211432,46164
292899,46164
288694,46163
254853,46162
116475,46161
235109,46161
3422,46161
72,46160
258743,46159
130900,46159
479,46159
226296,46158
217795,46158
188495,46157
214876,46157
243240,46156
211135,46156
290991,46156
163813,46155
283794,46155
173054,46155
291152,46155
248809,46155
218818,46155
68803,46155
215032,46154
278928,46154
163922,46154
164350,46153
259917,46153
225844,46153
181804,46150
210332,46149
88678,46149
222884,46148
24528,46147
123175,46146
281483,46145
8761,46145
163492,46145
78090,46143
283416,46143
275487,46142
226121,46142
16851,46142
193409,46142
268513,46142
235601,46141
1287,46141
272469,46140
233755,46140
273845,46140
169011,46139
211237,46139
16,46139
1141,46138
216978,46138
246396,46138
157421,46137
239428,46136
285588,46136
290191,46136
287812,46135
185138,46135
260466,46133
245946,46133
267442,46133
168785,46132
270190,46131
264167,46131
236429,46130
213791,46130
214269,46128
247180,46128
175808,46126
26518,46126
196993,46126
275585,46126
233724,46126
160035,46125
28494,46125
26981,46125
201352,46124
285604,46124
194155,46123
167940,46123
201796,46123
246560,46122
262861,46122
134937,46122
92780,46122
219,46122
278605,46121
249019,46120
205781,46120
258677,46120
198190,46120
281915,46119
166034,46119
231249,46119
18719,46118
248449,46117
652,46117
244313,46117
281726,46116
256498,46116
266918,46116
257100,46116
227215,46115
276447,46115
182746,46115
274697,46115
2999,46115
235213,46114
57103,46114
268087,46114
131938,46113
287836,46113
175001,46113
292529,46113
160437,46112
1740,46111
245346,46111
281585,46111
262027,46110
210678,46109
278470,46109
291872,46109
268248,46109
172583,46109
18582,46108
4739,46107
202236,46107
282128,46107
249140,46106
6279,46106
296302,46106
18033,46106
165060,46104
248984,46104
253979,46104
275746,46104
95786,46104
2099,46104
272259,46104
152149,46104
165551,46103
164,46102
261862,46102
30687,46102
209936,46101
173193,46101
13066,46100
15600,46100
196752,46100
234977,46100
284650,46100
146493,46100
202825,46099
197127,46099
156282,46098
233899,46098
264392,46097
220117,46097
222443,46097
239632,46096
285841,46096
219126,46096
294469,46095
249748,46095
448,46095
268742,46095
288845,46095
256849,46094
220494,46094
217057,46094
31548,46094
94844,46093
234771,46092
271480,46092
278262,46092
222099,46091
164797,46091
242391,46091
290994,46091
205884,46091
250741,46090
47319,46090
277372,46090
268194,46090
272651,46089
286404,46089
281081,46089
171949,46089
278416,46088
109343,46088
152920,46088
7636,46088
561,46088
257211,46087
222332,46086
281144,46086
266025,46086
129439,46085
114682,46085
161218,46085
270038,46084
976,46084
189398,46084
262956,46083
25977,46083
208086,46083
294709,46083
267275,46082
149549,46082
185331,46082
153699,46081
60014,46081
291740,46080
211664,46080
26884,46080
151890,46080
235282,46080
12558,46078
23797,46078
527,46077
131676,46077
285343,46077
223118,46077
233,46076
229785,46075
139784,46075
28315,46075
242001,46075
283471,46074
462,46074
154393,46073
208930,46073
289624,46072
234394,46070
98371,46070
219270,46070
228169,46070
25126,46069
215807,46069
167693,46069
211086,46068
280356,46068
130011,46068
190,46067
287645,46067
265737,46067
240627,46067
281440,46067
240281,46067
230714,46067
1598,46065
229849,46065
200601,46065
261914,46065
274983,46064
199044,46064
288046,46064
274473,46064
269972,46063
105754,46063
223330,46063
270596,46063
2938,46062
264137,46062
453,46062
238834,46062
230042,46061
180135,46060
252404,46060
288807,46060
262244,46060
35282,46060
290265,46059
221524,46059
203229,46058
247931,46058
291339,46057
235752,46057
196442,46057
153339,46057
294313,46056
153644,46056
191266,46055
284581,46054
257856,46054
294185,46054
269663,46053
21413,46053
282553,46053
274696,46052
223797,46052
293888,46051
1239,46051
160491,46051
295044,46051
240351,46051
234927,46051
6033,46051
103690,46050
264565,46050
257,46049
205097,46049
281974,46049
155626,46049
246942,46049
296580,46048
264709,46048
229225,46047
295175,46047
104641,46046
170826,46046
248531,46046
194197,46045
42980,46045
288088,46045
289326,46044
212967,46044
218372,46044
284047,46043
244141,46043
122387,46043
244203,46043
240727,46042
7085,46041
73555,46041
11209,46041
270219,46040
230673,46040
202522,46040
246186,46040
129398,46040
260356,46040
245448,46039
286322,46039
278658,46038
229363,46038
58476,46038
286901,46037
296472,46037
188312,46037
289559,46037
155899,46036
87913,46036
122649,46036
154499,46036
199882,46036
225011,46036
26440,46035
291086,46035
204112,46035
237786,46035
235397,46035
253558,46035
15504,46035
200882,46034
17060,46034
206270,46034
245491,46034
215050,46032
14741,46032
246723,46031
250584,46031
282859,46031
536,46030
229274,46030
283206,46030
77405,46029
2214,46029
242155,46028
11094,46028
272855,46027
244514,46027
7875,46026
7550,46026
260918,46026
242723,46026
32336,46026
57,46026
235323,46025
227269,46025
215863,46025
7920,46024
110348,46024
244463,46023
242815,46023
173467,46023
274109,46023
180860,46022
261356,46022
155640,46022
271200,46022
214765,46022
9331,46021
246604,46021
289641,46021
207676,46021
179949,46020
286943,46020
295702,46019
210002,46018
247557,46018
263941,46018
150150,46018
116164,46017
189306,46017
259341,46017
26941,46017
513,46017
267456,46017
262940,46016
242602,46016
229427,46016
143878,46016
266705,46015
133016,46015
13573,46015
277751,46015
264311,46015
162477,46014
254976,46014
264444,46013
271411,46013
148742,46013
271125,46013
103897,46013
7056,46013
249126,46012
258392,46012
249262,46012
195042,46012
160930,46011
208136,46011
260355,46011
177867,46010
28780,46010
6385,46010
6333,46010
290239,46010
834,46010
222652,46010
183243,46010
126736,46009
250858,46009
222364,46009
252809,46009
87637,46009
201404,46008
85058,46008
247467,46008
291781,46007
164675,46007
17705,46007
285477,46006
181775,46006
98238,46005
202378,46005
292962,46005
294431,46005
206074,46005
205167,46004
273954,46003
242406,46003
96899,46003
178495,46003
195796,46003
13440,46003
249297,46002
238785,46002
941,46002
276857,46002
259334,46001
238790,46001
277427,46001
214376,46001
267992,46000
116909,46000
231485,46000
249911,46000
79145,45999
262062,45999
216417,45999
189676,45999
227870,45999
245674,45998
291461,45998
425,45997
22482,45997
3811,45996
4211,45996
236111,45996
269695,45996
286787,45996
159249,45996
264056,45995
207452,45995
93963,45995
296084,45994
47435,45994
260394,45994
169998,45994
295942,45994
292615,45994
178183,45992
233930,45991
182242,45991
265569,45991
6272,45990
206076,45990
262856,45990
269924,45989
186231,45989
145009,45989
231819,45989
279998,45989
1167,45989
15,45989
283028,45989
267288,45988
261601,45988
1372,45988
1753,45987
529,45986
292426,45985
256408,45985
274994,45985
139357,45985
261246,45984
246,45984
282593,45984
172666,45984
296001,45984
159630,45984
217647,45983
256459,45983
249449,45983
117035,45983
271959,45983
607,45983
283093,45983
26366,45983
255823,45983
21,45982
161504,45982
233933,45981
233522,45981
272350,45980
103878,45980
254344,45980
162059,45979
271982,45979
172644,45979
165487,45979
223631,45978
157125,45978
199362,45978
227443,45978
245731,45977
190184,45977
180673,45977
254105,45977
252574,45977
247099,45976
245004,45976
220512,45976
191938,45976
153802,45975
11774,45975
702,45975
196248,45975
92943,45975
262401,45974
183486,45974
200978,45974
89861,45974
5243,45973
225785,45973
229939,45973
226315,45973
248241,45973
220389,45972
22465,45972
291427,45972
121099,45972
135,45971
284180,45971
127962,45970
159705,45970
243607,45969
83713,45969
162658,45968
279939,45968
291076,45967
270637,45967
179767,45967
260858,45966
140380,45965
272318,45965
162435,45965
278963,45965
202330,45965
166574,45965
275960,45965
7535,45965
7353,45965
1465,45965
149684,45965
236060,45965
14552,45964
153764,45964
80742,45964
251272,45964
188332,45963
210832,45963
219249,45963
162625,45963
218464,45963
102585,45962
238366,45962
252092,45962
23362,45962
274297,45961
90185,45961
295167,45960
282257,45960
149759,45960
27083,45960
185547,45959
181144,45959
293586,45959
229764,45958
4231,45958
6727,45957
116463,45957
286532,45957
253,45957
277898,45957
227115,45957
232488,45957
246937,45957
239767,45957
266637,45956
211022,45956
269847,45956
201555,45956
116057,45956
149309,45956
185148,45956
218572,45955
251580,45955
156550,45955
226272,45955
100760,45954
2188,45954
282517,45954
3244,45953
5461,45952
130301,45952
225843,45952
288520,45952
248315,45951
238069,45951
284691,45951
173512,45951
197868,45951
220886,45950
247976,45950
276238,45950
157570,45949
239853,45948
261623,45948
355,45948
287875,45947
235670,45946
103747,45946
205647,45946
268223,45945
261962,45945
139186,45945
260093,45944
65,45944
248654,45944
72963,45944
209517,45944
263515,45944
106381,45943
155583,45943
250568,45943
284336,45943
293076,45943
620,45943
261927,45943
249400,45943
100686,45942
204381,45942
269337,45942
242363,45942
287581,45941
283247,45941
229716,45940
186443,45940
131542,45940
70929,45939
159392,45939
22095,45939
236461,45938
267181,45938
13550,45938
224331,45938
7634,45938
285549,45937
249290,45937
215423,45937
282224,45937
80092,45936
7188,45936
205057,45936
296454,45935
278684,45935
165351,45935
37464,45935
291973,45935
267886,45935
212551,45934
132090,45934
234332,45934
665,45934
242297,45933
79,45933
224349,45933
253522,45933
195631,45933
296350,45932
257874,45932
264368,45932
205168,45930
287334,45930
227120,45929
78532,45929
21901,45929
236360,45929
239467,45929
14799,45929
238420,45929
202024,45929
242660,45929
271443,45929
152697,45928
266520,45928
140484,45927
279472,45927
191576,45927
88,45927
234932,45926
268231,45926
277214,45926
219167,45926
242733,45926
283182,45925
197516,45925
245777,45925
229547,45925
271816,45925
292470,45925
215188,45925
257638,45925
378,45925
119232,45924
196465,45924
289596,45924
187543,45924
224156,45924
15990,45923
131448,45923
272718,45923
271346,45923
69882,45922
154604,45921
241853,45921
147901,45921
261424,45921
24468,45921
5,45920
5097,45920
266900,45920
23177,45920
129654,45919
220912,45919
197173,45919
246467,45919
180792,45919
231880,45919
276493,45919
204342,45917
236837,45917
223206,45917
286085,45917
205,45916
191207,45916
264921,45916
226893,45916
229524,45916
151686,45916
29569,45915
178141,45915
264846,45914
16627,45914
24928,45914
52208,45914
280335,45914
72663,45914
285211,45913
260026,45913
129378,45913
293198,45913
227925,45913
2640,45913
219767,45913
271874,45913
226042,45913
802,45912
2556,45912
180031,45912
3287,45912
215651,45912
204457,45911
257656,45911
107641,45911
295885,45911
239221,45911
102720,45910
87207,45910
227049,45910
537,45910
9060,45910
285309,45909
292706,45909
349,45909
4943,45909
272922,45908
243548,45908
199108,45907
243525,45907
220058,45907
281571,45907
170167,45907
239138,45907
159360,45906
273757,45906
220801,45906
264004,45905
253784,45904
413,45904
38856,45904
248286,45903
273470,45903
209926,45903
278184,45903
192915,45903
170841,45903
209210,45903
205303,45903
191694,45903
1110,45902
76283,45902
238687,45902
276986,45902
224980,45901
15459,45901
194460,45901
10623,45901
247876,45901
285013,45901
211720,45901
59077,45901
211042,45900
252253,45900
76211,45900
81175,45900
163987,45900
201250,45900
169058,45900
189114,45900
258534,45900
74157,45899
244316,45899
575,45899
115253,45898
231137,45898
255589,45898
286749,45898
5396,45898
259390,45898
280010,45898
204716,45897
284351,45897
221528,45897
234549,45897
49187,45897
228758,45896
78301,45896
184534,45896
147525,45896
231225,45896
245311,45896
218935,45896
287227,45895
228845,45895
206330,45894
229432,45894
140289,45894
241534,45893
177187,45893
159190,45893
183527,45893
278424,45893
212681,45892
147085,45892
294804,45892
11336,45892
271134,45892
277252,45892
19003,45892
267287,45892
177339,45892
130861,45891
33612,45891
216263,45890
274300,45890
241418,45890
101168,45890
247034,45890
215450,45889
293825,45889
177790,45889
245471,45889
351,45889
282588,45888
282700,45888
329,45887
229132,45886
218650,45886
232433,45886
160581,45886
287982,45886
287573,45885
278363,45885
24490,45885
250652,45885
267852,45885
136167,45885
159252,45884
129252,45884
234716,45884
256149,45884
273827,45884
288079,45883
164669,45883
250250,45883
206024,45883
236724,45882
12429,45882
272137,45882
289685,45882
517,45882
143991,45882
257338,45882
167329,45882
235427,45882
132150,45882
187867,45881
274977,45881
172686,45881
230575,45881
251479,45881
290266,45880
290504,45880
144769,45879
289174,45879
209498,45879
259604,45879
186340,45879
1439,45879
294994,45879
275291,45879
191131,45878
233567,45878
194018,45878
269688,45878
18566,45877
193944,45877
192309,45877
142,45877
4287,45876
250991,45876
89465,45876
82731,45876
278376,45876
80936,45876
130147,45875
152795,45874
257762,45874
280145,45874
265632,45874
284258,45874
166540,45873
262975,45873
277809,45873
243804,45872
168994,45872
283002,45872
864,45872
196823,45872
254764,45871
217935,45871
295630,45871
274632,45871
283605,45871
223429,45871
614,45871
258027,45870
249302,45870
179667,45870
132349,45870
15149,45869
268812,45869
250604,45869
253487,45869
270294,45869
43420,45868
150052,45868
122288,45868
165744,45867
174674,45867
271128,45867
5503,45866
203099,45866
283907,45866
272159,45866
209539,45865
275493,45865
269645,45865
292057,45865
180168,45865
291019,45865
218491,45865
203870,45865
236269,45864
284424,45864
252401,45864
281088,45864
192507,45864
1546,45864
189288,45863
247518,45863
123234,45863
88236,45862
141068,45862
289013,45862
181651,45861
268373,45861
183813,45861
85039,45860
239876,45860
209982,45860
199662,45860
251399,45859
2692,45859
231852,45859
243809,45859
281172,45859
289164,45859
161023,45858
163020,45858
238662,45858
198568,45857
282489,45857
274449,45856
113351,45856
5655,45856
680,45856
193299,45856
248526,45856
2018,45856
237171,45856
128856,45855
272500,45855
41897,45855
251145,45855
182193,45854
194731,45854
8327,45853
241786,45853
293539,45853
213994,45853
123852,45853
284544,45853
268326,45852
256005,45852
180514,45852
157389,45852
245665,45851
244710,45851
288846,45851
232907,45851
181680,45851
286089,45851
263976,45850
280732,45850
251229,45850
274031,45850
175025,45850
275071,45850
232066,45850
177716,45849
225553,45849
145173,45849
178942,45849
268995,45849
238125,45849
226476,45849
199697,45849
261674,45848
74759,45848
221094,45848
8631,45848
132986,45848
283107,45848
149660,45848
230049,45847
180705,45847
254957,45847
243717,45847
46573,45846
194134,45846
250737,45846
223267,45846
287353,45846
51966,45845
183211,45845
1538,45845
216387,45845
260072,45845
261058,45845
287068,45845
270574,45844
267598,45844
291863,45844
265405,45844
242107,45844
220342,45844
34184,45844
259741,45844
9993,45844
255045,45843
118440,45843
266922,45842
190607,45842
268498,45842
256414,45842
30,45841
287313,45841
122045,45841
275799,45841
261208,45841
12441,45841
233928,45841
255663,45840
123300,45840
290664,45840
278465,45840
163446,45840
292573,45839
270103,45839
289478,45839
238434,45839
229042,45838
13553,45838
274407,45838
38398,45838
249538,45838
138857,45838
277107,45838
8604,45838
194945,45838
268146,45838
154521,45837
275682,45837
229168,45837
13186,45837
194882,45836
178690,45836
275900,45836
272475,45836
77970,45835
164767,45835
216938,45835
85574,45835
194567,45835
282657,45834
175544,45834
155989,45834
148258,45834
174520,45833
232917,45833
173308,45833
258091,45833
573,45833
267937,45833
218102,45833
277139,45833
45322,45833
259815,45833
118401,45833
293577,45832
252976,45832
13108,45832
921,45832
224663,45832
274499,45831
289048,45831
4897,45831
189830,45830
141265,45830
248199,45830
12602,45830
283246,45830
164655,45830
288950,45830
206664,45829
245121,45829
271731,45829
294075,45829
96662,45829
266966,45828
1545,45828
254808,45828
252643,45828
118869,45828
220841,45828
19475,45827
203808,45827
198492,45827
184090,45827
90082,45826
250936,45826
32482,45826
279623,45826
258702,45826
248084,45825
242673,45825
282790,45825
162010,45824
210336,45824
267328,45824
256691,45824
490,45823
284363,45823
226631,45823
291483,45823
157498,45823
11696,45823
218645,45823
259628,45822
136637,45822
279931,45821
21196,45821
153750,45821
200148,45821
191701,45821
256501,45821
211536,45821
176110,45821
205099,45821
260588,45820
253174,45820
173315,45820
48713,45820
269413,45820
199737,45820
79466,45819
43688,45819
1448,45819
262264,45819
242163,45819
185905,45819
40401,45819
185060,45818
176264,45818
216980,45818
150977,45817
285193,45817
219782,45817
251706,45817
149216,45817
186426,45817
165312,45817
237253,45817
12573,45817
176079,45817
137,45816
286251,45816
245541,45816
202550,45816
291603,45816
289631,45816
17,45816
256196,45816
236492,45816
60933,45815
160298,45815
189351,45815
186707,45815
110039,45814
31204,45814
200139,45814
281856,45814
3304,45814
238512,45813
24584,45813
131349,45813
2791,45813
186104,45813
115936,45813
110598,45813
171206,45813
100036,45813
1363,45813
191946,45812
246541,45812
225639,45812
162820,45811
55702,45811
13238,45811
162327,45810
272116,45810
263632,45810
16738,45810
294459,45810
13393,45809
101069,45809
118173,45809
268085,45809
192278,45809
9372,45809
4523,45808
163590,45808
215063,45808
208496,45808
169547,45808
264427,45808
19733,45808
180250,45807
294649,45807
125707,45807
114259,45807
104553,45807
248000,45806
138209,45806
172422,45806
1866,45806
2901,45806
195798,45806
239545,45806
240636,45806
202368,45806
261840,45806
286892,45806
284432,45806
84552,45805
181741,45804
236986,45804
293129,45804
1471,45804
4094,45804
114653,45804
215819,45803
201644,45803
258375,45802
35782,45802
61336,45801
224199,45801
226164,45801
270372,45801
263438,45801
218989,45800
37932,45800
292447,45800
161653,45800
241100,45800
277293,45800
1741,45800
277738,45800
206846,45800
142094,45800
277083,45800
167512,45800
122813,45799
270449,45799
172470,45799
292520,45799
162944,45799
234051,45799
1818,45799
183324,45799
111226,45799
265576,45798
228787,45797
256964,45797
66494,45797
294177,45797
280028,45796
25778,45796
16636,45796
244814,45796
87324,45795
258812,45795
191276,45795
212897,45795
271354,45795
154867,45794
93702,45794
1464,45794
6659,45794
227687,45794
216700,45794
177145,45794
220861,45793
248879,45793
594,45793
258670,45792
263424,45792
199069,45792
280633,45792
291633,45792
284475,45792
138597,45792
254777,45792
163415,45791
292552,45791
236546,45791
293476,45791
264770,45791
224711,45791
275586,45790
164020,45790
270397,45790
255843,45790
170471,45790
264880,45790
286955,45790
231670,45790
65092,45789
240749,45789
156328,45789
189261,45789
279566,45789
270364,45788
271765,45788
207069,45788
89093,45788
233953,45788
238456,45787
151705,45787
8230,45787
64183,45787
276370,45786
293867,45786
268370,45786
245712,45786
290651,45786
275686,45786
127026,45786
225651,45786
287703,45785
153746,45785
278287,45785
253377,45785
1413,45785
199860,45785
224626,45785
285739,45784
236414,45784
283786,45784
93139,45784
211820,45784
186544,45784
173497,45784
154887,45783
21472,45783
11602,45783
281880,45783
236441,45783
191260,45783
278236,45783
23923,45783
186648,45783
237821,45782
16719,45782
108123,45782
295595,45782
176645,45782
88427,45782
244215,45782
191551,45781
116718,45781
154778,45781
286544,45781
118368,45781
270628,45781
248308,45781
2155,45780
248421,45780
226925,45780
177720,45780
261481,45780
295924,45780
236636,45780
219228,45780
122637,45780
13312,45780
232236,45779
154273,45779
112324,45779
283900,45779
198102,45779
247749,45779
235302,45778
281603,45778
233848,45778
275829,45778
294165,45778
204498,45778
158050,45777
254727,45777
225254,45777
242814,45776
233305,45776
185998,45776
181581,45776
256483,45776
230767,45775
193122,45775
289496,45775
186949,45775
165893,45775
72136,45775
39231,45775
240099,45775
40156,45774
69586,45774
182679,45774
10917,45774
259058,45774
295905,45774
295452,45773
138772,45773
226209,45773
247677,45773
179051,45773
265203,45773
213516,45772
82,45772
137008,45772
98401,45772
268783,45771
263211,45771
373,45770
173124,45770
178413,45770
186380,45769
291965,45769
246702,45769
22341,45769
269275,45769
30024,45769
233621,45769
188554,45768
222073,45768
2321,45768
119,45768
287247,45768
165729,45768
234388,45768
261374,45768
155860,45768
193307,45767
274917,45767
120430,45767
132543,45767
254645,45767
177127,45766
129960,45766
249493,45766
267697,45765
77934,45765
295859,45765
269230,45765
1236,45765
255768,45764
171522,45764
6378,45764
156762,45764
384,45764
287010,45763
169078,45763
241415,45763
16941,45763
281349,45763
134,45763
165062,45763
221634,45762
204938,45762
669,45762
187756,45762
189632,45762
245828,45762
251581,45762
271211,45761
167323,45761
5337,45761
209204,45761
234014,45761
269382,45761
140584,45761
291791,45761
245239,45760
254562,45760
270258,45760
162878,45760
175809,45760
186854,45760
265202,45759
161806,45759
284626,45759
3222,45759
161941,45759
285945,45758
57408,45758
244908,45758
251271,45758
270034,45757
31921,45757
176206,45757
10819,45757
288730,45757
245782,45757
77097,45756
224503,45756
117887,45756
139230,45756
15962,45756
220800,45755
240921,45755
257021,45755
246303,45755
100138,45755
237598,45755
254926,45755
182333,45755
37217,45754
281543,45754
294632,45754
257099,45754
164945,45754
87799,45754
192883,45754
4650,45754
46417,45753
15075,45753
258105,45753
261591,45753
253362,45753
39327,45753
124869,45753
176222,45753
164590,45753
279823,45752
276331,45752
162031,45752
223625,45752
217519,45752
179193,45751
172156,45751
124162,45751
274336,45751
246988,45751
245967,45751
277682,45750
285038,45750
156,45750
237979,45750
259064,45749
2532,45749
169961,45749
200304,45749
1496,45749
14898,45749
246301,45749
266444,45748
7437,45748
184789,45748
6898,45747
242601,45747
268971,45747
288102,45747
286589,45747
223379,45746
54649,45746
210641,45746
292459,45746
293999,45746
182,45746
291711,45745
92393,45745
217875,45745
44142,45745
255978,45744
279927,45744
257169,45744
235054,45744
278335,45744
110035,45743
190894,45743
17122,45743
225962,45743
110181,45743
40571,45743
214080,45743
118886,45743
263636,45743
225590,45743
253391,45743
164650,45742
247101,45742
217392,45742
226414,45742
267359,45742
9773,45742
242614,45742
43708,45741
154127,45741
249546,45741
88175,45741
274804,45740
176213,45740
162712,45740
286912,45740
192112,45740
167501,45740
5176,45740
133932,45740
262846,45740
226134,45739
153101,45739
253893,45739
235210,45739
263830,45739
179789,45739
80171,45739
204169,45739
3173,45739
280768,45738
292212,45738
275764,45738
279449,45738
124050,45738
172108,45738
233993,45737
212266,45737
197948,45737
286827,45737
293994,45737
231833,45737
208998,45737
233238,45736
289380,45736
275561,45736
93751,45736
31718,45736
287536,45736
204263,45736
187041,45736
126410,45735
274871,45735
341,45735
214978,45735
126922,45735
2020,45734
162862,45734
284277,45734
281715,45734
239586,45734
103665,45734
254500,45734
265269,45733
284327,45733
194174,45733
138784,45733
287341,45732
252942,45732
284155,45732
36208,45732
243355,45732
163315,45732
287463,45731
21500,45731
198344,45731
278124,45730
247036,45730
56117,45730
294414,45730
272974,45730
167479,45730
252623,45730
204948,45730
5186,45730
278880,45729
119770,45729
288835,45729
213190,45728
294565,45728
277798,45728
289038,45728
189266,45728
283990,45728
232449,45728
222922,45727
278919,45727
145313,45727
218385,45727
288390,45726
210532,45726
238778,45726
178170,45726
33853,45726
36803,45726
220929,45726
266346,45726
257296,45726
248242,45725
274798,45725
149630,45725
171157,45725
3984,45725
247556,45725
1186,45725
139676,45725
155776,45724
53329,45724
285586,45724
246286,45723
268070,45723
232685,45723
273232,45723
185709,45722
243074,45722
236649,45722
282703,45722
257147,45722
8643,45722
130514,45722
243682,45722
273226,45722
263260,45722
218104,45721
184077,45721
767,45721
24711,45721
264581,45721
295089,45721
252521,45721
98439,45721
12509,45721
272620,45721
250496,45721
285932,45720
107537,45720
148760,45720
291108,45719
202760,45719
231845,45719
134476,45719
31460,45719
1387,45718
43128,45718
195440,45718
179785,45718
189541,45718
202105,45717
140816,45717
198984,45717
180148,45717
237079,45717
277296,45716
160875,45716
283574,45716
239031,45716
231410,45716
257528,45716
283932,45715
190898,45715
264554,45715
284937,45715
174216,45715
188316,45715
236035,45715
4508,45715
266832,45715
204220,45714
17162,45714
260601,45714
169343,45714
11167,45714
225881,45714
192370,45714
744,45714
237384,45713
252313,45713
266130,45713
180799,45713
250346,45713
287670,45713
158464,45713
253884,45713
242527,45713
281399,45713
287739,45713
330,45713
31809,45712
1042,45712
191479,45712
106278,45712
101437,45712
249115,45712
200585,45712
191470,45712
290033,45711
195701,45711
97610,45711
203482,45710
276593,45710
294169,45710
1286,45710
247667,45710
82274,45709
254478,45709
192636,45709
181928,45709
174952,45709
269650,45709
184882,45709
289122,45709
265485,45708
207548,45708
209368,45708
108086,45708
293954,45708
220843,45707
137115,45707
291736,45707
78019,45707
180237,45707
288769,45707
174721,45707
1313,45707
217256,45707
218704,45706
251112,45706
291866,45706
289427,45706
183143,45706
231813,45705
219777,45705
210077,45705
169087,45705
147664,45705
37496,45705
203543,45704
166977,45704
75822,45704
294805,45704
164498,45704
7951,45704
192353,45703
215882,45703
286200,45703
174354,45703
254613,45703
266912,45703
196427,45703
230272,45703
282441,45703
249689,45702
167249,45702
2709,45702
20108,45702
185522,45702
195901,45702
253171,45702
288258,45702
278825,45702
220622,45701
279729,45701
1725,45701
211933,45701
208676,45701
7196,45701
294591,45701
92989,45701
222343,45701
263491,45700
129759,45700
210609,45700
274066,45700
281063,45700
205821,45700
34634,45700
225167,45700
262710,45700
253649,45700
289051,45699
211265,45699
254142,45699
275376,45699
237596,45699
197443,45699
29173,45698
103242,45698
245506,45698
142226,45698
275388,45697
287238,45697
227459,45697
268675,45697
28064,45697
36814,45697
290642,45697
220897,45697
294358,45696
203270,45696
46355,45696
186618,45696
214301,45696
195196,45696
250863,45695
223284,45695
192664,45695
62435,45695
184580,45695
69592,45695
123320,45695
180338,45694
162762,45694
577,45694
156251,45694
28991,45694
211795,45694
528,45694
88503,45694
148475,45693
138872,45693
290900,45693
282808,45693
19727,45693
173617,45693
197548,45693
247106,45693
189496,45693
1467,45693
88776,45693
261318,45692
139167,45692
54973,45692
147324,45692
210145,45692
276740,45692
36721,45692
229497,45691
251147,45691
294279,45691
216507,45691
201138,45691
3511,45691
278414,45691
10957,45690
274589,45690
257284,45690
288003,45690
231617,45690
21274,45690
15703,45690
464,45690
285887,45689
590,45689
115453,45689
270107,45689
254816,45689
173561,45689
269755,45689
282690,45688
182014,45688
265221,45688
284187,45688
100988,45688
254965,45688
289927,45688
119632,45688
52047,45688
285777,45687
229134,45687
63537,45687
121760,45687
237975,45687
166679,45687
20861,45687
272132,45686
8024,45686
243512,45686
205992,45686
153273,45686
221379,45685
181125,45685
7719,45685
290604,45685
263064,45685
282099,45685
241516,45685
260349,45685
2860,45685
284568,45685
201003,45685
261955,45684
290527,45684
264694,45684
237627,45684
260558,45684
174993,45684
177025,45684
240623,45684
218483,45684
243216,45684
133206,45684
219063,45684
2201,45684
237846,45684
249679,45683
80795,45683
39137,45683
251010,45683
295456,45683
228175,45683
213373,45683
208624,45683
274971,45683
63043,45682
266958,45682
266096,45682
8288,45682
283594,45682
262885,45682
69869,45682
274254,45682
257813,45682
254156,45682
154489,45681
5752,45681
175039,45681
142675,45681
251464,45681
239200,45681
118361,45681
271079,45680
257863,45680
2889,45680
280930,45680
226437,45680
222601,45680
208472,45679
280241,45679
215579,45679
38548,45679
183299,45679
290756,45679
164480,45679
218926,45678
280634,45678
170799,45678
252817,45678
167445,45678
231465,45678
194747,45678
293940,45677
89481,45677
174011,45677
14379,45677
151079,45677
296458,45677
55999,45677
137487,45677
289560,45677
254580,45676
100921,45676
256344,45676
211812,45676
1330,45676
264968,45676
255365,45676
227359,45676
76339,45676
205144,45676
277509,45676
110910,45675
66792,45675
242893,45675
287634,45675
249444,45675
8367,45675
275330,45675
39906,45675
174504,45674
188454,45674
203309,45674
200955,45674
285400,45674
285579,45674
166233,45674
210945,45674
314,45674
229516,45674
250338,45673
53583,45673
217699,45673
134767,45673
216402,45673
219335,45672
154125,45672
216513,45672
239512,45672
68753,45672
224680,45672
179417,45671
163226,45671
256342,45671
115644,45671
225317,45671
201066,45671
265017,45671
253202,45670
26654,45670
239132,45670
293465,45669
230667,45669
239110,45669
191012,45669
221049,45669
269542,45669
3643,45669
153963,45668
266673,45668
290109,45668
262463,45668
8780,45668
265976,45668
184141,45668
207882,45668
282915,45668
279312,45667
39337,45667
142366,45667
211935,45667
106589,45667
200535,45667
17909,45667
220054,45667
110522,45667
93946,45667
206219,45666
10554,45666
290406,45666
225477,45665
236714,45665
247874,45665
283298,45665
262148,45665
270647,45665
13043,45665
83,45664
224213,45664
291191,45664
180204,45664
288287,45664
27955,45664
268725,45664
137431,45663
172465,45663
263610,45663
235625,45663
121422,45663
244197,45663
255588,45663
266374,45663
156013,45663
156735,45663
271429,45662
67857,45662
230131,45662
224676,45662
11467,45661
238014,45661
215970,45661
257110,45661
250044,45661
20737,45661
219546,45661
140108,45661
131596,45661
208435,45661
190762,45660
267996,45660
216246,45660
173375,45660
78973,45660
80293,45660
292751,45660
135889,45660
282743,45659
288019,45659
19091,45659
185319,45659
14451,45659
262730,45659
257672,45659
254122,45659
275332,45659
188804,45659
58,45658
232911,45658
96,45658
129316,45658
264086,45658
286032,45658
163167,45658
206492,45658
270015,45658
218136,45658
274532,45657
186935,45657
73683,45657
155231,45657
273301,45657
288301,45656
293706,45656
193902,45656
172693,45656
138936,45656
180715,45655
207123,45655
21010,45655
96769,45655
259570,45655
267546,45655
237163,45655
223385,45654
191681,45654
223916,45654
240693,45654
170552,45654
149406,45654
83062,45654
244768,45654
228209,45654
97308,45654
5607,45654
286936,45654
39864,45653
259945,45653
63470,45653
211995,45653
180870,45653
201893,45653
129367,45653
202840,45653
278579,45653
238724,45652
215837,45652
184730,45652
100911,45652
269064,45652
295155,45652
289490,45652
187858,45652
13666,45652
225348,45652
272,45652
216373,45652
245977,45652
273820,45652
14698,45652
287406,45651
135197,45651
264,45651
146208,45651
9346,45651
225402,45651
220,45651
170337,45651
230228,45650
257686,45650
272953,45650
257851,45650
163606,45650
90837,45650
251003,45650
292484,45650
248591,45650
250598,45650
8383,45650
260405,45649
258836,45649
17105,45649
156434,45649
128451,45649
282122,45649
237908,45649
139585,45649
172867,45649
147251,45649
112726,45648
136942,45648
275439,45648
279790,45648
218987,45648
237371,45648
1181,45648
278355,45648
257418,45648
254836,45648
187374,45647
240700,45647
223020,45647
293348,45647
260749,45647
264760,45647
173732,45647
98838,45647
126236,45646
190733,45646
185712,45646
78877,45646
164063,45646
162067,45646
87105,45646
225576,45645
165824,45645
262456,45645
15527,45645
5068,45645
234303,45645
276212,45644
82347,45644
2817,45644
166012,45644
288073,45644
149440,45644
270092,45644
295324,45643
260223,45643
187394,45643
249107,45643
221726,45643
200855,45643
193000,45643
282902,45643
167619,45643
160365,45643
1932,45643
1238,45642
1308,45642
121521,45642
273020,45642
288298,45642
199819,45641
250400,45641
87668,45641
269163,45641
173792,45641
541,45641
94727,45640
277072,45640
37660,45640
247335,45640
200583,45640
8945,45640
288221,45640
283736,45640
295850,45640
250459,45640
284811,45639
249774,45639
208578,45639
95143,45639
249274,45639
275574,45639
53568,45639
229153,45639
185808,45639
273977,45638
216900,45638
225447,45638
77328,45638
190003,45638
280999,45638
1032,45638
292271,45637
3920,45637
10095,45637
159649,45637
182179,45637
19618,45637
224467,45637
79252,45636
216538,45636
281669,45636
235989,45636
11472,45636
9031,45636
272068,45636
259969,45636
129985,45636
169988,45636
132759,45636
237415,45636
293915,45636
172808,45636
226740,45635
535,45635
263695,45635
282405,45635
274651,45635
209197,45635
128334,45635
260342,45635
185523,45634
295459,45634
153374,45634
32585,45634
151526,45634
291947,45634
227483,45633
89164,45633
245341,45633
106365,45633
82229,45633
233448,45633
270071,45633
202171,45632
22498,45632
277194,45632
113418,45632
278277,45632
20275,45632
292936,45632
239557,45632
232691,45632
243772,45631
256051,45631
531,45631
186310,45631
286282,45631
286617,45631
170010,45631
174767,45631
237634,45631
197872,45631
295359,45631
159073,45631
294040,45630
259714,45630
2104,45630
291963,45630
220518,45630
237827,45630
99260,45630
261580,45630
136777,45630
283494,45630
192471,45629
193549,45629
278937,45629
293066,45629
283662,45629
135452,45629
3956,45629
174807,45629
178892,45629
22961,45628
683,45628
197626,45628
191480,45628
90,45628
12535,45628
582,45628
291206,45628
247481,45628
241019,45628
289103,45628
254859,45628
29995,45627
275163,45627
282504,45627
120347,45627
179189,45627
260713,45627
17849,45627
171917,45626
261775,45626
149612,45626
241796,45626
63447,45626
294571,45626
290735,45626
198806,45626
189844,45626
207860,45626
181190,45626
242257,45626
277485,45625
170226,45625
284021,45625
202147,45625
222434,45625
223983,45625
1949,45625
118433,45625
123840,45625
220891,45625
221160,45625
34944,45625
1316,45624
220443,45624
168194,45624
189550,45624
6841,45624
142153,45624
257279,45624
198882,45623
258874,45623
204501,45623
274492,45623
10916,45623
181929,45623
24891,45623
145819,45623
244127,45623
117233,45623
181528,45622
135087,45622
278898,45622
133896,45622
180641,45622
238252,45622
289868,45622
216158,45621
271261,45621
201241,45621
108416,45621
268339,45621
267650,45621
53665,45621
771,45621
255329,45621
186208,45621
138196,45621
254351,45621
171624,45621
227947,45621
272480,45620
283358,45620
79959,45620
139561,45620
258737,45620
146188,45620
213244,45620
204097,45620
159689,45620
267384,45619
219031,45619
289976,45619
235847,45619
208752,45619
238940,45618
118184,45618
292138,45618
292796,45618
269627,45618
271192,45618
49753,45618
226801,45617
238901,45617
144011,45617
246952,45617
220379,45617
276514,45617
136323,45617
2229,45617
196806,45617
262051,45617
3801,45616
107751,45616
243796,45616
97955,45616
4184,45616
24353,45616
242644,45616
165381,45616
159091,45616
740,45616
231214,45616
247051,45616
269616,45616
258631,45615
280748,45615
431,45615
293346,45615
1357,45615
288208,45615
275896,45615
8704,45614
254922,45614
261585,45614
105094,45614
188409,45614
281602,45614
116234,45613
24976,45613
176623,45613
135681,45613
279044,45613
228895,45613
2790,45613
273249,45613
59118,45613
4407,45612
118999,45612
289442,45612
226732,45612
221264,45612
267179,45612
236748,45612
224566,45611
132961,45611
67437,45611
225112,45611
7926,45611
267473,45611
183015,45611
286024,45611
295262,45611
268019,45611
243528,45610
217891,45610
120310,45610
119619,45610
293526,45610
285443,45610
238094,45609
281385,45609
169879,45609
270986,45609
273982,45609
275792,45609
252837,45609
185292,45609
280420,45609
291918,45609
144096,45609
215794,45609
250222,45609
129018,45609
252656,45609
295038,45609
129104,45608
208643,45608
203735,45608
49732,45608
259735,45607
112982,45607
217244,45607
173953,45607
285205,45607
1557,45607
167756,45607
207813,45607
73,45607
1682,45607
3143,45606
225810,45606
169461,45606
189415,45606
260766,45606
170020,45606
257607,45605
158497,45605
279070,45605
9580,45605
169149,45605
229171,45605
252743,45605
116786,45605
160087,45605
12989,45604
2954,45604
2893,45604
233098,45604
281354,45604
197315,45603
110546,45603
283175,45603
264903,45603
228234,45603
229355,45603
562,45602
212207,45602
280591,45602
80434,45602
199710,45602
270200,45602
294933,45602
9561,45602
230780,45602
176720,45602
103,45602
146229,45602
202304,45601
235066,45601
205246,45601
159339,45601
192866,45601
163115,45601
239202,45601
251047,45601
194043,45601
220998,45601
713,45601
215959,45601
6,45600
2370,45600
270120,45600
64837,45600
292393,45600
259080,45600
11873,45600
225865,45599
183027,45599
235013,45599
20516,45599
180459,45599
20934,45599
194445,45599
181453,45599
102,45599
187811,45599
220855,45599
264947,45598
2758,45598
77059,45598
276832,45598
141202,45598
275584,45598
137913,45598
256391,45598
195312,45597
278972,45597
245480,45597
225927,45597
185260,45597
267959,45597
240042,45597
229721,45597
247444,45597
237814,45597
117514,45596
252458,45596
274024,45596
240044,45596
292822,45596
293428,45596
290457,45596
217773,45596
251369,45596
251531,45596
251903,45596
271015,45595
255542,45595
219907,45595
281910,45595
249341,45595
231014,45595
81985,45595
138418,45595
263460,45595
168054,45595
206266,45594
258818,45594
280809,45594
255337,45594
210858,45594
263450,45594
4391,45594
280836,45593
189429,45593
191730,45593
215828,45593
146360,45593
203041,45593
235218,45593
209377,45593
184358,45593
68724,45593
144174,45592
242604,45592
109403,45592
246034,45592
291751,45592
80301,45592
244352,45592
270706,45592
170902,45592
174765,45592
252568,45592
248821,45591
259790,45591
295979,45591
129126,45591
218680,45591
170192,45591
204759,45591
25311,45591
246770,45591
223380,45590
286894,45590
193460,45590
205187,45590
231498,45590
260482,45590
268956,45590
157652,45590
238496,45589
279218,45589
235088,45589
264618,45589
220364,45589
260636,45589
257301,45589
241745,45589
236608,45589
253560,45589
212278,45589
257365,45589
218788,45589
262833,45589
35471,45589
381,45589
140991,45589
72562,45588
243943,45588
240743,45588
291429,45588
161776,45588
245737,45588
239791,45588
199533,45588
120152,45587
176629,45587
279062,45587
292013,45587
88148,45587
179349,45587
270813,45587
19641,45587
155088,45587
291830,45587
208852,45587
218361,45586
239897,45586
3659,45586
275976,45586
144918,45586
233501,45586
63030,45586
271267,45586
218476,45586
2151,45586
265613,45586
195919,45586
289175,45585
199801,45585
134457,45585
296311,45585
1321,45585
169373,45585
236796,45585
230453,45585
110259,45585
26348,45585
286495,45585
240511,45585
213870,45584
208850,45584
230143,45584
245986,45584
208041,45584
129717,45584
285068,45584
251141,45584
7607,45584
229100,45584
217443,45583
287936,45583
235978,45583
194550,45583
292831,45583
212219,45583
274458,45583
231519,45583
235783,45583
178443,45583
193148,45583
220335,45583
242641,45583
244747,45583
237587,45583
246649,45582
264014,45582
206050,45582
158443,45582
289181,45582
121066,45582
288259,45582
46498,45581
225762,45581
189384,45581
209751,45581
152426,45581
250218,45581
295548,45581
248341,45581
149682,45581
291029,45581
282262,45581
293800,45581
288883,45581
152338,45580
146807,45580
245043,45580
117945,45580
138249,45580
227999,45580
135626,45579
154566,45579
18647,45579
216864,45579
158378,45579
81516,45579
248519,45579
4154,45579
235870,45579
188224,45579
130266,45579
292285,45579
14697,45578
161244,45578
118245,45578
266793,45578
593,45578
71784,45578
267790,45578
54971,45578
253081,45577
872,45577
147058,45577
261281,45577
237452,45577
271785,45577
268386,45577
223290,45577
228671,45577
36657,45576
240904,45576
246900,45576
284730,45576
7189,45576
244602,45576
172571,45576
153579,45576
218189,45576
147703,45576
119516,45576
289774,45576
184785,45576
130570,45576
244613,45575
292074,45575
242593,45575
150872,45575
257015,45575
229787,45575
224629,45575
291013,45575
267800,45575
164325,45574
203381,45574
240992,45574
190145,45574
92920,45574
281441,45574
291287,45574
136839,45574
167696,45574
280297,45574
258897,45574
213212,45574
290933,45573
204665,45573
9527,45573
292725,45573
270196,45573
201948,45573
282155,45572
263934,45572
18518,45572
237477,45572
290960,45572
240274,45572
252364,45572
168073,45572
149462,45572
287897,45572
279305,45572
286572,45572
128762,45571
160756,45571
291897,45571
274537,45571
257684,45571
253333,45571
36362,45571
221669,45571
291202,45570
255332,45570
184727,45570
287502,45570
223652,45570
286825,45570
60657,45570
230951,45570
246164,45570
168183,45570
273386,45570
210116,45570
131272,45569
173664,45569
285780,45569
203243,45569
177438,45569
105941,45569
139907,45569
2920,45569
162200,45569
146245,45568
118593,45568
212277,45568
177809,45568
272775,45568
72291,45568
122995,45568
94085,45568
284860,45568
180640,45568
255246,45567
247548,45567
165885,45567
179440,45567
287935,45567
94665,45567
201743,45567
88441,45567
271883,45567
170343,45566
153027,45566
180500,45566
198746,45566
236861,45566
3903,45566
285249,45566
233767,45565
169498,45565
22537,45565
286299,45565
10756,45565
291951,45565
17196,45565
81451,45564
271309,45564
222701,45564
210023,45564
289451,45564
271133,45564
239869,45564
152687,45564
255529,45564
142693,45564
194230,45564
40842,45564
240952,45564
219533,45563
116415,45563
272680,45563
144261,45563
295794,45563
139811,45563
271851,45563
274561,45563
176932,45563
186992,45563
205983,45563
178897,45563
255485,45563
107012,45563
35584,45563
202423,45562
49371,45562
210889,45562
28013,45562
266018,45562
291899,45561
229746,45561
145578,45561
234438,45561
144605,45561
26570,45561
119902,45561
207166,45561
256091,45561
192824,45561
158841,45561
38822,45560
178568,45560
276317,45560
108760,45560
224029,45560
85719,45560
85,45560
93701,45559
215910,45559
240154,45559
210905,45559
750,45559
170367,45559
198935,45559
160326,45559
292590,45559
8591,45558
61399,45558
119401,45558
252597,45558
173319,45558
291314,45558
262111,45558
31346,45558
269753,45558
200479,45558
6800,45558
184555,45558
218795,45558
181799,45558
80673,45558
256162,45557
279269,45557
117057,45557
30424,45557
42477,45557
103351,45557
21157,45557
244610,45557
269641,45557
117285,45556
213107,45556
88931,45556
264989,45556
129287,45556
285933,45556
292141,45556
29039,45555
169162,45555
278625,45555
240669,45555
530,45555
194358,45555
207839,45555
261384,45555
3690,45555
1260,45555
161987,45555
56112,45554
287797,45554
244779,45554
281976,45554
282482,45554
234955,45554
242422,45554
145534,45554
277827,45554
232085,45554
265471,45554
270363,45553
185180,45553
278601,45553
188043,45553
234224,45553
293085,45553
163279,45553
277304,45553
155627,45553
192358,45553
242618,45553
2636,45552
193562,45552
102055,45552
232521,45552
1468,45552
209254,45552
241095,45551
273065,45551
244470,45551
253620,45551
12929,45551
253392,45551
229198,45550
208545,45550
192978,45550
79885,45550
289865,45550
162994,45550
105343,45550
20750,45550
264231,45550
148043,45550
20971,45549
253483,45549
287888,45549
233685,45549
4678,45549
199436,45549
253079,45549
124513,45549
233687,45549
217257,45549
196771,45549
198648,45549
276434,45549
2971,45548
247627,45548
223869,45548
128542,45548
246991,45548
283343,45548
245844,45548
255761,45548
155424,45548
118905,45548
239525,45548
256938,45548
277985,45548
251162,45548
231538,45548
8658,45548
176078,45548
207917,45547
34644,45547
220141,45547
6846,45547
247520,45547
294091,45547
267,45547
279310,45547
9965,45547
250142,45546
185312,45546
33365,45546
4893,45546
214466,45546
206081,45546
215234,45546
240063,45546
224379,45546
8272,45545
5504,45545
673,45545
191856,45545
122846,45545
290389,45545
231494,45545
15761,45545
278035,45545
26189,45545
6690,45545
256737,45545
280576,45545
2914,45545
281984,45544
162670,45544
134554,45544
280428,45544
27802,45544
273923,45544
208459,45544
162421,45544
128720,45544
203337,45544
248682,45543
267664,45543
246774,45543
261207,45543
186703,45543
147753,45543
258427,45543
276743,45543
228687,45543
70,45543
210680,45543
124605,45543
178283,45543
189518,45542
256221,45542
212090,45542
239362,45542
276631,45542
236213,45542
260905,45542
9130,45542
46501,45542
29536,45542
752,45542
188642,45541
263466,45541
257565,45541
23126,45541
236559,45541
224067,45541
226654,45541
275943,45541
102411,45540
147981,45540
93608,45540
16874,45540
182385,45540
287699,45540
175803,45540
285046,45540
56499,45540
210932,45539
267635,45539
152361,45539
232706,45539
36816,45539
167051,45539
217,45539
13160,45539
184208,45539
2436,45539
273501,45538
251948,45538
7517,45538
2435,45538
170231,45538
2358,45538
295556,45538
128621,45538
206412,45538
202783,45538
274069,45538
210704,45538
285922,45538
105497,45538
218218,45537
244727,45537
251627,45537
262191,45537
9692,45537
235865,45537
156241,45537
206989,45537
208062,45537
137597,45537
295714,45537
207592,45537
46176,45537
117905,45537
169349,45537
129902,45536
188638,45536
195067,45536
193585,45536
163263,45536
168787,45536
214809,45536
176768,45536
245535,45536
114260,45536
278644,45536
218127,45536
295097,45535
197874,45535
131441,45535
240602,45535
267708,45535
271279,45535
260998,45535
261231,45535
1988,45535
215189,45535
254051,45535
3260,45535
79224,45535
149390,45535
472,45535
256497,45535
250553,45535
264105,45535
201343,45535
280235,45535
105149,45534
18054,45534
19624,45534
165753,45534
250671,45534
226590,45534
181569,45534
160190,45534
149160,45534
288139,45533
216227,45533
156253,45533
44302,45533
253435,45533
238351,45533
176853,45533
157889,45533
274665,45533
203631,45533
206823,45533
162115,45533
219090,45533
100508,45533
235618,45532
260610,45532
250899,45532
130532,45532
199199,45532
113823,45532
195962,45532
130411,45532
289686,45532
250471,45532
668,45531
212343,45531
188923,45531
12628,45531
247103,45531
96101,45531
52775,45531
291936,45530
261201,45530
1341,45530
115103,45530
219128,45530
222131,45530
286332,45530
810,45530
24224,45529
201230,45529
293125,45529
396,45529
150791,45528
171581,45528
113363,45528
160400,45528
258038,45528
224091,45528
243048,45528
47462,45528
148702,45528
220556,45528
87638,45528
279168,45527
185484,45527
220259,45527
259384,45527
253642,45527
118501,45527
209596,45527
294430,45527
269128,45527
230844,45527
250966,45526
202106,45526
136762,45526
148247,45526
141559,45526
257073,45526
44118,45526
165855,45526
210130,45526
10510,45526
106284,45525
241224,45525
240931,45525
222346,45525
284283,45525
62451,45525
251227,45525
257316,45525
266584,45525
208276,45525
260472,45525
211116,45525
189974,45525
147506,45525
331,45525
227823,45525
225932,45525
550,45524
203759,45524
1720,45524
267755,45524
271238,45524
248931,45524
219048,45524
238262,45523
210265,45523
78185,45523
290631,45523
61449,45523
282712,45523
24907,45523
101761,45523
286471,45522
205767,45522
150106,45522
97330,45522
80022,45522
212008,45522
208897,45522
287126,45522
511,45522
141612,45522
269231,45522
19476,45521
220016,45521
143608,45521
144162,45521
269013,45521
207850,45521
261385,45521
287487,45521
278004,45520
211833,45520
177571,45520
160296,45520
265,45520
231807,45520
20073,45520
26514,45520
252997,45520
123359,45520
291383,45520
239190,45520
2655,45519
132701,45519
295480,45519
139448,45519
78782,45519
277969,45519
156739,45519
196177,45519
48375,45519
227543,45519
183877,45519
258717,45518
229441,45518
222053,45518
182522,45518
133128,45518
135312,45518
190619,45518
261200,45518
282455,45518
276198,45517
151111,45517
217252,45517
51457,45517
41099,45517
177961,45517
279233,45517
9869,45517
205265,45517
223427,45517
146462,45517
285872,45517
167852,45517
249510,45516
243851,45516
274739,45516
156187,45516
19009,45516
294993,45516
36015,45516
232640,45516
146802,45516
220840,45515
289115,45515
178180,45515
269781,45515
200011,45515
291667,45515
191963,45515
216201,45515
230214,45515
159964,45514
273119,45514
225494,45514
225574,45514
201176,45514
126831,45514
234627,45514
263816,45514
10336,45514
30265,45514
190629,45514
130747,45514
282718,45513
257213,45513
258894,45513
89479,45513
287546,45513
185615,45513
185218,45513
191180,45513
168015,45513
2406,45513
159217,45513
254280,45513
108294,45513
22320,45513
223837,45513
256879,45512
287882,45512
201595,45512
251640,45512
254541,45512
213532,45512
287796,45512
296321,45512
249458,45512
275355,45512
241160,45512
156470,45512
161979,45511
9040,45511
140277,45511
5897,45511
67249,45511
204964,45511
259192,45511
292368,45511
210101,45511
228365,45511
252118,45511
139699,45511
234535,45511
263743,45511
140290,45510
255997,45510
286222,45510
88044,45510
94854,45510
153815,45510
39623,45510
225069,45509
245261,45509
276937,45509
177812,45509
200378,45509
236482,45509
144255,45509
283278,45509
231683,45509
278385,45509
2871,45509
12645,45509
4288,45508
266619,45508
283261,45508
176463,45508
181418,45508
140332,45508
101405,45508
173382,45508
272250,45508
279643,45508
263230,45507
276918,45507
146801,45507
186867,45507
175395,45507
213810,45507
289385,45507
257322,45507
192339,45507
10122,45507
245970,45506
219723,45506
17243,45506
160194,45506
238352,45506
158755,45506
283827,45506
245441,45506
193353,45506
245751,45506
237128,45506
233970,45506
96851,45506
238902,45505
236379,45505
39387,45505
93697,45505
74468,45505
10808,45505
1712,45505
239701,45504
7838,45504
19005,45504
162320,45504
69229,45504
6966,45504
280261,45504
242575,45504
176201,45504
285718,45504
195383,45504
163249,45504
260638,45504
225525,45504
280370,45503
254981,45503
265869,45503
94750,45503
26076,45503
100405,45503
240512,45503
289676,45503
161760,45503
99206,45503
257531,45503
201866,45503
215381,45503
53850,45502
290363,45502
292163,45502
230507,45502
295636,45502
269756,45502
96172,45502
2006,45502
185303,45502
231753,45502
263169,45502
235837,45502
2572,45502
173586,45502
154422,45502
255851,45501
290803,45501
282010,45501
219427,45501
196276,45501
248976,45501
244342,45501
39233,45501
213447,45501
267958,45501
8082,45501
236753,45500
26258,45500
137028,45500
19286,45500
53,45500
275294,45500
285968,45500
235355,45500
191538,45500
268310,45500
277294,45500
208229,45500
237202,45500
294652,45499
226229,45499
160524,45499
176096,45499
243021,45499
124327,45499
285109,45499
12314,45499
240594,45499
24592,45498
170624,45498
248658,45498
27888,45498
263675,45498
201462,45498
210481,45498
183422,45498
95762,45498
261815,45498
204540,45498
279338,45498
263573,45497
247248,45497
210778,45497
214058,45497
247708,45497
248398,45497
242715,45497
247258,45497
93900,45497
2058,45497
107870,45497
293976,45496
73480,45496
242207,45496
99085,45496
128547,45496
290352,45496
238037,45496
16888,45496
284320,45496
175800,45496
257057,45496
271089,45496
43453,45496
158006,45496
825,45496
288414,45496
15758,45495
294144,45495
289093,45495
285497,45495
263297,45495
50432,45495
74765,45495
156620,45495
273326,45495
269361,45494
157829,45494
19126,45494
120901,45494
123672,45494
269851,45494
2735,45494
267475,45494
177805,45494
291845,45493
225284,45493
277211,45493
192037,45493
190045,45493
100561,45493
262107,45493
292685,45493
252554,45493
247332,45493
180969,45492
267090,45492
80928,45492
264715,45492
271,45492
46850,45492
178670,45492
192986,45492
249893,45492
193655,45492
188701,45492
272770,45492
289854,45492
202809,45492
150901,45492
60999,45491
150943,45491
116296,45491
239555,45491
198158,45491
241657,45491
10724,45491
271757,45491
265779,45491
256784,45491
83674,45491
243819,45490
276953,45490
278530,45490
155357,45490
181188,45490
240313,45490
257398,45490
226434,45490
252659,45490
119492,45490
154979,45490
210893,45490
191989,45489
255330,45489
1071,45489
293500,45489
197456,45489
197414,45489
197212,45489
184048,45489
183924,45489
222689,45489
201435,45488
219070,45488
243075,45488
167279,45488
12302,45488
247747,45488
292427,45488
152089,45488
549,45487
241920,45487
98711,45487
163828,45487
235485,45487
284997,45487
210562,45487
270054,45487
250583,45486
231221,45486
221616,45486
263116,45486
187553,45486
172109,45486
224350,45486
55673,45486
262906,45486
246006,45485
227059,45485
243297,45485
181633,45485
186580,45485
263236,45485
38428,45485
140103,45485
13701,45485
71044,45485
280304,45485
258494,45484
187634,45484
131201,45484
120168,45484
272774,45484
280035,45484
43993,45484
200780,45484
1107,45484
190834,45484
225756,45483
253659,45483
286553,45483
190369,45483
228252,45483
147291,45483
107619,45483
294875,45483
235646,45483
210341,45483
160297,45483
109511,45483
254571,45482
163617,45482
249823,45482
83601,45482
5683,45482
200211,45482
142932,45482
262468,45482
268488,45482
5649,45482
109980,45482
221569,45482
295230,45482
209611,45481
219640,45481
153315,45481
228826,45481
269739,45481
261489,45481
133645,45481
240389,45481
162694,45481
245744,45481
277683,45481
222840,45481
170252,45481
295621,45481
291635,45481
11799,45481
238951,45481
77678,45480
257454,45480
175926,45480
2065,45480
248293,45480
274091,45480
246320,45479
249128,45479
140657,45479
208440,45479
261898,45479
22441,45479
294226,45479
240291,45479
226918,45479
163753,45478
220266,45478
195820,45478
204631,45478
262638,45478
228004,45478
147940,45478
143964,45478
274713,45478
224598,45477
169211,45477
48563,45477
273947,45477
273697,45477
237602,45477
140452,45477
229738,45476
210004,45476
