82876,100000
104564,85343
80655,85080
102013,84984
130327,84590
132429,84525
138785,84450
116693,84331
82375,84269
90085,84089
107536,84005
109163,83992
100134,83943
67451,83751
106089,83751
95549,83692
108479,83420
125473,83403
125716,83364
127610,83336
136783,83291
85511,83194
155627,83173
138974,83126
127021,83104
74703,83084
89325,82372
100183,82231
167110,82152
129109,82108
92016,81774
202717,81461
119000,81347
140183,80574
162578,80309
147640,80270
135731,80266
115149,80130
262111,79989
147502,79891
107598,79849
112729,79805
116857,79706
108421,79567
119386,79290
126536,79002
176189,78952
82126,78942
170402,78878
118673,78797
181236,78701
129931,78684
110435,78509
75433,78420
131526,78313
171181,78281
240976,78264
238731,78181
123651,78089
180823,77867
233448,77852
293116,77819
73800,77774
248788,77654
126220,77469
127047,77463
138886,77344
170963,77251
122621,77112
146357,77047
199092,76984
121918,76924
215560,76779
157024,76686
108462,76653
190160,76492
126038,76436
106678,76415
133482,76378
99332,76376
147118,76289
250434,76127
129104,76115
100424,76111
173872,76050
82149,76028
119242,75917
125548,75864
179644,75800
201101,75609
91126,75523
128424,75383
160737,75348
194945,75348
153634,75249
244768,75196
229460,74881
230575,74878
218385,74841
182679,74753
136564,74741
165684,74681
158578,74620
84407,74556
117310,74536
281723,74399
287739,74354
178915,74324
166126,74292
241634,74262
60601,74232
168339,74159
169413,74089
134741,74063
266912,74058
225590,74045
188235,74032
181651,73848
98273,73841
256938,73802
134173,73794
103478,73770
127604,73770
119717,73646
105517,73617
192980,73583
291957,73535
208041,73517
269666,73458
181634,73453
294790,73437
100801,73202
180501,73182
123868,73110
148599,73095
81236,73083
81051,73066
99095,73018
140774,72867
288881,72814
187150,72806
130038,72721
276937,72702
145316,72692
122304,72671
115232,72656
126800,72582
183119,72559
275856,72536
220026,72519
114493,72496
127541,72476
194885,72465
244293,72440
168699,72431
107889,72424
127640,72417
239853,72370
244643,72311
80013,72248
77393,72244
118905,72134
79242,72036
231536,71981
171027,71980
151233,71973
98448,71973
115694,71783
88896,71717
153315,71547
149682,71450
184613,71367
105149,71301
131847,71288
213468,71273
262951,71131
214303,70991
285933,70968
113657,70865
155011,70861
204650,70855
147388,70853
60925,70842
163167,70830
174528,70757
149978,70741
81112,70662
155263,70588
211833,70582
173480,70555
240013,70540
181761,70535
215649,70479
158573,70371
156278,70366
124667,70308
222414,70279
142035,70265
86821,70262
257133,70241
212016,70159
168015,70107
283202,70052
183643,70041
239581,69999
246925,69976
240057,69964
157996,69868
90564,69861
252410,69845
189518,69844
208333,69829
284698,69818
114260,69767
205003,69728
245639,69707
203475,69701
187098,69689
245980,69647
185120,69647
211633,69623
295240,69585
168438,69553
229983,69542
156110,69497
182763,69467
218931,69377
205283,69365
197176,69337
256098,69324
135580,69310
78835,69250
168100,69191
113261,69184
274458,69171
293900,69152
128308,69134
203157,69077
137827,69036
104240,68964
142097,68914
137536,68904
122782,68818
140805,68811
230925,68785
174958,68745
202663,68735
102818,68700
203926,68696
200542,68679
138037,68664
89219,68563
69073,68528
285579,68527
194643,68489
93789,68478
105173,68478
206646,68434
187275,68416
105941,68400
193276,68316
118593,68299
204493,68299
218665,68290
189191,68256
118259,68245
170530,68236
111467,68223
168041,68222
136019,68099
118448,68095
95909,68079
126904,68072
105060,68053
261960,68011
97983,67973
125555,67967
109376,67947
253954,67920
167619,67890
99249,67809
232029,67801
147422,67676
283576,67664
247292,67620
273631,67581
109419,67512
270182,67480
79362,67467
101871,67440
141564,67419
123087,67381
272590,67381
81572,67364
139493,67337
289347,67316
126082,67195
266197,67145
289937,67071
202220,67035
223915,67026
286642,66951
199271,66886
292897,66880
179703,66858
227376,66788
235226,66688
136722,66688
107317,66626
256602,66558
87524,66461
265245,66449
244208,66401
152068,66371
259662,66368
235701,66262
280552,66207
21423,66184
271830,66061
294073,66051
288498,66033
156932,66023
99912,66013
294295,65961
234853,65943
73183,65479
268590,65460
181980,65326
198471,65287
116922,65268
231516,65191
78060,65165
244537,65044
289477,64991
180079,64939
211805,64876
206888,64867
138702,64858
79584,64782
208924,64759
226243,64709
244561,64556
251052,64447
234654,64297
203523,64269
269715,64184
229025,64069
272988,63994
190146,63985
266956,63808
92042,63805
108783,63774
246223,63465
239270,63409
258406,63241
228402,63106
224002,63075
204472,63069
170334,62862
142380,62783
288751,62732
288811,62697
91681,62604
224849,62536
219740,62520
70649,62299
92666,62291
272161,62099
157438,62073
269651,61880
231259,61847
17432,61758
222185,61348
202119,61283
170978,61259
188943,61216
124587,61170
151575,60997
275351,60986
212807,60948
248427,60710
287711,60541
170386,60531
179506,60436
253643,60432
175660,60417
9901,60360
14059,60342
279899,60311
232497,60189
268339,60141
223467,60105
149094,60105
293537,60071
130165,60017
30724,60006
183446,59894
117087,59861
266404,59838
199561,59722
189006,59640
225594,59617
242845,59470
228178,59460
284417,59183
113959,59173
215724,59068
165334,58991
219914,58968
271833,58885
264223,58846
246351,58819
151513,58818
185870,58813
275222,58798
249498,58758
239720,58600
104390,58585
292928,58503
230346,58419
272509,58413
81362,58409
168639,58368
125743,58345
188170,58292
265197,58234
204219,58216
117494,58163
291822,58149
188016,58132
255750,58123
99815,58114
255370,58018
156071,58009
199529,57934
111291,57920
292494,57903
209437,57898
256821,57858
171886,57834
202762,57795
161703,57707
119166,57705
202088,57697
179570,57687
241322,57668
146605,57658
233006,57640
295896,57632
30434,57594
291970,57565
121190,57534
225257,57492
201759,57492
255283,57491
215245,57487
190613,57438
255951,57433
179039,57419
186494,57386
214825,57370
236634,57357
290310,57282
120855,57279
186663,57257
296307,57221
152581,57191
260871,57101
185606,57001
240018,56994
290662,56994
230606,56991
27506,56854
284263,56769
246176,56731
142482,56657
139304,56651
113352,56649
161322,56634
15343,56590
139736,56589
267434,56573
223735,56546
199372,56538
189052,56511
155186,56505
191998,56501
154076,56443
148022,56425
225726,56415
139832,56415
133396,56410
235449,56402
188323,56372
222847,56370
163007,56364
152466,56347
106664,56275
195440,56217
138358,56204
287174,56181
158238,56179
240037,56144
96775,56140
222841,56105
141830,56098
222371,56089
295649,56071
162835,56067
259116,56056
18383,55955
272100,55953
252071,55930
219666,55912
253939,55895
207520,55884
155183,55866
154949,55839
162688,55820
156455,55815
139460,55812
230505,55780
215948,55780
132152,55777
112357,55762
288097,55745
249361,55719
169121,55696
143617,55675
110154,55675
44006,55648
233578,55639
146950,55628
174001,55617
276819,55591
190799,55583
128769,55576
175021,55571
277640,55551
143996,55476
198260,55459
15974,55424
282549,55414
144624,55387
215902,55373
176441,55345
144094,55331
105500,55301
133508,55196
234651,55156
133813,55146
128332,55131
165855,55110
143001,55092
275510,55040
161594,55028
245036,55002
164170,54998
266713,54988
128675,54975
16724,54927
292495,54913
142647,54897
59680,54876
167537,54862
143413,54852
126288,54835
146287,54833
167114,54815
182206,54756
115002,54738
251274,54725
239764,54697
293601,54694
194823,54661
142932,54653
91977,54641
10216,54624
9946,54573
251331,54570
123837,54555
179237,54543
230228,54542
190415,54538
180655,54478
143420,54425
138902,54400
135304,54364
131804,54337
203623,54322
150439,54306
133951,54276
103236,54240
164992,54238
122176,54238
114069,54225
284523,54190
105249,54188
289707,54179
219124,54160
218394,54146
194245,54110
228461,54108
137939,54069
229408,54059
141473,54045
64898,54006
116256,53985
160248,53971
119909,53921
216767,53918
183834,53890
176383,53886
160700,53865
98240,53860
250430,53823
254661,53805
253553,53798
259328,53764
165412,53764
238744,53760
258232,53748
177630,53741
217669,53739
204026,53730
155676,53714
126120,53678
238086,53665
117539,53660
279462,53659
294596,53656
173224,53654
104450,53641
176794,53637
243827,53630
256553,53610
240891,53602
278730,53600
155524,53580
272507,53569
181337,53566
280792,53551
116031,53542
218657,53523
84677,53521
103269,53511
272059,53423
123213,53416
134891,53403
132583,53388
268808,53388
180953,53382
295203,53369
289037,53357
159068,53347
236775,53331
234112,53306
199373,53267
207879,53258
208472,53252
147160,53244
96914,53240
277304,53240
115098,53239
155545,53236
292201,53213
243308,53200
195760,53177
105829,53162
143645,53147
261905,53144
173756,53137
273327,53128
98120,53123
111846,53120
138156,53102
129253,53082
196885,53078
225767,53076
229646,53076
265188,53068
239990,53065
237698,53062
179047,53013
218716,53012
186732,53001
125286,52993
198122,52993
233343,52988
109229,52945
262307,52943
160543,52940
140907,52940
270594,52926
291249,52869
88181,52868
96280,52868
161128,52858
175529,52855
253424,52845
287421,52844
161394,52834
244573,52831
288653,52822
101996,52818
191075,52814
256014,52807
195765,52790
256924,52779
234276,52755
276135,52749
135650,52745
167877,52738
222806,52733
152655,52723
190003,52719
283594,52717
276442,52711
293442,52708
80619,52708
274603,52701
102313,52697
266008,52697
65888,52691
177298,52690
195383,52671
177686,52662
234224,52646
223344,52639
226862,52622
239493,52617
15684,52613
286436,52606
209701,52582
90411,52577
150471,52572
126579,52566
121742,52562
145104,52555
259127,52553
262408,52538
247099,52529
285546,52529
177538,52519
255341,52517
230798,52495
236469,52493
85545,52485
100013,52484
224175,52475
206445,52462
262497,52458
178594,52454
285324,52452
264641,52447
208195,52444
144348,52441
226263,52437
131441,52436
188404,52422
270199,52420
1017,52413
203213,52411
277980,52410
219198,52408
210090,52402
151254,52388
277286,52387
79474,52383
260914,52380
200327,52374
12030,52373
233060,52371
289947,52356
278825,52356
198261,52336
110466,52333
221096,52333
186224,52329
249989,52320
124409,52318
275566,52311
91437,52305
260030,52304
126237,52289
204920,52288
68570,52287
170359,52285
124758,52284
270237,52275
248993,52267
291899,52267
261549,52263
230431,52260
118206,52259
242954,52253
242799,52252
174378,52248
138802,52235
210763,52229
244270,52221
246964,52214
250996,52210
163493,52206
251861,52203
265457,52196
208568,52196
251390,52191
269366,52191
88193,52189
186892,52187
258763,52183
140061,52183
228750,52182
277750,52180
262345,52167
1025,52164
105166,52163
151340,52163
229424,52158
165249,52157
202843,52155
142597,52154
237242,52151
189739,52149
144749,52135
288102,52133
126919,52130
228032,52121
81185,52117
283049,52117
256552,52113
190192,52112
188666,52110
265127,52102
148382,52101
218513,52099
252604,52096
212107,52095
246962,52094
96941,52090
293843,52089
120491,52087
205302,52087
272302,52086
185280,52082
277634,52079
187800,52078
260723,52078
218633,52076
265922,52074
237865,52073
131696,52069
254115,52068
214493,52061
284427,52060
216048,52057
233963,52056
123561,52052
256880,52050
99245,52045
106469,52045
159277,52038
175440,52031
191367,52030
240088,52026
293167,52025
138268,52024
258584,52023
163214,52021
240461,52018
254005,52016
180043,52011
259887,52010
267067,52009
290651,52007
278338,52002
291106,52002
280096,52001
80256,52000
284991,51999
146693,51993
291885,51990
267492,51984
98796,51981
253249,51978
238220,51968
140013,51967
165597,51964
199212,51960
129287,51960
190230,51958
217536,51952
270560,51946
256601,51946
271747,51945
245135,51942
285000,51942
183215,51941
219905,51941
288261,51940
270218,51940
105827,51937
248008,51931
66561,51928
251637,51926
276536,51926
684,51925
117304,51924
113339,51924
198086,51916
273894,51911
173233,51909
280764,51908
125886,51902
274137,51900
243445,51899
95891,51899
196455,51889
287302,51889
200018,51888
145876,51884
207888,51878
243595,51878
199634,51875
91985,51874
289742,51873
191597,51870
259829,51868
246761,51861
218884,51861
240486,51861
229861,51856
285294,51853
249246,51852
207406,51846
154774,51845
231720,51845
182570,51842
259921,51839
247028,51836
276048,51834
223086,51833
266359,51830
283910,51829
167785,51829
237706,51827
161115,51819
286189,51818
263022,51818
168605,51817
274362,51815
286876,51815
228103,51810
142378,51808
160253,51808
124753,51806
181524,51806
204673,51805
254095,51803
205252,51801
174725,51801
254213,51801
116841,51798
215759,51797
217858,51792
117459,51792
277568,51792
240194,51790
273798,51789
103923,51787
177433,51784
226483,51783
205294,51781
255274,51781
268150,51780
261168,51769
204240,51767
158859,51767
143857,51766
257703,51766
181145,51764
260357,51761
132126,51759
75611,51757
254178,51747
176608,51747
272999,51746
234131,51746
236602,51746
196247,51745
162812,51742
186238,51742
85217,51739
176920,51737
169595,51735
291055,51735
273447,51735
59253,51734
275770,51728
203723,51726
155400,51726
249778,51725
147284,51725
146837,51724
167593,51720
278746,51719
129896,51715
218687,51715
268428,51714
203130,51714
242975,51713
186441,51708
157690,51707
235223,51705
136932,51705
242391,51702
250750,51701
229339,51700
208528,51696
161757,51694
246803,51694
286204,51688
240181,51687
202098,51687
290312,51686
166918,51679
249573,51678
74461,51678
159924,51677
233982,51676
212947,51670
278121,51669
183120,51667
293137,51667
182797,51664
241304,51663
277161,51662
130156,51662
254034,51653
268067,51653
270716,51649
240953,51649
239729,51649
184013,51647
174404,51646
123902,51645
276956,51644
140771,51643
225337,51640
286278,51640
138218,51640
234166,51637
254345,51636
174476,51634
295005,51629
209748,51628
223943,51627
102554,51621
131784,51621
58245,51616
267791,51615
110745,51613
213727,51609
207968,51609
263630,51608
134274,51608
270600,51608
196548,51605
285276,51605
235518,51603
201036,51602
198454,51597
109051,51597
255336,51596
269133,51591
224649,51591
213434,51586
231675,51586
155911,51585
131312,51582
237621,51580
259920,51580
235044,51579
262468,51578
254167,51571
293902,51569
150927,51555
202038,51554
251049,51553
165260,51551
270956,51547
198337,51546
136173,51541
123320,51538
255581,51536
178187,51533
273716,51532
252615,51527
156565,51526
208912,51524
191811,51524
180402,51521
271730,51519
96197,51514
285073,51512
140959,51511
204147,51510
203098,51508
98540,51507
259454,51505
228252,51505
256286,51501
279320,51494
256585,51493
101770,51492
250756,51486
295935,51486
148491,51485
194169,51484
235781,51483
102948,51482
237864,51482
265918,51481
222742,51478
151503,51476
90251,51475
89395,51474
274550,51474
247710,51474
165794,51473
261541,51473
208421,51472
224508,51471
127536,51469
235239,51468
143316,51468
235726,51467
201968,51456
162476,51454
247929,51446
225284,51445
251558,51444
259406,51442
87081,51440
129713,51440
191743,51438
189659,51436
211653,51436
285817,51434
200285,51433
146740,51429
226248,51428
129661,51425
220811,51425
195216,51422
239797,51422
191300,51413
98879,51412
190030,51412
277030,51409
257114,51408
17871,51407
194778,51405
148363,51403
197674,51403
238139,51402
270695,51401
242690,51397
166569,51397
236501,51397
258656,51395
291951,51392
79700,51392
214834,51389
266693,51389
246588,51387
170718,51383
272510,51377
208117,51376
122073,51376
113913,51374
133673,51371
141624,51368
141264,51366
160639,51360
274722,51358
159197,51356
224905,51353
105761,51350
148914,51350
274152,51350
226678,51348
228329,51347
136541,51342
139524,51338
142623,51337
295029,51334
96617,51333
199206,51331
246166,51330
126770,51328
277869,51323
234739,51321
140800,51318
229028,51314
135309,51313
262911,51311
250882,51310
249787,51309
239758,51307
283621,51306
271637,51304
248524,51303
162344,51301
284186,51299
215956,51299
127878,51297
143508,51297
202188,51296
235212,51296
93087,51294
285097,51293
245801,51292
243307,51291
213462,51287
249349,51285
185435,51282
145880,51281
200794,51279
243239,51278
259767,51277
261110,51275
144148,51274
225335,51269
206572,51264
294896,51264
171647,51261
282040,51259
193632,51257
111191,51257
141505,51256
178098,51256
288212,51254
218725,51252
184576,51251
199775,51251
181538,51251
238193,51249
272293,51248
239403,51246
271441,51245
246291,51245
267339,51244
258460,51242
215911,51241
171237,51238
226020,51236
122800,51236
197609,51232
128884,51232
241002,51230
233721,51227
201948,51225
163137,51225
282911,51221
146505,51220
227847,51215
249898,51215
231056,51214
127098,51214
268923,51211
255832,51210
245132,51209
179487,51208
272675,51208
211458,51205
177081,51203
176903,51196
192188,51193
125181,51190
234366,51190
296374,51190
134744,51188
95981,51185
186415,51183
186556,51179
241540,51176
22967,51176
147951,51175
158585,51169
230890,51168
193800,51165
120010,51165
270314,51164
282156,51155
144367,51150
270093,51149
178266,51147
293856,51145
285180,51144
279080,51143
161126,51142
147750,51140
108514,51136
87776,51132
123678,51130
188180,51127
124628,51125
240566,51124
239524,51122
181391,51119
221961,51115
162416,51112
281729,51110
254190,51108
186433,51108
129694,51106
142978,51106
256198,51103
138106,51103
152267,51103
166493,51102
144845,51101
123918,51100
253083,51099
99005,51093
203023,51093
286554,51090
144827,51089
254637,51086
70332,51086
254940,51075
222023,51073
263554,51062
135598,51062
262972,51060
13309,51059
88019,51058
236709,51056
157317,51056
293662,51052
225957,51048
293731,51047
189935,51045
182135,51043
261699,51043
65436,51040
269185,51037
198179,51029
217333,51027
133240,51027
77982,51026
122933,51026
144954,51020
245976,51020
245784,51017
169987,51013
283690,51011
270713,51008
258443,51006
189962,51005
111757,51005
233936,51005
226692,51002
231305,51001
11408,50998
247120,50997
240485,50994
191813,50994
160,50993
281270,50986
153637,50983
201828,50983
276527,50981
236325,50981
180857,50979
184892,50975
157217,50973
291353,50972
226445,50967
177226,50966
216959,50966
255783,50966
187953,50960
279055,50960
232134,50956
208211,50954
203807,50949
252192,50944
243698,50944
139398,50942
245220,50939
212685,50936
276334,50934
135514,50934
98068,50931
232588,50930
271612,50924
125259,50924
263298,50921
134827,50920
220638,50917
293894,50916
207482,50916
239778,50912
264269,50904
222624,50901
254801,50900
132867,50899
198174,50895
182365,50895
91037,50891
137461,50880
148980,50875
156983,50874
134921,50868
203142,50867
163465,50864
285461,50864
135154,50864
209560,50860
273065,50858
59142,50854
248982,50851
192865,50849
212944,50846
200774,50841
46524,50840
232143,50839
224730,50837
162288,50836
108035,50831
272177,50829
5747,50828
259994,50824
148515,50824
209657,50823
11065,50820
229564,50818
75511,50812
292553,50807
286827,50801
221995,50797
175162,50795
142729,50794
248004,50792
58583,50791
163409,50790
139612,50786
109364,50781
240735,50779
283598,50779
257501,50779
222531,50779
270035,50776
181550,50774
197966,50771
160091,50770
111838,50769
283189,50768
91635,50766
173846,50764
205004,50762
137631,50757
233584,50757
182065,50752
165388,50752
242915,50747
4443,50746
157547,50745
143464,50736
272218,50736
203387,50735
169887,50730
144982,50730
246656,50730
64042,50720
114740,50720
202567,50718
193893,50717
215523,50716
7340,50713
163241,50708
163900,50704
202948,50699
223136,50699
265470,50697
81574,50695
190501,50693
295741,50686
209891,50675
178436,50674
188660,50670
116868,50662
270071,50661
295387,50658
164788,50652
159499,50650
254533,50630
229385,50627
203239,50627
105698,50627
218469,50623
158580,50623
152198,50623
163220,50617
75082,50594
285676,50592
288303,50592
170493,50589
248504,50587
12513,50583
116398,50582
253964,50578
226918,50576
115273,50574
169527,50567
291281,50560
118130,50560
125425,50556
287032,50552
176298,50549
281017,50549
256235,50548
272885,50547
243686,50546
231174,50533
82165,50528
207085,50525
281893,50523
102532,50520
211193,50518
158202,50515
248817,50506
184210,50501
176909,50500
234323,50495
197586,50486
114095,50485
251179,50481
95131,50480
261705,50479
207896,50477
152804,50476
174395,50471
181477,50469
540,50463
102893,50458
129510,50453
247281,50444
213802,50442
277168,50440
209899,50436
167851,50432
133031,50429
292550,50426
272309,50424
265789,50423
211225,50422
286140,50420
228456,50419
62528,50419
288578,50418
121,50412
133977,50411
268855,50405
275224,50395
217958,50394
220590,50391
213114,50378
233636,50377
86813,50371
228790,50371
237850,50364
278059,50363
283678,50357
90318,50356
265715,50351
203079,50348
186499,50347
78299,50342
46449,50338
282705,50337
109562,50337
72189,50331
155027,50327
212126,50327
289250,50326
9890,50323
133493,50319
210755,50317
187070,50315
185607,50313
249117,50312
127814,50310
158205,50309
262979,50305
143578,50304
108350,50302
192421,50301
119191,50301
287464,50300
188495,50299
273703,50299
120631,50295
98363,50293
143051,50293
192964,50286
204879,50275
79169,50274
243420,50271
256314,50270
243296,50269
94176,50264
83986,50263
165323,50263
90427,50262
213844,50262
82856,50260
226654,50260
106508,50243
242910,50237
112612,50236
255917,50234
292129,50232
271264,50232
289094,50231
266250,50227
252271,50219
219242,50218
117151,50216
279473,50207
202525,50207
245808,50205
80482,50204
225992,50200
111631,50195
289333,50192
224707,50190
260655,50183
244731,50183
199355,50173
6871,50173
144036,50169
276855,50168
160458,50165
190907,50162
145571,50161
225819,50151
45135,50150
230691,50149
196206,50149
257480,50143
172958,50135
287169,50132
184702,50126
74529,50123
136426,50120
198698,50119
109850,50118
113178,50114
91697,50114
261327,50113
288771,50113
155380,50111
295855,50111
282903,50110
167352,50106
212611,50106
141297,50101
250978,50094
160747,50090
174082,50086
214872,50085
86823,50083
291722,50075
211286,50074
9070,50071
170474,50069
206123,50068
118968,50067
97012,50063
226368,50062
174054,50061
209822,50058
293107,50052
185188,50050
139065,50049
186312,50048
255512,50043
166542,50043
180033,50043
100293,50042
238977,50036
266413,50033
249362,50029
250244,50026
162557,50022
179709,50022
102171,50022
147932,50016
275855,50012
90019,50010
21793,50009
255821,50008
219339,50001
267123,49998
27786,49996
269081,49994
180968,49990
15632,49988
272194,49986
154370,49983
279519,49981
161532,49973
156294,49963
186818,49961
8049,49958
239661,49956
149707,49951
245313,49949
52036,49948
184911,49948
45811,49944
256889,49943
285593,49942
214362,49942
137353,49939
189346,49931
158340,49930
123225,49919
56925,49919
144739,49914
111748,49914
252594,49909
190588,49909
152717,49907
293157,49904
90674,49897
98728,49897
253324,49897
276881,49892
230409,49891
97066,49886
266572,49881
181276,49877
251774,49874
249053,49874
171667,49870
296399,49869
133415,49869
228793,49867
162775,49865
141089,49865
251150,49864
234285,49863
180123,49862
148570,49861
293102,49860
238245,49851
58971,49847
197255,49838
118168,49835
271856,49833
156197,49831
289718,49827
287893,49826
258182,49824
246117,49822
95311,49820
6061,49812
226299,49812
265327,49810
292450,49809
51158,49809
22085,49805
132192,49805
233497,49804
194258,49801
267904,49801
260532,49799
260624,49797
215005,49792
83259,49789
132454,49786
295399,49786
273618,49785
261070,49773
253313,49769
107160,49765
295421,49764
116287,49764
245537,49764
88400,49763
180905,49762
150116,49760
159746,49755
156825,49752
114347,49747
76700,49747
288793,49743
183774,49739
261372,49738
245008,49738
200247,49734
287459,49731
127235,49731
177913,49729
173024,49725
96101,49719
283359,49715
181646,49709
196167,49701
276221,49700
265027,49700
112578,49694
8707,49691
244084,49688
294117,49688
216271,49687
174331,49683
233159,49681
237617,49675
40094,49675
121904,49672
156818,49671
171024,49667
48292,49660
119573,49657
149222,49647
109,49643
156274,49639
191909,49639
296113,49639
208893,49638
192403,49638
136993,49636
215600,49634
295477,49631
263178,49628
105146,49624
89571,49623
105956,49617
218176,49615
90550,49614
18604,49611
169848,49609
239404,49609
200256,49608
115272,49606
165409,49604
252984,49601
264048,49598
145254,49596
52312,49596
189126,49595
225822,49595
154848,49594
30369,49593
256713,49592
145195,49590
256019,49588
260559,49585
264947,49582
158079,49579
291972,49579
289312,49579
126173,49579
80431,49578
229977,49576
122593,49576
161795,49575
251380,49571
79249,49570
123752,49570
160831,49570
131739,49568
227646,49568
65825,49566
134099,49566
122398,49564
194718,49563
177565,49560
205848,49559
201226,49555
230230,49552
146179,49550
160537,49550
209926,49548
137061,49548
140619,49547
177101,49546
124892,49545
45453,49544
248859,49537
284757,49536
74033,49534
132703,49534
84666,49533
114848,49533
259133,49531
191059,49527
109854,49519
249643,49515
245299,49515
134869,49512
55352,49512
132526,49510
48431,49508
95618,49507
237381,49506
186020,49504
293734,49503
238829,49502
125024,49493
70555,49491
292618,49489
221086,49487
249714,49484
102899,49484
166779,49482
214190,49480
239223,49479
261727,49475
287025,49472
102482,49467
127638,49463
207083,49461
81568,49459
131078,49458
43525,49456
7628,49453
234698,49446
113785,49444
110436,49442
180156,49439
201114,49439
109614,49439
243759,49438
213350,49437
194956,49435
44914,49434
158889,49434
280613,49432
41638,49431
260381,49426
121921,49426
257524,49424
253157,49422
98001,49419
138679,49416
261150,49416
118590,49409
74616,49409
267352,49407
282468,49402
53078,49400
296553,49400
165946,49398
256784,49397
144074,49395
239840,49395
211544,49395
243165,49395
215758,49390
154062,49390
257696,49389
200759,49388
62098,49388
280234,49387
242993,49384
21600,49383
60676,49381
278527,49380
202203,49374
132638,49364
261674,49362
68595,49360
276128,49359
292719,49358
243640,49356
98736,49355
199832,49355
228556,49355
48760,49355
65854,49355
249051,49349
275700,49348
207655,49344
251129,49344
133202,49343
276410,49341
89699,49340
226122,49339
173043,49338
239149,49337
228669,49333
234385,49329
77106,49328
182738,49325
236920,49323
88127,49321
203662,49318
212907,49317
262838,49316
147465,49312
295296,49311
239002,49305
243176,49302
296509,49300
282374,49295
91707,49294
206612,49291
236535,49288
130043,49288
209135,49286
202032,49286
281083,49276
70400,49273
286475,49269
235407,49267
217479,49259
120630,49255
248936,49255
277071,49255
214642,49254
251238,49251
275559,49250
76487,49249
28271,49249
121249,49248
109313,49246
111848,49246
214741,49245
270768,49240
57530,49239
224900,49239
153098,49234
149894,49233
161647,49230
280701,49228
106294,49226
23196,49222
229376,49219
230383,49210
213880,49202
230113,49200
295803,49200
169268,49200
253176,49193
159984,49188
255845,49180
43715,49179
273581,49178
149497,49177
47205,49174
269119,49173
210663,49173
88460,49172
128908,49172
103806,49171
104982,49167
223800,49167
209303,49166
44084,49166
258037,49156
293095,49153
8512,49153
266380,49152
245578,49150
253503,49149
296463,49147
161280,49146
23340,49142
130144,49141
230750,49140
284030,49137
56208,49136
219565,49136
213001,49134
170296,49133
98237,49130
283298,49130
143402,49124
214828,49124
136868,49120
232936,49120
140070,49118
294410,49118
41516,49114
230635,49113
279380,49112
254423,49107
115986,49105
231926,49104
275860,49104
254483,49103
198139,49103
241614,49101
26783,49101
251153,49098
283236,49094
289724,49092
257969,49091
135228,49088
254205,49086
232583,49083
94571,49082
266797,49079
246448,49076
124458,49076
275026,49075
170057,49075
239331,49070
162919,49069
207289,49069
49505,49067
270988,49066
236331,49066
196409,49065
253285,49065
246695,49064
144939,49063
242183,49060
96171,49058
267532,49057
252442,49055
119419,49054
266001,49053
129829,49050
192875,49049
286526,49048
235926,49045
262608,49041
178101,49041
288887,49037
82362,49037
253269,49034
295888,49031
161968,49030
214964,49022
263467,49021
169662,49019
237636,49019
131711,49018
45799,49016
36874,49014
137393,49014
262724,49012
192025,49010
119587,49009
187607,49007
96211,49007
202623,49006
25046,49001
287520,49000
126378,48996
171470,48987
36859,48986
102286,48977
269143,48975
103384,48975
178377,48971
12661,48970
256677,48967
265038,48966
237557,48965
240107,48965
213915,48962
68230,48961
276588,48959
230080,48957
292224,48951
94685,48951
130253,48947
41452,48946
270310,48944
215039,48943
212973,48943
230529,48941
288489,48941
194943,48939
230853,48938
228361,48935
287625,48934
100106,48934
262568,48931
291782,48930
285708,48928
283574,48927
8134,48923
224076,48921
65895,48919
97150,48915
128367,48912
217673,48912
285844,48912
194871,48910
289881,48904
21366,48902
203273,48902
122038,48902
236735,48897
113510,48893
281472,48893
269034,48891
192343,48888
68643,48886
215746,48884
294207,48883
163133,48882
265541,48881
90076,48880
54285,48877
99322,48876
259376,48873
233315,48873
127187,48871
119980,48871
178197,48869
14209,48867
144055,48864
206575,48861
204428,48860
31347,48859
222320,48856
246462,48855
106246,48855
139354,48854
283278,48853
63932,48853
261487,48849
85798,48848
268957,48847
29869,48842
275442,48841
169016,48841
242812,48840
93083,48839
59158,48836
217716,48836
246710,48835
216526,48835
236176,48834
224894,48831
208133,48830
222029,48827
295236,48827
273523,48826
147756,48825
295264,48824
199906,48822
121385,48820
229098,48820
155570,48820
296586,48819
217320,48817
76781,48814
252628,48813
174986,48812
132934,48812
241132,48807
66466,48805
174488,48800
43404,48797
107694,48796
280298,48795
141793,48792
279170,48791
127385,48791
287068,48787
269505,48784
156891,48777
245711,48777
273103,48774
212828,48774
263522,48772
104981,48772
266573,48771
227497,48769
199197,48769
277983,48769
189958,48768
21840,48763
166641,48761
289459,48761
211294,48761
293739,48760
163047,48759
63317,48757
196340,48757
122105,48755
274551,48755
229556,48752
68780,48752
49450,48752
212301,48751
236580,48749
155293,48749
179415,48745
169356,48745
226880,48739
108271,48738
219939,48735
245941,48735
252239,48734
137713,48732
230823,48732
20862,48731
45472,48730
288725,48730
215344,48727
282923,48725
93612,48724
278748,48721
186256,48721
267519,48721
147768,48719
286106,48719
241346,48717
253894,48716
112209,48715
277559,48715
77539,48715
69673,48714
175017,48714
172572,48714
239429,48713
6632,48713
175257,48712
152514,48712
89421,48711
248314,48707
22347,48707
169812,48703
234939,48700
225976,48698
245374,48698
279395,48696
33391,48695
18593,48692
92199,48691
258197,48690
209510,48690
112498,48689
217501,48689
204784,48689
287176,48688
169719,48687
178497,48686
14918,48685
162674,48685
227972,48682
151178,48682
263832,48682
42259,48681
99909,48679
283162,48678
129027,48677
271952,48675
260406,48673
192114,48672
251731,48670
199964,48669
192778,48668
30300,48667
101688,48667
92288,48667
287512,48666
115137,48663
49819,48661
256078,48660
97767,48659
100533,48657
172840,48656
292392,48654
77213,48653
255258,48650
65355,48650
284758,48650
279182,48649
204149,48646
125776,48646
277059,48644
267925,48641
236263,48640
295385,48639
168300,48637
189829,48637
20211,48637
138850,48631
252351,48629
283016,48629
283227,48626
121667,48625
237354,48625
190752,48621
108229,48621
143174,48620
193063,48618
225428,48617
191261,48617
239519,48616
13646,48616
163955,48615
274972,48613
261394,48612
224383,48611
295634,48610
277832,48606
224675,48606
237898,48604
235070,48604
148481,48604
113090,48602
190053,48600
237801,48597
234785,48597
197723,48597
269660,48596
177288,48595
209992,48592
239441,48588
136085,48587
92901,48585
283971,48584
258246,48583
273397,48583
115714,48581
277289,48580
59257,48579
230293,48577
3194,48575
294599,48574
234997,48574
278624,48574
233984,48573
403,48571
261427,48567
287615,48566
244445,48565
277860,48565
240585,48565
237154,48561
241303,48561
211906,48560
286516,48558
229263,48557
11085,48553
273552,48552
152631,48550
177987,48550
182886,48548
176423,48548
237076,48547
237023,48546
190895,48546
22332,48545
289637,48542
231780,48542
184677,48541
293891,48539
129820,48536
55820,48536
279512,48535
246934,48535
240001,48534
28783,48534
253300,48534
205758,48534
296357,48534
51586,48532
271528,48531
238144,48531
142730,48529
196220,48527
120508,48519
203011,48518
261115,48516
271936,48514
267007,48513
188424,48513
278683,48511
281378,48511
183766,48511
175561,48510
278361,48510
245304,48510
20518,48509
156087,48505
229467,48504
248379,48503
238175,48501
266131,48498
152786,48498
293976,48497
261104,48496
181090,48493
92309,48492
215813,48490
285895,48488
145331,48485
194751,48485
97826,48485
222600,48483
261300,48482
283264,48480
97040,48480
58631,48479
229874,48479
195212,48478
130139,48477
76693,48476
142056,48475
274494,48474
84584,48471
225054,48470
76433,48469
185316,48465
238721,48465
99895,48465
54090,48463
120923,48460
273536,48459
95450,48457
250595,48457
9106,48456
273126,48455
181778,48455
171043,48452
213963,48451
38223,48450
487,48449
199922,48447
75582,48445
219603,48445
90664,48445
140354,48444
54706,48444
260715,48444
52009,48442
213255,48442
143756,48442
67095,48442
190981,48441
292993,48440
233652,48440
285709,48439
292435,48439
225034,48437
138639,48435
245677,48435
132685,48434
274304,48430
188366,48428
186930,48426
13839,48425
294067,48424
126451,48423
292249,48423
286198,48420
198703,48419
219918,48416
291220,48412
157776,48412
277642,48411
52679,48410
178605,48409
46274,48406
98827,48405
290886,48404
156587,48403
169915,48402
272634,48402
56462,48401
288575,48400
109241,48398
110919,48398
127295,48395
219185,48394
71053,48393
79592,48393
161309,48393
175453,48390
231330,48389
87529,48387
293824,48386
262298,48386
196963,48386
173656,48385
170988,48384
238858,48384
246466,48384
132930,48382
198858,48382
284718,48381
202812,48380
211983,48379
40616,48378
8647,48378
224777,48376
256386,48375
185695,48375
286550,48374
244803,48374
194261,48373
157511,48373
273734,48372
203707,48372
179538,48372
210688,48371
209976,48369
265265,48367
9334,48367
56558,48366
292574,48365
26528,48365
243118,48364
195186,48362
265946,48362
136052,48361
189775,48360
226873,48359
90314,48359
191313,48358
198331,48355
203715,48354
285757,48352
209111,48352
120596,48350
90234,48350
194914,48350
258921,48349
238751,48349
208362,48347
270037,48347
224479,48347
290069,48345
248472,48345
239436,48344
92222,48344
292197,48342
252125,48341
116549,48341
271867,48338
199920,48338
121578,48337
246557,48336
259477,48335
237946,48333
252623,48332
206307,48330
293598,48329
158737,48329
213694,48329
213747,48325
151726,48323
242200,48322
195946,48322
223374,48320
132957,48320
214968,48319
202589,48318
274738,48318
99825,48314
189483,48312
265434,48312
193245,48311
201564,48310
27248,48310
255626,48310
4425,48309
197199,48309
197713,48308
147533,48307
196007,48306
194530,48304
119676,48301
244012,48301
255521,48299
233722,48296
257202,48296
144276,48294
289373,48292
296136,48292
291105,48291
270890,48291
241437,48289
261787,48288
177664,48287
284075,48287
191562,48286
222178,48284
292936,48284
228630,48284
292912,48281
228370,48281
274233,48279
83457,48276
229763,48276
244782,48275
213799,48274
264818,48274
212605,48273
273125,48272
160660,48272
169316,48269
251767,48269
100035,48269
116090,48269
133988,48268
239950,48267
138556,48267
277025,48266
216326,48266
288560,48266
211507,48264
64932,48263
171553,48263
277516,48262
85005,48262
190135,48260
251523,48260
191561,48259
54363,48257
270710,48256
108084,48255
165025,48254
251714,48253
269924,48253
254754,48251
267739,48250
278592,48247
251472,48247
293841,48247
281021,48246
276862,48245
267963,48245
255349,48244
274421,48241
175196,48241
293764,48241
198107,48241
280727,48240
265390,48240
229734,48238
287387,48238
264632,48236
233090,48235
288133,48235
153896,48235
154785,48230
215307,48229
207250,48229
237637,48228
134760,48228
241176,48227
283328,48227
205827,48225
227208,48224
79366,48223
140951,48222
236643,48222
137367,48221
190159,48219
124757,48217
82229,48216
73602,48216
233532,48215
277523,48215
63272,48214
106969,48213
248339,48213
276545,48209
229539,48207
172339,48205
61708,48203
82317,48203
213977,48201
237220,48199
178753,48196
154252,48196
45441,48195
240972,48194
181033,48191
239736,48190
145593,48190
289387,48189
248223,48189
46091,48188
280017,48187
237132,48187
168735,48186
286462,48186
132690,48184
44393,48182
224432,48181
236142,48180
193284,48180
207868,48177
296070,48176
131279,48175
197372,48171
270208,48171
245667,48170
256144,48169
176110,48169
104543,48168
273029,48168
236719,48167
267728,48167
233225,48165
234906,48165
230694,48164
277509,48163
262149,48162
262199,48162
150385,48162
152605,48160
247897,48159
107250,48158
156070,48158
205810,48158
283228,48157
237101,48155
201512,48155
95690,48154
192243,48154
184317,48154
221659,48152
229432,48152
142387,48152
281862,48152
206910,48151
52554,48151
55396,48150
257880,48149
68610,48149
206845,48149
122093,48149
217532,48148
106467,48148
232610,48147
261717,48145
272048,48144
115372,48143
84571,48143
221070,48141
226166,48141
191842,48139
70436,48138
243438,48138
273773,48138
222840,48135
245675,48134
27230,48134
274176,48134
194906,48134
282276,48134
288104,48130
256374,48130
278698,48130
260366,48129
268962,48129
206869,48128
11170,48128
16884,48128
175508,48126
170895,48126
262154,48126
280844,48126
68473,48124
266824,48123
244799,48122
289142,48120
274284,48120
113871,48119
473,48118
242064,48117
123300,48116
180718,48116
80593,48116
267111,48115
157736,48113
208109,48113
244380,48113
296451,48113
235510,48112
271769,48112
217850,48112
89470,48109
232982,48109
217966,48107
238249,48107
108050,48107
267144,48106
90141,48105
125952,48103
201603,48101
207371,48101
2158,48101
125522,48100
163022,48100
247088,48099
104782,48097
260296,48095
268753,48095
238261,48092
148996,48091
1214,48090
217398,48090
60045,48089
277041,48088
284307,48087
218541,48086
260700,48085
265818,48084
179737,48083
227897,48082
210173,48082
268868,48081
111744,48080
263601,48080
289339,48078
90771,48078
260662,48078
179236,48076
135135,48076
235402,48072
208967,48071
105020,48071
185294,48071
246917,48070
191733,48069
253843,48068
158841,48068
188154,48068
265566,48066
290921,48065
102978,48065
205738,48064
255348,48063
100871,48062
60832,48062
210718,48062
293230,48062
123580,48061
216279,48060
59484,48059
140596,48059
147285,48058
144706,48056
258520,48055
292284,48051
239887,48051
93258,48051
257244,48051
240131,48050
261588,48050
99546,48049
155876,48048
295041,48048
245583,48047
218952,48046
220598,48045
168832,48045
72732,48042
260678,48041
294560,48040
263493,48040
106683,48038
156243,48038
139058,48038
128420,48038
24136,48036
221634,48036
227203,48035
137743,48035
149763,48035
206794,48034
271958,48034
189618,48033
52903,48033
164252,48032
264258,48031
169029,48031
269094,48030
52454,48030
53760,48030
258220,48029
294215,48028
166014,48026
278503,48026
269957,48026
170890,48025
207157,48025
286999,48024
293275,48023
194066,48023
229832,48022
197603,48021
146572,48021
259272,48021
220578,48020
78933,48020
99742,48020
246514,48019
248438,48018
114306,48015
246912,48015
193547,48015
287994,48015
214629,48014
260414,48013
273152,48013
264702,48011
54331,48011
290230,48008
238876,48005
278803,48004
190521,48003
161452,48003
269885,48003
266313,48001
225882,47998
215653,47998
277507,47996
245825,47996
295789,47995
271203,47995
174981,47994
103271,47994
286211,47994
198230,47993
204518,47993
147618,47992
180451,47992
292242,47992
238817,47990
223238,47990
278202,47988
290317,47987
133738,47987
133072,47987
205279,47986
268653,47984
172615,47984
220806,47983
256419,47982
165165,47978
274937,47978
258352,47976
152985,47975
277462,47975
264239,47974
265440,47973
251422,47973
179153,47973
290527,47973
230946,47973
253026,47973
140062,47972
93322,47969
285875,47967
161474,47967
268032,47966
185300,47966
280623,47966
270091,47966
100968,47966
178712,47964
201066,47962
262434,47961
138049,47961
88131,47960
271960,47960
131221,47959
260875,47959
273558,47959
235969,47958
227494,47957
199584,47957
176145,47955
67795,47955
83519,47952
253916,47952
64216,47952
167915,47951
67857,47950
106609,47949
191210,47949
174993,47948
46404,47947
241662,47947
248521,47947
253043,47946
244612,47945
265997,47945
253237,47943
154079,47941
264753,47940
285950,47939
107963,47939
247508,47938
232470,47938
119654,47938
113293,47938
246214,47937
210539,47937
130997,47936
199777,47936
162229,47935
235233,47935
235055,47935
289510,47934
169184,47933
277337,47933
68209,47932
154467,47932
254230,47931
212473,47929
186373,47929
219899,47927
241664,47926
230812,47925
205508,47924
264993,47924
264068,47923
167133,47921
243614,47920
86549,47919
212574,47919
203375,47919
163163,47918
153979,47917
293340,47915
209309,47914
235451,47913
145564,47912
249269,47910
229941,47910
210276,47909
171625,47909
204851,47907
257539,47906
251465,47906
251513,47905
283470,47905
125196,47905
83859,47905
171586,47904
287502,47902
55845,47901
246104,47901
97328,47901
41458,47901
264571,47901
54125,47900
248013,47898
127060,47898
136369,47898
103168,47897
281019,47897
296366,47897
194409,47895
159876,47893
244411,47893
245488,47892
275496,47892
296400,47891
65648,47890
266786,47888
268851,47888
275005,47888
229949,47886
240238,47885
212781,47884
263464,47884
277207,47884
180003,47881
253091,47881
82243,47881
211568,47881
162145,47878
283791,47878
86409,47878
121417,47877
191944,47877
200783,47877
132612,47877
63377,47876
283709,47875
235350,47875
261374,47875
185832,47872
212139,47872
217754,47870
282290,47870
224146,47868
60029,47866
294153,47866
157524,47865
289963,47863
227712,47862
239268,47862
81353,47862
248191,47861
67161,47861
244762,47860
15152,47860
220405,47860
135446,47860
217197,47859
181112,47859
200289,47858
230670,47858
216939,47857
271765,47857
207494,47857
57075,47856
230947,47855
123981,47855
226734,47854
291628,47854
274181,47852
247230,47851
251584,47851
170248,47849
230020,47849
243321,47849
70479,47849
241273,47848
854,47847
146211,47846
203429,47846
239369,47845
187019,47844
206233,47844
272560,47844
160902,47843
227434,47843
68225,47842
100222,47840
180069,47840
78187,47839
189117,47839
249783,47839
285606,47838
74069,47837
253008,47837
167009,47836
252643,47836
77132,47835
233949,47835
76949,47833
66333,47832
288862,47832
293012,47832
138284,47830
169813,47830
218319,47830
262014,47829
267086,47829
269552,47829
1044,47829
212878,47828
277820,47827
272130,47827
292624,47826
23875,47826
292282,47825
287366,47824
212579,47824
176274,47823
265692,47821
275665,47820
286258,47820
242198,47820
224895,47818
22384,47817
199756,47817
174965,47816
191095,47816
283631,47816
158805,47815
295276,47814
172214,47814
194018,47813
216126,47813
222214,47812
155923,47810
294188,47809
268702,47807
174991,47806
282199,47806
288938,47804
143060,47804
120086,47803
152172,47803
57414,47802
242538,47802
165285,47801
32634,47801
196001,47800
20918,47800
233550,47799
265288,47799
246310,47798
248939,47798
127204,47797
290098,47797
162008,47795
111664,47795
281747,47793
258360,47792
134715,47791
267928,47789
281387,47788
273640,47787
262512,47786
220370,47786
205855,47786
2185,47786
240492,47785
225383,47785
140687,47784
177482,47784
281737,47784
170719,47783
205634,47782
158685,47781
246627,47780
161392,47778
214587,47777
205935,47777
111912,47777
136604,47775
35903,47775
251297,47775
181696,47774
180540,47774
232601,47774
204371,47774
210389,47773
183679,47773
207989,47773
263989,47772
217155,47772
207476,47772
219966,47770
141521,47770
204307,47770
263547,47769
85919,47769
289288,47768
133570,47768
50854,47768
242521,47766
234480,47766
246837,47765
242601,47765
219737,47765
288675,47764
27674,47763
225163,47762
290425,47761
233625,47758
2976,47758
87251,47756
215873,47756
133439,47755
128757,47753
219089,47753
280371,47753
282132,47753
150969,47753
248076,47752
248715,47751
194768,47751
285896,47749
159500,47749
275692,47748
225279,47746
253737,47745
219930,47744
210733,47743
234319,47743
145495,47742
214785,47742
221805,47742
272047,47741
291812,47740
115255,47739
289222,47739
181914,47736
117229,47735
149008,47734
28847,47734
211038,47733
251291,47733
231354,47731
101914,47731
144875,47730
112017,47730
268433,47727
129791,47724
283757,47723
137078,47723
214422,47723
249484,47722
250416,47721
230879,47720
158636,47720
168253,47719
120031,47718
274682,47718
241263,47718
127654,47717
142965,47717
267702,47716
267939,47716
67891,47715
251085,47715
284008,47714
199066,47714
239852,47713
227718,47712
66118,47712
216764,47711
293577,47710
241020,47710
147260,47709
238604,47709
248750,47708
171341,47708
5243,47708
191863,47706
90834,47706
218689,47706
225879,47706
209196,47705
151682,47705
257194,47705
169988,47705
183495,47704
108162,47704
216011,47702
207903,47701
175157,47700
110486,47699
216297,47699
273513,47699
250624,47699
96729,47698
111297,47697
283484,47697
189158,47693
231210,47692
263891,47692
285884,47691
165648,47691
250826,47691
290586,47691
200201,47690
38599,47690
202807,47690
47142,47690
145487,47690
244679,47689
238718,47689
159756,47688
295662,47686
206997,47685
245723,47684
249624,47684
207360,47684
180598,47684
244778,47683
279819,47683
104919,47682
18176,47680
232894,47680
266400,47678
59674,47677
226435,47675
175236,47674
246718,47674
163475,47673
103375,47673
106852,47672
250673,47672
100755,47672
223724,47672
103042,47672
233866,47671
98913,47671
272156,47670
109999,47670
295392,47669
267514,47669
177258,47667
184126,47665
218168,47665
260008,47665
279325,47664
192535,47663
278720,47663
59464,47661
294950,47661
247150,47661
88932,47660
285907,47659
271703,47658
231674,47658
291553,47658
236607,47657
223822,47654
136003,47654
226733,47654
101603,47654
204261,47653
261140,47653
211397,47651
163772,47650
293568,47650
264276,47650
220718,47650
159351,47649
283742,47649
293668,47649
269305,47648
198536,47648
263841,47647
186991,47647
131053,47647
96100,47646
190349,47646
7237,47646
69222,47646
269977,47645
254719,47644
191110,47644
98580,47644
185441,47644
243099,47643
181866,47641
162742,47641
188072,47641
249806,47641
131504,47641
202644,47640
280533,47640
201768,47639
293840,47639
62657,47639
272879,47639
150112,47638
265726,47638
280269,47638
263799,47637
189698,47637
231677,47635
293656,47633
257356,47633
189238,47632
286517,47632
292236,47632
249078,47631
269503,47631
121844,47630
249234,47630
265563,47630
166705,47629
93409,47629
276030,47629
162962,47629
295409,47628
234136,47627
157386,47626
277657,47626
224433,47626
210500,47625
246382,47624
292870,47624
279172,47624
266373,47624
276743,47623
291856,47623
222265,47622
135158,47622
290474,47622
197165,47621
208606,47620
237560,47620
110170,47619
142508,47618
92438,47618
186964,47616
148293,47616
190448,47615
49118,47615
239592,47615
283984,47614
287058,47614
173896,47613
82820,47613
253621,47612
83075,47612
238763,47611
214327,47611
14238,47610
171774,47608
217881,47607
175657,47607
135536,47607
238341,47607
290375,47605
208993,47605
265201,47604
227817,47604
169383,47604
230127,47603
81929,47603
220750,47601
172381,47601
163072,47601
114565,47600
221473,47599
112908,47599
137610,47599
292025,47598
258907,47598
213369,47596
265337,47596
163811,47593
239483,47593
287016,47593
75298,47593
134568,47593
258106,47593
233418,47592
175889,47591
173892,47591
162522,47589
277379,47589
25178,47588
290776,47587
219745,47587
154945,47586
169613,47586
289462,47586
154992,47585
284967,47584
274153,47584
176786,47584
146966,47584
284851,47583
254775,47581
185104,47581
154060,47580
279521,47580
207205,47580
292893,47580
101283,47579
134546,47578
240593,47577
167550,47577
286746,47575
16565,47575
255782,47574
271635,47573
275334,47573
292852,47573
62278,47573
123963,47573
282220,47572
256266,47572
149543,47571
78301,47571
233296,47571
169581,47570
208229,47569
222355,47568
181270,47567
187026,47567
283987,47567
191905,47567
255907,47565
220033,47564
194331,47564
94150,47563
105855,47561
245254,47561
136312,47561
16432,47559
54895,47559
225468,47559
199722,47559
165340,47555
145287,47554
293862,47554
294287,47554
200672,47553
274336,47553
222454,47552
189891,47552
253685,47552
162986,47550
274173,47550
281172,47550
229684,47549
238623,47549
174477,47549
126901,47549
257103,47548
282086,47546
277313,47545
214612,47544
186937,47544
192263,47542
259500,47541
211549,47540
249940,47540
262983,47539
183458,47539
255641,47536
177844,47535
295454,47535
122366,47535
283698,47535
241793,47534
65262,47532
269836,47531
275287,47531
126188,47530
203610,47530
274302,47530
127373,47529
265184,47528
136302,47527
186290,47527
226751,47526
204979,47526
229876,47526
277046,47525
295380,47525
225991,47525
221023,47524
291544,47524
271327,47521
295966,47519
73215,47518
191284,47518
286789,47517
185335,47516
273842,47516
256681,47516
118721,47515
229999,47513
266838,47513
181818,47512
210069,47512
261195,47511
108352,47511
222067,47511
162713,47507
273158,47507
185290,47506
6699,47506
188499,47505
151060,47504
214636,47502
272040,47500
197774,47500
259781,47500
199143,47499
227730,47499
195409,47498
198172,47498
284520,47498
160722,47497
295379,47495
258466,47495
121085,47495
263439,47494
281838,47492
173893,47492
196836,47490
168208,47489
267852,47489
189153,47488
268198,47488
260217,47488
238920,47488
85699,47487
152691,47486
257890,47485
257922,47485
236199,47485
121319,47484
267778,47483
82415,47483
289524,47483
266818,47482
57914,47482
279733,47482
181985,47482
130844,47482
219677,47481
224505,47481
213927,47481
98110,47481
188447,47481
181965,47480
199462,47480
73994,47480
177432,47479
78586,47478
231764,47478
122155,47477
270398,47477
114248,47477
291748,47476
143136,47476
288864,47475
230560,47475
289943,47473
184602,47473
184525,47473
236908,47472
164350,47472
218678,47472
157173,47472
161989,47471
58728,47470
264832,47470
279128,47469
239354,47469
193895,47469
165461,47468
233573,47468
268501,47468
251741,47467
241779,47466
228889,47466
176997,47466
224457,47465
264069,47464
240284,47463
223795,47463
107141,47463
184052,47463
97948,47463
225854,47463
200008,47462
183771,47462
236656,47461
198266,47460
218888,47460
294959,47460
250099,47460
262942,47459
202148,47459
156167,47458
172186,47458
294166,47457
259179,47457
288389,47456
168711,47456
176371,47456
273439,47455
292855,47455
250354,47454
251824,47454
181399,47453
199594,47453
252810,47452
268400,47452
221944,47452
170038,47452
250953,47452
273819,47452
220624,47452
102890,47451
51609,47451
185610,47450
285943,47450
257366,47450
27200,47449
70850,47449
236653,47448
125277,47447
187385,47447
261723,47447
216506,47446
171654,47446
221645,47446
80742,47446
245076,47445
185688,47444
226947,47444
245333,47443
264622,47443
216698,47442
234557,47441
228930,47441
107983,47441
156442,47441
130865,47440
246809,47439
281145,47438
235871,47438
168272,47438
229252,47438
208201,47437
247441,47437
286392,47437
242068,47436
84509,47436
215364,47436
218437,47435
256317,47435
228623,47435
228573,47434
117818,47434
286312,47433
283986,47433
171250,47433
210033,47432
129031,47432
203582,47432
260688,47431
289889,47431
177153,47431
232639,47430
220280,47430
222939,47428
277345,47427
232333,47427
229440,47426
227039,47425
140527,47424
211991,47424
262183,47424
250346,47424
284917,47424
289210,47424
289102,47423
132737,47423
266334,47423
157340,47423
280706,47422
243294,47422
216303,47422
203850,47421
197635,47421
145514,47420
256994,47420
129047,47419
249009,47419
235805,47418
180668,47418
262176,47417
173236,47417
151527,47414
271311,47413
99433,47413
276381,47412
242935,47412
253402,47412
250804,47411
251410,47411
158181,47411
132411,47410
154120,47409
290581,47408
159915,47408
164522,47407
155367,47407
236770,47407
266147,47407
202754,47407
102637,47407
93703,47406
123818,47406
198822,47406
205253,47405
163565,47404
214453,47404
262620,47404
89212,47403
290866,47403
261035,47402
168630,47402
163425,47401
235216,47400
226566,47399
215760,47399
127102,47399
183168,47399
270097,47398
193013,47398
189135,47398
109264,47397
277048,47396
92192,47396
189287,47396
240154,47395
211271,47395
285810,47394
255587,47393
249790,47392
148725,47392
186309,47391
254462,47391
251082,47390
115292,47390
223114,47389
294509,47389
263184,47389
242716,47389
295073,47388
73827,47388
233611,47387
236005,47386
239596,47386
122552,47386
288360,47385
290585,47385
120605,47385
217074,47384
119612,47384
261287,47383
235208,47383
182212,47383
288150,47383
234522,47382
106206,47382
280959,47381
76038,47380
284190,47379
250615,47379
185880,47379
214198,47378
296431,47378
217926,47378
293480,47377
253656,47376
224704,47376
257546,47376
278246,47373
226534,47373
216613,47373
292106,47372
221905,47372
157513,47372
241738,47372
241693,47371
127966,47370
125870,47370
294430,47370
270833,47369
192397,47369
279503,47369
56316,47368
273404,47368
61241,47367
205429,47367
248034,47367
273079,47367
260710,47367
148898,47366
257862,47366
283216,47366
250578,47365
214797,47365
247222,47365
279227,47363
267909,47363
185876,47363
212537,47361
262260,47360
292753,47360
146882,47360
264837,47359
253494,47359
211838,47358
166765,47358
142111,47358
195535,47358
257683,47358
205215,47357
270373,47357
249701,47357
192075,47356
203618,47356
277383,47356
277510,47356
285741,47355
65086,47354
280625,47354
254623,47353
275935,47351
169311,47351
184660,47350
221976,47350
272505,47349
278622,47349
247644,47349
271821,47348
248409,47348
280918,47348
282034,47348
68885,47348
239813,47347
180476,47346
226594,47346
222220,47345
231847,47345
192673,47343
289348,47343
260714,47343
224908,47343
284952,47343
177056,47341
210486,47341
81947,47341
275116,47340
296317,47340
171507,47339
245695,47339
181015,47339
261132,47338
272942,47338
283181,47337
169999,47337
174650,47337
112815,47337
221058,47336
168568,47336
48686,47336
236722,47335
291253,47335
107051,47334
243535,47334
202928,47334
285112,47333
228344,47333
223706,47332
132333,47332
218207,47332
295511,47331
155194,47331
49296,47330
281691,47330
141305,47330
259778,47329
175383,47328
144904,47328
43157,47328
189032,47327
166265,47327
286394,47327
124706,47326
269985,47325
244265,47325
228740,47323
271780,47322
196810,47321
262587,47320
244227,47320
244130,47320
155001,47320
192870,47319
188210,47319
255315,47318
243904,47318
292925,47318
213952,47317
289666,47317
245872,47317
96899,47316
50161,47315
288817,47315
128480,47315
111287,47315
158622,47314
249118,47314
196942,47314
289793,47314
207320,47314
245182,47314
213111,47314
274287,47313
268006,47313
181416,47312
258262,47312
250311,47312
145401,47312
187483,47311
148077,47310
210928,47310
225736,47309
211321,47309
121039,47309
6574,47309
153275,47307
253523,47306
270608,47304
85447,47304
251123,47303
276133,47302
291393,47302
294044,47302
215150,47302
159617,47301
262248,47300
285504,47300
250277,47300
252739,47299
287123,47299
121106,47299
212200,47299
283669,47299
282401,47297
284496,47297
183868,47296
209672,47296
220466,47295
258892,47294
212072,47293
261978,47293
37658,47292
193397,47291
211056,47288
225264,47288
245394,47288
78623,47288
160370,47288
278272,47288
283959,47287
195112,47287
224876,47287
121771,47287
207919,47286
148780,47286
295489,47286
209806,47285
282129,47285
262527,47284
279988,47284
291072,47283
171861,47282
128173,47282
143053,47282
51430,47281
196742,47281
170572,47280
223487,47280
221830,47280
218993,47279
120217,47279
275600,47279
262020,47279
102458,47278
262541,47278
268598,47278
247661,47277
117455,47277
4273,47277
207611,47276
36679,47276
281721,47275
101123,47275
187916,47275
171418,47275
194607,47275
53866,47274
236519,47274
140252,47274
20252,47274
254755,47273
238023,47273
229598,47272
112502,47272
61430,47272
253143,47272
224996,47272
177131,47271
210372,47271
150576,47271
108699,47270
223908,47270
101809,47269
62097,47269
261437,47269
106896,47268
211667,47268
293254,47267
176005,47267
219993,47267
190418,47267
282522,47266
36197,47265
272030,47265
200330,47264
243717,47264
224586,47263
234823,47263
280948,47263
161529,47262
284788,47262
274873,47261
244232,47259
230922,47259
201449,47259
198004,47258
211209,47257
223710,47257
24,47256
200207,47256
86980,47256
149614,47256
182051,47256
895,47256
285776,47255
262731,47255
249299,47254
223391,47254
123172,47253
238178,47253
237579,47252
233630,47252
150048,47252
189858,47252
125696,47252
208894,47251
214442,47251
251576,47251
293606,47251
281825,47250
241519,47250
289119,47248
156273,47247
186629,47247
267989,47247
259356,47247
238928,47245
222165,47244
223656,47244
127334,47244
209573,47244
253393,47244
189281,47244
122083,47243
148623,47243
288464,47242
287066,47241
248587,47241
243329,47241
281026,47241
207460,47240
270892,47240
77189,47240
134437,47239
294517,47239
229035,47239
295019,47239
154355,47237
75975,47237
2092,47236
261094,47236
223774,47236
125981,47235
197502,47235
214439,47233
145725,47233
247882,47233
835,47233
273227,47233
256787,47232
278498,47232
247612,47232
288927,47232
293728,47231
267069,47231
250451,47231
233452,47230
263288,47230
286248,47229
140002,47229
187140,47227
143757,47227
187675,47226
118328,47226
130984,47226
92752,47225
167019,47225
191673,47225
285069,47224
286482,47224
269912,47222
163846,47221
78926,47220
172977,47219
287606,47219
107900,47218
239030,47218
147644,47217
296099,47217
209894,47217
200373,47216
208991,47216
188544,47215
294855,47215
269716,47214
236490,47214
168802,47214
147137,47214
280177,47214
160941,47213
263061,47213
200715,47213
185786,47211
179849,47211
221993,47211
283752,47211
256113,47211
98104,47210
246678,47210
264431,47210
236422,47209
69442,47209
173172,47209
276839,47209
276732,47209
236077,47209
233824,47208
292534,47208
254463,47208
79944,47207
185574,47207
252666,47207
274725,47207
214044,47206
232065,47206
189922,47206
256396,47205
162717,47204
247790,47204
139349,47204
291038,47203
292083,47203
210094,47203
213143,47203
271314,47203
198444,47203
149575,47202
211657,47202
245026,47202
106143,47200
202181,47200
287282,47200
268116,47200
183082,47200
260548,47200
162082,47199
187440,47198
289350,47198
282985,47198
194315,47197
49080,47197
266417,47196
169067,47196
150230,47196
204792,47196
207755,47195
290106,47195
194144,47195
142217,47195
102163,47195
247709,47194
282349,47194
163053,47194
178148,47194
223877,47193
135088,47193
280898,47193
223418,47193
210641,47193
216142,47192
65077,47192
166319,47191
124126,47191
4202,47191
205795,47190
210250,47190
237051,47190
225066,47190
267428,47190
238224,47189
276554,47189
294435,47188
259149,47188
193913,47188
252368,47188
140486,47188
285483,47188
268406,47188
154604,47188
232829,47187
129779,47187
13658,47186
237667,47186
166082,47186
279518,47185
280318,47185
191377,47185
170233,47183
257410,47183
247403,47183
265094,47183
134736,47183
190514,47183
292588,47183
291314,47181
280647,47181
59642,47181
284457,47181
153263,47181
250095,47180
212835,47180
115772,47180
142698,47179
215022,47178
266878,47178
182011,47177
196243,47177
157587,47177
255431,47177
67201,47177
62004,47176
244332,47176
126645,47176
144447,47176
248309,47176
112428,47176
281435,47175
248555,47175
296279,47174
249046,47173
190782,47173
146271,47172
282978,47171
170086,47171
172282,47171
255558,47171
180044,47170
236314,47170
228894,47170
240235,47170
187421,47169
270549,47169
147200,47169
285853,47168
242525,47168
119244,47168
268459,47168
260567,47168
252009,47168
222817,47167
124601,47167
63362,47167
34545,47166
17319,47165
296577,47165
255107,47165
230541,47164
293100,47164
232575,47163
209533,47163
229974,47163
176985,47163
271022,47162
245368,47162
229302,47161
247201,47160
198771,47159
87250,47159
202362,47159
127141,47159
128946,47158
168003,47158
223948,47157
153158,47157
154301,47156
237329,47156
210617,47155
283741,47155
92863,47154
207249,47154
274862,47154
159593,47154
152428,47154
40697,47152
182071,47151
163196,47151
252396,47151
152424,47150
119705,47150
282188,47150
213414,47149
206780,47149
269248,47148
224728,47148
151797,47148
206381,47148
181137,47146
253480,47146
146654,47146
114838,47146
160152,47146
100418,47145
251620,47145
267218,47145
192829,47144
283370,47144
153645,47144
197865,47143
187511,47143
128127,47143
281725,47143
227470,47143
163798,47142
294816,47142
198612,47141
216444,47141
252889,47141
200746,47141
201464,47140
35477,47140
201121,47140
184712,47140
152109,47139
217495,47139
2356,47139
215731,47139
241363,47139
146793,47139
286864,47138
248118,47138
197457,47138
152963,47138
118957,47137
244600,47137
170042,47137
251120,47137
187582,47136
147075,47136
167381,47136
229667,47135
158520,47135
150915,47135
231756,47134
117142,47134
137500,47134
99499,47133
179573,47133
178408,47132
246970,47132
217039,47132
98815,47132
205954,47132
185030,47132
226347,47132
254366,47132
133501,47131
296121,47131
104906,47131
165933,47131
129568,47130
195895,47129
290189,47129
206386,47129
100506,47129
1332,47128
111355,47128
148869,47127
176142,47127
134316,47127
207283,47127
202113,47126
261596,47125
272808,47125
285304,47125
273728,47125
36168,47124
264485,47124
157831,47123
278590,47123
153314,47123
283044,47122
163826,47121
224779,47120
275921,47120
245087,47120
72957,47120
273296,47120
187985,47119
292401,47119
253135,47119
20633,47119
145892,47118
296287,47118
150215,47118
106454,47116
126422,47116
225699,47116
91080,47116
150167,47116
296280,47116
99341,47115
92314,47115
169326,47114
196584,47114
259935,47113
279859,47113
294555,47112
234629,47112
172960,47112
255027,47112
286686,47112
251019,47112
173414,47111
172337,47111
147719,47111
262916,47111
237938,47110
267333,47110
277731,47110
286006,47109
215218,47109
250350,47109
276557,47109
232852,47108
145617,47108
179282,47108
220994,47107
252711,47106
209953,47106
127533,47105
30872,47105
276772,47105
276244,47104
46340,47104
33118,47103
277557,47103
117561,47103
218283,47103
142957,47102
159469,47101
139825,47101
286791,47100
221600,47100
202151,47100
233504,47099
293759,47099
290288,47099
172123,47099
184374,47098
258963,47097
209906,47097
223780,47097
248728,47097
254839,47097
142874,47096
245156,47096
153354,47096
93540,47095
258677,47094
250802,47094
99290,47093
282496,47093
168563,47093
150338,47092
234535,47092
145389,47092
206158,47092
204765,47091
163508,47091
279428,47091
164932,47091
128673,47090
295414,47090
261923,47090
119792,47089
198566,47089
250050,47089
183234,47089
141192,47089
205421,47088
281443,47087
197903,47087
218388,47087
137126,47086
58974,47086
246290,47086
106335,47086
152203,47086
107525,47085
279396,47085
96356,47084
236747,47084
283041,47084
107840,47084
152688,47084
170064,47083
133062,47083
166125,47083
26205,47083
203579,47082
237156,47082
162971,47081
173804,47081
115159,47081
277959,47081
271970,47081
281096,47080
145541,47080
292084,47078
234331,47078
99507,47078
75146,47077
264586,47077
200886,47077
292854,47076
249483,47076
292669,47076
288914,47076
243545,47075
283391,47075
900,47075
203740,47073
152496,47073
236900,47073
220168,47073
208739,47073
99695,47072
253045,47072
252474,47072
194154,47071
237972,47071
89346,47070
281601,47070
257869,47070
269317,47070
220060,47069
131233,47069
288729,47069
202941,47068
213048,47068
80580,47068
286723,47068
254909,47068
289032,47067
65562,47067
151056,47067
200510,47067
291335,47066
248691,47066
280343,47065
192155,47065
141754,47065
180159,47064
278981,47064
238030,47064
273663,47063
137012,47063
194974,47063
277396,47063
121973,47063
240062,47062
210844,47062
257049,47062
265854,47061
270399,47061
288917,47061
3465,47059
269197,47059
246996,47059
265758,47059
240261,47059
237941,47059
165537,47059
238628,47059
287432,47058
270292,47058
295370,47058
147947,47057
217023,47057
87757,47057
38103,47057
146281,47057
207737,47057
117096,47056
100510,47056
94792,47055
214965,47055
161422,47054
223274,47054
296051,47053
215030,47053
240251,47053
182034,47053
258810,47052
195148,47052
90388,47052
267393,47052
156663,47052
294847,47051
262672,47051
281677,47051
267534,47050
108495,47050
240808,47050
255911,47049
261630,47049
293017,47049
168829,47049
210202,47049
208813,47049
170095,47048
140539,47047
234609,47047
251168,47047
178727,47046
165796,47046
123181,47046
164246,47046
126587,47045
126197,47045
272280,47044
214015,47044
276365,47044
275647,47043
110871,47043
224978,47043
182437,47043
170593,47043
202982,47043
206420,47042
130967,47041
213814,47041
182241,47041
256750,47041
12544,47041
279049,47040
259289,47040
201651,47040
206584,47039
244574,47039
194078,47039
54240,47039
257843,47038
105590,47038
238345,47038
233768,47037
276021,47037
205046,47037
233271,47036
153592,47036
203409,47036
211728,47036
157112,47036
211232,47035
242661,47034
32,47034
189297,47034
259789,47034
89015,47034
149366,47034
269844,47033
284858,47033
218378,47033
124881,47033
283780,47033
99611,47032
268714,47032
284946,47032
250002,47031
284884,47031
281796,47031
223730,47031
258581,47031
260573,47031
242370,47031
256968,47030
285815,47030
113754,47030
