8792,100000
33219,53215
148910,52758
186991,51851
195728,50942
30883,50733
292710,50019
5015,49902
54063,49898
290849,49895
984,49693
57231,49688
127718,49673
163915,49644
213271,49637
22673,49585
142361,49512
138952,49404
175592,49300
280239,49298
18266,49266
18940,49114
162701,49012
160414,49000
212992,48980
24951,48934
212595,48873
190766,48865
64345,48856
26484,48814
235674,48767
225781,48764
25391,48763
141983,48747
14608,48729
7751,48720
71340,48703
63505,48568
92822,48557
210841,48553
5259,48552
22954,48533
29006,48531
274190,48524
288047,48502
286546,48470
1905,48469
80669,48439
103847,48417
114548,48416
267506,48381
7615,48369
194873,48368
237205,48339
88441,48338
4660,48310
128490,48291
168553,48290
19610,48247
270669,48233
37785,48210
48070,48193
100799,48179
207629,48177
109424,48175
261819,48174
266318,48171
211681,48169
267657,48167
196561,48154
212465,48150
54281,48134
150062,48134
100374,48124
239606,48074
125828,48062
6685,48057
111799,48056
204568,48048
95843,48034
234023,48032
28039,48032
55645,48013
76224,48011
223451,47987
83701,47973
60408,47965
57859,47962
272483,47914
13427,47898
294361,47894
210262,47889
50630,47888
218302,47866
241123,47863
176375,47862
203078,47854
47036,47853
204575,47851
23666,47823
62497,47821
116197,47820
72919,47815
182313,47813
963,47805
179829,47788
291587,47787
139860,47778
14884,47769
240674,47765
50798,47765
235255,47754
144260,47731
194726,47724
17698,47721
10653,47703
204478,47699
233668,47684
25598,47678
67919,47671
15300,47663
83694,47662
19843,47661
171772,47657
161844,47649
2857,47647
237950,47630
4880,47624
120252,47616
27096,47612
24160,47584
29791,47581
62426,47572
17226,47567
39434,47562
98442,47560
5791,47551
23013,47546
228196,47534
145800,47525
178133,47520
91538,47512
31049,47511
65286,47503
205153,47494
39722,47492
88171,47487
124649,47484
188959,47481
265518,47481
140348,47468
59884,47467
174305,47459
57119,47455
84370,47448
260595,47446
227270,47434
232438,47423
257415,47418
222262,47414
222945,47413
228528,47411
295792,47408
212625,47407
18735,47406
1963,47374
171729,47366
166894,47359
127286,47354
19484,47348
162095,47346
53542,47343
265242,47331
241681,47330
25169,47326
99167,47322
90437,47322
149006,47316
19692,47314
154628,47314
235488,47303
99965,47298
24857,47288
163405,47287
25820,47276
7948,47272
64947,47270
227524,47263
189816,47253
275240,47245
267747,47241
27368,47225
224658,47221
47920,47220
199554,47201
68304,47194
29071,47191
218160,47184
213964,47177
227952,47175
207077,47175
93986,47170
289329,47168
3625,47165
51077,47153
242701,47150
113479,47137
232468,47107
31058,47105
28119,47096
223771,47095
177186,47095
126936,47091
16611,47088
295911,47087
90132,47087
229880,47086
4264,47082
206287,47081
139066,47078
13192,47076
10463,47074
10296,47073
289728,47072
235164,47071
143046,47068
11024,47064
175593,47062
54129,47058
251246,47057
32547,47051
156272,47046
145882,47045
3459,47043
255943,47042
296180,47040
40327,47038
15801,47037
195103,47016
112573,47016
131505,47013
21126,47008
241294,47001
261331,46999
108700,46998
163295,46998
108833,46998
134970,46997
286695,46996
38992,46991
98105,46986
251587,46986
140855,46983
168320,46978
279347,46977
178012,46974
14450,46973
23708,46967
76659,46966
107013,46963
190731,46962
173153,46961
257037,46960
86982,46945
260557,46945
1544,46943
282787,46941
126292,46941
5035,46938
201261,46935
123316,46935
57331,46935
10995,46930
1067,46929
219281,46927
162141,46924
1404,46920
144674,46920
279500,46919
249158,46911
108456,46907
197763,46904
125001,46903
69100,46900
87339,46900
31729,46899
74133,46896
70035,46896
185308,46893
49195,46890
158467,46886
166019,46885
62775,46884
272473,46883
220062,46877
272880,46874
249852,46873
280599,46873
97198,46867
18800,46865
154765,46863
62516,46860
93543,46859
228154,46859
79197,46855
25267,46854
179126,46852
61642,46852
28865,46846
103047,46842
93765,46838
28657,46837
14887,46836
52635,46835
235131,46834
19908,46824
193008,46822
217224,46821
1590,46820
37617,46818
44845,46818
295398,46815
63185,46814
32664,46813
53811,46811
118398,46811
254390,46810
132985,46807
153160,46804
11637,46803
289514,46801
35922,46800
2386,46796
260427,46795
190229,46794
182397,46794
138965,46791
22018,46790
207670,46788
26586,46786
296179,46785
214682,46784
46722,46781
3120,46780
279324,46777
117167,46772
217029,46769
4391,46768
40784,46766
9150,46764
17524,46763
249439,46763
239522,46760
206507,46758
233559,46756
86713,46750
169986,46750
13251,46750
207953,46749
168053,46749
53003,46746
23496,46743
220786,46738
41649,46738
166247,46734
24774,46734
233588,46732
140465,46724
226613,46722
6560,46722
35281,46721
19182,46717
32668,46716
243812,46716
224863,46716
260108,46715
160320,46714
36045,46708
279896,46707
165179,46703
232403,46702
240965,46702
121058,46702
164137,46701
155101,46700
25693,46699
41330,46694
107918,46687
65153,46686
150804,46685
281799,46684
204199,46683
260666,46683
78261,46681
25190,46680
114332,46679
9181,46675
86601,46674
267286,46671
227276,46671
172823,46666
19419,46666
179390,46664
175238,46664
286033,46659
162687,46658
248997,46658
281509,46658
281938,46658
250172,46657
259626,46657
94260,46654
183220,46654
141080,46654
287762,46653
268437,46651
230445,46649
173925,46648
4912,46641
122014,46638
137698,46635
288900,46635
31773,46629
28092,46628
95383,46627
274456,46626
11309,46625
193645,46624
210748,46624
240557,46623
177730,46623
14722,46622
22669,46621
47249,46616
207313,46615
89897,46612
171532,46611
61170,46610
184388,46601
48199,46597
158103,46596
204322,46595
154267,46588
150551,46588
235305,46587
49340,46583
231167,46579
31523,46576
64713,46574
61559,46574
70069,46572
247953,46572
54112,46571
111454,46567
8507,46563
99595,46562
260631,46557
290622,46554
22315,46554
251837,46553
261872,46553
20009,46548
195322,46542
273159,46541
120744,46541
62853,46539
271559,46538
171057,46537
292619,46537
83537,46536
144215,46535
166808,46534
205869,46531
247899,46529
97325,46529
7413,46529
1327,46529
261089,46528
211801,46528
130302,46528
135628,46527
19003,46527
207184,46527
9473,46525
96810,46523
193390,46523
286460,46522
96627,46521
20940,46520
161595,46518
2043,46518
56918,46518
101370,46518
32627,46516
28436,46515
228061,46513
43338,46508
71127,46506
192459,46505
87442,46503
154284,46502
61407,46501
203323,46499
106998,46499
56665,46497
239137,46493
294980,46492
20926,46492
74176,46492
238827,46492
229825,46489
233137,46489
89485,46489
263756,46488
266575,46488
161764,46488
254210,46481
39689,46481
141367,46481
90673,46479
7995,46474
47820,46472
292348,46472
234066,46471
8924,46471
259355,46465
219696,46463
244776,46463
76763,46461
57197,46459
220630,46458
57071,46456
199948,46455
43717,46454
103607,46453
71608,46452
281121,46449
143047,46449
160390,46447
278220,46447
291203,46447
200649,46444
256353,46442
275081,46437
85087,46436
77610,46433
280075,46431
251432,46430
1788,46430
201754,46429
286076,46429
261465,46429
148816,46428
82249,46428
134978,46427
278233,46427
19637,46426
131621,46425
163265,46425
223648,46425
290832,46422
211139,46422
101624,46421
249942,46417
49781,46417
21467,46417
133161,46417
34316,46416
252538,46415
103019,46415
281427,46412
199680,46411
18247,46411
94620,46411
76559,46409
144212,46407
86762,46407
34807,46406
38595,46404
246089,46404
86565,46404
257798,46403
27369,46400
54798,46399
33448,46398
56438,46392
14168,46391
247663,46391
209833,46390
268611,46389
213785,46388
278029,46387
24130,46386
235159,46386
247353,46386
16192,46383
206037,46382
282461,46381
72461,46380
164033,46378
253518,46375
97558,46374
238244,46374
243991,46372
49667,46371
243786,46369
267608,46369
292057,46369
56794,46368
197049,46367
12957,46364
11775,46364
35784,46359
109416,46358
155435,46357
238305,46357
101120,46356
5257,46354
89819,46353
154688,46353
60852,46353
206600,46352
122147,46350
112819,46348
281372,46348
216973,46348
96572,46348
117892,46348
278719,46345
53226,46344
220910,46343
211429,46342
52205,46342
161730,46341
180987,46341
242105,46339
268385,46338
88664,46334
260978,46332
212591,46332
188203,46331
276603,46330
61029,46329
195002,46328
140874,46328
284123,46326
122329,46325
97621,46325
25413,46323
261051,46323
253160,46323
69214,46322
39145,46322
274835,46321
235156,46321
241545,46320
28526,46319
225450,46318
38926,46316
81895,46315
260979,46313
17389,46313
151959,46311
103154,46311
276994,46308
227097,46307
138571,46307
20967,46306
25180,46306
268897,46304
294208,46304
135243,46304
97930,46302
203758,46300
110862,46297
98194,46297
112937,46297
8089,46295
191375,46292
221623,46292
26774,46291
127153,46289
63460,46288
29599,46287
19587,46287
252529,46286
219253,46283
20693,46283
290842,46281
21582,46278
280263,46277
287939,46276
194333,46276
204304,46275
98235,46275
72837,46275
32132,46274
20575,46274
266518,46273
248143,46273
201099,46273
117484,46273
214438,46271
291126,46271
62805,46271
73168,46270
268317,46269
82802,46269
63664,46269
101548,46267
164977,46265
164858,46265
13596,46263
183619,46262
251866,46261
282916,46260
274867,46260
136196,46260
28489,46256
178449,46255
101667,46255
9239,46255
28255,46254
283142,46251
38449,46251
272546,46250
215126,46249
149360,46246
232782,46245
180771,46245
151879,46244
284127,46242
216368,46241
236180,46241
166798,46239
154671,46239
243627,46238
188216,46237
75519,46236
289833,46235
219026,46234
19546,46233
10696,46231
231769,46229
220289,46229
35862,46228
47360,46228
230895,46228
222608,46227
25254,46226
63807,46225
93495,46224
17944,46222
143724,46221
294486,46220
295646,46219
36537,46219
293475,46219
115732,46218
124195,46216
184427,46213
230456,46210
17618,46209
90953,46208
110266,46208
101128,46206
205417,46206
47568,46206
45664,46203
1578,46202
193695,46201
77566,46200
29307,46198
241327,46196
18792,46196
142272,46194
175376,46192
16471,46192
165457,46191
233479,46188
44269,46188
46747,46187
186801,46186
265428,46186
9617,46186
83366,46184
104141,46184
211106,46183
294288,46183
296125,46183
28251,46181
270297,46181
74288,46180
15787,46180
134233,46179
173208,46178
206616,46177
5049,46177
212109,46177
273445,46176
110729,46176
97141,46175
270610,46174
90910,46173
69567,46173
215014,46173
258101,46172
257299,46171
100656,46170
155852,46168
225750,46167
179124,46166
180394,46166
284007,46166
112220,46165
216090,46165
159163,46162
206452,46161
49916,46160
168839,46159
194392,46158
183803,46157
84722,46157
292302,46156
22915,46156
229187,46155
87631,46154
117616,46153
274658,46153
21590,46153
111891,46149
287665,46148
9767,46148
128983,46148
100789,46147
87921,46147
108960,46147
288041,46146
209634,46146
208488,46146
190934,46146
148757,46145
132800,46145
203186,46144
268120,46141
88743,46140
29914,46140
243335,46140
99884,46139
260063,46139
106127,46139
20155,46139
3213,46138
35950,46137
29008,46137
40852,46137
22642,46135
77753,46135
108531,46135
90598,46134
45724,46134
91123,46133
279243,46132
294128,46132
25023,46131
125934,46131
282926,46131
22533,46129
21345,46128
266026,46128
13318,46128
10955,46128
66790,46127
193094,46125
5705,46125
84171,46125
147923,46123
192807,46123
287616,46122
242209,46121
271561,46120
54860,46119
277753,46119
233576,46119
294143,46118
126331,46118
261295,46117
5662,46116
52839,46113
13518,46112
268782,46112
94647,46111
74523,46111
136143,46111
136355,46110
137647,46110
4551,46109
164276,46109
200188,46107
174578,46107
273924,46107
270267,46103
56780,46102
174778,46102
162886,46101
262594,46101
169245,46101
67441,46100
35813,46099
193323,46099
243430,46099
280377,46098
40387,46098
21747,46097
105876,46094
274357,46093
70607,46092
176104,46092
227485,46092
149252,46091
64069,46090
80523,46089
129145,46088
61423,46087
64551,46087
295027,46086
125069,46085
78976,46084
286246,46084
183715,46083
94653,46082
151815,46082
4730,46082
288083,46081
283896,46081
225358,46081
9263,46080
121184,46079
197341,46079
62120,46079
288181,46078
167440,46074
192701,46074
161324,46073
36596,46073
79573,46072
281705,46072
66200,46071
16647,46071
224977,46070
135283,46069
273374,46069
226508,46067
236579,46063
226409,46061
235864,46061
27678,46060
181759,46058
219206,46058
226580,46058
41599,46056
79184,46054
167462,46053
240755,46052
249161,46051
130721,46050
48216,46049
163679,46049
62041,46048
156706,46047
263639,46046
20818,46045
290657,46043
282526,46043
170525,46043
162316,46039
29557,46039
4204,46038
280628,46037
9353,46036
216058,46035
160544,46034
139430,46034
2937,46033
84476,46032
212169,46032
69054,46030
245611,46030
161824,46028
41446,46028
21552,46026
29173,46025
241166,46024
207812,46023
212976,46022
127308,46021
249938,46020
69400,46019
185913,46019
287170,46019
229004,46019
130800,46018
269524,46018
88480,46018
283830,46017
118840,46017
171822,46016
5029,46015
226377,46014
9522,46014
237711,46013
227472,46012
3398,46012
217885,46011
22169,46011
42653,46011
214855,46010
44008,46010
260464,46008
125336,46008
210340,46008
261019,46007
178080,46007
254467,46006
18084,46006
281173,46005
39276,46005
271800,46005
138923,46005
189761,46004
281734,46003
275453,46003
236661,46003
195812,46002
98874,46002
295049,46002
79413,46001
235083,46000
145067,45999
244609,45998
259586,45998
211526,45997
229288,45997
162434,45996
117639,45996
252163,45995
222130,45994
240218,45992
2610,45992
234439,45991
134236,45988
112175,45987
118111,45986
295582,45986
138191,45985
111139,45984
97557,45984
241382,45983
93146,45983
236507,45983
156389,45982
296510,45982
287262,45982
132860,45981
31528,45980
291870,45979
157342,45979
83255,45979
243158,45978
103627,45977
63477,45977
182807,45977
10758,45976
110275,45976
214196,45975
240582,45975
238915,45974
70451,45972
74226,45972
158778,45972
250340,45972
12798,45971
295503,45971
237965,45971
128994,45971
186826,45970
89138,45969
262866,45969
256802,45968
178896,45968
19999,45966
31162,45966
7904,45965
178904,45964
102230,45964
102529,45964
97512,45963
216793,45962
36317,45962
156970,45962
272584,45962
166001,45962
194216,45959
274323,45958
8839,45957
259128,45957
211462,45956
163398,45956
12650,45956
244033,45955
98780,45954
85966,45954
271602,45953
104960,45953
230588,45952
48613,45952
19029,45952
235137,45952
140057,45952
254378,45951
199187,45948
277160,45948
178865,45948
8801,45948
268356,45944
287252,45944
127959,45943
42103,45943
214487,45942
156224,45942
120960,45942
156370,45941
51301,45941
265235,45940
135799,45940
185031,45939
6235,45939
100991,45939
255786,45939
208950,45939
22736,45938
14398,45938
168892,45938
22317,45937
193335,45936
277253,45936
31136,45936
102342,45935
170294,45935
272135,45934
221678,45934
251064,45934
34512,45933
35079,45933
244969,45930
263668,45929
56994,45929
264797,45929
151736,45929
8583,45928
137519,45927
22896,45925
142617,45924
65576,45923
135333,45922
158709,45921
133192,45921
217999,45921
95160,45920
118551,45920
266284,45920
215006,45919
288878,45919
271422,45918
137777,45917
140226,45917
33337,45916
55896,45916
74185,45914
195596,45914
74416,45914
276852,45914
77472,45914
33555,45914
276376,45913
25259,45912
236208,45912
97250,45912
126306,45912
6924,45911
269636,45911
211612,45911
7752,45910
33662,45908
115989,45908
59654,45907
289218,45907
125728,45906
48901,45906
87908,45905
12227,45905
287577,45903
13015,45902
285860,45902
109113,45902
267538,45898
26198,45898
41839,45897
91022,45897
214725,45897
12745,45895
1668,45894
261694,45893
260983,45893
233138,45891
67969,45890
222733,45890
18067,45890
18656,45890
222844,45889
153264,45889
129445,45889
239730,45889
148708,45888
274140,45888
271979,45888
118691,45887
210646,45886
17186,45886
253270,45886
181828,45886
88871,45885
223614,45885
143980,45885
37505,45884
250761,45884
213936,45884
43885,45883
183344,45883
199515,45883
235106,45882
221002,45881
280936,45880
221539,45879
176615,45879
193001,45878
27423,45878
3223,45878
230273,45877
289627,45876
46077,45875
277789,45875
292015,45875
114715,45875
182480,45874
4766,45874
103083,45874
179641,45873
231830,45873
126751,45872
24881,45872
289786,45872
178171,45871
289072,45871
9423,45870
213876,45869
282072,45869
279207,45868
62011,45867
87806,45867
38880,45866
220456,45865
166544,45865
138767,45865
255871,45865
4517,45864
189372,45864
230474,45863
3029,45863
23698,45863
12360,45862
204409,45861
23946,45861
26165,45861
158297,45860
191556,45859
271159,45856
126250,45855
233698,45855
219736,45854
258141,45854
150770,45854
72852,45854
208196,45854
467,45853
284012,45852
142895,45852
252492,45852
129868,45852
240799,45851
168762,45850
264841,45850
5881,45849
257352,45848
251660,45848
272251,45846
2954,45845
126307,45845
37028,45845
159060,45844
270229,45843
274483,45843
173709,45843
231981,45843
133516,45843
250235,45841
210019,45841
87033,45840
145107,45839
264850,45839
238375,45839
25513,45837
224021,45837
128169,45837
164562,45837
10999,45837
247779,45837
3720,45836
138817,45836
100449,45836
290963,45835
249239,45834
165624,45833
199438,45832
201222,45832
73607,45831
15385,45831
156928,45831
80804,45830
108731,45829
294851,45829
83338,45828
234021,45828
161576,45828
162127,45828
292704,45827
284237,45827
246629,45826
189882,45826
269335,45824
184279,45824
15782,45824
61866,45824
235775,45823
188022,45822
110124,45820
230009,45820
84025,45819
62177,45818
267922,45818
284113,45818
85062,45816
257848,45816
104416,45814
14294,45813
218787,45811
246422,45810
249103,45809
195650,45809
157109,45809
128595,45808
230016,45807
240211,45807
55386,45806
248009,45806
203360,45806
155371,45805
68713,45805
280837,45805
165269,45804
193986,45802
216508,45802
12526,45801
141974,45799
200871,45799
128431,45799
14036,45799
277208,45799
137662,45798
286065,45798
147138,45797
148311,45797
256887,45796
94091,45796
124140,45796
79928,45795
248950,45795
25707,45795
144032,45794
33001,45794
258762,45793
261357,45793
102072,45793
239433,45793
5083,45793
262469,45792
49052,45792
272708,45791
7364,45789
68890,45789
44040,45789
169163,45788
8857,45788
51894,45787
120219,45786
253911,45786
24202,45785
26506,45785
80161,45784
4024,45783
276078,45783
213279,45781
273824,45780
221046,45780
157737,45780
193841,45780
210348,45780
244459,45780
263470,45779
233583,45779
238164,45779
187914,45778
234507,45777
266311,45777
19949,45777
11466,45776
98650,45776
66690,45775
15348,45774
8821,45774
102601,45773
142038,45772
207009,45772
170668,45771
13373,45771
146353,45770
285496,45769
97570,45768
17368,45768
56389,45767
158841,45767
90340,45767
252539,45766
224667,45766
45627,45766
205293,45765
96822,45765
67278,45764
262659,45764
84593,45764
142627,45763
74401,45763
57591,45763
132570,45762
7955,45761
134497,45761
9684,45760
137214,45759
29827,45758
79268,45758
215577,45758
283801,45757
119957,45756
268295,45756
144387,45756
65509,45755
253024,45755
84652,45754
23076,45753
66141,45752
42673,45752
254173,45752
208101,45752
249750,45751
56155,45750
148196,45750
149110,45749
169504,45749
233093,45749
62417,45747
6760,45747
288777,45747
144898,45746
122931,45746
254113,45746
201552,45745
4227,45744
82960,45744
51483,45744
171279,45744
274271,45744
13087,45743
78617,45743
202727,45742
284285,45742
60295,45742
21963,45741
270587,45740
2816,45740
50156,45740
215891,45740
59534,45740
97277,45739
253706,45739
231959,45739
1331,45739
248680,45739
134029,45738
85097,45738
82231,45738
270001,45736
52371,45736
273600,45735
152231,45735
73241,45733
130498,45732
120790,45732
273093,45732
141442,45731
236821,45731
222061,45731
290617,45731
279363,45730
147499,45729
51732,45729
277901,45729
102213,45728
268049,45728
275836,45728
294030,45727
14785,45727
50999,45724
22734,45724
47358,45723
266114,45723
258358,45723
133586,45723
48917,45723
118312,45723
45642,45722
106279,45722
282836,45722
257223,45721
222801,45721
55751,45721
143829,45721
246540,45720
54856,45720
181389,45719
4040,45719
139733,45718
210957,45718
51963,45718
144436,45717
86372,45716
274444,45716
224115,45715
33378,45714
10654,45714
250056,45714
61077,45712
154340,45712
237837,45711
274490,45710
107430,45709
27233,45709
269043,45709
293278,45708
212933,45707
256308,45707
269027,45707
904,45706
4223,45705
22138,45704
116988,45703
54888,45703
77306,45703
21122,45703
242737,45703
214149,45703
48867,45702
295282,45701
101453,45701
271727,45700
198943,45700
248256,45700
138348,45700
26827,45700
156327,45699
108448,45699
180081,45698
32016,45697
91865,45696
88687,45696
229242,45696
240631,45696
290983,45695
49249,45695
100898,45695
265414,45695
268384,45695
197438,45695
189990,45694
15565,45694
282449,45693
152758,45693
115391,45693
28609,45692
74869,45692
85637,45691
9728,45690
43924,45690
55001,45689
226750,45689
249394,45689
282171,45689
295024,45688
56512,45688
181520,45688
133613,45688
80532,45687
22984,45687
27502,45687
91909,45686
162641,45685
213226,45685
220438,45684
264576,45684
219953,45684
61631,45684
257067,45683
291579,45683
107902,45683
265284,45683
243016,45682
159258,45682
12636,45681
181963,45681
242730,45681
103474,45681
284372,45680
55175,45680
259543,45680
77666,45679
124360,45679
199207,45678
77889,45678
37967,45677
6512,45677
132110,45677
24536,45677
266574,45677
127160,45676
14780,45675
35112,45675
225296,45675
278489,45674
268765,45673
9594,45673
212813,45673
208374,45673
252493,45673
103567,45673
6686,45672
122261,45672
174932,45672
270909,45671
232302,45671
19986,45670
142299,45670
133130,45670
33453,45670
14615,45670
237047,45669
246078,45669
290574,45669
68453,45669
141014,45668
16902,45668
254522,45668
61418,45667
292488,45667
43529,45667
8523,45667
272832,45667
284051,45666
145731,45666
182844,45665
251586,45664
26405,45664
269111,45663
18554,45663
163192,45662
37502,45662
82554,45660
242186,45660
219586,45660
263396,45660
218171,45660
26095,45660
279235,45660
122739,45660
163730,45659
6850,45659
155123,45659
189901,45658
35504,45657
220796,45657
8423,45657
32497,45657
75259,45656
264300,45656
29780,45656
17122,45656
145813,45655
288666,45654
177648,45654
30770,45654
6264,45653
51487,45653
19562,45653
190960,45653
103424,45653
267061,45652
103695,45652
86518,45651
84801,45651
29638,45651
177449,45650
260322,45650
39964,45649
1543,45649
219795,45649
187925,45649
9682,45648
127660,45648
269532,45648
215430,45647
35925,45647
222083,45647
283832,45647
67790,45646
162513,45646
124765,45644
110339,45644
226802,45644
14472,45643
29679,45643
107408,45642
260509,45642
117564,45641
23264,45641
259865,45640
293742,45640
278970,45640
40067,45640
134968,45639
140151,45638
69210,45638
254198,45638
65427,45638
87535,45637
288052,45637
58637,45636
157403,45636
65646,45635
216214,45633
204950,45632
43787,45632
276285,45632
251679,45632
278916,45632
267362,45632
241248,45631
223480,45631
101409,45630
26664,45630
183790,45629
19543,45629
204888,45629
200899,45628
24841,45628
123892,45628
287555,45627
32336,45627
218780,45627
10209,45627
60425,45626
240391,45626
251644,45626
210236,45626
200932,45625
183548,45625
257411,45625
1320,45625
265615,45624
116840,45624
14622,45624
225799,45624
122963,45623
82588,45623
68690,45623
84631,45621
128567,45621
151052,45621
229170,45621
226537,45621
61715,45621
229722,45620
244629,45619
59159,45619
93208,45616
150607,45615
59421,45615
91885,45615
136694,45614
109482,45614
13371,45612
241141,45612
52908,45612
167532,45611
111994,45611
232456,45611
258295,45610
67528,45610
85297,45609
150845,45608
229173,45608
31267,45608
248044,45608
153516,45608
91906,45608
128206,45608
45957,45607
112780,45607
207121,45607
146200,45606
30833,45606
210233,45606
107040,45606
69058,45606
21577,45606
260629,45605
59764,45605
167086,45605
34948,45605
38747,45605
258694,45604
231457,45604
33968,45604
73077,45603
256882,45603
28379,45603
287065,45603
206666,45602
175445,45602
294505,45602
83894,45601
20609,45601
242425,45599
167319,45599
251630,45599
14817,45599
166128,45598
69370,45598
229702,45598
90806,45597
149765,45597
253306,45597
158743,45597
49696,45597
263404,45597
6613,45597
241951,45596
270162,45596
270977,45596
137897,45596
15361,45595
38891,45595
203008,45595
213987,45595
295090,45594
160986,45594
58127,45593
216800,45593
185685,45593
96068,45592
24786,45592
34939,45592
239995,45592
195930,45592
183181,45592
225782,45591
181945,45591
182633,45591
17529,45591
2665,45590
59351,45590
282204,45590
198956,45589
40794,45589
247900,45589
7380,45589
167788,45589
178697,45589
25452,45589
4673,45588
278081,45588
272618,45588
282777,45588
73504,45587
222895,45587
174693,45587
133305,45586
107219,45585
81918,45585
240041,45584
230,45584
19917,45584
100793,45583
239455,45583
236158,45582
196581,45582
192225,45582
155637,45581
151072,45581
143450,45581
119946,45580
279229,45580
43069,45579
265580,45579
221080,45579
76515,45579
100779,45578
137546,45578
288956,45578
165191,45578
203493,45578
23003,45577
279301,45577
134615,45577
233807,45577
217018,45577
139313,45576
29903,45576
161041,45576
180852,45576
121087,45576
140776,45575
177436,45575
60991,45574
280609,45574
253943,45573
115139,45573
266484,45572
62722,45572
136865,45571
268434,45570
116424,45570
10767,45570
19074,45570
69148,45569
209022,45569
142295,45569
246020,45568
200357,45568
175715,45568
294548,45568
5078,45567
56717,45567
56640,45567
6271,45567
239390,45567
48532,45567
104964,45566
176646,45566
284837,45566
240759,45565
94888,45565
28052,45565
267008,45565
26510,45565
294472,45564
254407,45564
185100,45563
183286,45563
175773,45563
264191,45563
208176,45562
281903,45561
234339,45561
67684,45561
206242,45560
70398,45560
221855,45560
170460,45559
112134,45559
107639,45559
249333,45559
274392,45558
256421,45558
150644,45558
70935,45557
2237,45557
276403,45556
104590,45556
241226,45556
130106,45556
141000,45556
24649,45555
38798,45555
87720,45555
80943,45555
176209,45554
131576,45554
32633,45554
78328,45554
33811,45554
272683,45553
39460,45553
198394,45552
20315,45551
28580,45551
16556,45551
191707,45549
139120,45549
89473,45548
44552,45548
228449,45547
8284,45547
73460,45546
193793,45546
31370,45546
259015,45545
222924,45545
92862,45544
268722,45544
236211,45544
31478,45544
213879,45544
252622,45544
221651,45543
199266,45543
186869,45543
181381,45542
257669,45542
267001,45541
264138,45541
112391,45540
86544,45539
293563,45539
155304,45538
54116,45538
61393,45538
118993,45538
195457,45538
209978,45537
159473,45537
12979,45537
283272,45537
152092,45537
291138,45537
273579,45536
153383,45536
214522,45535
206173,45535
49738,45535
51934,45533
52469,45533
10479,45531
231914,45531
102326,45530
244147,45530
185436,45529
178895,45528
116822,45528
80494,45528
94599,45528
119454,45527
196815,45527
260813,45527
117108,45527
201996,45526
282981,45525
273981,45525
143385,45525
296306,45525
282063,45524
194689,45524
199047,45524
220618,45524
143444,45524
36693,45524
12170,45524
116289,45523
288792,45522
171743,45521
270623,45521
209935,45521
110224,45520
124794,45520
44685,45520
153600,45519
179778,45519
57867,45518
151409,45518
68707,45518
9147,45518
16464,45517
56333,45517
89104,45517
121161,45516
140423,45516
88302,45516
31882,45515
214300,45515
7679,45514
148413,45514
260455,45514
271515,45514
76602,45514
88236,45513
68235,45512
186463,45512
202781,45512
15031,45512
188418,45511
253030,45511
232073,45511
196874,45511
278648,45510
13382,45510
25700,45510
273479,45510
83435,45510
120066,45509
66017,45509
265138,45509
230960,45507
111646,45507
264291,45506
210113,45506
63819,45506
216462,45506
128076,45506
295780,45505
284820,45505
102622,45505
158979,45504
264448,45503
263551,45503
191437,45502
215703,45502
19515,45502
204291,45501
75592,45501
96255,45501
124596,45501
40826,45501
84332,45500
169511,45500
71708,45500
150159,45500
258991,45500
185735,45500
177841,45500
8713,45499
185691,45498
96372,45498
82657,45498
25736,45498
99681,45498
87920,45498
290356,45498
270595,45497
114187,45497
193075,45496
281590,45496
228327,45496
123607,45495
279454,45494
226090,45494
191062,45494
271814,45493
280515,45493
96588,45493
140595,45493
233675,45493
127089,45492
237430,45492
94893,45492
188899,45492
117660,45492
9536,45492
271509,45491
170531,45491
289151,45491
72760,45490
194240,45489
26432,45489
239283,45489
51047,45489
289040,45489
33619,45489
47361,45489
109680,45488
188077,45487
114866,45487
116065,45487
235447,45485
177358,45485
77332,45485
119023,45485
33911,45484
137809,45484
136492,45484
283388,45483
174268,45483
288453,45482
295815,45482
46335,45482
14163,45482
287481,45482
3488,45482
45361,45482
123770,45482
127499,45481
25258,45481
105133,45481
274623,45481
85306,45480
129295,45480
154880,45480
213555,45480
222840,45479
241993,45479
113781,45479
11022,45479
30177,45478
63001,45478
295442,45478
286226,45478
278134,45478
53484,45477
272222,45477
134080,45477
168179,45476
29487,45476
30418,45475
50376,45474
291741,45474
57832,45474
281962,45474
173331,45474
208280,45474
214919,45473
281168,45473
244548,45473
265639,45473
257485,45472
229521,45472
291032,45471
295281,45471
99886,45471
31266,45470
266363,45470
107675,45470
169363,45470
98440,45470
56368,45470
17961,45469
11698,45469
82011,45469
27133,45469
130712,45469
43832,45468
107135,45468
226729,45468
144806,45468
169010,45467
179902,45467
258913,45467
10611,45467
218971,45467
279148,45467
252791,45466
93630,45465
87952,45465
180570,45464
90684,45463
48964,45463
5709,45463
17225,45462
234539,45462
258469,45462
86118,45462
22813,45462
271839,45462
235443,45461
3316,45461
75144,45461
277728,45461
149734,45461
9666,45461
136059,45460
12753,45459
217481,45459
68847,45459
38343,45459
144773,45459
253683,45458
227539,45458
264490,45458
4572,45457
130502,45456
146925,45456
260269,45455
27828,45454
180782,45454
19079,45453
181301,45453
205741,45453
34052,45453
193396,45453
20085,45452
134198,45452
66682,45451
50580,45451
30335,45451
73483,45451
35395,45451
290826,45451
21043,45451
183515,45450
133412,45450
202672,45449
79525,45449
215372,45449
248172,45449
208626,45449
118613,45449
155356,45448
10667,45447
177976,45447
252258,45447
101509,45446
194108,45446
4430,45446
134337,45445
159935,45445
296447,45445
24749,45445
150728,45445
215573,45445
131729,45445
250216,45445
271850,45444
121890,45444
287069,45444
336,45444
48265,45444
73328,45444
119131,45443
99658,45443
99327,45443
270501,45442
249543,45442
134365,45442
226614,45441
66332,45441
194699,45441
125232,45440
1006,45440
199727,45440
50447,45439
196444,45439
64840,45438
137371,45438
219005,45438
24653,45438
273908,45438
175826,45437
131489,45437
28100,45437
118489,45436
60451,45436
204425,45436
13726,45436
208244,45435
17218,45435
105416,45435
9530,45435
239027,45434
262432,45434
76773,45434
37151,45434
45308,45434
96915,45434
72151,45434
38028,45434
79011,45434
251409,45434
275695,45434
203750,45434
159851,45433
261581,45433
180476,45433
17414,45432
94833,45432
270667,45432
94305,45432
133416,45431
21812,45431
295878,45431
174384,45430
98407,45430
55704,45429
44875,45429
233119,45429
97856,45429
130595,45428
166633,45428
259403,45428
153598,45428
29884,45428
223822,45428
159231,45428
219420,45428
180167,45428
61635,45427
253411,45427
68006,45427
41129,45427
164931,45427
81478,45425
274045,45425
142189,45425
290713,45424
37084,45424
152023,45424
145751,45424
119576,45424
2485,45423
287534,45423
105635,45423
141926,45423
203325,45423
93595,45422
239658,45422
239672,45422
45985,45422
221579,45421
248106,45421
20728,45421
122225,45421
113018,45420
266118,45420
42462,45420
75021,45419
28508,45419
21967,45419
39594,45419
146127,45419
119234,45418
10984,45418
138467,45417
257944,45416
180788,45416
173851,45416
274689,45416
276222,45416
60039,45416
223719,45416
188586,45416
295313,45416
125917,45415
225929,45415
94167,45414
196229,45414
254561,45414
149303,45413
290530,45413
191248,45413
130012,45413
294274,45413
66323,45412
162411,45412
7599,45412
228359,45412
185092,45412
128164,45412
114559,45412
138189,45412
7120,45412
196156,45412
121047,45411
120754,45410
238425,45410
538,45410
225168,45410
252486,45410
286297,45410
151155,45410
83993,45410
264060,45410
231985,45409
98010,45409
245730,45408
46607,45408
36995,45408
43075,45408
94600,45407
75656,45407
283323,45407
254654,45407
97935,45407
103970,45406
290920,45406
268435,45405
281529,45405
278370,45405
287173,45405
250097,45405
224016,45405
10491,45405
50587,45404
120928,45404
21623,45404
171324,45404
257600,45404
10235,45404
251834,45404
47635,45404
16500,45403
56083,45403
289124,45403
113952,45402
220334,45402
31908,45402
244586,45402
38988,45401
276977,45401
184774,45401
199742,45400
162234,45400
172895,45400
36057,45400
130490,45400
53518,45399
167203,45399
262786,45399
238630,45399
39128,45398
21904,45398
238539,45398
56824,45397
248706,45397
59716,45397
284741,45397
150958,45397
60733,45396
276029,45395
130341,45395
23106,45395
291737,45395
183941,45395
98216,45395
190158,45394
166116,45394
261277,45394
107879,45393
180836,45393
118365,45393
98133,45393
288513,45392
71043,45392
6714,45392
289876,45392
199874,45392
192828,45391
261609,45391
253551,45390
33356,45390
128213,45390
256325,45390
239419,45390
80631,45390
27103,45390
221328,45389
210035,45389
156225,45388
121776,45388
291219,45388
171572,45388
129170,45388
95961,45386
6489,45386
78156,45386
102229,45386
3614,45386
271452,45386
89160,45386
127253,45385
6958,45385
32746,45385
292982,45385
240948,45384
77158,45384
163319,45384
14821,45384
10939,45384
202060,45383
106466,45382
175169,45382
251875,45382
225096,45381
281249,45381
142261,45381
216068,45381
169115,45380
172482,45380
104257,45380
167437,45380
77954,45379
12187,45379
191005,45379
45107,45379
21072,45379
285605,45378
178172,45378
222871,45378
239319,45378
121684,45378
47047,45378
271714,45378
6053,45378
155267,45377
31708,45377
234214,45377
102434,45377
246487,45376
13222,45376
64850,45376
244221,45375
72632,45375
207496,45375
47768,45375
272676,45374
54238,45374
97555,45374
243705,45374
13889,45373
8194,45373
61025,45373
119634,45373
229286,45373
148669,45373
183074,45373
243197,45373
188143,45372
248596,45372
50628,45372
8814,45372
290133,45372
15889,45371
207340,45371
132721,45371
171344,45371
44980,45371
162312,45370
203236,45370
106805,45370
242887,45370
229130,45370
98341,45369
13721,45369
151021,45369
267260,45369
12576,45368
221486,45368
209153,45368
216786,45367
24639,45367
240128,45366
227132,45366
137423,45366
228056,45366
291487,45365
278224,45365
278617,45365
267830,45365
78333,45365
86184,45364
147860,45364
223905,45364
165335,45364
124647,45363
7920,45363
91079,45363
61358,45363
261812,45363
175919,45363
240821,45362
170974,45362
74183,45362
1702,45362
90768,45362
209955,45361
181957,45360
35866,45360
237187,45360
105643,45359
277060,45359
179484,45359
53225,45358
222341,45358
283405,45358
36100,45356
248862,45356
74769,45355
170067,45355
172130,45355
10585,45355
21069,45355
85874,45354
24138,45354
98570,45353
160001,45353
265587,45353
105421,45352
58805,45352
111596,45352
183443,45352
285151,45352
176515,45352
173062,45352
158771,45352
144567,45352
191130,45352
138452,45351
60065,45351
257468,45351
60052,45351
111503,45351
72040,45351
244628,45350
17718,45350
120020,45350
194947,45350
30693,45350
197917,45350
292849,45349
53982,45349
254075,45349
176221,45349
14941,45349
266257,45348
81653,45348
43249,45348
125808,45347
48455,45347
268735,45347
129187,45347
283086,45347
142067,45347
89492,45347
104882,45346
1944,45345
111144,45345
209307,45345
184506,45345
224036,45345
64598,45345
230325,45345
14008,45344
56002,45344
281449,45344
80458,45344
199576,45344
201005,45344
162595,45343
76541,45343
262980,45343
482,45343
229154,45342
277383,45342
106107,45342
265217,45341
21912,45341
282617,45341
259175,45341
179862,45340
78124,45340
202260,45340
99265,45340
288240,45339
265488,45339
76656,45339
116742,45338
224033,45338
229785,45338
8388,45338
268306,45338
221730,45337
136476,45337
227604,45337
150931,45336
16534,45336
275131,45336
98514,45336
143050,45335
71198,45335
134451,45335
243790,45335
290383,45334
277861,45334
271852,45334
147273,45334
20263,45334
43762,45334
219912,45334
261282,45333
226728,45333
187058,45333
228533,45333
258350,45333
187251,45333
88490,45332
259695,45332
99176,45332
20881,45332
216884,45331
81598,45331
222201,45331
219060,45331
234289,45331
258875,45330
272326,45330
14323,45330
249950,45330
107693,45330
252928,45329
113718,45329
134053,45329
1701,45328
7984,45328
250984,45328
3977,45327
149959,45326
143512,45326
258328,45326
256874,45326
93533,45326
156812,45326
15244,45325
100230,45325
179157,45325
83047,45325
281170,45324
42515,45324
59051,45324
173095,45324
39675,45324
22032,45324
111554,45323
223354,45323
73291,45323
203510,45323
196429,45323
56911,45322
151372,45322
206533,45322
38506,45322
163019,45322
70221,45322
18918,45322
43267,45322
163514,45322
56108,45321
243014,45321
3896,45321
286011,45321
220312,45321
147245,45321
88187,45320
6455,45320
122383,45320
49654,45319
213608,45319
178622,45318
18889,45318
71142,45318
17600,45318
202931,45318
242519,45317
188107,45317
175703,45317
137947,45317
231315,45317
146185,45317
68236,45317
239538,45317
287493,45316
59753,45316
275983,45316
49656,45316
204813,45315
245444,45315
85040,45313
11996,45313
43446,45312
185911,45312
149018,45312
40103,45311
274293,45311
226177,45311
211716,45311
296476,45310
218735,45310
289588,45310
99162,45309
20837,45309
144580,45309
24470,45309
96240,45309
1525,45308
209666,45308
185304,45308
98159,45308
87642,45308
156450,45308
35502,45308
155941,45307
60394,45307
285919,45307
254107,45307
8700,45306
17336,45306
4924,45306
151850,45306
24345,45306
8475,45306
173832,45306
67429,45305
142763,45305
108092,45305
280359,45304
92092,45304
22972,45304
251391,45303
198768,45303
127145,45303
12729,45303
182439,45303
225746,45303
44383,45302
32391,45302
181229,45301
237616,45301
233540,45301
42433,45301
113680,45301
39599,45300
146051,45300
292961,45300
2995,45299
209282,45299
220413,45299
190379,45299
100054,45299
36435,45299
177874,45298
160311,45298
218407,45298
7381,45297
7036,45297
136510,45296
295807,45296
240380,45296
171501,45296
9941,45296
53392,45296
179235,45296
7640,45296
287611,45295
63143,45295
225090,45295
224397,45295
186508,45295
46283,45295
148882,45295
61088,45294
73531,45294
192793,45294
117895,45294
185719,45294
57282,45294
104108,45294
275137,45293
270128,45293
229193,45293
197405,45293
261987,45293
185228,45293
174396,45292
136216,45292
243045,45292
134420,45292
40185,45291
184694,45291
182073,45291
211151,45291
247923,45290
241422,45290
105233,45290
62682,45290
101138,45289
214357,45289
182261,45289
124344,45289
236031,45288
89441,45288
197854,45288
104462,45288
257270,45288
13350,45288
142953,45288
61908,45288
224301,45288
15350,45288
265656,45288
224369,45287
180434,45287
288695,45287
162554,45287
180630,45286
238620,45286
49492,45286
47576,45286
139667,45286
23114,45286
133939,45286
101413,45286
196204,45286
275394,45286
62155,45285
8245,45285
134588,45285
126840,45285
206556,45285
114287,45284
14218,45284
254651,45284
42079,45284
173858,45284
24262,45283
52263,45283
20688,45283
97339,45283
245729,45283
58323,45282
15777,45282
18291,45282
20067,45282
286324,45282
165912,45281
76904,45281
221700,45281
216751,45281
225771,45281
43657,45281
49480,45281
189095,45280
291168,45280
52716,45280
104956,45280
140419,45280
131471,45280
285688,45280
272966,45279
294497,45279
152806,45279
189326,45279
20740,45279
116834,45279
159583,45278
224807,45278
260319,45278
136170,45278
235800,45278
154939,45278
253027,45278
174439,45277
211267,45277
76105,45277
119669,45277
195852,45276
201715,45276
162725,45276
84770,45276
232716,45276
253281,45275
181167,45275
290641,45275
63399,45275
164498,45275
27323,45275
23816,45275
98279,45275
178971,45274
179695,45274
154768,45273
24055,45273
124239,45273
222137,45273
59846,45273
240790,45272
2722,45271
80675,45271
137435,45270
75540,45270
290787,45270
209453,45270
10909,45269
113492,45269
28376,45269
125762,45269
197326,45269
150731,45268
33696,45268
266031,45268
133045,45266
272442,45266
138548,45266
292287,45266
296520,45266
36188,45266
102634,45265
164024,45265
22330,45265
33946,45265
76918,45264
37253,45264
86765,45264
288947,45264
185767,45264
206690,45264
10521,45264
5954,45264
217774,45263
65851,45263
202228,45263
295571,45263
126390,45262
287182,45262
284787,45262
65032,45262
206986,45261
109258,45261
220605,45261
292270,45261
235671,45261
147595,45260
189726,45260
200136,45260
66982,45260
27837,45260
142607,45259
275714,45259
115557,45259
145884,45259
266791,45258
125929,45258
237778,45258
289109,45256
238691,45256
214454,45256
294092,45256
192045,45256
260345,45255
70385,45255
55284,45255
45601,45255
164356,45255
162740,45254
252523,45254
169037,45254
16307,45254
263811,45254
3568,45253
193664,45253
19461,45253
208708,45253
88669,45253
270974,45253
211090,45252
116224,45252
182575,45252
295775,45252
262841,45252
270910,45252
72319,45251
159072,45251
287038,45251
281867,45251
160042,45250
23553,45250
38257,45250
1923,45250
220812,45250
111366,45250
189567,45250
239006,45250
149321,45249
195644,45249
4052,45248
249189,45248
130390,45248
155307,45248
144699,45248
157513,45248
295597,45248
210557,45248
249763,45247
123834,45247
64516,45247
272916,45247
296100,45246
68387,45246
9142,45246
169128,45246
142899,45246
131313,45246
204685,45245
24601,45245
252899,45244
133441,45244
90819,45244
119228,45244
173945,45244
164720,45244
244455,45244
223147,45243
91227,45243
74722,45243
201694,45242
213055,45242
72987,45242
121942,45241
210740,45241
49628,45241
141343,45241
186399,45241
2896,45240
173948,45240
286965,45240
266508,45240
280431,45240
54520,45239
42540,45239
23498,45239
58334,45239
239136,45239
193085,45238
293413,45238
39377,45238
273593,45238
270483,45237
64038,45237
120846,45237
216813,45237
205189,45237
157156,45237
189194,45235
112997,45235
292519,45235
221709,45235
8125,45235
248779,45235
273123,45235
209722,45234
177533,45234
280402,45234
263681,45234
74569,45234
58258,45234
80903,45234
65297,45233
54526,45233
10563,45233
247179,45233
97189,45232
46818,45232
170156,45232
234228,45232
120303,45232
88206,45231
59049,45231
182752,45231
290908,45231
201121,45231
262269,45230
168757,45230
193815,45230
79350,45230
128637,45229
84742,45229
177342,45229
44443,45229
225292,45229
294446,45229
198774,45229
222885,45229
132661,45228
126462,45228
295661,45228
198692,45228
94681,45228
176344,45228
246751,45228
186031,45228
111106,45228
148758,45228
223772,45228
241071,45227
43483,45227
45792,45227
274335,45227
131714,45227
27043,45227
76633,45227
9535,45226
149513,45226
17086,45226
275257,45226
250226,45226
80710,45225
143513,45225
117760,45225
201313,45225
260408,45225
249672,45225
248265,45224
12194,45224
291198,45224
168210,45224
282131,45224
203450,45223
5839,45223
3641,45223
138554,45223
224552,45223
271837,45222
103262,45222
91606,45222
90397,45222
203659,45222
120902,45221
101592,45221
102489,45221
225414,45221
214475,45221
260483,45221
145293,45220
233605,45220
247918,45220
223107,45220
33757,45220
86752,45220
1919,45219
283862,45219
172348,45219
282860,45219
25568,45219
263584,45218
87930,45218
58216,45218
216849,45218
52003,45218
4116,45217
228016,45217
3795,45217
61716,45217
233714,45217
225329,45217
182706,45217
170254,45217
120291,45216
232416,45216
84869,45216
243137,45216
105907,45216
241016,45216
32792,45215
9278,45215
288357,45215
43683,45214
67678,45214
12741,45214
26280,45214
136513,45214
270646,45213
153730,45213
90490,45213
251539,45213
120357,45212
251542,45212
266616,45212
84192,45212
18741,45212
286366,45212
31187,45211
13654,45211
98770,45210
208420,45210
65690,45210
93862,45210
49277,45209
18843,45209
15880,45209
220821,45209
34662,45208
178902,45208
118527,45208
158208,45208
275396,45208
29219,45208
10977,45208
183759,45208
278733,45207
11884,45207
36589,45207
258330,45206
165142,45206
86958,45206
181726,45206
267358,45206
273328,45205
122977,45205
288742,45205
282568,45204
286248,45204
108069,45204
281832,45203
77504,45203
105324,45203
96180,45203
9543,45203
7578,45202
272236,45202
161111,45202
120626,45202
253729,45202
140233,45202
228696,45202
173990,45201
279480,45201
240029,45201
646,45201
237244,45201
145744,45201
203561,45201
228419,45200
92517,45200
195441,45200
261554,45200
89327,45199
279088,45199
150118,45199
76191,45199
289035,45198
35363,45198
191475,45198
226118,45198
183430,45198
69216,45198
148508,45198
40297,45198
202894,45198
179808,45198
257830,45198
226598,45197
34327,45197
98612,45197
73634,45197
179924,45196
266986,45196
180182,45196
154216,45196
278655,45195
279880,45195
3824,45195
215639,45195
289469,45194
192680,45194
1314,45194
222797,45193
114900,45193
260064,45193
55209,45193
115571,45193
174739,45192
130621,45192
181873,45192
164217,45192
77875,45192
153823,45191
251422,45191
293808,45191
103875,45190
86438,45190
49372,45190
227628,45189
238928,45189
251715,45189
43823,45189
119958,45189
198974,45189
283936,45188
124196,45188
83804,45188
271595,45188
285115,45188
156863,45187
171567,45187
75523,45187
294335,45187
221100,45187
64623,45187
151385,45187
293532,45187
217106,45186
57494,45186
4160,45186
285818,45186
294493,45186
244025,45186
162871,45186
181515,45186
9691,45186
131579,45186
224481,45185
33126,45185
216289,45185
191043,45185
137619,45185
261075,45185
281214,45184
2583,45184
196495,45183
211619,45183
256562,45182
107304,45182
121310,45182
165656,45182
211114,45182
245011,45182
245152,45182
11311,45181
72235,45181
260069,45181
58026,45181
196278,45181
266072,45181
283911,45180
97787,45180
210999,45180
226317,45180
108575,45180
10448,45180
239550,45180
262462,45180
169371,45180
89875,45180
175721,45179
110853,45179
62610,45179
179281,45179
278477,45179
57575,45179
247883,45179
140829,45179
212300,45179
140566,45179
87739,45179
289170,45179
294453,45178
189118,45178
199301,45178
216654,45178
192657,45178
56977,45178
83171,45178
60180,45178
188252,45178
116966,45178
151070,45178
123882,45177
127776,45177
211932,45177
279304,45177
5514,45177
24384,45176
51,45176
259723,45175
293968,45175
248770,45175
101914,45175
263479,45175
248077,45175
202984,45175
289647,45174
123122,45174
13600,45174
221123,45174
171204,45174
35807,45173
172592,45173
44537,45173
132563,45173
17597,45173
127193,45173
61962,45172
238784,45172
70622,45172
284529,45172
203754,45172
262793,45172
14540,45172
268893,45172
121117,45171
44422,45171
286078,45171
177327,45171
178284,45171
92061,45171
261102,45170
27009,45170
174209,45170
238402,45170
274540,45170
94690,45170
204639,45170
26657,45170
119277,45170
160125,45169
41377,45168
296605,45168
208501,45168
240263,45168
25983,45167
92746,45167
85311,45167
126041,45167
195846,45167
77237,45167
289852,45167
20152,45167
253441,45166
243017,45166
218494,45166
91657,45166
32724,45166
71517,45165
202408,45165
192794,45165
218474,45165
60962,45164
183054,45164
22638,45164
36698,45164
158121,45164
270849,45164
109733,45164
112478,45164
87880,45163
175691,45163
187090,45163
182786,45163
287981,45163
130179,45162
67196,45162
125724,45161
185716,45161
170230,45161
221928,45161
152659,45160
163541,45160
230207,45160
75165,45160
219532,45160
65905,45160
158280,45159
251960,45159
225440,45158
291045,45158
277175,45158
77436,45158
227407,45158
182641,45158
103618,45158
128948,45157
58811,45157
84199,45157
114467,45157
106448,45156
9482,45156
215511,45156
109605,45156
20959,45156
267160,45156
118272,45156
6816,45155
203968,45155
222630,45155
130469,45155
135234,45155
242968,45155
183331,45155
107683,45154
229530,45154
38858,45154
131435,45154
232194,45154
220902,45154
247030,45154
49456,45154
107155,45154
63322,45154
103451,45154
23696,45154
38998,45154
222923,45154
197808,45153
131963,45153
212490,45153
272512,45153
153529,45153
268430,45153
271913,45152
232546,45152
168257,45152
173479,45152
195128,45152
36809,45152
67995,45152
27001,45151
113106,45151
177470,45151
45874,45151
183590,45151
165848,45151
286752,45150
256515,45150
145351,45150
220466,45150
19914,45150
84101,45150
244157,45150
190760,45149
74507,45149
295513,45149
237841,45148
227199,45148
241209,45148
183654,45148
260645,45148
20036,45148
210851,45148
15267,45147
65553,45147
221076,45147
22666,45147
189713,45147
23934,45147
256589,45146
43833,45146
36950,45146
252292,45146
92542,45146
2340,45146
227849,45146
272859,45146
36857,45146
33722,45146
174984,45146
66528,45146
88884,45145
22541,45145
26094,45145
286271,45145
191629,45145
51133,45145
234088,45145
107684,45144
159110,45144
115233,45144
214654,45144
211228,45144
102430,45143
149228,45143
61128,45143
192780,45143
159113,45143
2835,45143
25115,45142
186631,45142
27154,45142
105077,45142
20519,45142
46602,45142
196529,45142
172381,45141
7827,45141
188134,45141
71301,45141
6479,45141
188894,45141
286223,45141
285265,45140
285854,45140
212532,45140
64252,45140
202174,45140
276267,45140
282874,45139
238461,45139
169285,45139
292613,45139
295879,45139
73864,45139
122342,45139
171982,45139
210657,45139
132171,45139
99762,45138
147583,45138
35003,45138
194867,45138
8013,45138
286352,45138
16879,45138
24605,45138
75124,45138
39988,45137
267471,45137
94476,45137
271772,45137
217511,45137
68456,45137
61842,45137
178517,45136
295254,45136
215146,45136
198559,45136
42224,45135
203108,45135
268598,45135
68305,45135
133788,45135
293093,45135
38340,45135
257820,45135
209794,45134
259772,45134
225993,45134
255532,45134
220152,45134
77904,45133
129514,45133
113880,45133
34979,45133
71855,45133
266525,45133
161792,45133
244287,45132
259507,45132
33716,45132
55452,45131
14531,45131
5262,45131
142072,45131
155367,45130
214698,45130
1367,45130
183473,45130
15179,45130
67542,45130
119315,45129
277802,45129
99625,45129
183343,45129
144356,45129
103722,45129
67296,45129
268493,45128
218398,45128
243526,45128
36007,45128
222464,45128
267020,45128
93949,45127
230486,45127
176939,45127
294447,45127
280684,45127
72812,45127
133667,45126
92981,45126
248327,45125
150348,45125
291704,45125
72647,45125
135832,45125
283716,45124
208894,45124
153663,45124
234148,45124
148933,45124
139968,45124
87363,45123
205382,45123
258819,45123
263047,45123
254892,45122
108158,45122
126007,45122
150970,45122
16109,45122
265704,45122
91523,45121
234813,45121
182424,45121
272414,45121
165184,45121
105380,45120
142701,45120
209693,45120
90540,45120
90663,45120
282369,45119
78288,45119
212629,45119
247065,45119
124630,45119
7151,45119
223677,45119
190714,45119
99607,45119
4878,45119
194515,45119
169733,45119
201126,45119
39015,45118
125689,45118
198601,45118
18890,45118
76126,45118
60418,45118
94403,45118
51341,45118
107469,45117
253049,45117
44348,45117
288058,45117
63804,45117
7503,45117
153888,45116
199123,45116
263437,45116
248852,45115
23988,45115
269254,45115
65137,45115
245142,45115
118817,45115
188171,45115
76112,45115
241200,45114
263658,45114
131866,45114
196792,45114
231796,45114
151979,45114
281868,45114
175807,45113
160021,45113
7328,45113
213237,45113
141105,45113
80189,45112
59225,45112
55575,45112
285749,45112
71174,45112
286363,45111
157622,45111
46849,45111
88158,45111
270373,45111
186011,45111
260774,45111
251002,45110
43815,45110
52148,45110
153158,45110
199051,45110
146112,45110
244251,45110
109856,45109
165930,45109
132630,45109
140386,45109
243978,45109
34166,45109
27196,45109
147431,45109
216225,45108
57771,45108
130176,45108
294268,45108
223773,45108
244582,45108
243428,45107
72682,45107
33881,45107
115430,45107
263434,45107
263637,45106
223563,45106
188065,45106
256994,45106
71419,45106
284310,45106
255911,45105
260144,45105
98160,45105
51424,45105
187361,45105
277031,45104
13457,45104
88785,45104
94054,45104
35934,45104
25427,45104
122843,45104
1854,45103
296000,45103
202757,45102
256682,45102
177825,45102
94464,45102
47123,45102
118025,45102
260567,45102
82479,45102
191573,45102
56612,45101
242246,45101
234434,45101
147816,45101
154270,45101
28312,45101
108385,45101
212202,45100
4168,45100
65508,45100
119112,45100
12708,45100
277119,45100
281309,45100
192119,45099
268129,45099
226996,45099
67828,45099
40680,45099
269135,45099
171831,45099
216202,45098
276673,45098
51252,45098
47601,45098
296315,45098
202665,45098
139106,45097
229754,45097
86629,45097
99030,45097
259427,45096
8335,45096
111024,45095
241756,45095
288084,45095
57108,45095
15501,45095
71752,45095
58522,45095
226506,45095
160704,45094
292559,45094
141302,45094
231136,45094
30223,45094
180122,45094
277974,45094
192981,45094
14057,45094
267218,45094
85977,45093
103286,45093
32072,45093
214297,45093
202989,45093
128095,45093
199110,45093
205841,45093
196368,45093
255791,45092
108989,45092
47859,45092
172309,45092
126418,45092
260550,45092
81944,45092
273446,45090
227875,45090
46235,45090
99057,45090
11354,45090
170550,45090
115239,45090
2946,45090
111869,45089
255025,45089
44830,45089
222234,45089
233964,45089
5650,45088
182964,45088
136161,45088
183255,45088
274431,45088
89095,45088
214580,45088
262046,45087
11437,45087
113358,45087
77648,45087
156183,45087
86357,45087
177512,45087
206065,45087
282018,45087
230375,45087
53671,45086
110915,45086
254311,45086
178684,45086
104733,45086
137150,45086
197171,45085
243175,45085
165714,45085
118807,45085
224681,45085
146250,45084
150230,45084
189588,45084
228113,45084
145471,45084
71773,45084
291754,45084
256500,45083
266949,45083
98538,45083
243350,45083
130298,45083
105997,45083
177300,45083
200010,45083
233932,45083
51068,45082
206988,45082
163364,45082
286731,45082
275452,45082
41388,45082
33884,45082
118980,45082
276969,45082
200652,45081
59549,45081
35996,45081
16063,45081
174447,45081
232116,45080
268592,45080
242820,45080
268864,45080
39140,45080
249482,45080
217763,45080
208416,45080
203548,45080
265635,45080
111629,45079
26450,45079
296157,45079
127990,45079
19887,45078
224862,45078
68519,45078
54852,45078
11549,45078
62287,45077
197615,45077
97751,45077
172548,45077
4318,45077
269778,45076
20795,45075
111990,45075
20602,45075
135590,45075
194353,45074
73375,45074
163060,45074
13525,45074
264911,45074
271868,45074
128820,45074
156918,45073
206243,45073
289443,45073
263366,45073
204738,45073
250885,45073
88901,45072
178450,45072
17517,45071
283547,45071
206494,45071
173594,45071
264140,45071
295568,45071
261255,45071
16946,45071
153632,45071
235506,45070
227167,45070
240053,45070
189667,45070
268362,45070
385,45070
159590,45070
17686,45069
4326,45069
60260,45068
153961,45068
241513,45068
14945,45068
244883,45068
284951,45068
50275,45068
207897,45068
185284,45068
173963,45067
249767,45067
105105,45067
160176,45067
252042,45066
106522,45066
75362,45066
265841,45066
151065,45066
73915,45066
252624,45065
227648,45065
87784,45065
225378,45065
203969,45065
190016,45065
20321,45065
221743,45065
100706,45065
161230,45065
108389,45065
70396,45064
290645,45064
57883,45064
253489,45064
73142,45064
171260,45064
177239,45064
126595,45064
58678,45064
225476,45064
218898,45064
260703,45064
31994,45064
82998,45064
281666,45064
1603,45064
275658,45064
158596,45064
224709,45064
87662,45064
229952,45063
15549,45063
281567,45063
202154,45063
103768,45063
153631,45063
219147,45062
290782,45062
183277,45062
215506,45062
236010,45062
166815,45062
262393,45062
169669,45061
93613,45061
235635,45061
93587,45061
90978,45061
169899,45061
11475,45061
240514,45060
197860,45060
168961,45060
110662,45060
56968,45060
169246,45060
274771,45060
16639,45060
296467,45060
273434,45059
36052,45059
106992,45059
259230,45059
233692,45059
91820,45059
38760,45059
296093,45059
158864,45059
13671,45059
71647,45059
71165,45058
90408,45058
179307,45058
203091,45058
22284,45058
78145,45058
230719,45058
10000,45058
163033,45058
189950,45058
102568,45058
221341,45058
10693,45058
115703,45057
279796,45057
270904,45057
251196,45057
76253,45057
71894,45057
156288,45057
3423,45057
126933,45056
168740,45056
45461,45056
121547,45056
266117,45056
33263,45055
258360,45055
67471,45055
202879,45054
176748,45054
85373,45054
222912,45053
218681,45053
251197,45053
88966,45053
90192,45053
192085,45053
279152,45053
116658,45053
235959,45053
146642,45053
231110,45053
14719,45052
252701,45052
74712,45052
257397,45052
281899,45052
174738,45051
241776,45051
204347,45051
177903,45051
229356,45051
64624,45051
227587,45051
45900,45051
207367,45051
113047,45050
252609,45050
76598,45050
127726,45049
196986,45049
170145,45049
179292,45048
249490,45048
13051,45048
59138,45048
207284,45048
269390,45048
2014,45047
285942,45047
80837,45047
219285,45047
182557,45047
33866,45047
168802,45047
141608,45046
268412,45046
289599,45046
78359,45046
167635,45046
169988,45046
72121,45045
7267,45045
259246,45045
289809,45045
293488,45045
183611,45044
251124,45044
211085,45044
63795,45044
277880,45043
54846,45043
281845,45043
164055,45043
183753,45043
192973,45043
33874,45042
145281,45042
225240,45042
203068,45042
68069,45042
289973,45042
41581,45042
771,45042
113218,45041
223418,45041
238077,45041
42312,45041
214344,45041
270762,45041
96399,45041
292400,45041
93817,45041
267808,45041
169811,45040
28922,45040
218664,45040
138942,45040
64670,45040
87897,45039
158159,45039
12595,45039
63008,45039
5687,45039
235609,45039
244798,45039
143325,45039
48568,45039
213980,45039
220611,45039
289850,45039
147846,45039
96006,45038
236673,45038
27037,45038
123723,45038
112306,45038
225543,45038
11977,45038
18921,45037
108499,45037
267432,45037
173006,45037
223601,45037
289815,45037
166238,45037
15550,45036
101983,45036
91440,45036
20975,45036
97575,45036
96669,45036
186483,45035
197521,45035
228827,45035
88306,45035
224043,45035
268337,45035
271938,45035
160358,45034
216992,45034
53096,45034
4533,45033
257336,45033
278329,45033
245153,45033
275915,45033
66328,45033
260607,45033
45112,45032
257143,45032
275780,45032
42978,45032
195500,45032
182506,45032
67340,45032
192148,45031
4657,45031
245437,45031
218177,45031
135045,45030
100705,45030
179504,45030
179580,45030
18323,45029
263019,45029
199495,45029
284516,45029
295819,45029
193181,45029
49741,45029
10272,45029
203126,45029
104782,45028
216510,45028
266032,45028
179061,45028
12841,45028
210297,45028
52029,45028
85137,45028
278918,45028
110368,45028
239854,45027
293141,45027
194384,45027
37609,45027
212251,45027
14603,45027
165009,45027
145182,45027
136054,45027
291073,45026
281765,45026
226753,45026
205594,45026
222975,45026
112646,45026
196373,45026
273490,45026
247370,45026
48515,45026
262616,45026
70904,45026
174126,45026
213531,45025
158664,45025
2023,45025
250327,45025
90682,45025
139506,45025
122405,45025
257124,45025
93369,45024
276159,45024
191564,45024
253012,45024
45825,45024
179137,45024
242248,45024
155008,45023
237188,45023
139714,45023
209889,45023
173134,45023
35028,45022
219856,45022
61501,45022
51071,45022
295026,45022
288107,45022
268825,45022
176746,45022
288255,45022
8577,45022
58670,45021
24593,45021
145978,45021
224149,45021
94798,45021
243119,45021
213959,45021
156340,45021
49446,45021
278660,45021
154987,45021
240177,45020
95962,45020
2128,45020
136104,45020
86319,45020
213752,45020
197897,45020
54241,45020
279990,45019
57763,45019
181792,45019
187976,45019
116772,45019
232532,45019
227553,45018
241570,45018
137553,45018
249889,45018
264395,45017
92027,45017
244409,45017
237579,45017
191254,45017
274162,45017
265328,45016
234575,45016
6256,45016
70818,45016
267613,45016
255486,45016
225857,45015
65157,45015
223304,45015
3671,45015
178257,45015
127768,45015
210483,45014
12607,45014
46990,45014
65206,45014
206371,45014
44315,45014
86226,45014
177844,45014
236682,45014
272180,45013
102999,45013
234526,45013
1978,45013
180504,45013
145190,45013
107098,45013
14089,45013
153827,45013
154994,45013
108911,45012
7177,45012
221109,45012
3698,45012
79562,45012
192360,45011
110553,45011
240171,45011
267677,45011
199469,45011
13914,45011
261112,45011
55666,45011
217947,45011
1029,45010
142982,45010
270421,45010
233630,45010
79067,45010
277153,45010
86015,45009
18927,45009
283066,45009
103253,45009
15076,45009
125358,45009
91434,45009
229048,45008
233439,45007
188963,45007
177176,45007
49920,45007
196517,45007
213032,45007
139773,45006
294083,45006
154851,45006
58264,45006
161036,45005
223010,45005
35664,45005
118160,45005
157800,45005
14437,45005
1306,45005
58589,45005
266108,45005
86489,45004
21213,45004
265857,45004
232289,45004
260417,45004
171345,45004
86384,45004
51853,45003
114932,45003
247565,45003
252446,45003
31918,45003
74093,45003
88064,45002
271601,45002
28980,45002
235423,45002
263812,45001
197169,45001
93504,45001
295704,45001
68871,45001
145943,45001
254697,45001
260099,45000
185566,45000
74858,45000
240139,45000
275912,45000
108784,45000
99432,44999
178733,44999
164391,44999
107848,44999
230891,44999
49016,44999
157046,44999
280189,44999
151375,44999
136203,44999
34919,44998
291143,44998
225229,44998
106292,44998
221976,44998
172816,44998
220885,44997
18635,44997
15033,44997
139756,44997
271988,44997
268610,44997
71542,44997
282719,44997
95402,44997
103617,44996
126107,44996
31868,44996
216181,44996
251306,44996
279404,44995
181738,44995
1126,44995
269969,44995
257801,44995
37547,44995
34973,44995
18626,44994
3053,44994
23583,44994
209953,44994
293274,44994
190728,44994
28498,44993
144345,44993
159505,44993
25692,44993
281041,44993
209546,44993
215290,44993
77911,44992
98245,44992
264638,44992
243476,44992
160498,44992
263002,44992
166953,44991
165149,44991
259086,44990
65675,44990
273958,44990
85775,44990
172017,44990
189917,44990
155144,44989
94853,44989
169842,44989
140613,44989
224203,44989
141303,44988
101601,44988
17664,44988
21548,44988
50198,44988
96630,44988
225005,44988
170026,44988
55061,44988
76955,44987
288118,44987
208865,44987
102664,44987
198159,44987
136455,44987
209284,44987
98320,44987
8611,44986
34158,44986
280840,44986
41864,44986
285320,44986
54284,44985
8962,44985
271775,44985
17856,44985
183937,44985
222089,44985
191905,44985
263556,44985
287333,44984
190226,44984
214459,44984
266982,44984
32688,44984
47835,44984
231652,44984
263220,44984
256976,44983
264279,44983
235704,44983
253166,44983
206148,44983
283985,44983
231893,44983
281936,44983
19431,44983
240305,44983
146048,44982
222468,44982
155744,44982
278149,44982
254779,44982
215700,44982
42525,44982
260371,44982
277553,44982
194901,44982
50249,44982
50442,44982
10991,44982
94120,44982
239922,44982
2951,44982
246403,44982
71655,44981
168670,44981
246279,44981
251701,44981
70708,44981
184290,44981
61327,44980
195530,44980
220619,44980
263843,44980
265870,44980
216630,44980
194593,44980
254678,44980
109450,44979
115959,44979
282818,44979
284573,44979
177171,44979
194033,44979
50052,44979
235845,44979
135605,44978
91689,44978
1034,44978
85462,44978
65688,44978
23339,44978
255163,44978
1502,44978
278158,44978
277537,44978
61989,44977
197810,44977
162000,44977
32574,44977
105111,44977
109764,44977
221271,44977
126357,44977
241467,44976
139734,44976
10214,44976
258205,44976
272241,44976
262817,44976
172508,44976
198330,44975
100642,44975
61507,44975
172970,44975
115392,44974
255431,44974
282506,44974
290238,44974
218863,44974
85249,44974
8024,44974
112999,44974
175137,44974
81877,44973
161326,44973
116132,44973
248081,44973
132401,44973
272771,44973
170129,44973
178190,44972
116345,44972
40576,44972
72944,44972
117498,44972
246970,44972
90889,44972
158092,44972
150827,44972
257474,44972
191161,44972
16635,44972
108213,44971
285678,44971
140320,44971
237780,44971
168560,44971
252788,44971
116070,44971
18964,44971
274775,44971
84839,44971
176586,44970
31564,44970
14046,44970
29087,44970
255353,44970
70106,44970
34624,44970
10774,44970
10496,44970
292307,44970
167162,44970
96448,44969
184368,44969
49825,44969
207148,44969
82858,44969
116001,44969
195370,44969
5590,44968
274033,44968
17606,44968
