949,100000
2707,54317
21873,53864
2490,53682
165754,53640
7566,53259
10420,53098
32268,53077
271241,53036
22728,52955
25878,52765
37542,52738
45149,52633
153800,52602
52526,52529
54716,52518
189813,52407
208340,52348
25253,52320
178795,52300
178542,52281
128604,52185
114842,52185
231447,52152
244489,52152
739,51985
87671,51953
256935,51938
243003,51886
6692,51860
17728,51814
18480,51804
44259,51800
68281,51789
204689,51771
19360,51734
193435,51706
219700,51657
34543,51630
41747,51602
192492,51580
144775,51535
283578,51507
5305,51485
130657,51472
238346,51408
35133,51375
134566,51352
104546,51323
42294,51307
14471,51286
201770,51260
267330,51256
140520,51253
188561,51213
254561,51182
701,51149
36605,51131
226590,51100
239507,51086
16378,51084
102261,51053
195372,51053
157279,51048
58931,51048
123247,51039
158531,51025
206221,51015
50970,50987
37825,50972
67001,50915
287108,50901
23886,50894
267231,50865
109980,50850
227049,50817
254128,50769
254669,50762
23299,50741
116295,50726
196274,50725
80240,50723
180461,50670
81840,50665
264677,50653
233442,50638
6885,50607
4497,50599
158664,50592
263330,50588
21264,50585
210310,50585
130113,50578
159877,50552
259073,50551
110572,50539
273484,50536
258371,50534
119039,50528
290952,50511
135698,50494
130914,50485
2524,50478
78449,50471
233250,50467
251592,50467
128924,50452
148320,50443
283070,50443
234887,50442
98425,50426
119026,50414
74925,50410
236473,50409
88347,50402
128876,50401
94742,50390
146054,50367
58274,50346
290615,50338
212961,50331
179110,50329
204101,50327
34267,50321
1435,50318
285654,50315
84544,50307
106634,50297
33693,50290
21540,50259
238369,50257
251031,50254
296073,50251
246583,50248
213168,50226
15369,50224
263434,50220
265178,50199
290488,50196
243409,50193
80380,50173
98845,50167
217530,50165
188953,50137
246493,50114
139327,50108
280702,50102
11938,50098
151995,50095
266026,50094
279628,50092
4477,50072
179716,50068
277890,50060
288583,50058
151561,50049
89379,50046
218071,50045
132257,50032
95707,50026
147324,50024
138270,50023
240036,50018
204366,50018
295257,50017
37411,50015
259753,50014
49810,50005
44013,50003
96505,50003
274620,50000
250340,49995
98405,49992
178268,49984
55809,49984
150304,49974
178005,49960
37608,49956
261974,49956
81320,49947
161644,49946
161651,49938
57073,49936
120053,49936
225411,49934
198488,49924
251432,49922
203390,49920
250777,49920
229286,49918
232253,49908
145981,49907
124477,49897
244705,49895
142922,49833
54884,49831
115998,49824
221658,49820
174550,49817
258662,49815
219126,49798
114443,49788
251103,49781
279403,49769
53264,49769
296178,49767
288248,49761
205327,49759
185838,49758
258166,49751
271017,49750
285074,49736
251131,49726
7135,49723
9128,49721
146370,49720
255008,49709
122652,49709
198546,49700
1174,49699
232223,49699
210762,49693
150187,49689
252934,49679
183692,49677
229009,49677
169008,49675
249359,49674
1408,49674
23577,49668
95210,49666
194699,49663
275924,49648
182300,49646
274197,49644
285448,49640
111478,49632
238508,49625
222296,49621
73750,49615
288385,49603
103497,49602
175318,49596
237752,49591
141179,49577
265216,49574
26743,49572
174051,49567
192769,49558
1450,49553
10722,49547
88257,49547
280506,49543
283827,49540
202797,49522
136675,49515
1914,49510
167279,49501
163358,49495
274081,49493
74874,49487
283817,49481
206911,49479
120650,49479
10198,49473
259527,49467
286690,49464
144501,49461
284880,49453
138750,49449
265643,49436
200427,49435
265977,49423
144236,49423
203514,49415
291731,49413
283009,49405
96413,49403
288713,49399
119124,49396
87021,49393
78626,49392
296118,49392
275996,49385
291140,49383
237778,49379
229303,49374
263676,49373
86762,49368
149054,49367
174851,49363
293313,49363
3514,49358
293472,49357
269482,49353
235229,49351
263160,49351
125526,49348
63663,49348
169759,49334
185763,49324
136692,49324
111527,49321
247871,49319
258290,49318
91075,49312
213181,49307
101502,49305
111808,49301
6355,49300
141166,49295
215702,49295
157612,49294
218968,49290
205714,49289
264189,49282
77143,49279
178150,49275
201035,49267
217956,49266
2462,49262
140081,49255
255231,49253
51709,49250
127089,49250
185324,49241
185244,49238
229525,49238
149755,49237
246769,49235
4469,49231
204448,49231
229868,49223
234325,49222
241572,49222
262187,49220
251227,49208
49342,49204
208097,49194
240853,49194
52179,49194
3897,49189
192800,49186
38468,49184
45365,49180
149063,49176
99873,49173
86780,49171
212369,49169
216819,49162
114055,49160
248200,49159
256651,49159
230000,49154
161589,49150
267704,49147
168601,49144
281126,49142
283976,49141
93356,49140
169551,49137
292101,49133
265971,49130
272958,49128
204185,49126
23438,49123
209127,49107
215128,49103
140080,49101
15603,49099
156532,49097
181363,49097
4204,49081
80942,49078
281864,49078
94747,49076
63027,49075
258321,49068
282128,49066
284644,49065
45101,49064
207645,49060
282367,49059
115837,49053
269514,49053
103969,49053
258817,49053
268821,49050
140786,49049
142281,49048
30944,49045
258481,49043
181245,49040
171065,49039
250662,49035
216021,49034
30721,49031
226342,49029
179287,49026
7996,49026
261726,49025
55092,49024
179151,49019
219777,49019
14428,49018
91657,49017
267138,49016
15573,49007
291845,48999
70309,48998
61261,48998
160980,48996
236173,48993
249410,48987
265597,48982
283439,48981
170541,48980
258833,48977
140924,48966
270387,48966
136894,48965
203191,48962
235175,48962
31770,48948
213964,48946
242540,48942
58155,48934
248540,48931
226274,48929
152096,48928
177064,48928
280965,48928
169191,48927
224405,48921
101904,48916
176071,48911
159507,48909
280578,48902
234033,48900
254745,48898
147686,48897
241430,48891
179257,48890
219051,48887
194074,48887
164835,48885
109037,48884
210654,48884
42025,48883
260443,48879
174445,48874
65344,48874
296476,48867
136271,48863
260332,48859
171085,48856
178717,48855
78395,48853
277194,48851
87307,48846
160322,48845
263123,48845
186010,48844
292878,48843
290225,48839
216396,48839
23121,48835
85257,48835
168644,48830
209080,48829
62958,48826
165899,48824
174252,48822
208794,48822
134775,48817
294362,48809
223229,48807
247240,48806
30881,48802
2516,48802
224430,48800
155055,48799
146584,48796
469,48793
76253,48790
220626,48783
106658,48779
46938,48778
185893,48772
292476,48767
26844,48765
263089,48750
116366,48749
262269,48744
220954,48740
67126,48740
167436,48740
70176,48737
231731,48736
253918,48732
136614,48732
250165,48727
172828,48724
26736,48723
195353,48723
141168,48718
233528,48717
158365,48716
197989,48712
174153,48711
248959,48711
289281,48709
40521,48708
255632,48707
190745,48706
144473,48705
225037,48705
197700,48704
282970,48703
238747,48699
72466,48694
253872,48691
146338,48691
6572,48689
39732,48688
80414,48687
4843,48684
151493,48684
248745,48683
222486,48674
7752,48673
223451,48673
254582,48672
220173,48668
218234,48667
204354,48666
94296,48665
248042,48658
225937,48656
150875,48654
131428,48652
191821,48652
249756,48650
181076,48649
194247,48648
156414,48646
224458,48645
231663,48645
44889,48645
263732,48642
170257,48641
273986,48639
71515,48639
216476,48638
258583,48637
268051,48636
228059,48630
253782,48626
11394,48626
261768,48622
85023,48622
260175,48621
1485,48617
285226,48614
85412,48614
99374,48613
207918,48613
277132,48611
240169,48609
90991,48608
113638,48608
260522,48601
210569,48600
152833,48597
247411,48596
220710,48594
110165,48594
114579,48592
164781,48591
198862,48589
128448,48589
105808,48589
165423,48586
183997,48584
40957,48581
45703,48578
22258,48577
46452,48577
181119,48577
1072,48575
282586,48572
158659,48566
178811,48565
289084,48559
245212,48554
152291,48554
235262,48545
260756,48545
102895,48532
207080,48529
231309,48529
229032,48528
28323,48523
117199,48521
285285,48519
221603,48516
238825,48515
9707,48514
228813,48511
134913,48510
244504,48509
83602,48507
295462,48505
85258,48504
46945,48504
280685,48504
123192,48504
291011,48502
267093,48501
244899,48498
253147,48497
15491,48497
205319,48492
171073,48492
76177,48489
288924,48473
57021,48472
223050,48471
149082,48469
252255,48468
611,48467
106240,48467
141858,48461
249188,48460
80747,48459
215299,48457
172314,48456
70158,48453
271404,48452
278742,48452
8531,48451
275999,48445
266760,48443
198917,48442
192331,48442
16909,48439
6576,48436
264822,48432
254886,48432
199221,48430
256430,48428
168981,48426
284430,48420
207804,48420
206936,48420
281562,48418
176588,48418
11058,48417
231495,48417
289322,48416
95859,48416
179101,48415
726,48409
199841,48408
155705,48407
86750,48399
18033,48399
121711,48397
217985,48397
124942,48396
74166,48394
240081,48394
118437,48392
285780,48391
196425,48389
201087,48387
227614,48387
269748,48386
174385,48385
250948,48385
5934,48383
272922,48380
52842,48379
152120,48379
63556,48378
1660,48375
281694,48373
145813,48371
6785,48367
169530,48365
288,48363
44290,48362
226380,48361
66946,48360
275702,48360
263919,48360
20752,48353
46785,48351
270244,48350
213758,48346
161117,48346
116421,48344
206843,48343
277665,48341
260576,48339
145824,48339
113772,48339
99782,48338
160173,48337
202859,48335
165645,48334
129249,48333
235114,48331
123644,48331
273983,48330
51789,48329
284578,48329
105214,48329
108278,48326
238290,48323
203283,48321
206283,48319
294381,48314
109281,48314
166124,48310
280477,48308
145640,48307
143236,48307
77716,48305
226156,48304
259842,48303
272815,48302
267348,48301
210760,48301
26352,48301
132701,48297
288928,48290
266709,48286
161526,48286
245951,48286
257534,48285
121898,48285
167586,48283
290550,48281
239201,48279
251626,48277
198742,48274
4057,48269
42746,48268
193277,48267
292332,48267
76428,48264
266175,48262
249700,48261
18941,48260
166102,48256
279990,48255
18046,48254
76366,48252
156285,48251
183718,48251
204824,48251
221446,48250
264397,48248
2217,48242
275188,48242
31228,48242
138670,48240
253128,48240
208852,48237
23804,48237
16327,48236
39023,48233
242990,48232
223081,48231
262637,48230
176895,48229
31310,48227
170562,48225
278373,48224
296561,48223
271475,48218
184447,48217
148834,48217
126908,48215
98122,48215
280004,48210
185981,48210
229758,48209
203771,48208
223545,48208
206353,48207
46282,48205
282593,48205
289024,48205
49653,48204
196492,48204
178620,48202
285258,48198
246284,48198
211005,48197
167313,48197
241648,48196
161195,48195
250474,48193
212426,48193
185405,48192
123389,48191
217100,48191
66756,48190
260828,48189
227754,48189
115733,48189
286353,48189
145775,48189
27217,48187
265820,48186
104816,48183
196931,48181
200197,48180
216234,48177
231573,48176
266085,48175
124930,48166
222019,48165
38441,48163
8547,48163
147519,48163
208970,48161
138248,48160
187802,48159
61562,48158
103627,48157
272053,48155
248331,48155
219826,48154
225605,48153
136996,48152
85591,48148
120759,48146
84101,48146
175339,48145
229458,48143
296258,48143
273997,48142
194203,48141
139035,48141
227450,48140
275745,48140
68826,48140
17647,48139
147030,48139
58830,48136
134410,48136
50486,48130
211985,48130
85032,48129
2082,48121
291521,48119
14737,48115
49759,48114
124230,48114
125766,48113
71673,48111
233120,48111
280718,48111
220902,48110
113182,48109
251529,48109
132525,48107
190341,48105
250956,48102
116277,48101
254707,48101
271871,48101
111435,48101
264232,48099
36320,48099
179482,48095
294529,48094
18295,48092
89635,48091
201795,48089
154183,48089
196284,48088
160533,48088
277262,48086
963,48086
153042,48086
83442,48081
180029,48080
214855,48080
239324,48079
71025,48079
213661,48079
245754,48072
78129,48070
22253,48069
48767,48066
150582,48066
139119,48065
181167,48065
227170,48063
96772,48062
234991,48059
236557,48059
139088,48057
243837,48055
284498,48050
222618,48049
233096,48047
198957,48045
192507,48038
111512,48037
183625,48037
127745,48037
67905,48031
275610,48030
127665,48030
55108,48030
225652,48030
137504,48029
105046,48029
143632,48029
85556,48028
207379,48025
211365,48025
160191,48022
182844,48021
3601,48020
143561,48019
159866,48018
259147,48018
234769,48015
144097,48015
144311,48014
3650,48013
244627,48013
150606,48011
197431,48010
108254,48010
92473,48005
133505,48003
247578,48003
156606,48000
27558,47998
289976,47998
245729,47996
268097,47994
166573,47994
288652,47992
189634,47992
256313,47991
291216,47990
260497,47988
99924,47987
9090,47986
241523,47984
64581,47984
195744,47983
67268,47983
296627,47982
176620,47982
290591,47980
262065,47979
74260,47979
162536,47977
148075,47977
100621,47975
219541,47975
114433,47974
216121,47974
122361,47974
136072,47972
154426,47970
163683,47969
158700,47968
230012,47967
267683,47967
25915,47964
279754,47964
152816,47964
146791,47964
185889,47963
179253,47963
181247,47963
249833,47962
245128,47962
175273,47961
116472,47961
253778,47960
22801,47959
120554,47958
41100,47956
34050,47956
34984,47955
87023,47954
7126,47954
185022,47953
157564,47951
261893,47950
171263,47950
79703,47950
128441,47949
109983,47948
213731,47947
275695,47947
114263,47946
295831,47945
251346,47944
48474,47944
76728,47942
277957,47940
157534,47940
132958,47940
106402,47938
233688,47936
271053,47935
240875,47933
154496,47933
6274,47933
28207,47931
8423,47929
263990,47928
139042,47926
179400,47925
247648,47924
289385,47922
38353,47921
51963,47917
47311,47914
204229,47914
11638,47913
195204,47913
24005,47912
47515,47911
192131,47910
25577,47905
246556,47905
112730,47904
186207,47903
246015,47901
202796,47900
121058,47899
255055,47898
192026,47897
286872,47897
76916,47897
245550,47896
205814,47895
272043,47894
150598,47893
248179,47893
288167,47892
44559,47891
250631,47888
160244,47888
284724,47885
278486,47885
9133,47883
161524,47880
272286,47879
36061,47877
288596,47874
281620,47874
196864,47874
85875,47874
290675,47873
191471,47873
242171,47868
1068,47867
92143,47865
9929,47864
48773,47864
189226,47860
191196,47859
177203,47859
286688,47856
278874,47856
184586,47852
42062,47852
75701,47852
256457,47851
60852,47850
185458,47849
218779,47848
252249,47847
35363,47844
57962,47844
5566,47843
162642,47842
213909,47839
160334,47837
258621,47837
192688,47835
140711,47835
86402,47835
207401,47835
248104,47834
15468,47834
75796,47832
273930,47826
262858,47823
211795,47823
204207,47822
232036,47822
287286,47821
91355,47820
213561,47820
236080,47819
159428,47818
195097,47816
136530,47816
265678,47814
193257,47812
8774,47812
4243,47811
28268,47810
69858,47810
265015,47805
115642,47805
130080,47805
19546,47804
114143,47803
232650,47802
3022,47802
238711,47801
78570,47801
276973,47800
242939,47799
198539,47799
21703,47795
86484,47794
104866,47793
258238,47793
131589,47792
226353,47792
99259,47792
246538,47790
152905,47788
179097,47788
183639,47786
113718,47782
4635,47781
164145,47780
42200,47779
130727,47777
31370,47776
216734,47774
242120,47772
85075,47768
266759,47762
229947,47760
256429,47760
250642,47757
48011,47756
243092,47756
80980,47756
218083,47753
249956,47752
18458,47752
267313,47752
146149,47752
177280,47751
251418,47750
90910,47749
56170,47749
193300,47749
241996,47749
16747,47748
272901,47748
101978,47747
156326,47747
185015,47745
226309,47744
180498,47742
263232,47740
153025,47740
233080,47739
247066,47738
134323,47734
181894,47734
199429,47734
61489,47733
209863,47733
249650,47732
293865,47730
233441,47728
114388,47727
54509,47727
142654,47725
57123,47722
238783,47721
259023,47721
165740,47720
9690,47720
275902,47719
176670,47718
174561,47717
282025,47717
286589,47716
70638,47715
278132,47715
255385,47711
230343,47711
28494,47711
250965,47710
266711,47710
140380,47707
230024,47707
187570,47705
285101,47705
118787,47704
224659,47704
73891,47703
255736,47703
224251,47703
119103,47700
77924,47700
42436,47697
187207,47696
168211,47691
42651,47689
179881,47688
117566,47688
25373,47686
261648,47684
25715,47683
268233,47683
161287,47682
182866,47681
78588,47680
132630,47680
222124,47679
236041,47678
264488,47678
78651,47677
155767,47675
260245,47673
176253,47673
256881,47672
30490,47672
270946,47672
121328,47671
120864,47669
3987,47669
51990,47666
246346,47662
220972,47662
214626,47662
28324,47662
286177,47661
38531,47660
232114,47659
166361,47659
235445,47655
293613,47654
192457,47654
283427,47654
293615,47654
283965,47653
255591,47652
106418,47651
202218,47650
261036,47650
44031,47649
134670,47648
282919,47648
204434,47645
99530,47644
22933,47641
122333,47638
84482,47636
287898,47635
205896,47634
14643,47634
128536,47634
289945,47633
41303,47633
256789,47633
262871,47631
144715,47631
236226,47630
278156,47628
264027,47626
1758,47622
255194,47621
167897,47619
7534,47619
190262,47618
55346,47617
261241,47616
197166,47616
288109,47615
238313,47611
277917,47608
229471,47608
279222,47606
288993,47606
141172,47604
155228,47603
278886,47603
7513,47602
97966,47602
284482,47601
131460,47601
21457,47600
206290,47600
262537,47600
1120,47597
216431,47596
72061,47595
293142,47593
2177,47592
135206,47592
184807,47591
204016,47590
525,47590
193935,47589
164469,47588
117386,47584
193568,47584
272902,47581
28985,47580
192021,47580
23563,47579
37432,47578
225159,47578
273387,47576
226945,47575
124946,47575
125319,47574
4222,47573
164895,47573
240144,47572
131186,47572
244623,47571
245001,47570
167122,47569
136132,47569
263357,47568
46457,47567
32156,47567
154023,47566
235355,47566
17420,47563
175732,47562
40788,47560
252196,47559
286648,47559
190707,47559
250924,47559
66968,47559
273561,47557
78820,47555
42286,47554
181641,47554
244042,47554
110786,47553
272912,47552
44228,47550
282294,47549
275789,47547
199486,47547
1946,47547
291803,47546
27685,47546
190629,47544
191889,47544
201138,47544
53175,47543
9530,47543
10951,47543
26954,47542
129219,47542
76466,47541
103252,47541
35044,47540
132122,47539
140072,47538
71855,47537
159642,47537
176575,47537
125452,47536
290373,47535
278668,47532
143344,47532
53029,47531
208051,47531
197465,47528
244372,47528
142580,47528
192333,47526
109899,47526
252189,47524
151573,47524
267346,47523
106856,47522
289549,47520
87902,47520
61301,47518
156456,47516
2838,47515
222506,47515
254879,47514
267676,47514
140236,47512
37126,47512
280084,47512
292730,47511
158298,47511
15046,47508
171614,47508
14263,47507
242890,47507
9391,47506
3472,47505
112176,47505
243397,47503
228053,47502
267997,47502
272237,47499
22115,47497
17260,47496
228744,47496
176137,47495
127116,47495
226581,47495
197433,47493
81048,47490
10822,47490
183237,47490
33807,47489
263912,47489
8590,47487
82791,47485
112236,47483
214637,47480
152944,47479
188293,47478
104891,47478
280448,47477
173097,47476
245615,47476
153455,47475
122590,47474
98105,47473
267364,47473
182205,47471
105573,47471
245189,47471
170617,47470
69914,47466
252450,47466
19020,47466
280366,47466
170267,47464
146847,47463
17822,47463
8519,47462
290783,47461
239732,47460
92700,47460
255886,47459
257726,47458
99258,47457
129141,47457
85252,47454
247996,47454
218054,47451
239744,47450
7674,47449
88050,47449
173530,47448
78349,47447
209556,47446
165940,47446
171824,47445
292109,47443
109680,47442
59517,47440
3873,47438
274537,47438
65249,47437
3703,47436
42784,47435
166961,47435
108549,47434
179345,47433
99928,47433
158721,47432
269181,47432
187262,47428
12638,47428
22497,47428
277930,47427
268117,47426
260012,47425
68470,47425
256976,47425
28019,47425
210909,47425
217736,47423
41975,47421
131814,47420
81046,47419
191566,47416
282099,47415
73585,47415
132620,47415
64850,47415
291580,47412
260494,47411
13251,47411
138364,47411
52919,47409
139507,47408
245015,47407
9464,47407
227495,47403
257268,47403
70592,47401
126873,47400
277126,47399
6280,47398
1456,47398
191275,47397
179517,47396
124294,47394
96480,47394
207411,47392
8912,47392
165281,47390
151537,47388
271736,47387
262267,47385
261973,47384
289431,47384
207171,47381
274326,47381
93390,47379
2915,47379
287045,47378
6860,47378
286453,47377
254303,47376
123971,47376
280754,47375
225053,47375
95103,47374
130881,47373
64148,47371
181705,47371
36383,47371
175992,47367
228428,47366
262170,47365
165942,47364
283718,47364
166509,47362
197724,47361
159715,47361
286965,47361
265451,47361
162628,47358
79112,47357
23575,47356
290034,47354
55763,47353
36057,47351
197016,47351
193771,47349
287441,47349
165041,47348
100016,47347
207835,47347
106090,47346
135805,47346
36853,47345
58645,47345
88263,47344
13953,47344
157022,47340
265679,47338
87535,47337
6029,47337
128169,47337
267634,47335
215383,47334
225339,47334
292811,47332
129295,47331
184146,47329
288386,47329
164938,47328
143339,47327
78240,47325
195190,47324
220786,47324
43093,47323
46323,47322
37609,47322
211425,47322
106540,47321
61741,47320
271768,47320
101266,47318
57301,47318
5705,47317
72908,47317
288804,47315
225548,47315
172440,47314
112576,47314
15796,47311
238451,47310
221179,47308
129634,47307
69058,47307
88408,47304
59774,47303
209160,47303
57104,47302
258222,47301
262714,47300
196779,47299
132474,47298
84927,47298
211696,47296
190332,47296
12153,47293
210198,47293
102287,47289
248695,47289
248798,47287
194937,47286
51243,47286
178172,47284
3210,47284
204754,47283
9033,47282
61024,47281
233779,47280
188337,47279
176610,47279
153719,47279
246397,47278
176834,47278
283141,47278
245127,47277
37560,47276
49086,47275
253610,47275
89198,47275
195236,47274
56418,47274
284566,47274
134615,47273
280993,47273
91121,47270
262321,47269
30480,47268
241937,47268
136729,47267
228835,47267
112941,47266
261092,47266
136186,47265
207180,47265
184041,47265
288645,47264
241783,47263
172384,47263
170751,47263
66120,47263
58295,47263
135589,47261
281072,47260
233997,47260
293287,47259
161844,47258
83955,47257
272363,47257
229650,47256
248672,47255
54639,47254
243599,47253
276503,47253
262805,47253
227891,47251
272572,47250
98360,47250
237722,47249
169965,47248
222345,47247
29470,47246
50860,47244
100930,47244
255041,47244
187673,47243
110624,47242
76350,47242
161022,47241
222791,47241
227843,47240
2856,47240
59016,47240
24180,47239
266229,47238
161031,47238
4610,47237
70639,47237
53802,47237
261161,47236
26607,47236
202443,47235
18243,47233
226310,47232
271545,47232
198695,47232
290057,47231
163944,47230
16014,47230
194207,47229
39414,47229
291115,47228
108226,47227
187229,47227
88472,47226
4842,47225
113618,47224
35043,47224
103244,47223
96350,47222
142266,47220
17161,47219
126000,47218
118626,47217
7389,47217
204351,47216
48798,47215
259227,47215
244653,47214
73720,47214
201278,47214
293895,47213
124267,47213
105994,47212
69308,47212
237775,47212
84760,47211
28498,47210
170873,47210
16421,47209
58899,47205
249653,47204
145985,47202
203854,47201
200479,47201
230137,47200
194087,47197
144752,47196
164510,47196
292607,47195
236216,47195
154515,47194
190916,47194
291886,47192
81985,47191
281529,47191
284855,47190
243500,47189
82521,47189
58322,47189
116025,47186
136359,47184
234375,47183
205889,47183
160924,47182
276843,47181
196068,47181
257723,47181
245507,47179
251886,47179
228874,47178
242871,47176
179700,47175
219024,47174
86333,47174
192406,47173
44552,47172
207440,47170
47428,47169
215696,47168
188376,47167
230457,47166
92854,47164
234315,47164
164067,47163
467,47163
64034,47162
139968,47162
14750,47160
1874,47159
121525,47159
7218,47159
219166,47157
121658,47157
161724,47157
100032,47157
28126,47156
107515,47156
201535,47156
169911,47155
264120,47155
212140,47155
47274,47154
250559,47154
222616,47150
166947,47150
69709,47150
103424,47150
17494,47150
89525,47150
179157,47149
12231,47149
182804,47148
86679,47148
172351,47147
231013,47147
177399,47146
74624,47145
288453,47145
195421,47145
207671,47143
251912,47143
156988,47141
16364,47141
221735,47139
274922,47139
193271,47139
123631,47137
14125,47136
283366,47135
102317,47135
196420,47133
208458,47132
104705,47132
196684,47130
160565,47130
82640,47130
273278,47128
123855,47128
77890,47128
173153,47127
214153,47125
17774,47124
127776,47123
244998,47123
42063,47122
120691,47120
241230,47118
266609,47117
78739,47117
247832,47116
182527,47115
175630,47114
191926,47111
44909,47111
89492,47111
137146,47111
266309,47110
273596,47109
290181,47109
251969,47107
202300,47104
40728,47104
50480,47104
186716,47104
15827,47103
131232,47102
222354,47101
284062,47101
217250,47100
225907,47100
102525,47100
179711,47100
3799,47099
107916,47097
226779,47097
203378,47095
18852,47095
275463,47095
54334,47093
106793,47093
240188,47092
5358,47091
154243,47090
203459,47090
233166,47090
127417,47089
145014,47089
154411,47088
263398,47086
127329,47085
279038,47085
215566,47083
277269,47083
24241,47083
166683,47083
25391,47082
115240,47081
45492,47080
70839,47080
142523,47080
274489,47080
126530,47079
94074,47078
60729,47078
131757,47078
108787,47078
93380,47077
233563,47077
107696,47076
290744,47075
166135,47075
118133,47075
268611,47074
176943,47074
122604,47074
171108,47073
289157,47073
191702,47072
226167,47072
286494,47072
164500,47072
156300,47071
138295,47071
143287,47071
166128,47071
207950,47067
121966,47065
170187,47064
34003,47064
136849,47064
290590,47063
184899,47063
237106,47061
19072,47060
220979,47060
283222,47060
185057,47059
281000,47057
52599,47054
67278,47053
206397,47053
199776,47051
201698,47050
130792,47050
214064,47050
285608,47048
294688,47047
235234,47047
218889,47047
293736,47047
235409,47046
210018,47046
78276,47046
274989,47045
114564,47044
63777,47043
274835,47043
169014,47043
63331,47043
45866,47042
273041,47041
73384,47041
235716,47040
41251,47040
112517,47040
165926,47039
131755,47037
244729,47037
110908,47037
188204,47035
138331,47032
296109,47032
234870,47032
261880,47032
221610,47032
271888,47032
249414,47031
183167,47030
50006,47027
60762,47027
263152,47027
94369,47027
104902,47026
217987,47026
40904,47025
54411,47025
258904,47024
253639,47024
98125,47022
155,47022
211519,47021
241619,47021
253967,47021
204283,47019
131682,47017
277713,47017
188149,47016
141738,47016
132892,47014
163548,47014
87723,47014
45912,47014
146289,47014
176319,47014
148141,47013
219695,47013
292966,47013
165102,47012
14887,47011
45024,47011
16803,47010
13002,47009
92955,47008
122405,47007
101318,47007
196561,47006
166396,47006
7986,47005
142547,47004
169382,47002
96107,47002
208820,47002
242307,47002
13205,47000
205707,47000
83435,46999
281564,46999
199427,46999
241948,46998
169776,46998
269415,46996
283226,46994
24553,46994
32446,46993
238574,46992
145143,46992
1669,46991
193508,46991
149371,46991
283530,46989
26919,46988
76773,46987
237812,46987
220324,46986
290171,46986
218345,46985
209233,46983
194901,46981
601,46981
153600,46980
128927,46979
77208,46979
136844,46978
188314,46978
225259,46977
193527,46977
259166,46976
163277,46976
40386,46976
117750,46976
290923,46975
163013,46975
189762,46975
5121,46974
262980,46974
117294,46973
231874,46973
122634,46973
108915,46972
283334,46972
160789,46971
144516,46971
234891,46970
175267,46969
142334,46969
285735,46969
186149,46968
270518,46967
202652,46967
255374,46964
59695,46964
66318,46963
128324,46962
199399,46962
6718,46961
53061,46961
207316,46961
110604,46960
495,46959
239546,46958
269790,46957
137459,46957
220920,46957
87620,46955
76316,46954
270018,46953
12816,46952
52954,46952
121250,46951
253489,46951
108630,46949
166712,46948
77271,46948
51557,46946
90421,46946
10540,46946
52365,46945
85564,46945
109733,46944
244969,46941
181184,46941
85161,46940
213515,46940
216573,46939
148339,46939
118792,46939
268120,46938
199571,46937
143933,46936
223295,46936
291586,46936
166593,46935
176659,46935
254675,46934
42043,46933
166209,46933
221005,46933
182895,46932
43758,46932
258526,46932
40258,46932
75729,46930
224391,46930
22828,46930
264721,46929
92255,46929
248180,46929
285919,46927
20348,46925
287832,46923
16230,46922
37505,46922
191958,46922
67590,46921
103956,46921
164704,46920
256882,46919
128966,46919
272232,46919
6767,46918
18774,46918
197340,46917
137509,46916
72726,46916
241198,46916
152023,46916
166522,46915
251161,46915
41538,46915
9720,46914
7704,46913
267322,46913
123131,46911
278655,46911
145972,46909
30477,46909
165714,46909
204937,46908
225835,46907
284095,46907
223572,46907
277241,46906
71094,46906
212997,46905
273183,46905
135534,46904
275912,46904
25811,46904
218365,46903
197613,46903
9216,46900
135960,46898
233720,46898
270007,46897
239338,46895
23923,46895
187298,46894
103712,46894
287031,46894
109634,46892
217876,46891
62963,46890
6421,46890
74901,46889
145354,46888
257444,46887
269372,46886
88949,46886
277734,46886
253441,46884
272049,46884
278203,46884
110757,46882
261828,46882
295771,46882
236033,46881
244443,46881
247875,46880
30591,46880
84530,46879
102430,46879
146944,46878
130665,46878
5791,46877
25273,46877
256562,46875
210476,46874
142115,46873
28091,46873
116787,46873
133952,46873
16471,46871
289690,46871
146977,46871
11452,46870
243447,46869
141256,46869
138524,46868
21649,46867
148343,46867
147722,46866
211599,46866
276379,46866
4966,46864
206355,46863
106642,46863
150387,46863
75586,46862
218086,46862
95715,46862
242453,46860
293437,46860
148401,46859
205476,46859
213357,46857
133318,46857
85186,46855
183203,46854
192046,46854
1034,46853
16728,46853
29006,46853
169205,46852
8577,46851
244132,46851
142244,46851
252669,46851
163671,46851
281445,46851
250813,46850
214878,46850
242985,46850
139892,46850
51582,46849
247178,46849
191238,46849
226270,46848
43371,46848
178185,46846
64938,46846
100112,46846
131413,46846
175872,46846
105424,46845
80358,46845
91390,46845
40798,46844
27313,46844
127813,46844
34255,46843
64265,46842
246596,46841
127043,46840
172084,46839
14293,46838
252592,46838
22213,46838
198223,46837
184346,46835
293860,46834
291276,46834
44662,46833
150445,46832
50454,46832
267234,46832
12777,46832
172610,46832
232802,46831
28755,46831
263509,46831
205774,46831
188065,46830
29867,46829
19176,46829
156908,46829
63664,46828
199190,46826
274281,46824
180011,46824
140079,46823
294004,46823
3344,46822
155345,46822
88123,46822
124396,46822
221940,46822
1978,46821
287669,46821
234021,46818
170145,46818
111590,46818
127977,46817
263129,46817
210157,46816
35185,46816
148886,46815
1711,46815
281078,46815
238559,46814
30997,46814
201015,46813
270550,46812
146107,46811
264576,46811
193865,46810
243483,46808
223826,46807
249645,46806
220792,46805
5967,46805
188521,46804
98366,46803
184662,46803
76955,46802
87231,46801
56085,46800
162263,46800
197600,46800
205996,46799
232488,46797
27007,46796
247663,46794
46619,46794
194333,46792
207723,46791
176257,46790
270109,46789
116530,46789
287125,46788
52665,46788
1894,46788
162442,46788
199824,46788
78656,46787
185137,46786
103734,46786
166489,46785
255118,46784
148361,46783
189129,46783
223345,46783
292917,46783
72339,46782
179484,46782
29060,46782
5166,46781
58579,46781
286807,46779
245282,46778
76591,46777
233051,46777
219921,46777
54858,46776
13322,46776
108547,46776
60734,46775
288371,46775
4416,46774
274674,46774
287589,46774
90181,46772
220097,46772
231511,46772
281268,46771
241854,46771
152822,46770
227027,46769
195840,46769
272003,46768
231807,46768
294914,46767
102515,46766
164853,46766
203308,46765
74685,46765
183169,46763
241133,46763
61784,46763
224338,46763
145256,46762
227316,46762
56830,46761
259686,46760
21513,46760
40794,46760
193325,46759
72674,46756
179778,46756
226707,46756
176346,46756
283415,46755
211776,46755
220613,46754
278134,46753
79587,46753
279521,46751
188873,46750
214654,46750
226714,46750
138332,46749
189577,46749
294366,46748
285625,46748
130132,46747
115950,46747
228571,46747
194765,46746
164574,46745
293638,46745
246523,46744
249439,46744
268671,46744
176734,46743
153870,46743
230160,46742
154230,46742
35443,46742
11725,46741
183663,46741
248303,46740
282066,46740
257831,46740
15820,46739
219147,46738
136719,46738
236566,46737
129922,46736
370,46736
187074,46734
173183,46734
286305,46733
152512,46733
97512,46733
246426,46733
24506,46732
289664,46731
95507,46731
271142,46731
186631,46731
271795,46730
212561,46730
283701,46730
94121,46728
36364,46728
262261,46727
265740,46727
38114,46727
241226,46726
107287,46726
106363,46725
154117,46725
28129,46725
270088,46724
252645,46724
142004,46724
98647,46724
126377,46723
178116,46723
91497,46723
6375,46723
148552,46722
17389,46722
173936,46721
31807,46721
56566,46720
58529,46720
106247,46720
178815,46720
29008,46719
188105,46719
151854,46719
13586,46719
225964,46718
245574,46718
222209,46717
182914,46717
228820,46717
73113,46717
270485,46716
107585,46715
127637,46715
115804,46715
12970,46715
267136,46714
211807,46714
264323,46714
288942,46713
295951,46713
185820,46713
139521,46712
1170,46711
177919,46710
189967,46710
38632,46708
73036,46708
245515,46707
104261,46706
51525,46706
229472,46705
294927,46705
182965,46704
24057,46703
74878,46703
105960,46703
37653,46702
146333,46702
227112,46701
69473,46701
251550,46701
10988,46701
258187,46700
201018,46699
139831,46698
177410,46698
235142,46697
21969,46696
22290,46694
288517,46694
290361,46693
202139,46692
33411,46692
220375,46692
145817,46692
236345,46691
214791,46691
59884,46691
128501,46690
116896,46690
290338,46688
220142,46686
164484,46686
118840,46686
9621,46685
166131,46684
127870,46684
99453,46684
180789,46684
264628,46684
181665,46683
131522,46683
42974,46683
34762,46683
237977,46682
203104,46682
118156,46679
82451,46679
97257,46678
267876,46677
132545,46676
24788,46676
280090,46675
293786,46675
110822,46675
249913,46674
82475,46674
282010,46672
170810,46672
240096,46671
244038,46670
130022,46670
134283,46669
158647,46669
138942,46669
52577,46669
76548,46668
190123,46667
9382,46666
280088,46665
128825,46665
234813,46665
146974,46664
164408,46662
122724,46662
129812,46660
149208,46659
99923,46659
67895,46659
221700,46658
199438,46658
251745,46658
271300,46657
222508,46657
32606,46657
215721,46655
209511,46655
252791,46654
92207,46651
209924,46651
115989,46650
136645,46650
2226,46649
72527,46648
156182,46648
52499,46648
30978,46647
138905,46647
280670,46646
174750,46646
155516,46646
283417,46646
138020,46646
199054,46646
293821,46646
25787,46645
296249,46645
214149,46645
2207,46644
255693,46644
225035,46644
118472,46643
201593,46643
115303,46643
137664,46643
80328,46642
116187,46641
54069,46641
13977,46641
190331,46640
154932,46640
128299,46638
64924,46637
266592,46635
90389,46635
55444,46635
210754,46634
67799,46633
154341,46632
217929,46631
293248,46631
234895,46630
263797,46630
107654,46629
151646,46629
197751,46629
40468,46628
119958,46626
222643,46626
141328,46625
266576,46624
828,46624
259433,46624
287347,46623
123554,46623
95384,46622
91428,46621
162352,46621
63005,46620
124420,46620
245547,46620
25698,46620
58605,46617
254506,46617
159336,46616
116344,46616
263470,46616
279651,46616
276050,46616
3062,46615
234615,46614
219075,46613
219449,46613
92092,46612
209809,46612
184769,46611
235699,46610
282371,46609
123736,46608
188064,46608
291382,46608
216858,46608
103253,46608
50691,46608
289120,46607
186155,46606
91227,46605
161068,46605
56397,46604
270129,46604
192355,46603
77892,46603
68871,46602
111106,46602
4517,46601
61402,46601
24930,46600
174038,46599
141846,46599
213405,46598
149425,46598
205452,46598
36496,46598
69628,46597
269142,46597
278081,46595
136075,46595
287786,46595
105293,46594
276771,46594
6259,46594
141388,46593
266032,46593
116242,46592
112504,46592
244534,46592
263390,46592
125748,46591
34008,46591
291961,46590
294165,46590
136982,46590
18703,46590
90837,46590
247768,46589
85975,46586
36300,46585
224617,46585
55209,46584
226976,46583
62591,46583
120641,46582
129496,46582
80440,46581
130786,46581
147248,46581
1668,46581
160437,46580
220220,46580
256199,46580
31058,46579
71933,46579
158093,46579
89168,46578
88420,46577
161014,46577
197330,46577
265696,46577
175607,46576
250587,46576
91937,46576
111823,46575
178144,46575
223667,46575
285368,46575
258851,46575
40307,46575
211062,46575
237,46574
43591,46574
170884,46573
263559,46573
254934,46572
151141,46572
143071,46572
214387,46572
179545,46572
207560,46571
178159,46570
115594,46570
182333,46570
3432,46569
214343,46569
121784,46569
124674,46569
274448,46567
59105,46567
244682,46566
46481,46566
60132,46566
31526,46566
60487,46565
216919,46565
169458,46564
255234,46564
249338,46563
117469,46563
157436,46563
103095,46562
239414,46562
193918,46562
75117,46562
188203,46561
212020,46561
7446,46561
20616,46560
231132,46560
25446,46560
213572,46559
241048,46559
80621,46558
110414,46557
86991,46557
3924,46556
166350,46556
43338,46554
208635,46554
113048,46553
28993,46553
75158,46551
295377,46551
274648,46550
243476,46550
240033,46550
46427,46549
5214,46548
102591,46547
93937,46547
215287,46546
216584,46546
171812,46546
267260,46545
219306,46545
203481,46545
60479,46544
172364,46544
15063,46544
116109,46543
261645,46543
232369,46543
105192,46543
277060,46542
196278,46542
215236,46542
294506,46541
112989,46540
139696,46540
255354,46540
189151,46539
215704,46539
13019,46538
147668,46538
166953,46537
30001,46537
293848,46536
272693,46536
201222,46535
83604,46534
271636,46533
40459,46533
209654,46533
230140,46530
91551,46530
3766,46530
269619,46530
7076,46528
148405,46527
235346,46527
254306,46527
194632,46527
212521,46527
149297,46527
153343,46526
36367,46526
176230,46525
268147,46525
232709,46525
265261,46525
228654,46524
58913,46524
178281,46521
106627,46521
293022,46520
245308,46520
61464,46520
80978,46519
220489,46519
279333,46519
292431,46519
188413,46518
280597,46518
270221,46518
53457,46517
102935,46517
59538,46516
145858,46516
233127,46515
85189,46515
224073,46515
197860,46513
3735,46513
250794,46512
256140,46511
183820,46511
52813,46509
111510,46509
10197,46509
115253,46509
134799,46509
327,46509
282719,46508
165513,46507
219696,46507
63522,46506
148048,46506
227100,46505
195412,46505
64030,46504
174768,46504
86524,46504
101111,46503
62641,46503
232546,46502
243241,46502
107780,46501
169152,46501
84993,46501
225435,46500
174339,46500
264412,46499
58787,46498
247551,46498
185386,46498
2957,46498
13647,46497
14376,46496
17544,46496
216237,46495
63322,46494
244548,46494
132713,46494
210830,46492
239479,46490
137969,46490
204999,46489
1060,46489
11405,46489
253452,46487
81129,46487
204471,46486
202763,46486
290963,46485
174263,46485
178190,46484
16611,46484
192906,46483
185474,46483
236188,46483
221892,46482
40761,46482
235584,46481
218566,46481
5083,46479
268431,46479
126331,46478
259202,46478
136616,46477
125225,46476
203873,46475
61747,46475
208466,46475
32662,46475
196464,46474
169475,46474
206209,46473
264983,46473
293584,46473
252877,46471
274403,46470
26043,46470
286962,46470
152175,46470
41491,46469
183548,46469
202273,46468
70953,46467
230261,46467
191488,46466
32497,46466
94348,46466
81591,46464
254678,46464
205779,46464
281675,46464
24907,46463
285053,46462
43533,46462
290223,46462
295272,46462
199879,46461
77991,46460
108476,46459
278719,46458
211612,46458
32387,46457
83490,46456
12896,46455
278847,46455
8459,46455
217931,46455
253985,46454
104677,46453
82880,46453
256358,46452
236490,46452
184758,46452
138943,46452
290742,46452
119454,46451
180479,46451
248680,46451
20526,46450
111857,46450
152406,46450
198850,46449
243628,46449
126995,46449
60915,46449
17483,46449
31156,46448
200824,46446
295548,46446
266503,46445
210619,46445
222771,46445
283892,46445
71235,46445
124418,46444
290409,46444
110607,46443
102046,46443
16138,46442
176250,46441
87870,46441
296256,46441
63446,46441
217616,46438
2279,46438
138712,46437
66983,46437
29454,46437
14900,46435
84559,46434
136334,46434
292441,46433
282618,46433
155771,46432
251930,46430
224618,46430
271912,46430
183682,46429
292222,46429
102344,46428
254434,46428
184427,46428
225418,46427
101908,46426
280838,46426
239604,46425
175259,46425
226686,46423
78214,46423
258505,46422
294976,46422
57133,46422
270124,46422
179678,46421
114338,46420
141154,46418
17848,46418
80326,46418
39786,46416
233430,46416
194248,46416
259820,46415
43818,46415
14630,46415
111617,46415
28188,46414
228127,46414
203360,46413
223772,46412
222511,46411
50700,46411
7137,46410
172533,46410
53313,46410
85651,46410
98090,46410
93435,46409
152806,46409
215357,46409
19079,46409
198541,46408
113503,46408
97594,46408
54619,46407
265238,46407
26845,46406
237033,46405
221420,46403
1528,46403
172987,46403
23694,46402
296622,46402
102788,46402
52156,46399
220637,46399
90197,46399
39399,46399
121954,46398
48487,46398
249354,46398
31792,46397
4912,46397
47927,46397
272892,46397
266961,46397
51043,46397
832,46397
92641,46396
120686,46395
200701,46394
116392,46394
138542,46393
101057,46393
78051,46393
296275,46393
192446,46393
287635,46392
97482,46391
192219,46391
248867,46391
132901,46390
67513,46390
207809,46390
138535,46390
142152,46389
97961,46388
43082,46388
49729,46388
80263,46387
283722,46386
31348,46386
152766,46386
105534,46386
25820,46386
243496,46385
90397,46385
15490,46385
103403,46384
233115,46384
216059,46384
53087,46384
124239,46382
207954,46382
191633,46381
176622,46381
114448,46381
139235,46380
157130,46380
286862,46379
169262,46379
296131,46378
238506,46378
114258,46377
116197,46377
89063,46375
211500,46374
148369,46374
166574,46374
65569,46372
124752,46371
91885,46370
26683,46370
117627,46370
162795,46370
168665,46369
251075,46368
259751,46366
114063,46365
2857,46365
216846,46364
85402,46364
284571,46364
251526,46364
45272,46364
259588,46364
232237,46364
120431,46363
78228,46363
229906,46363
177244,46363
59446,46362
293422,46362
77791,46362
267820,46361
272625,46361
39703,46361
67337,46360
98697,46360
225558,46358
140343,46358
53226,46358
265032,46357
33739,46357
199464,46357
52539,46356
66380,46356
59766,46355
279193,46355
2393,46353
270841,46353
264077,46352
19481,46352
125363,46351
4641,46351
8701,46350
43376,46349
94719,46348
284512,46348
4101,46348
254186,46348
150600,46347
235408,46347
251601,46346
65371,46346
112665,46346
115978,46344
260108,46344
141851,46344
184753,46343
267163,46343
168693,46342
148742,46342
75523,46342
279696,46342
196705,46341
94913,46340
227325,46340
233214,46340
75643,46340
88422,46340
167899,46339
164498,46338
124704,46338
251220,46338
254627,46337
39500,46337
155692,46336
3775,46336
68960,46336
144086,46336
88833,46336
182466,46336
53577,46335
278607,46335
269437,46335
168975,46335
119757,46334
277112,46334
34021,46332
86973,46332
290270,46332
16522,46331
75562,46331
90953,46331
232958,46331
172376,46330
56901,46330
23654,46329
156282,46329
112131,46329
149987,46329
2769,46329
214043,46328
236155,46328
50555,46328
218545,46327
102234,46327
254231,46326
25598,46326
26793,46325
84765,46325
61019,46325
211522,46324
8402,46322
38445,46321
50630,46321
278784,46320
255307,46319
292261,46319
115716,46319
22853,46318
42154,46317
209722,46317
223901,46316
3117,46316
154366,46316
189105,46315
153531,46315
265446,46315
102972,46313
148809,46312
197206,46311
120390,46311
5257,46310
3169,46310
174598,46310
177122,46309
128249,46309
75834,46309
273901,46309
187321,46309
121457,46308
118943,46308
61628,46308
119830,46308
87313,46307
69723,46306
275946,46304
230433,46303
72944,46303
44829,46302
71180,46302
206371,46302
209821,46302
214724,46302
215579,46301
93280,46301
264996,46301
274422,46300
194689,46300
174893,46299
116833,46298
127735,46298
30326,46298
24318,46298
164839,46297
141459,46297
22789,46296
171165,46296
65710,46296
271396,46294
175537,46294
253614,46294
202259,46294
230401,46293
40293,46293
233917,46293
190194,46292
10175,46292
285854,46291
158302,46291
190028,46291
43959,46291
141361,46291
24806,46291
45659,46291
104524,46290
21860,46290
216115,46289
151417,46289
279655,46289
13951,46288
200664,46288
273805,46287
241386,46287
82971,46287
112809,46286
204318,46286
62428,46286
30365,46286
251436,46285
263188,46285
27798,46284
257183,46284
269302,46283
248412,46283
97944,46282
253895,46281
16698,46281
284762,46281
273096,46281
176889,46280
97262,46280
266508,46279
251502,46279
47950,46279
5872,46279
281627,46279
95932,46279
213730,46279
287320,46277
6811,46277
13400,46276
259772,46276
161041,46276
261079,46275
249313,46275
163606,46275
29647,46275
169253,46275
182843,46274
101987,46274
289229,46274
45834,46274
275538,46273
260427,46273
267596,46273
64810,46272
281789,46272
294589,46272
153710,46271
279886,46270
201292,46270
199233,46270
253567,46270
282619,46269
264794,46269
176277,46269
224105,46269
173526,46268
68048,46268
117590,46268
119999,46268
285781,46267
103541,46267
188496,46267
167174,46267
220810,46266
5632,46266
17767,46266
55969,46266
223321,46265
53542,46264
271434,46264
289769,46263
9081,46263
100247,46261
1445,46261
234631,46261
1963,46261
18972,46261
38412,46261
162869,46260
231599,46260
228823,46259
107143,46256
33464,46256
219020,46255
54892,46254
254540,46254
77979,46254
45611,46254
211126,46253
148147,46253
286293,46252
215393,46251
37049,46250
225229,46250
137371,46249
45355,46249
264592,46248
18084,46248
213312,46248
225928,46248
48730,46248
228286,46247
180689,46247
224694,46246
46574,46246
252606,46246
111054,46245
150599,46245
142300,46245
241725,46244
8939,46243
283502,46243
62510,46243
80161,46242
42895,46241
31371,46241
229965,46240
50066,46239
282732,46238
266518,46238
18050,46238
33032,46237
278253,46236
90899,46236
65816,46236
120724,46235
98522,46235
67605,46234
168715,46233
130930,46232
242972,46232
155603,46231
213667,46230
135333,46230
284969,46229
91128,46228
227243,46228
129954,46228
291915,46227
145819,46227
104125,46226
135792,46226
287368,46226
24198,46225
178519,46225
210613,46225
116899,46224
19737,46224
198411,46224
228162,46224
22551,46224
221651,46223
102031,46222
47843,46221
4678,46221
5192,46221
84293,46221
251703,46220
154548,46220
191778,46220
283840,46219
62457,46219
83077,46219
273603,46217
85909,46217
136712,46217
186848,46217
57522,46216
285962,46215
86862,46215
35161,46215
292995,46215
189972,46215
288558,46213
66147,46213
33653,46213
3109,46212
38857,46212
256560,46212
13840,46211
239712,46210
110916,46210
282407,46210
11383,46209
262491,46209
65356,46208
150793,46207
274538,46206
160420,46206
219615,46206
117001,46205
35031,46205
221858,46205
154483,46205
11884,46204
284415,46204
27099,46204
59378,46204
269946,46204
4224,46203
32005,46203
208057,46203
158542,46202
162841,46202
132884,46202
176726,46200
120916,46200
14999,46199
282264,46199
281214,46199
177664,46198
57388,46197
228533,46197
133410,46196
168419,46196
52790,46196
256802,46196
11290,46196
204713,46196
223304,46196
68583,46196
75995,46194
171831,46194
25267,46193
209912,46193
122482,46193
232743,46192
89384,46191
101691,46191
25138,46191
215168,46191
123799,46190
219531,46188
241704,46188
117012,46188
284848,46187
48845,46186
87555,46186
203210,46186
36850,46186
72544,46185
216746,46184
172279,46183
88733,46183
20731,46183
216997,46183
125058,46182
278761,46182
288614,46182
58268,46181
262741,46180
102565,46180
956,46180
78124,46180
230545,46179
134713,46179
90552,46179
278078,46179
199268,46178
246309,46178
139826,46178
42619,46177
285202,46177
238867,46177
208604,46177
94656,46176
191609,46174
81141,46172
277844,46171
234474,46171
33778,46171
270267,46170
198465,46169
119234,46169
30273,46169
151719,46169
286966,46169
267253,46169
53366,46167
24949,46166
45350,46166
6823,46166
36502,46165
107107,46164
21043,46164
183224,46163
2865,46162
265738,46160
245916,46160
230479,46160
55270,46158
186106,46158
5690,46158
260952,46158
3702,46157
188586,46157
266803,46157
26676,46156
131465,46156
188922,46155
181659,46155
9103,46155
29153,46154
183737,46154
215763,46153
281633,46152
13355,46152
15445,46152
189301,46152
222707,46151
243204,46151
113781,46151
73136,46151
40226,46151
124474,46151
254749,46150
3907,46150
110195,46150
80011,46150
226883,46150
286871,46149
59337,46149
165522,46148
292313,46148
19908,46148
182775,46147
237212,46147
78313,46147
37583,46147
190919,46146
13722,46145
172274,46144
167291,46144
74509,46144
120282,46144
116408,46143
2218,46143
134439,46143
81182,46142
162110,46142
7425,46142
110605,46142
6385,46142
141395,46141
279818,46140
136042,46140
202758,46140
55304,46140
117819,46140
11047,46139
293501,46139
12916,46139
279525,46138
152286,46138
146868,46137
59159,46135
75109,46135
189894,46135
25034,46134
156581,46134
174072,46133
232701,46133
99029,46132
70756,46132
8693,46132
1304,46132
245268,46131
154928,46131
192337,46131
279430,46130
257453,46130
39936,46130
140437,46130
254110,46129
284007,46127
11384,46126
145777,46125
165892,46124
37819,46124
186680,46124
8245,46124
207308,46123
157170,46123
5348,46121
15121,46121
63912,46121
190796,46121
193115,46121
144283,46121
293693,46120
4445,46120
151153,46119
54660,46119
295062,46119
191582,46119
205125,46119
267501,46119
45334,46119
206284,46119
15091,46118
276533,46117
18107,46117
31387,46117
183519,46117
290660,46116
292643,46116
606,46116
251218,46114
257407,46114
26404,46113
201273,46113
288201,46112
102006,46112
95037,46112
42344,46112
133549,46112
199618,46111
128815,46111
39054,46111
121927,46111
213824,46111
214604,46111
168459,46110
261378,46110
286637,46110
163691,46109
23013,46108
174668,46108
166546,46108
246796,46107
6365,46107
182997,46107
284915,46106
76633,46106
27220,46106
288572,46106
10378,46105
161034,46105
242266,46103
51778,46102
152388,46102
35997,46102
164520,46102
263551,46102
34030,46101
240672,46100
263599,46100
27801,46100
218736,46099
269759,46099
65855,46098
278360,46097
89689,46097
36347,46096
160056,46096
212363,46096
227905,46096
257513,46095
79033,46095
171317,46094
141671,46094
179410,46093
177856,46093
241467,46093
5395,46093
209395,46093
22978,46092
10559,46092
153199,46092
203564,46092
62758,46091
118286,46090
202694,46090
28436,46090
150420,46088
75853,46088
165135,46088
252695,46087
281985,46087
100512,46087
72650,46086
242838,46085
260732,46084
181836,46084
268924,46083
81390,46082
35041,46082
61567,46082
2946,46082
98167,46082
290333,46081
240539,46081
5055,46081
40564,46081
197547,46080
202376,46080
4024,46080
259469,46080
260951,46080
292858,46080
269318,46079
112689,46079
177591,46079
221945,46078
226092,46078
274351,46076
160659,46076
83298,46075
1295,46075
246428,46075
153034,46074
226926,46074
245892,46073
206426,46073
289917,46073
230931,46072
69465,46072
217751,46072
86508,46072
196144,46071
115840,46071
71851,46071
104928,46071
266462,46070
244983,46070
127671,46070
86,46070
240660,46070
77928,46069
30812,46069
279766,46067
278308,46067
92298,46067
223411,46067
280479,46067
233036,46067
62073,46066
15862,46066
107997,46066
164214,46065
180372,46065
95569,46065
208974,46064
18252,46064
187253,46064
137406,46063
77059,46063
179314,46063
246706,46063
126385,46062
58312,46062
30170,46062
14512,46061
82217,46061
248420,46061
151107,46061
86686,46060
123935,46060
8857,46060
290207,46059
255169,46059
32250,46059
28767,46059
227348,46059
171478,46058
80529,46058
42131,46058
15962,46058
15926,46058
55540,46058
66490,46057
37822,46057
266288,46057
71755,46056
22223,46056
80404,46056
244285,46056
168506,46055
33370,46054
226521,46054
170251,46053
261607,46053
231197,46053
272206,46052
248250,46052
150679,46052
32222,46052
269054,46051
38197,46051
16647,46051
281045,46051
19409,46051
223248,46050
238136,46050
7623,46050
117192,46049
250535,46049
166957,46049
153943,46048
170303,46047
44326,46047
197154,46047
289833,46047
33703,46047
169664,46047
123045,46047
296053,46046
239273,46046
136557,46046
154904,46046
219052,46045
72265,46045
263037,46044
234308,46044
279741,46044
48371,46044
250025,46043
206916,46042
267426,46042
15406,46042
181963,46042
115648,46041
216461,46041
274213,46040
74401,46038
249161,46038
223675,46038
142977,46038
35668,46038
174685,46037
82710,46037
42708,46037
93000,46035
81082,46035
284751,46034
46391,46034
23169,46034
236425,46033
129438,46033
28472,46033
192303,46033
33012,46033
275841,46033
259860,46033
264284,46033
37684,46032
211539,46032
32931,46032
241353,46032
2777,46032
225295,46032
264717,46031
155152,46031
231638,46031
30685,46031
254729,46031
9849,46031
133357,46031
170780,46031
5516,46031
177385,46030
174651,46030
139900,46030
255473,46030
128393,46030
223716,46030
208461,46030
95027,46030
204126,46029
3180,46029
270803,46029
13192,46029
143477,46028
236593,46028
215504,46027
12623,46027
9617,46027
160149,46027
8232,46027
238441,46026
1525,46026
252112,46026
71499,46026
179041,46025
68628,46025
130290,46025
68335,46024
273503,46024
55043,46024
33743,46024
165812,46024
19887,46024
113129,46023
11965,46023
76849,46023
131925,46023
280953,46022
132696,46021
153419,46021
71043,46021
9364,46021
189373,46020
85587,46020
217770,46020
174719,46019
163049,46019
36081,46019
15185,46019
38390,46018
97387,46018
48289,46018
154373,46017
177893,46017
76055,46016
103026,46016
186099,46016
210145,46016
155271,46015
176086,46015
253883,46015
225225,46015
10964,46014
211204,46014
43828,46014
203307,46013
55720,46013
187481,46013
58326,46011
217901,46011
263342,46010
268912,46010
165504,46010
31099,46010
172879,46009
121227,46009
129609,46009
215387,46008
78193,46008
175323,46008
99896,46008
15826,46007
260813,46007
204086,46006
111144,46006
118346,46006
236256,46006
88574,46005
3053,46005
16135,46004
189303,46003
60591,46002
13987,46002
272814,46002
6687,46002
195108,46002
133302,46002
159505,46001
615,46001
161971,46001
258889,46000
102033,46000
292841,46000
11769,46000
163420,46000
219344,46000
286362,46000
23992,46000
210135,45999
272793,45999
274010,45999
268194,45999
45064,45999
218372,45999
296408,45998
99724,45997
10463,45997
253756,45996
198515,45996
85817,45996
93743,45996
8421,45995
50496,45995
212048,45994
198863,45994
52778,45993
277120,45993
114309,45992
170777,45992
34393,45991
83058,45990
293705,45990
237680,45990
200659,45990
7231,45990
270337,45989
77895,45988
211687,45988
150708,45988
209738,45987
202481,45987
167024,45987
189925,45986
266035,45986
31725,45986
20353,45986
2556,45985
66352,45985
215189,45984
53024,45984
152058,45984
277202,45984
264278,45984
237451,45983
226018,45982
229680,45982
74404,45982
160603,45982
35047,45981
28241,45981
235635,45981
294449,45980
199685,45980
232310,45980
14419,45980
83908,45980
255228,45979
10171,45979
271851,45978
267560,45978
108708,45977
273841,45976
287643,45976
252536,45976
232262,45975
116170,45975
6962,45974
197891,45972
261017,45971
251255,45971
53166,45971
203522,45970
238448,45970
10303,45968
233929,45968
184074,45967
209829,45967
61878,45966
239006,45965
164648,45965
170525,45965
88715,45965
134337,45964
49510,45963
186261,45963
79224,45963
145613,45962
42384,45962
172770,45962
578,45962
150306,45962
120877,45962
250734,45962
47873,45962
101765,45961
151311,45961
222061,45961
163430,45961
103847,45960
40103,45960
178798,45960
24923,45959
230590,45959
170039,45958
138421,45958
3782,45958
13394,45958
27822,45957
293396,45957
248081,45957
138527,45956
68220,45956
225282,45956
7706,45956
56188,45955
62835,45955
250500,45955
228123,45954
269637,45954
240195,45954
38506,45953
47154,45953
291248,45953
136949,45952
168762,45952
181122,45951
166966,45951
192868,45951
265735,45950
8384,45950
104998,45950
278329,45949
274871,45949
208383,45949
171194,45949
192284,45948
33042,45947
179574,45947
224830,45946
220858,45946
176239,45946
271979,45945
70186,45945
229880,45945
147797,45944
100334,45944
168257,45943
284201,45943
232477,45943
175175,45943
159791,45942
270588,45942
37691,45941
121068,45941
173021,45941
257939,45941
286900,45941
112515,45941
48647,45940
261067,45940
2137,45939
258030,45939
257331,45939
5620,45939
160986,45939
21083,45939
266791,45938
77817,45938
180888,45938
230341,45938
20774,45937
252388,45937
61435,45937
227539,45936
22642,45936
295742,45935
163909,45935
269675,45935
60408,45935
80220,45935
222233,45935
164307,45935
535,45934
186434,45934
197793,45934
57998,45932
109231,45932
292980,45932
39037,45932
195321,45930
76332,45929
83806,45929
235390,45929
82738,45928
25162,45928
161169,45928
5323,45927
83551,45927
240032,45926
206462,45926
252529,45926
186227,45926
186239,45926
91528,45926
21129,45925
31769,45925
141660,45925
96810,45924
1265,45924
163407,45924
184023,45923
6665,45923
177894,45923
25900,45923
81500,45923
286325,45923
286873,45922
53498,45921
204987,45921
62996,45921
228991,45921
295783,45920
292342,45920
208483,45920
23795,45920
145862,45920
8044,45919
144162,45919
110849,45919
191509,45919
155926,45919
141467,45919
231802,45918
231560,45918
35273,45917
235028,45917
200470,45917
57072,45917
86587,45917
135861,45915
280831,45915
22673,45914
11909,45914
148781,45914
121815,45913
255360,45913
135725,45913
218659,45912
25561,45912
140824,45912
97137,45911
175642,45911
215450,45911
59624,45911
139023,45910
189488,45910
293160,45910
249283,45910
122051,45910
157228,45910
28071,45910
95422,45910
210942,45909
205417,45909
9580,45909
118799,45909
241896,45908
290808,45908
240806,45908
222306,45907
44047,45907
41364,45907
258590,45907
56264,45907
17604,45906
280098,45906
290926,45906
237750,45906
293886,45906
123,45905
181591,45905
215971,45905
276158,45905
189235,45905
249868,45904
238915,45904
236636,45903
100273,45903
61596,45903
271397,45903
157080,45903
262594,45902
98472,45902
126087,45901
48173,45901
285571,45900
213777,45900
95950,45899
30213,45899
250001,45899
25741,45898
161353,45898
233425,45898
254242,45897
111495,45897
21455,45897
183646,45897
146640,45897
1905,45897
91474,45897
80883,45896
138862,45896
53167,45895
195158,45895
68772,45895
204141,45894
170971,45894
279500,45894
113269,45892
220865,45892
273349,45892
220886,45891
173710,45891
233967,45889
228527,45888
143054,45888
555,45888
90323,45888
183933,45887
27753,45887
247758,45887
2154,45887
47221,45886
201555,45886
233577,45886
263810,45885
221228,45885
264800,45885
175397,45885
287170,45885
271890,45885
294308,45885
158649,45885
88434,45884
120049,45884
288270,45883
121719,45883
204073,45882
7298,45882
54364,45881
293120,45881
112030,45881
225296,45879
186161,45879
18029,45878
241185,45878
257952,45878
14152,45878
287398,45877
61198,45877
139758,45877
257223,45876
113977,45876
40380,45875
110377,45875
5726,45875
279573,45874
175520,45874
56117,45874
50965,45874
205380,45874
81142,45874
123732,45874
296387,45874
34842,45873
95458,45872
86270,45872
109772,45872
175020,45872
186939,45872
187844,45872
195370,45871
108996,45871
8399,45871
269799,45871
196956,45870
119003,45870
10430,45869
25664,45869
1707,45869
111282,45868
243880,45868
193871,45867
235099,45867
2286,45866
295165,45866
208445,45865
213288,45865
4136,45864
263535,45864
149330,45864
66849,45863
98772,45863
3077,45863
227835,45863
2240,45863
39302,45863
149685,45863
9896,45861
282078,45861
294531,45861
278737,45860
65556,45860
12697,45860
118705,45860
57105,45860
285659,45860
186526,45859
257672,45859
81333,45859
173507,45858
233431,45858
155064,45858
124482,45857
251116,45857
277761,45857
216575,45857
75,45856
87095,45856
136875,45856
117330,45855
191149,45855
171757,45855
228376,45855
145711,45855
252211,45855
125158,45854
150818,45854
113301,45854
234343,45854
272068,45854
186940,45853
288991,45853
114680,45852
112429,45852
24786,45852
236467,45851
122643,45851
215229,45851
9925,45851
20408,45850
129961,45850
143548,45849
201404,45849
242630,45848
20159,45848
16890,45848
287818,45848
126641,45848
196877,45847
104562,45847
16101,45847
285523,45846
193497,45846
50141,45845
22638,45845
284249,45845
166051,45844
8027,45844
18198,45844
199359,45843
292517,45843
157753,45842
46597,45842
5661,45842
25319,45842
1462,45841
25061,45841
180390,45841
193066,45841
290170,45841
9153,45840
252389,45840
125541,45839
5774,45839
200772,45839
122014,45839
80516,45839
59533,45839
92734,45838
225625,45838
265601,45837
265697,45837
107652,45837
59365,45837
66218,45836
281575,45836
39516,45836
256700,45836
2129,45836
22955,45836
101863,45836
15801,45836
70543,45835
174506,45835
19009,45834
250078,45834
81598,45834
172623,45834
234074,45834
292404,45834
271370,45834
66039,45833
212701,45833
243879,45832
45935,45832
252259,45832
2187,45832
200168,45831
206819,45831
177648,45830
11618,45830
109486,45830
96847,45830
109722,45830
52,45830
256541,45830
212101,45829
202703,45829
169098,45828
73772,45828
275533,45828
156317,45828
295281,45828
183513,45827
195374,45827
256234,45827
58653,45826
54961,45826
260157,45825
198328,45825
104756,45825
141094,45825
192661,45824
87312,45824
113341,45824
48129,45823
186327,45822
183277,45822
210459,45821
280791,45821
295364,45821
161861,45821
46837,45821
173468,45820
106855,45820
155385,45820
210137,45820
257830,45820
140335,45819
24224,45818
22069,45817
21632,45817
247767,45816
23495,45816
163802,45816
276062,45815
195974,45815
219964,45815
153491,45815
133879,45814
244507,45813
257299,45813
234367,45813
214434,45813
42758,45813
160818,45813
26110,45812
17517,45810
127442,45810
251559,45809
27855,45809
42566,45809
42794,45808
293748,45808
220002,45808
114218,45808
268405,45808
73881,45807
215997,45807
180134,45806
111548,45806
292949,45806
280600,45806
23900,45805
36130,45805
208193,45805
106272,45805
89481,45805
283699,45804
19993,45804
279545,45804
291921,45803
236862,45803
3823,45803
256671,45803
167049,45802
135266,45802
276281,45802
12823,45802
202171,45801
162270,45801
161285,45801
23151,45801
198103,45801
79095,45800
174408,45800
97592,45799
252886,45799
102300,45799
204372,45798
245593,45798
34322,45798
121685,45798
231693,45798
229863,45798
256555,45798
268749,45797
253102,45797
282377,45797
206341,45797
247946,45797
128766,45796
167621,45796
283600,45796
69141,45796
175330,45796
268299,45796
228415,45795
112421,45795
238532,45794
108719,45793
174778,45793
67804,45792
113530,45792
58811,45792
82584,45792
57627,45792
268360,45792
290955,45791
32577,45791
36975,45791
146389,45791
135644,45790
141478,45790
11261,45790
149397,45790
207381,45790
285856,45790
265518,45789
225496,45789
231389,45789
92672,45789
113004,45789
273021,45788
185640,45788
15351,45788
44232,45788
207362,45787
286753,45787
168298,45786
257295,45786
336,45786
285112,45786
109424,45786
183586,45786
156712,45785
156113,45785
230770,45785
209541,45784
127519,45784
56604,45784
238834,45784
8868,45784
258761,45784
51578,45783
24130,45783
253519,45783
276298,45783
255394,45782
128093,45782
171082,45782
30021,45782
139255,45781
152729,45781
200024,45781
268099,45780
43529,45780
160518,45780
3558,45780
269427,45780
3200,45779
142895,45779
272796,45779
165685,45779
283916,45778
111691,45778
2075,45778
5676,45778
63534,45778
67204,45777
148083,45777
239048,45777
119859,45776
248825,45776
237078,45776
153230,45776
106601,45776
182030,45775
296274,45775
51680,45775
18815,45774
73420,45774
80448,45773
92289,45773
219945,45773
230465,45773
139970,45772
221164,45772
141208,45772
165343,45771
255935,45771
253500,45771
18494,45771
201489,45770
228980,45770
4277,45770
237994,45770
278220,45770
105812,45770
78954,45770
144024,45770
27718,45769
93730,45769
294361,45768
151926,45768
48887,45768
89838,45768
284357,45768
248342,45767
224033,45767
118441,45767
213074,45767
92393,45766
107018,45766
235956,45766
260595,45765
274269,45765
11264,45765
251720,45764
176104,45764
279892,45764
198423,45763
196717,45763
160574,45763
120208,45763
294941,45762
266612,45762
148882,45762
279829,45762
235412,45761
7184,45761
99997,45761
231590,45761
81704,45761
161329,45761
108448,45760
115108,45760
2799,45760
290798,45760
186815,45759
220527,45759
253539,45758
260724,45758
236093,45758
195228,45757
13678,45757
100340,45757
66567,45757
283858,45757
20925,45757
160382,45756
78866,45756
254698,45756
99944,45756
98485,45755
223632,45755
6473,45754
219479,45754
84995,45754
220367,45753
131357,45753
5858,45753
63942,45753
179797,45753
15881,45752
42441,45752
240160,45752
155734,45752
261568,45752
267637,45751
66131,45751
270229,45751
48515,45751
10889,45751
264179,45751
184460,45750
112242,45750
200693,45750
37839,45749
134029,45749
105579,45749
238535,45749
268722,45748
190363,45748
110885,45748
3245,45747
139326,45747
218171,45747
287784,45747
202596,45747
