96252,100000
255294,70924
62137,69901
279012,69724
252505,69120
260929,68618
201854,68114
208424,67751
190382,67115
261391,67024
126095,66920
56332,66255
177367,65791
154047,65783
130686,65567
267391,65217
274820,64859
115911,64758
277650,64482
257684,64281
119287,63721
138499,63469
243513,63358
140962,63320
258922,63266
226970,62774
26522,62550
209104,62422
85643,61916
282567,61265
159857,61222
156387,61014
62343,60609
212911,59571
85881,58727
40504,58505
45219,58419
67315,58205
178083,58039
84371,56770
243782,55954
218737,55780
213818,55590
49404,54723
40662,54354
277784,54272
4455,54002
278143,53796
206024,53539
54685,53520
22946,53209
224060,53117
194063,52897
275988,52803
241862,52793
35295,52753
25521,52738
179080,52408
1516,52257
123691,52249
214923,52135
255330,52110
204148,51840
54673,51729
75442,51675
139701,51503
91054,51266
81375,51161
91619,51036
55049,50946
943,50944
118466,50899
269847,50878
244327,50711
198156,50583
183144,50533
37587,50528
242182,50440
21098,50438
73764,50359
333,50340
186878,50318
203407,50273
276324,50233
5209,50227
83242,50058
220593,50035
214519,50027
203673,49966
281386,49817
23543,49773
122418,49748
62557,49649
171153,49646
80266,49557
47764,49550
37926,49505
114142,49498
70916,49484
97567,49480
215898,49469
40638,49456
24583,49454
20884,49441
56306,49423
31723,49396
175836,49377
75822,49358
166877,49313
71110,49305
204779,49297
160665,49278
192356,49264
658,49246
159055,49185
144645,49140
4282,49128
20066,49127
98353,49122
241219,49098
63822,49095
22344,49080
245134,49064
281657,49033
96798,49027
221528,49007
231424,49003
56779,48981
6034,48977
277537,48958
190533,48923
246579,48873
242255,48870
120249,48838
152879,48837
254473,48822
245832,48814
255683,48806
64832,48802
180672,48777
242067,48757
195966,48742
231426,48740
57837,48727
8882,48723
12085,48706
280860,48694
232690,48689
170290,48681
35827,48681
114065,48652
265824,48649
55798,48639
126821,48629
186479,48619
288509,48610
151067,48603
218926,48579
176986,48562
52111,48556
55756,48551
211051,48541
203769,48534
198717,48510
87684,48503
81601,48500
195569,48500
55788,48490
137846,48464
209596,48446
254104,48445
160832,48425
15200,48416
273711,48415
126100,48411
44345,48410
3033,48402
225728,48394
194034,48391
279463,48365
127555,48361
257565,48359
285588,48358
74532,48352
284992,48337
151496,48321
292609,48310
251897,48303
159284,48292
292447,48288
284044,48269
114577,48249
104856,48249
199080,48247
185158,48228
225553,48227
145949,48214
275508,48209
81275,48199
266351,48191
187053,48173
163446,48171
143212,48169
255089,48168
197055,48163
212415,48162
180143,48162
191453,48158
196806,48151
284432,48142
134843,48137
12911,48120
169639,48119
170568,48115
295446,48111
168841,48107
78998,48103
56034,48098
93455,48087
268158,48081
174171,48080
260276,48076
28800,48067
214409,48065
239382,48062
116842,48051
272378,48048
233614,48037
208608,48032
190216,48029
2648,48029
80883,48015
296259,47992
66196,47986
258444,47974
119516,47971
287906,47940
291179,47938
176444,47936
207278,47933
289042,47922
255502,47920
17827,47915
135004,47909
132476,47904
21116,47901
91455,47900
197379,47899
290687,47899
105735,47894
220234,47886
162250,47867
293422,47866
190145,47864
39413,47861
45284,47855
281025,47838
287241,47836
225846,47834
245424,47831
50456,47830
257962,47829
79690,47822
22764,47821
45462,47820
170637,47820
265610,47817
251055,47815
216935,47809
232287,47809
186771,47808
209674,47806
265377,47802
266543,47794
162992,47793
128156,47790
219397,47790
266826,47787
232138,47784
119030,47784
274140,47783
222,47776
216211,47772
280012,47763
83633,47758
252401,47726
276788,47726
254266,47723
13486,47722
201286,47711
5280,47709
78221,47693
235071,47677
277549,47669
113103,47667
278880,47665
20514,47658
190968,47651
295246,47647
284759,47642
194197,47642
241409,47641
231480,47637
156701,47636
197626,47635
233850,47631
68948,47630
285451,47627
262157,47622
266387,47621
278035,47616
261788,47614
135266,47613
274948,47612
157483,47608
115518,47592
157508,47589
203648,47589
151075,47578
159252,47577
190711,47572
159835,47565
116622,47553
244569,47551
262956,47550
169484,47547
191259,47545
197508,47542
278716,47542
101013,47541
233755,47536
191493,47530
178091,47514
260594,47512
158483,47510
264004,47504
152639,47501
245509,47500
123640,47500
242363,47499
294066,47494
260284,47492
140341,47489
109248,47488
164408,47486
96309,47484
222060,47472
154820,47470
141877,47470
248723,47468
293040,47464
176565,47463
227936,47462
140077,47459
185234,47459
226134,47457
230041,47456
136954,47456
222065,47446
257394,47441
166312,47436
207452,47436
237245,47434
32479,47421
117437,47420
155662,47415
136256,47414
158758,47413
184658,47408
180706,47406
256669,47402
268721,47395
112645,47393
158374,47392
197917,47391
202699,47387
282430,47385
90776,47380
192925,47380
279269,47379
66948,47376
283028,47374
202580,47372
170340,47370
94110,47369
248122,47367
12420,47365
263991,47364
230027,47363
266020,47360
262073,47356
27947,47354
225645,47353
159863,47352
51466,47343
28342,47338
226909,47337
195640,47335
260046,47331
272832,47328
275448,47327
234483,47326
2353,47317
282454,47316
272132,47315
259266,47313
270705,47312
201310,47310
62394,47302
209945,47300
231291,47300
149654,47298
108986,47296
24550,47295
249642,47292
4338,47292
275318,47290
252771,47289
222465,47289
63832,47286
151660,47277
256815,47277
181775,47275
271937,47274
285029,47273
176655,47272
211268,47269
227818,47268
191204,47267
224498,47263
283506,47261
223633,47259
269166,47258
195914,47254
194921,47251
250980,47250
231496,47247
18318,47246
127920,47245
271309,47243
228379,47243
15906,47242
252374,47239
264257,47232
223596,47228
292873,47223
237262,47222
107529,47221
198554,47219
267790,47212
28647,47210
243617,47207
281953,47206
237827,47206
5449,47203
181432,47203
23555,47202
289427,47201
86013,47195
160495,47195
247934,47194
121427,47194
151743,47190
232209,47189
165913,47185
33207,47183
125462,47170
239657,47169
13096,47169
176234,47167
295244,47166
113114,47165
191027,47161
79885,47159
117689,47159
235135,47157
296347,47157
92896,47156
233932,47153
138647,47151
260431,47149
119414,47142
172959,47142
152089,47137
240078,47136
163930,47136
156432,47136
291852,47135
128311,47132
238653,47131
161977,47130
172117,47127
101438,47124
273240,47122
287977,47122
276313,47121
166558,47118
1708,47117
143304,47117
159619,47116
161944,47114
108045,47113
71066,47110
188766,47109
271089,47109
281293,47107
286353,47105
300,47104
16853,47101
765,47099
266982,47098
32614,47098
257279,47097
216291,47096
261937,47094
237999,47091
293855,47091
37793,47088
117320,47088
198804,47087
224583,47085
95341,47085
276903,47084
48581,47080
265128,47079
262008,47079
213101,47078
186282,47078
197762,47077
191170,47077
106517,47077
211628,47076
24288,47074
174765,47072
168539,47070
259956,47068
176872,47067
53578,47067
270058,47066
248315,47065
207446,47063
286432,47062
113643,47062
216419,47060
127910,47060
278305,47058
31458,47055
290191,47055
232828,47054
272078,47053
200579,47050
131626,47049
284809,47049
178191,47047
117084,47046
278118,47042
7357,47042
228851,47042
254766,47036
261667,47035
181706,47034
115630,47032
61602,47031
85058,47029
223330,47029
79905,47028
201856,47028
292022,47024
72261,47022
278242,47021
294440,47021
261208,47021
219437,47019
241237,47019
552,47017
127533,47015
111721,47012
194747,47012
187631,47012
193923,47011
155494,47004
203615,47004
51625,47004
294565,47001
68187,47001
211602,47001
246016,47000
273573,46999
134089,46998
209198,46997
272305,46997
265853,46996
185046,46993
145206,46991
26034,46988
281215,46986
149318,46985
217794,46984
65119,46983
289868,46980
289686,46979
236366,46979
276791,46979
83467,46976
97660,46976
51824,46974
96630,46974
21223,46973
245443,46972
73996,46971
252066,46970
230406,46959
273683,46958
288162,46955
61759,46953
12676,46951
296415,46949
159429,46949
186847,46946
153101,46946
124178,46945
134948,46940
195081,46940
290912,46940
213546,46939
133138,46938
96502,46936
241702,46934
203487,46932
158829,46929
247737,46925
238404,46925
132763,46922
190224,46919
217738,46919
167673,46918
241959,46917
267635,46914
193255,46911
254777,46909
285313,46908
194772,46906
279619,46905
284475,46904
229244,46903
269739,46902
261347,46902
20203,46902
247373,46901
276810,46899
237351,46898
283247,46895
243738,46895
173823,46893
226568,46892
77066,46891
271714,46891
156999,46890
47697,46890
149549,46887
166563,46887
153831,46886
51572,46885
178365,46882
283107,46880
64249,46880
276193,46877
260028,46877
268010,46875
271272,46874
100659,46874
107023,46873
82837,46873
260861,46871
35413,46870
73960,46870
153813,46869
45495,46868
125423,46868
246933,46867
172651,46867
91283,46867
7041,46866
284860,46865
71539,46864
203077,46857
30297,46855
163188,46854
109513,46854
140958,46854
168535,46854
115453,46853
150792,46852
220493,46847
204054,46847
246642,46847
284243,46847
170624,46845
186199,46844
132437,46841
185204,46841
176767,46840
232343,46840
284695,46839
246647,46837
105036,46836
257621,46832
186418,46831
239289,46831
139499,46828
170778,46826
261635,46826
121476,46826
169394,46825
289194,46825
270006,46818
270383,46817
140444,46815
251211,46810
184367,46807
124204,46806
245013,46805
248254,46805
184116,46804
62859,46804
213516,46804
233063,46804
277185,46803
148087,46803
115753,46803
237504,46802
173472,46801
74710,46801
256342,46800
286491,46800
222589,46799
290998,46799
279872,46797
290973,46797
241873,46797
149905,46796
268146,46796
230810,46794
18901,46792
151678,46791
282263,46791
79887,46790
276985,46789
192348,46787
269216,46787
109734,46787
187046,46786
251948,46784
289908,46780
84446,46780
10828,46779
145420,46779
9206,46778
165596,46778
296458,46776
173087,46775
227459,46771
18000,46769
240992,46769
200341,46767
258966,46767
8098,46767
259481,46766
231754,46766
182864,46763
10851,46760
273629,46758
37403,46758
263678,46757
32433,46756
107908,46754
53116,46753
282927,46749
212881,46749
177025,46749
180345,46748
37527,46747
134123,46746
258293,46746
218700,46745
14385,46745
289635,46744
188316,46744
255975,46740
228566,46739
148521,46738
157657,46737
224263,46736
105137,46733
229582,46733
155847,46733
250266,46731
132261,46727
126270,46727
108528,46726
248931,46725
239762,46724
37214,46723
284404,46723
71429,46722
102140,46722
240316,46721
187451,46721
196925,46719
89915,46715
295645,46715
33691,46714
175310,46713
284650,46712
113443,46712
37575,46711
29724,46711
204832,46711
182961,46708
279254,46708
117468,46707
91197,46704
212342,46702
51470,46700
266978,46699
190352,46698
247262,46698
137656,46697
279084,46695
133645,46693
95025,46692
223242,46688
163027,46688
136969,46688
140290,46687
215574,46687
200381,46684
295576,46683
182709,46682
271100,46681
18056,46679
199040,46679
112298,46678
109042,46677
220586,46676
247330,46675
179421,46674
284164,46671
227562,46669
161391,46669
269755,46667
165565,46667
250377,46666
216049,46666
224029,46665
192866,46665
207690,46661
22187,46660
66305,46660
209382,46657
13664,46655
198219,46655
103702,46654
118886,46653
288736,46652
229595,46651
268485,46651
83828,46650
77630,46650
40208,46648
239949,46647
142872,46645
183218,46645
276553,46645
227535,46643
60326,46643
223887,46642
148523,46640
221112,46639
197388,46639
101008,46637
132277,46636
264539,46636
290429,46633
243102,46633
81495,46633
235992,46632
274470,46632
181755,46631
277802,46631
187561,46630
278883,46627
201177,46625
207223,46623
242309,46622
238788,46622
188642,46620
274622,46620
248682,46619
57976,46619
218747,46618
130360,46617
234453,46616
294327,46615
143339,46615
40186,46615
200988,46613
187837,46612
260921,46610
202208,46610
205791,46610
29085,46609
247999,46609
211138,46609
270945,46609
279827,46608
256946,46608
186545,46607
276249,46606
18873,46605
246320,46604
261956,46604
188002,46600
296127,46596
258160,46596
116062,46595
107888,46595
206004,46593
124530,46592
273326,46591
256234,46589
152767,46589
144390,46588
146979,46587
225400,46586
1270,46584
243766,46582
84051,46581
190806,46580
169493,46580
70135,46580
290557,46578
68690,46577
1900,46576
284198,46575
204514,46574
295184,46570
112547,46568
234668,46568
214711,46568
54211,46568
263272,46567
111375,46565
22405,46564
266069,46561
203809,46561
40058,46561
229225,46560
143033,46560
178892,46560
180766,46558
157033,46557
178820,46554
133687,46553
263839,46550
3512,46550
10913,46550
272978,46550
147576,46547
160103,46547
206036,46546
269317,46546
47127,46546
277925,46545
161302,46544
126472,46544
184125,46544
234278,46543
114021,46542
254907,46542
187769,46541
213337,46540
128653,46538
241877,46537
6636,46537
296445,46536
253473,46535
111412,46535
270188,46534
136167,46531
88507,46530
208339,46527
122846,46527
134389,46525
295939,46524
278246,46524
197912,46522
91782,46521
287858,46521
134554,46521
245533,46520
200113,46519
9091,46518
43121,46517
204029,46516
274300,46515
241784,46514
235161,46513
248891,46513
263897,46512
43059,46511
106176,46509
148849,46509
182943,46509
116157,46508
295484,46508
77277,46507
244780,46507
214313,46506
237921,46505
191445,46504
182774,46503
217301,46503
273272,46502
292934,46500
100016,46499
224922,46498
153808,46498
154174,46493
100725,46493
245651,46492
264427,46492
235621,46491
280410,46491
230537,46490
295934,46490
294798,46490
244992,46489
156975,46488
278617,46488
261648,46486
18808,46485
212675,46484
317,46484
193974,46483
7917,46479
148410,46477
216621,46475
62062,46474
97958,46473
46314,46473
141258,46473
222227,46472
289417,46471
20984,46471
154333,46470
114670,46468
166777,46467
198552,46467
259940,46467
128933,46466
28649,46466
218218,46465
209058,46463
232852,46461
290597,46457
30580,46457
71069,46457
288233,46456
198881,46456
256083,46453
275502,46453
105163,46452
134369,46452
237556,46451
231617,46450
249724,46449
158192,46447
226448,46446
183148,46445
282875,46443
236639,46443
208054,46443
248113,46439
264646,46439
263194,46439
198938,46439
162827,46438
29945,46438
170169,46437
255769,46437
107364,46435
90104,46435
165063,46431
165939,46431
157043,46431
185425,46430
268070,46430
276852,46429
160330,46428
197616,46428
296,46427
197259,46427
101113,46427
195820,46427
283374,46426
131055,46426
49707,46425
287740,46425
218835,46425
227080,46424
171571,46424
280798,46424
184403,46423
44044,46422
295532,46421
282591,46421
93600,46421
151520,46421
220117,46421
240795,46420
22357,46420
248000,46420
17340,46418
218118,46418
227610,46418
294057,46417
83812,46417
203628,46414
201090,46414
242419,46414
279702,46414
254441,46413
280241,46411
159103,46411
218127,46408
179956,46408
146007,46408
236917,46407
235836,46407
140177,46407
267716,46406
271760,46406
94794,46403
93909,46403
248795,46402
75168,46401
158944,46401
172104,46399
26118,46398
271948,46397
69435,46397
241032,46396
37493,46395
118182,46394
234438,46393
217938,46392
291164,46392
146351,46392
254824,46390
278627,46390
104937,46390
220956,46389
272079,46388
149477,46388
210248,46388
150816,46387
270259,46386
279258,46384
130183,46384
230968,46383
269629,46383
210296,46383
77719,46382
272197,46382
217226,46382
89851,46381
68434,46381
295010,46379
210505,46377
152537,46375
248414,46375
289380,46373
204525,46372
261256,46372
100042,46371
167454,46371
277696,46369
293804,46369
56106,46369
249167,46368
746,46368
34012,46367
278413,46367
145833,46366
210286,46365
198066,46365
150771,46364
96579,46364
231201,46363
18200,46363
240390,46363
265889,46362
52186,46362
135034,46362
244713,46362
160515,46361
209204,46360
255066,46359
105862,46358
186818,46357
123130,46357
233181,46356
117181,46355
233616,46354
784,46351
108210,46351
560,46348
15918,46348
222588,46347
152483,46346
181744,46346
261693,46345
65937,46345
189484,46344
207987,46344
95756,46343
43571,46342
144526,46341
262027,46340
98633,46340
113418,46339
196672,46338
295361,46338
250618,46337
162195,46337
57680,46335
267482,46335
279941,46335
2680,46334
286424,46333
146058,46333
216572,46332
272971,46332
227278,46331
229691,46331
219961,46331
187569,46330
203156,46329
259312,46329
155804,46328
258997,46328
135947,46327
223367,46326
98347,46326
157160,46326
105389,46325
169604,46324
225558,46323
66625,46323
164145,46323
295902,46321
238209,46321
286200,46320
102304,46320
242667,46319
25914,46318
54124,46318
11132,46317
139593,46316
41555,46315
125819,46313
207060,46313
171869,46313
225261,46313
139412,46312
292200,46312
177027,46312
196041,46309
293146,46309
96080,46309
132090,46308
151677,46307
296080,46307
85039,46306
151303,46306
218294,46306
50483,46305
18714,46305
262457,46304
122785,46304
220443,46303
261873,46303
160884,46303
155848,46303
119819,46302
96789,46302
256060,46302
246592,46302
272925,46301
18862,46301
216639,46300
138042,46300
31407,46299
241318,46299
265106,46299
134759,46298
175053,46298
263064,46298
182127,46298
151114,46297
287983,46297
283491,46297
39661,46297
245965,46295
279146,46295
246029,46294
170453,46294
220121,46294
165100,46293
127370,46293
246059,46292
117841,46292
215910,46291
254832,46291
184337,46290
160345,46290
269549,46289
189376,46288
256500,46288
148090,46287
235653,46287
290452,46287
36049,46286
111557,46286
195124,46285
153424,46285
199021,46284
73053,46284
294402,46284
183619,46284
150817,46284
148486,46283
288758,46282
224740,46281
158337,46280
51764,46280
205026,46279
238976,46279
44379,46278
92940,46277
209174,46277
263154,46277
239923,46277
274083,46274
17986,46274
288566,46274
138290,46274
203992,46273
51660,46273
257634,46273
75453,46272
229709,46271
150846,46270
243076,46270
203694,46269
207069,46269
275240,46268
155933,46268
192898,46267
240422,46267
286919,46267
127451,46267
105626,46266
295141,46265
264373,46265
29179,46264
202883,46263
240849,46262
182345,46261
231845,46260
228136,46259
289196,46259
193802,46258
266091,46258
55046,46258
145448,46257
154897,46257
257494,46257
213192,46256
105161,46256
287076,46255
281381,46255
273808,46253
221397,46253
208055,46253
268184,46252
168690,46251
38400,46251
30788,46247
117002,46247
207836,46246
69968,46246
163753,46244
149116,46243
225347,46243
182186,46242
245951,46242
195307,46241
118444,46241
273543,46241
88246,46240
248136,46240
239017,46239
3997,46239
250731,46239
104116,46239
237330,46239
280055,46239
278147,46239
249560,46239
254039,46238
161204,46238
140251,46238
149194,46238
155231,46237
13543,46237
16665,46237
203597,46237
140446,46235
198846,46234
255443,46233
161696,46233
59751,46233
292132,46233
162786,46232
255612,46231
115685,46231
222091,46230
80867,46230
27602,46229
225014,46229
251095,46228
70923,46227
248428,46227
284917,46227
160797,46225
275862,46223
244968,46222
278728,46221
69869,46221
265451,46221
30269,46220
252818,46220
136583,46219
159551,46219
15396,46218
226572,46218
173744,46217
238010,46216
201268,46216
174140,46215
131898,46214
75767,46214
210686,46214
238495,46214
222247,46213
253967,46212
197699,46210
269781,46209
94462,46209
194148,46208
16900,46208
124900,46206
276551,46206
154119,46206
296488,46204
261528,46203
29355,46201
163091,46201
294116,46201
232021,46201
54252,46200
122288,46199
292706,46199
257883,46199
256717,46198
201406,46198
262400,46197
174324,46197
243002,46197
268370,46196
252531,46196
214439,46195
38812,46195
257313,46194
96288,46194
225760,46194
252942,46193
153821,46193
279,46193
22973,46193
208157,46192
272180,46191
123609,46191
255768,46190
161849,46190
167238,46190
133127,46190
176852,46189
180126,46188
272337,46188
68314,46188
188328,46188
16120,46187
6082,46187
179389,46187
245316,46186
226846,46186
178309,46186
30239,46186
24698,46185
161542,46185
153699,46185
20011,46185
283151,46184
282191,46184
197538,46183
269753,46183
175917,46183
259565,46182
189261,46182
259628,46181
129463,46180
83959,46179
239031,46179
236187,46177
260692,46177
280732,46176
77504,46176
113837,46175
277403,46175
6829,46174
259567,46173
257924,46173
212933,46172
159101,46171
164243,46171
205187,46171
274027,46170
280371,46170
114471,46169
115745,46169
73101,46169
11211,46168
49587,46168
224245,46168
226775,46168
145988,46168
91384,46168
143856,46167
143576,46166
96281,46166
12210,46166
122390,46166
250456,46165
257743,46165
167295,46165
292368,46165
17225,46165
208560,46165
76857,46164
195196,46164
234,46164
138116,46164
249341,46164
142501,46163
283329,46163
283246,46162
144,46162
203775,46161
173983,46160
205322,46159
202509,46159
243853,46159
294561,46159
216920,46158
210562,46158
114408,46157
2741,46156
31103,46156
41549,46156
133171,46155
141451,46155
282695,46154
279882,46152
271716,46152
23878,46151
67946,46151
44945,46151
148540,46151
279998,46150
263230,46149
190698,46148
71495,46148
284500,46148
258053,46147
274068,46147
267096,46147
176430,46146
160575,46146
258766,46146
232613,46144
253435,46142
242247,46141
196301,46141
187936,46140
239903,46140
37547,46140
87336,46139
106895,46139
263146,46139
62619,46138
207863,46138
196873,46138
272350,46138
161629,46138
225600,46137
236429,46137
97663,46135
174945,46135
191097,46135
447,46134
265615,46134
255184,46133
133251,46133
28570,46133
289927,46132
276667,46132
197389,46132
69507,46132
194206,46131
4682,46131
129957,46131
280836,46130
285490,46129
103824,46129
129510,46128
244018,46128
157533,46127
109829,46127
113493,46127
28596,46127
176206,46126
256901,46126
135380,46125
280576,46124
271854,46123
32263,46123
220808,46123
149142,46122
159841,46122
194586,46122
266922,46122
194693,46121
98494,46120
198377,46120
37153,46120
192931,46120
105044,46119
125516,46119
153569,46119
207244,46118
228960,46118
78191,46118
49169,46117
251753,46116
175464,46114
150005,46114
49529,46113
32216,46113
272730,46112
141051,46112
282673,46112
184790,46112
65810,46112
145045,46112
94734,46112
291086,46110
184793,46110
188398,46110
277083,46109
144528,46108
193684,46108
291125,46107
223810,46107
107680,46107
289490,46106
203220,46106
142366,46106
243520,46106
217047,46106
232895,46106
240264,46106
185711,46106
113549,46105
253692,46104
220694,46103
8201,46103
252247,46103
123358,46103
256276,46103
263556,46102
255738,46102
171368,46102
204778,46101
132455,46101
166445,46101
106228,46101
268793,46101
217843,46101
200354,46101
265122,46100
174183,46100
263474,46100
241490,46100
222393,46099
220512,46098
273524,46097
124840,46097
206747,46096
216956,46095
59033,46095
200064,46094
283801,46093
294079,46093
164655,46093
225912,46092
112980,46090
266513,46090
227290,46090
86390,46090
208519,46090
212707,46090
46145,46090
230266,46090
114340,46090
291746,46088
48449,46088
127077,46088
43298,46088
159152,46088
294513,46087
1501,46087
145615,46087
66680,46087
218308,46087
182612,46086
116094,46086
227864,46085
204817,46085
268241,46084
261292,46084
257531,46084
287889,46084
267021,46084
156727,46084
131314,46083
255823,46083
269273,46083
189429,46083
271516,46082
17,46082
73928,46082
94062,46082
273052,46081
114967,46081
234415,46080
254617,46079
154166,46077
200051,46077
225892,46076
258965,46076
54460,46074
124291,46073
147930,46073
45651,46072
237400,46072
261865,46071
19815,46071
231082,46071
272070,46071
148926,46070
177645,46070
171067,46069
75504,46069
152319,46069
269893,46069
245495,46068
187946,46068
239619,46067
176941,46067
35087,46066
167289,46065
50785,46065
152458,46065
148656,46064
100645,46063
14506,46063
196932,46062
286694,46062
164544,46062
41404,46061
242265,46061
204243,46060
38709,46060
137274,46060
229430,46059
141313,46058
159411,46058
256020,46057
167493,46057
42436,46056
240998,46055
182121,46054
231211,46054
272165,46054
67987,46054
152238,46053
122247,46053
1161,46053
44431,46052
110064,46052
206316,46052
38120,46052
289395,46050
250457,46049
262450,46049
220781,46048
182350,46048
211734,46048
111420,46047
156652,46044
274102,46043
79411,46043
202952,46043
61095,46043
1038,46042
275426,46042
121590,46040
257694,46040
241810,46040
192978,46040
124489,46039
274225,46039
57944,46039
285845,46038
145009,46038
286324,46037
215165,46037
295420,46037
273437,46036
4830,46035
212759,46035
281778,46035
263794,46035
159681,46033
175692,46033
281602,46032
286905,46032
37148,46032
243151,46032
42216,46031
262576,46031
9563,46030
182478,46030
197087,46030
13161,46029
228835,46029
211152,46029
100848,46029
282208,46029
287605,46029
166728,46028
268674,46028
187229,46027
164843,46027
6579,46026
3147,46026
244265,46025
130089,46024
35417,46024
56365,46023
274957,46023
231452,46023
283472,46023
293526,46022
244358,46021
237070,46021
279989,46019
36134,46019
171188,46019
188142,46019
46020,46019
236009,46018
212233,46018
102346,46018
271365,46017
180973,46017
275795,46017
253063,46015
110596,46015
36691,46015
233185,46014
133904,46014
196857,46013
19231,46011
10467,46011
56560,46010
399,46010
208727,46010
211120,46009
108148,46009
42675,46008
171140,46008
178984,46007
246508,46006
91311,46006
34247,46005
2115,46005
259916,46004
113495,46002
166616,46002
267347,46001
117846,46001
216466,46000
199668,46000
286289,46000
234695,45999
281468,45999
7808,45998
14031,45998
151104,45998
244385,45998
260302,45998
129427,45997
16947,45997
162559,45996
283020,45996
43556,45996
90059,45996
154739,45995
60331,45995
7659,45994
263898,45994
46915,45993
128620,45993
211563,45993
57739,45993
162877,45993
220605,45992
275305,45992
124189,45992
4836,45992
216721,45991
45090,45991
49458,45991
133896,45991
227478,45990
90555,45990
184448,45990
80626,45990
295872,45989
169932,45989
131578,45988
205524,45988
281725,45988
296087,45988
253541,45987
260482,45987
127774,45987
277050,45986
164377,45985
3387,45985
96503,45984
271125,45983
202403,45983
55232,45983
210379,45983
291235,45983
270980,45982
88564,45982
237056,45981
191079,45981
105248,45981
213013,45981
283764,45981
267646,45980
272687,45980
280081,45979
259173,45979
174949,45978
26248,45978
270928,45977
61711,45976
219189,45976
212113,45975
195844,45974
110963,45974
86385,45974
18903,45974
197207,45974
169078,45973
77971,45973
252798,45973
138052,45973
229954,45972
110284,45972
36623,45971
267953,45971
179847,45971
18416,45971
276643,45970
164146,45970
182796,45970
49125,45970
258897,45969
176053,45969
268703,45968
263799,45967
46501,45967
140810,45966
283926,45966
116568,45966
282737,45966
169325,45966
57756,45966
177028,45966
1833,45966
181835,45965
282142,45965
184785,45964
24261,45964
117820,45964
249217,45964
294600,45964
29579,45964
235902,45963
215308,45963
82100,45962
290619,45962
1593,45961
259395,45961
5682,45961
75096,45961
221370,45960
140380,45960
236936,45960
118525,45960
139683,45960
269562,45960
204805,45959
185709,45959
219540,45958
270828,45958
38239,45958
233833,45958
159637,45958
220467,45957
224466,45957
187460,45957
217978,45957
31467,45957
264167,45956
135037,45956
258461,45956
51540,45955
32914,45955
129649,45955
227561,45955
192540,45955
175989,45955
14376,45954
170816,45953
85749,45953
70929,45953
239306,45953
187374,45953
124416,45953
225849,45953
227687,45952
112317,45952
288715,45952
45117,45951
173467,45951
167549,45951
151563,45950
232598,45950
191344,45950
291750,45950
267589,45950
207410,45949
132373,45949
81864,45949
234936,45949
275389,45949
114433,45948
70745,45948
290576,45947
220857,45947
168377,45947
87557,45946
162633,45946
124456,45946
185800,45945
250952,45945
189844,45945
293232,45945
292579,45945
269018,45944
149209,45944
246461,45943
52646,45943
211078,45943
171597,45943
154867,45942
14317,45942
279719,45942
281043,45942
237524,45941
96467,45941
124304,45941
139699,45941
117701,45941
292253,45940
52402,45940
216431,45940
188942,45940
201887,45940
6990,45940
103590,45939
187912,45939
203950,45939
197772,45939
172137,45938
83729,45938
230577,45938
151523,45937
171093,45937
273628,45936
281448,45936
23451,45935
270987,45935
187504,45935
201855,45935
256251,45934
170231,45934
242688,45933
280979,45933
208315,45933
182087,45933
49588,45933
199184,45932
107314,45932
240689,45932
118584,45932
173000,45931
16997,45931
179467,45930
277267,45930
276533,45930
264420,45929
112887,45929
150385,45929
193217,45929
279621,45929
32574,45929
269645,45929
75228,45928
133180,45928
38584,45928
252570,45927
285355,45927
82628,45927
48180,45926
90398,45926
175368,45926
271752,45926
148201,45925
245834,45925
201209,45925
246584,45924
71655,45924
175560,45924
168421,45924
256263,45924
243404,45924
172876,45923
156637,45923
210187,45923
259667,45922
153668,45922
223459,45922
294635,45922
168568,45921
224523,45921
207647,45921
213215,45921
139983,45921
82094,45921
65848,45921
205664,45921
108725,45921
116948,45920
158330,45920
50372,45920
172392,45919
76163,45919
234428,45919
15695,45919
106455,45917
74864,45917
258809,45917
205488,45917
106232,45917
80852,45916
258074,45916
256280,45916
183559,45916
249458,45916
65103,45915
258988,45914
167467,45914
263694,45913
181513,45912
294993,45912
198882,45912
227159,45911
295974,45911
277605,45911
57624,45910
288893,45910
163163,45910
90801,45909
200955,45909
279164,45909
224796,45909
25771,45909
254214,45908
209254,45908
26512,45908
27693,45907
275689,45907
258791,45907
9923,45907
118442,45907
152050,45906
238817,45906
230167,45905
141271,45905
279708,45905
156153,45905
242185,45904
293393,45904
275296,45904
24043,45904
245470,45903
254405,45902
180956,45902
45559,45902
130905,45900
246743,45900
151039,45900
179082,45900
115338,45900
251043,45899
166808,45899
155296,45898
222489,45898
116270,45897
150018,45897
290281,45897
142266,45897
291410,45896
89046,45896
277281,45896
288759,45895
155832,45895
242470,45895
211154,45894
201315,45894
40953,45893
268336,45893
177676,45892
23193,45892
225129,45891
239304,45891
273152,45891
145606,45891
224911,45890
262591,45890
225011,45890
215835,45890
31216,45890
179349,45889
270142,45888
40341,45888
295644,45888
285193,45888
233161,45888
183800,45888
196585,45888
261634,45887
42522,45886
108614,45886
104850,45885
248781,45885
33674,45885
161241,45885
208768,45884
65856,45884
261526,45883
60776,45883
7129,45883
219946,45882
3667,45882
226162,45882
13629,45882
280730,45880
253881,45880
33644,45879
173720,45879
157439,45879
146374,45879
247796,45879
210470,45878
226302,45877
27601,45876
82078,45876
107838,45875
236511,45875
98779,45875
195877,45875
107682,45875
287948,45875
258463,45874
261093,45874
74423,45874
200230,45874
13921,45874
171258,45873
81919,45873
194995,45873
205824,45873
46363,45873
54010,45872
138125,45872
256678,45872
113609,45872
288390,45871
236206,45871
213450,45871
211943,45871
242817,45870
147752,45870
209455,45870
167785,45870
217322,45870
125601,45869
122656,45869
128669,45869
207913,45868
62,45868
244827,45868
29935,45868
213643,45868
28042,45867
245593,45867
81478,45867
251609,45867
261621,45867
113770,45867
152644,45866
162822,45866
274940,45866
132473,45866
191551,45866
193035,45865
289560,45865
181859,45863
21278,45863
271390,45863
278357,45862
217277,45862
264664,45862
209042,45861
171403,45861
168640,45860
95849,45860
208437,45860
157110,45859
227657,45859
248434,45859
9862,45859
268562,45859
103924,45858
172886,45858
147075,45858
216084,45857
289585,45856
186562,45856
90285,45855
288774,45855
196774,45854
137066,45854
261914,45854
212096,45853
206564,45853
52554,45853
256473,45853
202193,45851
280729,45850
284385,45850
80231,45850
280200,45850
129239,45849
210910,45849
136718,45849
144463,45848
52454,45848
292948,45848
151138,45847
26487,45847
180961,45847
284540,45847
10810,45847
147573,45846
108907,45846
238249,45846
82479,45846
243325,45846
118983,45846
260919,45846
152046,45845
197404,45845
214394,45845
259149,45844
253893,45844
262828,45843
75975,45843
173661,45843
110975,45843
85562,45842
108139,45842
291332,45842
265566,45842
128179,45841
32188,45841
269377,45841
205747,45841
196025,45841
159862,45840
167614,45840
248374,45840
263700,45840
79429,45839
150889,45839
271373,45839
27703,45838
91092,45838
111390,45838
138523,45838
194230,45838
116656,45837
116234,45837
211470,45837
273553,45837
188868,45837
275440,45837
198208,45836
202090,45836
216237,45836
116532,45835
271306,45835
153261,45835
88880,45835
207862,45835
221141,45835
130236,45835
81399,45834
189442,45834
105439,45833
269171,45833
108566,45833
213397,45833
232148,45832
69097,45832
220749,45832
242777,45832
149479,45832
42581,45832
233790,45831
283475,45831
208826,45831
278744,45830
143581,45830
141848,45829
228521,45829
8511,45829
275829,45828
277478,45828
200743,45827
225224,45827
228708,45827
184380,45826
230617,45826
169293,45826
255396,45825
164701,45824
259007,45824
104268,45824
178685,45823
295592,45823
176131,45823
296234,45823
285449,45822
162965,45822
166479,45821
151971,45821
187322,45821
208526,45821
290045,45820
175848,45820
68802,45820
259839,45820
264061,45819
31481,45819
209888,45819
162614,45818
245138,45818
247897,45818
282133,45817
51335,45817
171976,45817
281825,45817
88174,45817
194334,45816
228303,45816
239083,45816
120756,45816
105514,45816
264334,45816
235396,45816
122705,45815
168268,45815
261828,45814
186937,45814
245378,45814
287112,45814
181800,45813
126101,45813
124138,45813
63318,45812
234529,45811
73322,45811
276374,45811
94724,45811
274310,45810
193862,45810
215350,45810
241782,45810
157988,45810
239007,45810
207591,45810
7152,45809
142068,45809
151047,45809
265627,45809
130685,45809
143,45809
177837,45807
181728,45807
204009,45807
4913,45807
288229,45807
248581,45806
224917,45806
275733,45806
266248,45806
229083,45805
146330,45805
145221,45805
99909,45805
25661,45804
56025,45804
139821,45804
174906,45803
207589,45803
48138,45803
187192,45803
227380,45803
278951,45803
19636,45803
181031,45802
31020,45802
210140,45802
193230,45802
270813,45802
16588,45801
177439,45801
156171,45800
163983,45800
218214,45799
231190,45799
275122,45798
49674,45798
38519,45798
188565,45797
210103,45797
106672,45797
126425,45797
220062,45797
17430,45797
188638,45797
96480,45796
2517,45796
185010,45796
139,45796
232832,45795
21630,45794
248360,45794
204220,45794
274631,45794
68989,45793
31464,45793
179772,45793
257361,45793
236100,45793
242323,45792
147728,45792
257553,45792
236952,45792
19470,45792
288496,45792
265590,45792
138408,45791
215164,45791
122521,45791
138141,45791
68546,45791
233355,45790
231519,45790
169133,45790
7531,45790
220692,45789
253001,45789
245004,45789
277958,45788
190974,45788
239053,45788
269663,45788
145075,45787
117440,45787
143198,45787
134483,45786
254057,45786
250673,45786
161753,45785
295007,45784
212645,45784
62129,45784
68373,45784
223141,45783
163475,45783
173371,45783
296509,45783
175495,45783
279344,45782
213509,45782
275264,45782
106194,45782
285163,45782
282648,45782
162103,45782
158352,45781
268994,45781
69646,45781
272506,45781
63966,45781
288016,45781
264207,45781
151893,45781
236037,45780
91270,45780
111611,45780
261909,45779
84687,45779
289631,45779
9461,45779
239457,45779
31051,45778
193728,45777
224476,45777
272188,45777
271996,45777
231687,45777
235190,45776
43796,45776
32418,45776
137365,45776
166730,45776
201229,45776
269210,45776
265787,45775
292492,45775
212209,45775
279472,45775
289442,45775
187738,45774
269501,45773
143481,45773
163518,45772
83317,45772
211940,45772
171059,45772
94685,45772
208115,45772
59574,45772
133586,45772
216681,45771
296318,45771
245259,45770
221071,45770
20861,45770
247357,45770
139564,45769
60157,45769
272780,45769
293465,45769
6653,45769
131915,45769
67197,45769
241111,45768
191750,45768
284017,45767
244724,45767
184739,45767
239653,45767
80893,45767
8585,45767
294136,45767
186842,45767
85194,45766
214724,45766
121333,45766
245324,45765
241831,45765
236005,45765
274387,45765
44956,45765
215673,45764
151414,45764
166553,45763
65968,45763
6109,45763
212949,45763
108487,45763
292605,45762
174956,45762
235740,45762
258071,45762
242703,45762
81857,45762
279113,45761
173058,45761
171080,45760
221770,45760
286784,45760
276317,45760
280742,45760
219735,45760
288615,45760
289945,45760
252411,45759
290732,45758
270164,45758
101063,45758
34098,45757
212466,45757
61708,45757
140492,45757
153861,45757
255605,45757
240503,45757
38603,45756
102161,45756
150774,45756
132268,45756
216640,45756
172324,45756
179417,45756
57745,45755
167489,45754
185024,45754
9843,45754
87338,45754
113091,45754
35014,45754
196723,45753
256221,45753
282881,45753
242923,45752
254530,45752
266066,45751
141186,45751
48000,45751
224758,45750
216923,45750
154789,45750
270436,45750
245318,45749
248762,45749
68934,45749
38118,45749
10411,45748
156568,45748
144670,45748
140309,45748
252010,45748
245476,45747
207319,45747
291036,45747
72924,45747
144003,45747
200405,45747
268931,45746
2153,45746
233918,45746
33461,45746
80922,45746
188028,45745
245925,45745
256661,45745
249093,45744
192278,45744
243538,45744
283023,45744
243900,45744
295595,45744
251637,45744
294358,45743
167069,45743
23147,45743
154883,45743
267,45743
3279,45742
211793,45742
221304,45742
188027,45741
270801,45741
240507,45741
230353,45741
274585,45741
196740,45741
160646,45740
290594,45740
236928,45740
172754,45740
214141,45739
232839,45739
65077,45739
85557,45739
19273,45738
279078,45738
251681,45737
267634,45737
42841,45737
197321,45737
112457,45737
216206,45736
62948,45736
66411,45735
272306,45735
250528,45735
290327,45735
198962,45735
36360,45735
51481,45734
181898,45734
106589,45734
134107,45733
166455,45733
180343,45733
196643,45733
279806,45733
171278,45732
161519,45731
252500,45731
215477,45730
41586,45730
278772,45730
283281,45730
77144,45730
294650,45730
224350,45730
78105,45730
186356,45729
171636,45729
137991,45729
120890,45729
228638,45728
211265,45728
258824,45728
80497,45728
135367,45728
228895,45728
156732,45728
230330,45728
295620,45727
117247,45727
183131,45727
176393,45727
138998,45727
107485,45726
165894,45726
181793,45726
187749,45726
260865,45725
168273,45725
217689,45725
82331,45725
216697,45725
60443,45725
28476,45724
175357,45724
201524,45724
267777,45724
138500,45724
176839,45724
254778,45724
55077,45724
289834,45723
266810,45722
238735,45722
83868,45722
268014,45722
27892,45722
234384,45722
295004,45722
148131,45721
220924,45720
205586,45720
11177,45720
241389,45720
18357,45719
228143,45719
233641,45719
239192,45719
85069,45719
293111,45719
284604,45718
195962,45718
179822,45718
174863,45718
165109,45717
274366,45717
196208,45717
144919,45716
206596,45716
253548,45716
80111,45716
275639,45716
219410,45716
115137,45715
104704,45715
147296,45715
35110,45715
53803,45714
158934,45714
86376,45714
214823,45714
244900,45713
157323,45713
184784,45713
227443,45712
188342,45712
45815,45712
241671,45712
8965,45712
169255,45712
164499,45711
273006,45711
116090,45711
114859,45711
177558,45711
11608,45710
280496,45710
102827,45710
200141,45710
167323,45710
82147,45710
65190,45710
167594,45709
239823,45709
237641,45709
261540,45709
229137,45708
175987,45708
247168,45708
185465,45707
296275,45707
112823,45707
213166,45707
224048,45707
78612,45707
283789,45707
129676,45707
10747,45706
184727,45706
13636,45706
77478,45705
263473,45705
269574,45705
141281,45705
254882,45705
96147,45704
122820,45704
236788,45704
265286,45704
227429,45704
201155,45703
140386,45703
285544,45703
8291,45703
185320,45703
19186,45703
259818,45702
100995,45702
139058,45702
131240,45702
149974,45702
117285,45702
202679,45702
242297,45701
199049,45701
276564,45700
273486,45700
219349,45700
235857,45700
289496,45700
202873,45699
73080,45699
118999,45699
190860,45698
232534,45698
268672,45698
169520,45696
135329,45696
147137,45696
64158,45696
61910,45695
179287,45695
225383,45695
192852,45695
264069,45695
142530,45695
41490,45695
30157,45694
236780,45694
248224,45693
265701,45693
244940,45693
243114,45693
142167,45693
281072,45692
142450,45692
173074,45692
276520,45691
144958,45691
236714,45691
201414,45690
274711,45690
120024,45690
74771,45690
279149,45689
293507,45689
202043,45689
261356,45688
270100,45688
184119,45688
272914,45688
181411,45688
172533,45688
268411,45688
36125,45688
285050,45688
76197,45687
290822,45687
234995,45687
239701,45687
296460,45687
154512,45686
186216,45686
39931,45686
85128,45686
180364,45686
246805,45686
64168,45685
217979,45685
229549,45685
164597,45684
134372,45684
241563,45684
119387,45684
161244,45684
184302,45683
157498,45683
278302,45683
188504,45683
30361,45683
257874,45682
275960,45682
194648,45682
218557,45682
16324,45681
184555,45681
197890,45681
49979,45681
291173,45681
192123,45681
228326,45680
67051,45680
211772,45680
121037,45680
242071,45680
188486,45679
165639,45678
207733,45678
38926,45678
201705,45678
293100,45678
369,45677
107360,45677
202159,45677
101931,45677
147768,45676
26397,45676
65648,45676
88953,45676
211237,45675
172547,45675
283930,45675
42763,45675
115799,45675
49580,45675
294006,45675
257105,45675
227793,45674
200775,45674
215288,45674
30321,45674
233551,45674
257179,45674
112314,45673
11063,45673
94041,45673
283728,45673
242104,45672
154268,45672
256588,45672
179279,45672
260713,45672
155899,45671
92580,45671
23641,45671
32968,45671
206955,45670
159794,45670
118760,45670
293474,45670
137816,45670
172118,45669
243049,45669
256134,45669
125077,45669
196333,45669
269569,45669
182205,45669
275713,45668
67895,45668
292363,45668
241063,45668
230211,45668
245003,45668
208216,45667
39212,45667
233795,45667
294279,45667
38063,45667
233281,45667
295351,45666
169443,45666
197003,45666
100505,45666
272993,45666
135895,45665
291030,45665
162109,45665
200229,45665
105766,45664
272842,45664
119024,45664
251481,45663
165603,45663
254064,45663
82,45663
239225,45662
255497,45662
287775,45662
69379,45662
292532,45662
76673,45662
252387,45661
3803,45661
58000,45661
269426,45661
163797,45661
120700,45661
253579,45661
202366,45661
112924,45661
154176,45660
211663,45660
235104,45659
219338,45659
44155,45659
106423,45659
286863,45659
279044,45659
281005,45659
168225,45658
37877,45658
18111,45658
276297,45658
73674,45657
92862,45657
199044,45657
160037,45657
37711,45657
166468,45657
24509,45656
52315,45656
75417,45656
86352,45656
264193,45656
277722,45656
15681,45655
224105,45655
185166,45655
164002,45655
168,45655
54331,45654
147604,45654
97410,45654
253626,45654
137436,45654
160174,45654
145105,45654
153496,45654
114332,45654
51584,45653
107237,45653
224982,45653
128819,45653
270189,45653
261844,45653
281642,45653
286682,45652
99506,45652
33744,45651
245330,45651
136277,45651
212847,45651
227614,45651
137645,45651
290473,45650
179693,45650
161491,45650
151038,45650
168693,45650
237742,45650
248591,45650
3574,45650
245413,45649
167251,45649
218817,45649
261061,45648
30052,45648
141651,45648
205072,45648
248479,45647
254122,45647
41720,45647
12625,45646
274726,45646
288010,45646
247415,45646
98189,45646
76681,45646
171100,45646
168887,45646
221447,45646
173080,45646
183137,45645
236909,45645
281770,45645
228444,45645
219438,45644
161474,45644
230294,45644
183357,45644
265680,45644
187508,45644
97644,45643
163708,45643
252392,45642
259702,45641
89974,45641
15958,45641
221983,45641
86676,45640
151795,45640
113756,45640
214171,45640
183923,45640
220806,45639
230380,45639
272757,45639
294261,45639
90258,45638
276480,45638
250604,45638
65708,45638
247967,45638
206586,45638
280542,45637
220237,45637
212475,45637
108685,45637
15386,45637
187530,45636
179857,45636
251201,45636
120809,45636
180142,45636
170248,45635
253391,45635
147085,45635
294876,45635
4464,45635
23706,45635
203613,45635
146508,45635
41418,45634
105748,45633
234460,45633
132056,45632
102199,45632
149877,45632
288911,45632
147707,45632
75645,45632
128091,45631
234815,45631
285312,45631
211865,45631
143117,45631
7438,45631
225222,45631
171000,45631
268388,45630
162518,45630
94930,45630
100248,45630
287110,45630
153216,45630
145788,45629
292971,45629
207268,45629
222452,45629
272931,45629
283694,45629
151773,45629
73776,45629
242660,45628
177492,45628
31506,45628
276088,45628
167774,45628
245337,45627
220342,45627
123660,45627
191152,45626
168054,45626
276246,45626
272416,45626
239205,45626
287746,45626
118836,45626
60796,45626
247469,45626
257138,45625
170022,45625
203292,45625
18337,45625
112336,45625
229800,45625
12817,45625
266637,45625
216641,45624
117315,45624
78675,45624
88117,45623
108287,45623
59385,45623
225156,45623
268438,45623
200444,45622
257319,45621
269428,45621
280843,45621
166133,45620
68716,45620
223166,45619
202738,45619
275898,45618
231919,45618
248324,45618
139945,45618
93558,45618
267710,45618
80484,45618
195446,45617
256260,45617
195316,45617
289413,45616
143756,45616
42986,45616
275561,45616
91228,45615
95263,45615
188566,45615
277765,45615
113006,45615
135908,45614
3734,45614
21801,45614
122465,45614
29853,45613
238621,45613
237557,45613
55396,45613
283508,45613
280491,45612
230921,45612
221798,45611
266885,45611
280607,45611
177077,45611
19792,45610
260895,45610
13109,45610
263364,45610
88306,45610
211582,45609
289583,45609
260833,45609
17757,45609
81562,45609
124682,45609
172644,45609
22615,45609
237892,45609
70651,45609
27929,45609
216100,45608
288593,45608
207764,45608
124812,45608
150824,45608
193034,45608
172346,45607
166173,45606
10091,45606
190276,45606
243525,45606
246379,45606
258806,45606
176630,45606
257812,45606
77948,45605
87819,45605
236275,45605
45963,45604
294572,45604
271727,45604
208307,45604
252655,45604
148897,45604
129678,45604
266056,45604
267384,45603
279550,45603
43500,45603
202589,45603
196220,45603
109809,45602
49475,45602
101484,45602
169271,45602
256330,45602
35520,45602
148782,45602
152470,45601
149351,45601
248023,45601
142907,45600
281040,45600
247750,45600
51890,45600
206935,45600
143009,45600
277739,45600
294634,45600
199363,45599
231566,45599
145146,45599
261612,45599
161509,45599
96485,45599
5914,45599
126363,45599
266572,45598
174948,45598
251902,45598
23101,45598
9423,45597
54180,45597
275265,45596
204538,45596
159008,45596
34469,45596
29078,45596
44554,45596
88319,45595
201151,45595
229254,45595
279536,45595
261260,45595
264524,45595
168434,45595
6830,45594
136495,45594
292742,45594
211775,45594
171076,45594
295096,45593
200249,45593
123038,45593
211894,45593
17246,45593
171143,45593
258065,45592
268731,45592
181357,45591
229764,45591
295965,45591
264354,45591
135912,45591
42361,45590
281562,45590
273954,45590
277395,45589
70602,45589
285178,45589
105363,45589
165643,45589
16546,45589
16809,45589
289851,45589
276514,45589
11511,45588
189683,45588
205097,45588
2012,45588
109172,45588
279282,45588
128119,45588
261593,45587
262065,45587
24457,45587
138890,45587
68974,45586
227999,45586
224359,45586
237637,45586
189707,45586
21171,45586
50167,45586
275761,45586
145088,45586
71514,45585
148791,45585
242314,45585
157512,45585
273163,45585
294188,45584
172970,45584
212859,45584
274621,45583
277661,45583
152916,45582
22681,45582
79430,45582
229323,45582
263911,45581
145412,45581
198568,45581
265109,45581
141457,45581
224123,45581
186667,45581
51254,45581
230998,45581
2318,45581
5020,45581
284536,45580
214643,45580
212008,45580
194263,45580
286877,45579
237909,45579
5890,45579
283814,45579
244709,45579
137220,45578
238121,45578
138951,45578
245525,45578
218262,45578
184917,45578
144170,45577
92607,45577
260094,45576
183845,45576
89625,45576
285920,45576
229313,45575
165149,45575
198747,45575
226809,45575
240562,45575
164754,45574
288023,45574
52432,45574
112613,45574
45481,45573
156884,45573
193054,45573
63617,45573
271473,45573
285323,45573
212586,45573
77508,45573
242336,45572
232313,45572
207093,45572
112073,45572
140213,45572
285907,45571
94037,45571
178092,45571
31209,45570
169242,45570
25103,45569
216358,45569
194276,45569
248994,45569
48148,45569
35985,45568
214551,45568
289748,45568
157142,45568
171381,45568
202227,45568
269695,45568
217501,45568
269096,45567
156560,45567
179236,45567
100222,45567
222829,45567
170812,45566
270278,45565
211880,45565
73064,45565
254624,45565
52679,45565
224181,45565
6499,45565
285500,45564
14461,45564
99951,45564
15002,45564
101136,45564
74716,45564
250214,45564
247353,45564
158624,45564
139158,45564
134328,45564
225141,45563
219723,45563
244445,45563
274394,45563
100192,45563
184959,45563
283874,45563
245823,45563
216577,45562
223147,45562
68043,45562
115560,45562
238314,45562
213912,45562
242952,45561
85624,45561
67572,45561
159569,45561
223811,45560
289644,45560
61382,45560
145458,45560
245962,45560
286062,45560
290474,45560
200673,45560
105252,45559
213874,45559
229521,45559
291482,45559
294146,45559
178294,45559
248229,45558
205657,45558
129825,45558
54988,45558
99806,45558
254566,45558
130123,45557
294608,45557
218122,45557
23463,45557
267562,45557
145353,45557
208195,45556
44691,45556
160633,45556
82593,45556
201897,45555
130609,45555
44892,45555
49316,45554
25160,45554
208967,45554
85433,45554
206232,45554
252075,45554
101682,45553
11233,45553
271333,45553
289370,45553
293324,45553
282367,45553
12594,45553
218549,45553
56824,45552
258768,45552
240441,45552
245751,45552
285427,45552
259570,45551
140801,45551
156632,45550
109846,45550
182297,45550
261614,45550
196691,45549
196101,45549
293203,45549
279087,45549
278987,45549
260684,45549
117347,45549
243188,45549
20961,45549
146988,45548
157613,45548
276534,45548
16450,45548
291246,45547
189937,45547
108235,45547
232332,45547
222470,45547
21977,45546
280485,45546
227112,45546
280637,45546
152342,45546
198899,45546
151247,45546
211935,45546
162674,45545
188624,45545
237124,45545
202319,45545
230238,45545
201091,45545
2640,45545
63197,45545
93322,45544
197461,45544
281840,45543
228682,45543
175700,45542
291903,45542
130506,45542
55665,45542
222196,45542
138087,45542
10691,45541
166328,45541
65696,45541
127477,45541
292233,45541
91187,45540
90664,45540
132704,45540
14855,45540
241639,45540
292542,45540
243074,45540
176428,45539
281495,45539
148887,45538
221188,45538
143458,45538
293096,45538
287571,45537
236024,45537
138600,45537
124838,45537
255188,45536
272884,45536
12105,45536
18673,45536
145143,45536
278277,45536
115946,45536
186485,45536
187155,45536
196614,45535
81541,45535
198692,45535
282151,45534
34716,45534
73945,45534
206208,45534
28505,45534
134087,45534
71464,45533
245606,45533
244352,45533
88737,45533
283629,45533
181019,45533
138506,45533
111710,45533
16991,45533
199649,45533
104505,45532
293591,45532
142365,45532
220622,45532
99687,45532
119739,45532
226102,45532
38551,45532
135726,45532
267094,45531
209766,45531
257284,45531
100464,45531
280901,45531
82923,45531
246063,45531
93269,45531
288051,45530
258242,45530
231027,45530
11406,45530
207213,45529
51280,45529
217647,45529
175525,45529
53080,45528
40915,45528
200787,45528
85262,45528
291461,45527
81775,45527
104172,45527
176290,45526
272191,45526
225844,45526
233899,45526
111729,45525
151549,45525
294431,45525
235752,45525
292659,45524
241534,45524
63829,45524
87519,45524
124466,45524
141241,45524
268340,45523
254636,45523
51546,45523
235628,45523
51128,45522
181834,45522
247487,45522
289109,45522
89822,45522
48145,45521
230085,45521
233121,45521
262434,45521
169780,45520
272754,45520
228477,45520
251346,45520
261198,45520
26144,45520
50363,45520
284342,45520
202503,45520
124846,45519
141151,45519
201787,45519
105691,45519
247088,45519
200959,45519
104952,45518
236004,45518
290767,45518
263310,45518
180208,45518
29799,45517
5676,45517
244177,45517
280258,45517
54152,45516
260537,45516
245588,45516
176750,45516
288079,45515
259849,45515
204663,45515
79423,45515
22970,45515
254857,45515
170045,45514
168957,45514
171215,45514
275350,45514
238177,45514
249181,45513
75725,45513
44572,45513
257704,45513
284160,45513
147631,45513
88740,45513
2716,45512
145736,45512
87151,45512
148816,45512
295868,45512
42335,45512
290846,45512
106926,45511
3735,45511
108218,45511
270378,45511
271239,45511
177506,45510
184961,45510
131128,45510
211401,45510
30071,45510
176864,45510
113697,45510
287396,45509
173697,45509
171259,45509
125951,45509
249613,45509
235361,45509
259083,45509
36315,45509
285260,45509
266618,45509
72957,45509
261623,45509
175126,45508
293348,45508
141125,45508
295736,45508
193823,45508
92655,45508
294177,45508
168012,45508
262889,45508
128628,45508
286139,45508
235735,45508
244376,45508
240754,45508
246407,45508
114407,45507
170782,45507
276320,45507
209015,45507
180489,45507
141852,45507
77204,45507
286787,45507
258162,45507
250514,45507
3961,45506
194134,45506
49144,45506
274615,45506
196967,45506
286413,45506
45765,45506
230242,45505
42276,45505
183425,45505
50932,45505
111644,45505
6576,45505
272489,45504
20192,45504
227103,45504
178692,45504
105317,45504
227347,45503
265160,45503
150277,45503
91907,45502
137483,45502
260446,45502
225831,45502
91333,45502
280015,45502
259766,45501
282482,45501
249623,45501
87303,45501
65991,45501
7429,45500
251659,45500
168172,45500
89199,45500
236896,45500
168735,45500
270285,45500
139295,45499
125795,45499
114241,45499
277986,45499
294733,45499
68408,45499
277203,45499
203627,45499
113892,45499
241812,45498
189398,45498
52767,45498
106041,45498
143734,45498
129814,45498
230640,45498
286559,45498
23605,45498
253316,45498
292823,45498
224588,45497
178093,45497
244000,45497
129044,45497
36242,45497
294000,45497
269338,45497
22208,45496
97160,45496
117581,45496
124869,45496
214293,45496
154386,45496
257108,45496
259860,45496
98012,45495
98263,45495
161001,45495
169340,45495
194658,45495
249091,45495
238599,45495
224900,45495
281011,45495
285094,45495
257147,45495
19447,45495
56833,45495
239048,45495
11232,45494
189775,45494
218420,45494
118236,45494
193735,45494
291667,45493
243210,45493
271423,45492
296264,45492
173566,45492
163261,45492
168641,45492
196771,45492
244038,45491
110107,45491
278004,45491
89436,45491
261212,45491
177188,45491
290261,45491
142387,45491
155888,45491
173088,45491
288897,45491
252768,45490
225402,45490
118098,45490
217384,45490
208109,45490
261038,45490
249653,45490
53935,45490
111732,45490
178555,45489
187126,45489
229259,45489
160112,45489
242035,45489
231409,45489
218967,45488
233547,45488
200635,45488
33226,45488
226754,45488
25627,45487
234344,45487
243384,45487
190484,45487
172782,45487
248560,45487
232761,45487
291408,45486
185733,45486
292608,45486
291688,45486
260582,45486
134270,45486
288207,45486
175964,45486
121447,45486
170229,45485
134307,45485
265376,45485
280648,45485
230675,45485
5591,45485
199832,45485
198678,45485
223244,45484
233070,45484
276383,45484
78765,45484
128806,45484
44204,45484
137743,45484
284581,45484
262392,45484
47172,45483
178106,45483
48597,45483
60345,45483
94746,45483
194283,45483
117,45482
91873,45482
253211,45482
136254,45482
55945,45482
237303,45482
213373,45482
94519,45481
139226,45481
179311,45480
215815,45480
36000,45480
247667,45480
27552,45480
204867,45480
160038,45480
22122,45480
243316,45480
105118,45480
196248,45480
160145,45480
242220,45480
238569,45480
30663,45480
284906,45479
148593,45479
210769,45479
272446,45479
281542,45479
142056,45479
96419,45479
260483,45479
175750,45478
215921,45478
43293,45478
231650,45478
111668,45478
244601,45478
259261,45478
287544,45477
72035,45477
70876,45477
128910,45477
237988,45477
233508,45477
295367,45476
195342,45476
182758,45476
194906,45476
268097,45476
282517,45476
149610,45476
135532,45476
129881,45476
258619,45475
161945,45475
290739,45475
280000,45475
179102,45475
161330,45475
208540,45475
164635,45474
41971,45474
148341,45474
57473,45474
231972,45474
296101,45474
172399,45474
295779,45474
90141,45474
51237,45474
220405,45474
143912,45473
25412,45473
220647,45473
70873,45473
211322,45472
209783,45472
273934,45472
285474,45472
186168,45472
270362,45472
168081,45471
109671,45471
274175,45471
247171,45471
207988,45471
278097,45471
238654,45470
244917,45470
183519,45470
251047,45470
59439,45470
96174,45470
232102,45470
280163,45469
270330,45469
165051,45469
242935,45469
201356,45468
175410,45468
115734,45468
180120,45468
280634,45468
212733,45468
213401,45468
41882,45468
230947,45468
248097,45468
108984,45467
187035,45467
229542,45467
130841,45467
83846,45467
74265,45467
210053,45466
170335,45466
182339,45466
271712,45466
243077,45466
244848,45466
54800,45466
86958,45466
3629,45466
160036,45466
196154,45465
121518,45465
216778,45465
194118,45465
128012,45464
154135,45464
222783,45464
146395,45464
228936,45464
129039,45464
28120,45464
261069,45464
180247,45464
38758,45464
123163,45464
245358,45463
293922,45463
196064,45463
189717,45463
288019,45463
47220,45463
286786,45462
162442,45462
236688,45462
227422,45462
182668,45462
104955,45462
156643,45462
168589,45462
250459,45462
176144,45462
207365,45462
278482,45462
208877,45462
69951,45462
116327,45461
295302,45461
42884,45461
230908,45461
263499,45461
88533,45461
119454,45461
273265,45461
229329,45461
74458,45460
14943,45460
96035,45460
174294,45460
180801,45460
209270,45460
99411,45460
160660,45460
171044,45460
65298,45460
211172,45459
77967,45459
154824,45459
252938,45459
292076,45459
269060,45459
143608,45458
121260,45458
104273,45458
210345,45458
7314,45458
81371,45458
274867,45458
255017,45458
150705,45457
107720,45457
191109,45457
271455,45457
219472,45457
192089,45457
203707,45456
291841,45456
55367,45456
179578,45456
236727,45456
129449,45455
188841,45455
118450,45455
87293,45455
249562,45455
181711,45455
86306,45454
36760,45454
240223,45454
26520,45454
274049,45454
192447,45454
164668,45454
60498,45454
91834,45454
99742,45454
93556,45454
151507,45453
162066,45453
265440,45453
30350,45453
250982,45453
59272,45453
146126,45453
238292,45452
30602,45452
218112,45452
115336,45452
246361,45452
107895,45452
193245,45452
42206,45451
230679,45451
169029,45451
124457,45451
243138,45451
75307,45450
243646,45450
233958,45450
85789,45450
241243,45450
82833,45450
161730,45449
28010,45449
274264,45449
237371,45449
88131,45449
285906,45449
167085,45449
182899,45449
200768,45449
85963,45448
118369,45448
159035,45448
117128,45448
176285,45448
164323,45448
36688,45447
128029,45447
250964,45447
27771,45447
235408,45447
221054,45447
273671,45447
266478,45447
288699,45446
112987,45446
216479,45446
52536,45446
257696,45446
41513,45446
173589,45446
184796,45446
273762,45445
206389,45445
177493,45445
234958,45445
231794,45445
44360,45445
99135,45445
207480,45444
16055,45444
176400,45444
144842,45443
161568,45443
151530,45443
218428,45443
208016,45443
177438,45443
140708,45443
207295,45442
43512,45442
188298,45442
172380,45442
109439,45442
149113,45442
2471,45442
104314,45442
222364,45442
78394,45441
221046,45441
212524,45441
200389,45441
223,45440
93920,45440
123265,45440
156962,45439
237533,45439
200840,45438
80886,45438
292940,45438
287321,45438
295898,45438
292343,45438
155822,45438
254069,45437
257398,45437
44077,45437
156971,45437
137046,45437
272964,45437
281130,45436
184615,45436
141456,45436
284997,45436
255215,45436
57707,45436
49581,45436
182866,45436
127032,45435
33869,45435
179773,45435
42525,45435
44926,45435
92299,45435
135733,45435
271191,45435
126548,45434
237146,45434
248018,45433
279763,45433
227474,45433
215388,45433
146317,45433
75451,45433
215849,45433
97195,45433
292246,45433
194685,45433
108416,45432
199849,45432
47523,45432
78008,45432
218359,45431
283228,45431
236926,45431
1146,45431
234973,45431
291857,45431
228026,45431
216999,45431
120750,45431
138924,45431
121717,45431
270480,45430
199727,45430
245180,45430
236492,45430
47671,45430
15240,45430
238069,45430
127652,45429
103870,45429
183793,45429
60653,45429
276966,45429
196872,45429
284063,45429
52504,45429
26343,45429
11974,45429
146907,45429
120591,45429
129169,45428
292631,45428
22693,45428
18139,45428
242434,45428
169463,45428
38326,45428
286343,45427
258599,45427
106467,45427
236140,45427
3319,45427
190801,45427
139120,45426
270015,45426
16928,45426
39051,45426
148808,45426
226215,45426
296028,45426
262861,45426
256182,45426
27301,45426
178096,45426
202835,45426
98088,45425
239670,45425
139369,45425
264112,45425
296180,45425
285264,45425
197123,45425
167450,45424
270979,45424
253307,45424
40762,45424
148834,45424
76621,45424
235776,45424
238212,45423
278024,45423
286612,45423
139985,45422
166785,45422
167474,45422
292310,45421
107250,45421
140453,45421
275918,45421
134756,45421
205640,45421
192597,45421
233692,45421
197773,45421
88365,45421
5282,45421
134061,45420
157798,45420
263624,45420
257632,45420
65785,45420
26880,45420
153754,45420
31839,45420
115095,45419
165293,45419
265234,45419
158525,45419
12564,45419
180332,45419
290964,45418
270370,45418
237096,45418
164008,45418
293093,45418
23484,45418
107473,45417
256997,45417
49754,45417
251573,45417
195540,45416
227068,45416
253474,45416
51325,45416
270417,45416
102564,45416
266367,45416
22523,45415
286857,45415
122996,45415
219641,45415
203444,45415
283440,45415
248497,45415
237154,45415
170833,45414
224169,45414
282465,45414
247258,45414
135688,45414
178330,45413
137402,45412
259850,45412
75336,45412
273013,45412
132383,45411
255264,45411
18893,45411
202693,45411
22619,45411
84530,45411
262021,45410
127292,45410
27053,45410
78058,45410
155122,45410
48684,45410
65729,45409
247092,45409
240366,45409
116779,45409
280748,45409
170091,45409
135563,45409
118854,45409
110973,45409
27794,45408
262601,45408
242301,45408
147035,45408
37433,45408
212061,45408
210576,45408
278733,45408
20187,45408
52269,45408
154998,45408
31926,45407
102809,45407
260824,45407
61970,45407
174756,45407
38548,45406
193299,45406
40735,45406
193710,45406
292221,45405
118979,45405
186250,45405
294550,45405
295147,45405
93601,45405
35489,45404
283196,45404
208696,45404
205223,45404
274884,45404
58883,45404
221680,45404
249427,45403
260841,45403
246570,45403
190196,45403
80601,45403
262692,45402
233419,45402
270767,45402
191194,45402
290747,45402
212734,45402
36322,45402
49478,45402
107800,45401
249019,45401
59251,45401
257508,45401
219694,45400
158412,45400
132320,45400
221145,45400
7439,45400
242629,45400
152998,45400
102753,45400
42564,45399
151079,45399
189645,45399
229705,45399
40621,45399
58598,45399
148010,45399
182130,45399
27041,45399
199688,45399
126866,45398
198107,45398
216995,45398
43272,45398
62331,45398
222610,45398
236018,45398
134662,45398
59214,45398
191353,45398
27045,45398
253039,45397
289357,45397
264001,45397
73602,45397
236019,45397
114295,45397
285989,45397
281097,45397
203748,45396
142118,45396
201549,45396
185108,45396
179711,45396
172465,45396
5214,45396
288750,45396
180938,45396
117695,45396
2988,45395
178704,45395
126922,45395
273997,45395
211368,45395
194871,45395
25842,45395
197518,45395
244600,45395
270911,45395
131216,45395
284940,45395
52652,45394
147081,45394
261126,45394
37259,45394
231757,45393
228048,45393
93014,45393
263114,45393
288801,45393
85079,45393
88384,45393
69254,45393
127081,45392
31883,45392
150572,45392
63533,45392
188827,45392
132646,45392
295714,45392
244383,45392
285547,45392
205090,45392
213591,45391
159774,45391
275036,45391
283468,45391
294075,45391
240962,45391
49772,45390
223235,45390
269972,45390
271521,45390
114272,45390
293435,45390
97296,45390
232184,45390
279790,45390
35231,45390
160073,45390
10503,45390
165165,45389
169837,45389
239620,45389
61465,45389
106481,45389
95640,45389
244166,45389
75926,45389
22922,45389
145255,45389
11666,45389
123914,45389
250390,45389
114766,45389
264929,45388
280136,45388
223220,45388
43001,45388
21982,45388
25553,45388
260342,45388
172050,45388
266790,45388
74676,45387
160509,45387
256579,45387
177296,45387
48879,45387
144016,45387
21583,45387
252726,45387
14490,45386
205642,45386
232208,45386
289208,45385
161963,45385
109498,45385
172066,45385
206691,45385
110315,45384
3780,45384
238920,45384
194227,45384
136765,45384
94246,45384
40407,45383
173825,45383
98005,45383
210779,45383
263112,45383
287718,45383
59401,45383
191526,45383
233080,45382
271240,45382
276101,45382
150983,45382
224676,45382
55083,45382
30033,45382
258534,45382
225431,45382
14143,45381
182152,45381
68906,45381
289624,45381
204964,45381
251923,45381
210688,45381
159396,45381
70365,45380
90190,45380
257011,45380
250929,45380
255422,45380
185695,45380
180371,45380
148634,45380
199069,45379
291019,45379
249221,45379
64739,45379
254912,45379
219598,45379
1030,45379
76918,45379
243497,45379
99895,45378
86777,45378
229798,45378
187420,45378
106491,45378
163604,45378
205470,45378
225927,45378
117572,45378
284791,45377
158748,45377
269138,45377
203404,45377
257673,45377
217256,45377
285777,45377
72153,45377
162820,45377
36162,45377
109747,45377
8559,45376
225211,45376
135228,45376
179517,45376
210957,45376
212454,45376
246961,45376
221882,45376
